3.219745159149169922e-01
2.399600744247436523e+00
-2.181405305862426758e+00
-1.342958211898803711e-01
1.970051050186157227e+00
-2.506638526916503906e+00
-1.526170969009399414e+00
-1.116396188735961914e-01
5.777152776718139648e-01
-5.036660432815551758e-01
-8.980486392974853516e-01
2.742413282394409180e-01
-1.375777006149291992e+00
-1.297700762748718262e+00
-2.444243431091308594e-02
-1.301810383796691895e+00
-3.922703862190246582e-01
-1.836045503616333008e+00
1.101333618164062500e+00
-2.804903745651245117e+00
-1.059391647577285767e-01
1.239559888839721680e+00
3.329840183258056641e+00
1.866381645202636719e+00
-6.650072336196899414e-01
7.261182069778442383e-01
-1.246868371963500977e+00
-2.140189647674560547e+00
-1.438857793807983398e+00
-1.138822078704833984e+00
-1.793169736862182617e+00
1.429721355438232422e+00
-2.530239820480346680e+00
1.802678823471069336e+00
2.673897266387939453e+00
-1.259583473205566406e+00
8.493870496749877930e-01
-3.663372993469238281e-02
3.844329416751861572e-01
-2.191661119461059570e+00
1.135920643806457520e+00
-9.069092273712158203e-01
-2.854841232299804688e+00
-2.552486896514892578e+00
1.201925992965698242e+00
1.696766614913940430e-01
-1.680163145065307617e+00
-3.197995722293853760e-01
-1.113456845283508301e+00
6.742913722991943359e-01
2.676500082015991211e+00
-5.700116157531738281e-01
-6.891354322433471680e-01
3.267028331756591797e-01
-3.423440456390380859e-01
6.199449300765991211e-03
-4.793460965156555176e-01
-3.425711393356323242e+00
2.982837677001953125e+00
-1.228700280189514160e+00
2.430897355079650879e-01
1.573785543441772461e-01
3.306339383125305176e-01
-1.200416311621665955e-02
1.214769959449768066e+00
6.847554445266723633e-01
-6.607480645179748535e-01
1.902622133493423462e-01
-1.573640346527099609e+00
-3.192900717258453369e-01
-1.451132178306579590e+00
-1.880733728408813477e+00
1.239506244659423828e+00
2.940402507781982422e+00
4.559992313385009766e+00
-1.486069440841674805e+00
6.484077572822570801e-01
4.536709785461425781e+00
-2.255858659744262695e+00
-1.499573707580566406e+00
2.698840618133544922e+00
5.455098152160644531e-01
-3.336316943168640137e-01
-5.484153032302856445e-01
3.836665153503417969e+00
4.582591056823730469e-01
6.046178340911865234e-01
1.166229605674743652e+00
2.228049039840698242e+00
4.792301177978515625e+00
-8.052397370338439941e-01
-2.588131427764892578e+00
2.992049753665924072e-01
-2.429611682891845703e-01
2.097890853881835938e+00
-3.986968517303466797e+00
-4.610931873321533203e-02
-2.553932666778564453e-01
4.745478630065917969e-01
3.143958330154418945e+00
4.077045917510986328e-01
-4.253290891647338867e-01
-2.638153553009033203e+00
2.338775634765625000e+00
-2.872353553771972656e+00
-2.119305849075317383e+00
-9.235411882400512695e-02
1.870186686515808105e+00
-3.521071076393127441e-01
1.610622167587280273e+00
-6.193726539611816406e+00
-3.084130287170410156e-01
1.820485591888427734e+00
6.621869802474975586e-01
-1.516557335853576660e+00
2.240636348724365234e-01
-2.886062860488891602e+00
1.399110317230224609e+00
-2.984659194946289062e+00
-5.384081363677978516e+00
-5.773030281066894531e+00
-1.878884315490722656e+00
-1.315147876739501953e+00
-5.150700092315673828e+00
-2.098205566406250000e+00
-2.623239517211914062e+00
2.319800615310668945e+00
1.796904087066650391e+00
7.523143291473388672e-02
1.395879507064819336e+00
-8.112430572509765625e-02
8.652226924896240234e-01
5.001903533935546875e+00
6.717273592948913574e-01
-4.664790630340576172e-02
-8.901085853576660156e-01
-3.588801383972167969e+00
-1.737053990364074707e+00
1.137685060501098633e+00
-4.842508435249328613e-01
-2.661228179931640625e-02
2.391569614410400391e-01
-9.458136558532714844e-02
-1.115064024925231934e-01
3.036782979965209961e+00
-9.443236589431762695e-01
-1.531528592109680176e+00
-1.913984775543212891e+00
1.030984520912170410e+00
5.994156599044799805e-01
2.074743270874023438e+00
3.733138084411621094e+00
-9.618121385574340820e-01
2.142528533935546875e+00
-9.563493728637695312e-01
1.527560353279113770e+00
3.124083995819091797e+00
8.710992336273193359e-02
1.822711229324340820e-01
-1.701578974723815918e+00
-1.035831570625305176e-01
1.107910275459289551e+00
-2.355247139930725098e-01
-1.309497475624084473e+00
-3.764536678791046143e-01
-2.697583675384521484e+00
1.270205497741699219e+00
-4.630960941314697266e+00
-3.111522674560546875e+00
-4.171378612518310547e-01
-2.335711717605590820e+00
6.927356719970703125e-01
3.116904497146606445e-01
2.283611059188842773e+00
-3.405056953430175781e+00
-1.788311719894409180e+00
-1.863245964050292969e+00
-2.208456516265869141e+00
1.327004671096801758e+00
-2.183537930250167847e-01
-3.764856815338134766e+00
1.377270668745040894e-01
7.125133275985717773e-01
8.201484084129333496e-01
-1.672306656837463379e+00
3.584546566009521484e+00
-9.773378260433673859e-03
1.604735374450683594e+00
7.172447443008422852e-01
2.187470912933349609e+00
1.794618606567382812e+00
9.122271537780761719e-01
4.201404452323913574e-01
-2.268322944641113281e+00
-4.014721393585205078e+00
1.049356758594512939e-01
-9.444989562034606934e-01
2.332978010177612305e+00
-2.192943096160888672e+00
3.610139846801757812e+00
-4.655313491821289062e-02
-6.057079434394836426e-01
8.832424879074096680e-01
4.063700675964355469e+00
2.796830415725708008e+00
-1.148650884628295898e+00
8.128285408020019531e-04
-1.154468536376953125e+00
-1.028074324131011963e-01
9.985359311103820801e-01
-1.665979921817779541e-01
1.139771223068237305e+00
-5.402855575084686279e-03
-5.357216000556945801e-01
-3.222890853881835938e+00
3.081278324127197266e+00
6.312011480331420898e-01
1.435967445373535156e+00
1.226461887359619141e+00
4.729295969009399414e-01
-9.572565555572509766e-01
4.121444821357727051e-01
6.351197957992553711e-01
4.118106961250305176e-01
-4.433749020099639893e-01
-3.595291137695312500e+00
-1.472139358520507812e+00
-2.239417314529418945e+00
-1.193975210189819336e+00
8.850907683372497559e-01
-1.938959360122680664e+00
2.858380377292633057e-01
-1.279703676700592041e-01
-6.599432826042175293e-01
-3.901153802871704102e-02
-2.614821434020996094e+00
-1.371434450149536133e+00
6.340684890747070312e-01
-2.413414716720581055e-01
-1.975641965866088867e+00
1.910968780517578125e+00
-6.078866720199584961e-01
1.595265150070190430e+00
-2.420125246047973633e+00
-3.260764598846435547e+00
4.706290364265441895e-02
-8.213075399398803711e-01
1.608358144760131836e+00
-8.053853511810302734e-01
5.599134564399719238e-01
-1.577798128128051758e-01
2.681205034255981445e+00
-2.108323574066162109e+00
1.326441049575805664e+00
-8.138723373413085938e-01
-9.411518573760986328e-01
-5.567617416381835938e-01
-1.127923846244812012e+00
2.440038204193115234e+00
1.349506855010986328e+00
-9.610208272933959961e-01
-2.858216285705566406e+00
-2.622625350952148438e+00
-1.348361611366271973e+00
1.232959270477294922e+00
1.099757790565490723e+00
-1.497807383537292480e+00
1.277703166007995605e+00
-2.075505733489990234e+00
-2.724332809448242188e-01
-6.044121980667114258e-01
-1.325478672981262207e+00
2.961795926094055176e-01
-2.198108911514282227e+00
-3.412427902221679688e+00
-2.178896188735961914e+00
-3.140259981155395508e+00
-8.445184826850891113e-01
-1.455639004707336426e-01
-1.172199010848999023e+00
-1.425545454025268555e+00
-2.290104627609252930e-01
2.524303197860717773e-01
3.812498807907104492e+00
-1.398480415344238281e+00
-2.043091297149658203e+00
-7.178558111190795898e-01
-2.873466491699218750e+00
-1.463934302330017090e+00
-1.875072479248046875e+00
1.144217848777770996e-01
-4.985675811767578125e+00
5.419051647186279297e-02
-1.719297647476196289e+00
4.664248228073120117e-02
5.814487934112548828e-01
1.127132892608642578e+00
-2.316217720508575439e-01
-5.739662170410156250e+00
-3.133257865905761719e+00
-4.959447860717773438e+00
5.056931376457214355e-01
-4.761301040649414062e+00
-4.111451148986816406e+00
-3.275913238525390625e+00
-8.525338172912597656e-01
-2.593094110488891602e+00
-1.232024908065795898e+00
1.274791240692138672e+00
1.092163562774658203e+00
1.721275806427001953e+00
-2.003509521484375000e+00
-4.158101558685302734e+00
3.784701108932495117e+00
-1.353380918502807617e+00
1.888940453529357910e+00
-4.060679674148559570e-02
-1.488638401031494141e+00
1.205666661262512207e+00
3.484672307968139648e-01
-1.500251054763793945e+00
1.656028270721435547e+00
-1.108514070510864258e-01
-1.021526336669921875e+00
-5.548217296600341797e-01
-1.019241571426391602e+00
-1.327720284461975098e+00
-4.172650873661041260e-01
-1.480594158172607422e+00
-1.621777057647705078e+00
2.037850618362426758e+00
4.907055795192718506e-01
3.731002330780029297e+00
1.584736704826354980e+00
-1.357657432556152344e+00
-4.484412193298339844e+00
2.447948753833770752e-01
-1.021967887878417969e+00
1.821038961410522461e+00
1.207681894302368164e-01
7.194280624389648438e-02
5.392391085624694824e-01
-9.841507673263549805e-01
-3.487617015838623047e+00
-1.156439900398254395e+00
8.184955716133117676e-01
1.801680922508239746e+00
1.827904582023620605e+00
-5.256614685058593750e-01
9.134516716003417969e-01
-1.674126625061035156e+00
-4.321430206298828125e+00
-4.915617465972900391e+00
-3.255356788635253906e+00
2.449330806732177734e+00
-1.632574558258056641e+00
-7.895767688751220703e-02
1.405375599861145020e+00
3.903663754463195801e-01
-1.642627865076065063e-01
-1.573294162750244141e+00
1.426417589187622070e+00
-1.588475465774536133e+00
-3.754606842994689941e-01
-1.515756130218505859e+00
-2.758710145950317383e+00
-2.281423807144165039e+00
-3.390734434127807617e+00
-5.495746135711669922e-01
-3.756793498992919922e+00
-4.930363178253173828e+00
-5.240952968597412109e+00
-3.711540699005126953e+00
-4.145988464355468750e+00
-3.688175082206726074e-01
-2.475135326385498047e+00
-1.940873742103576660e+00
-1.050261735916137695e+00
7.176173925399780273e-01
-1.631615161895751953e+00
-2.752808332443237305e+00
1.411820411682128906e+00
-1.742369413375854492e+00
1.735185503959655762e+00
-2.386951923370361328e+00
-1.998907327651977539e-02
-2.021222114562988281e+00
1.048148870468139648e+00
6.780970096588134766e-01
-1.732241034507751465e+00
-2.139773130416870117e+00
3.936053514480590820e-01
-1.401175618171691895e+00
-6.749878525733947754e-01
1.627388954162597656e+00
2.641709089279174805e+00
1.245065093040466309e+00
-1.025937795639038086e+00
1.264222741127014160e+00
-2.030454874038696289e-01
-1.584596633911132812e+00
-4.273615837097167969e+00
-3.587040901184082031e-01
5.774484157562255859e+00
3.496926069259643555e+00
7.717335224151611328e+00
-2.448592662811279297e+00
9.319951534271240234e-01
-4.306412935256958008e-01
4.355276584625244141e+00
2.783359766006469727e+00
-4.236557334661483765e-02
1.188557863235473633e+00
3.367170691490173340e-01
-2.560646533966064453e+00
1.259216427803039551e+00
7.447478771209716797e-01
2.105693101882934570e+00
-1.493068575859069824e+00
1.358222484588623047e+00
-7.460454106330871582e-02
2.766239166259765625e+00
-3.815760850906372070e+00
-8.279169201850891113e-01
2.538552761077880859e+00
5.895859718322753906e+00
-5.558000206947326660e-01
8.849381208419799805e-01
2.757612705230712891e+00
1.403725504875183105e+00
-1.507434844970703125e+00
-4.892905354499816895e-01
-3.693948030471801758e+00
1.752279102802276611e-01
-1.484391689300537109e-01
5.285968780517578125e+00
2.987935304641723633e+00
2.592673540115356445e+00
-3.947826862335205078e+00
-2.687655925750732422e+00
-2.556246280670166016e+00
-2.657085061073303223e-01
2.316168785095214844e+00
2.713128805160522461e+00
2.250465393066406250e+00
-1.243828296661376953e+00
3.491290092468261719e+00
3.559476852416992188e+00
1.852999687194824219e+00
1.151348710060119629e+00
4.037989616394042969e+00
-2.688805580139160156e+00
1.697678864002227783e-01
-2.369687795639038086e+00
3.575395941734313965e-01
-3.160115003585815430e+00
-2.621720075607299805e+00
7.311365604400634766e-01
-7.382964491844177246e-01
-1.065788745880126953e+00
3.024136781692504883e+00
-2.346772193908691406e+00
-7.479225397109985352e-01
-5.902886390686035156e-02
-1.067808985710144043e+00
-1.882151126861572266e+00
-7.221704125404357910e-01
-2.386332511901855469e+00
1.151482105255126953e+00
-2.404782533645629883e+00
-1.283908367156982422e+00
2.081456184387207031e+00
1.709834933280944824e+00
-1.271349072456359863e+00
-2.251474142074584961e+00
2.354239463806152344e+00
1.617459654808044434e+00
-4.625621795654296875e+00
2.759735584259033203e+00
-2.789318323135375977e+00
-6.518177986145019531e-01
-1.496296525001525879e+00
-4.762740612030029297e+00
2.736747980117797852e+00
5.837159156799316406e-01
-3.518652677536010742e+00
-2.806590795516967773e+00
-3.783169984817504883e-01
-6.266972422599792480e-01
3.109464883804321289e+00
-2.478212833404541016e+00
6.567138433456420898e-01
-3.097116947174072266e+00
-2.041890621185302734e+00
1.330130696296691895e-01
-2.455722570419311523e+00
-5.273509025573730469e-01
2.170612335205078125e+00
-6.372433304786682129e-01
-2.104791164398193359e+00
2.983396291732788086e+00
-2.489355087280273438e+00
6.250012516975402832e-01
-9.282587170600891113e-01
-2.983140945434570312e-02
-1.916725873947143555e+00
-1.859099864959716797e-01
-2.106477499008178711e+00
-1.972450017929077148e+00
-2.374240398406982422e+00
2.307125329971313477e+00
-7.984074354171752930e-01
-4.433989048004150391e+00
-8.843352198600769043e-01
-1.225314736366271973e+00
2.211887836456298828e-01
-1.329941153526306152e+00
3.164604663848876953e+00
2.827445507049560547e+00
3.684962749481201172e+00
-1.408934950828552246e+00
-2.882373571395874023e+00
-1.137736737728118896e-01
3.116666078567504883e-01
-4.559356212615966797e+00
3.295719623565673828e+00
-1.565384745597839355e+00
-3.195691347122192383e+00
-4.477921485900878906e+00
2.482348680496215820e-01
1.773313283920288086e+00
-1.437805056571960449e+00
6.138042211532592773e-01
-1.628370881080627441e+00
-4.639378547668457031e+00
-6.662823200225830078e+00
4.324104309082031250e+00
1.312676906585693359e+00
2.484570980072021484e+00
2.822676658630371094e+00
6.783638000488281250e-01
-2.806490898132324219e+00
2.054748535156250000e+00
1.905843019485473633e-01
-5.240284442901611328e+00
3.169280290603637695e+00
-1.246361851692199707e+00
-2.160112380981445312e+00
-4.334545612335205078e+00
6.176671981811523438e+00
-7.386748313903808594e+00
-1.902240991592407227e+00
3.813579797744750977e+00
-8.286725878715515137e-01
1.284213781356811523e+00
1.205597639083862305e+00
4.585730075836181641e+00
2.800094604492187500e+00
-6.329777240753173828e+00
1.165158748626708984e+00
-1.510363817214965820e+00
1.427061796188354492e+00
5.511535644531250000e+00
-7.920787334442138672e-01
-3.930435180664062500e+00
3.278284072875976562e+00
-3.154075145721435547e+00
-3.957494497299194336e+00
-1.874493956565856934e+00
9.935662150382995605e-01
2.332173824310302734e+00
-3.618811368942260742e+00
9.293639659881591797e-02
-3.120856285095214844e-01
1.860095262527465820e-01
4.080136299133300781e+00
-1.342824697494506836e-01
9.509153962135314941e-01
3.766500055789947510e-01
-2.093936204910278320e+00
4.347758293151855469e+00
1.641371250152587891e+00
2.143568992614746094e-01
-3.310006618499755859e+00
-2.183863401412963867e+00
-2.194233179092407227e+00
8.857488036155700684e-01
5.358505249023437500e-01
3.243510961532592773e+00
-1.575195789337158203e-01
-3.132585048675537109e+00
4.640256404876708984e+00
-1.398112058639526367e+00
-5.679111480712890625e-01
-7.505310773849487305e-01
-1.627411723136901855e+00
3.974350452423095703e+00
-2.070155620574951172e+00
-2.983636140823364258e+00
4.868932962417602539e-01
9.751470088958740234e-01
9.417364001274108887e-01
-3.201576948165893555e+00
-1.268082857131958008e-01
-3.915178060531616211e+00
-2.003365039825439453e+00
1.350060939788818359e+00
-4.425762593746185303e-01
2.021695137023925781e+00
3.724074661731719971e-01
2.497208118438720703e+00
5.834444522857666016e+00
5.257999897003173828e-02
-3.680920362472534180e+00
5.548674464225769043e-01
-1.218210935592651367e+00
3.091638565063476562e+00
1.534349441528320312e+00
-1.896511197090148926e+00
2.729419469833374023e+00
3.109065532684326172e+00
3.004697799682617188e+00
-2.638676643371582031e+00
-1.486543416976928711e+00
-2.088136672973632812e+00
3.149548768997192383e-01
-2.184218168258666992e+00
-2.400813817977905273e+00
1.859375476837158203e+00
-3.772381782531738281e+00
-1.204039096832275391e+00
-1.176932573318481445e+00
-6.531393527984619141e-01
-3.938554286956787109e+00
-2.748610675334930420e-01
-2.751585006713867188e+00
-2.939978837966918945e-01
2.357089042663574219e+00
6.177359819412231445e-01
-1.934236884117126465e-01
-1.346293687820434570e+00
-1.193030118942260742e+00
-7.840448021888732910e-01
-5.917840003967285156e-01
-1.819889783859252930e+00
4.609364867210388184e-01
1.613029718399047852e+00
-2.121620178222656250e+00
-3.839014530181884766e+00
-1.736068725585937500e-01
-4.348945140838623047e+00
1.289708852767944336e+00
-2.980855703353881836e-01
8.384337425231933594e-01
1.466771841049194336e+00
1.341158986091613770e+00
4.436367511749267578e+00
4.647573947906494141e+00
-2.508287131786346436e-01
-9.518207907676696777e-01
1.716549396514892578e+00
-3.156146049499511719e+00
-2.740103721618652344e+00
3.408849000930786133e+00
7.281583547592163086e-01
5.185950279235839844e+00
-1.927697300910949707e+00
-1.943772554397583008e+00
2.387050628662109375e+00
4.067222595214843750e+00
3.935843706130981445e+00
2.495529413223266602e+00
3.556057214736938477e+00
-1.752946853637695312e+00
-5.270271301269531250e-01
-1.679747700691223145e-01
-2.312709808349609375e+00
-2.529076337814331055e-01
-1.809207797050476074e+00
-1.577231287956237793e-01
-1.061093449592590332e+00
-1.193943738937377930e+00
1.811852216720581055e+00
-2.329887151718139648e+00
-4.287640094757080078e+00
-2.423474073410034180e+00
-8.981817245483398438e+00
-1.473688960075378418e+00
-5.886020660400390625e-01
-3.191635608673095703e-01
-2.694058656692504883e+00
1.608910679817199707e+00
2.099811792373657227e+00
3.558731675148010254e-01
2.441149055957794189e-01
5.663897395133972168e-01
2.590353012084960938e+00
-2.505787611007690430e-01
1.727021336555480957e+00
1.385321259498596191e+00
6.239876270294189453e+00
5.904184818267822266e+00
-2.375863313674926758e+00
-9.118658304214477539e-01
1.162126541137695312e+00
9.787122011184692383e-01
2.129318237304687500e+00
-1.002900004386901855e+00
3.390034437179565430e-01
1.502586960792541504e+00
2.200321674346923828e+00
-2.916050434112548828e+00
-4.216134548187255859e-01
-1.446133852005004883e+00
-2.414000749588012695e+00
-1.289121389389038086e+00
8.508487701416015625e+00
-2.585334777832031250e+00
2.006079912185668945e+00
-8.058703541755676270e-01
-4.571104526519775391e+00
2.775154352188110352e+00
1.832784414291381836e+00
2.349307060241699219e+00
1.905507206916809082e+00
7.864813208580017090e-01
-2.346741437911987305e+00
4.826125144958496094e+00
2.379300832748413086e+00
5.496810674667358398e-01
1.274656653404235840e-01
1.850129127502441406e+00
-2.296540260314941406e+00
1.024680018424987793e+00
-2.447431087493896484e+00
-2.168824672698974609e+00
3.089207410812377930e-01
-2.058305978775024414e+00
3.248993873596191406e+00
-1.261205554008483887e+00
-2.040467739105224609e+00
4.050059795379638672e+00
-3.124597311019897461e+00
3.727250814437866211e+00
4.348188400268554688e+00
-1.712766408920288086e+00
-2.658058643341064453e+00
4.493003785610198975e-01
-1.007182121276855469e+00
9.357805252075195312e-01
3.583091020584106445e+00
6.309731602668762207e-01
3.821596145629882812e+00
2.668628215789794922e+00
-5.359670162200927734e+00
3.096260309219360352e+00
5.055293440818786621e-01
-7.675837278366088867e-01
-1.043772697448730469e+00
-3.638976216316223145e-01
-1.195493936538696289e+00
-2.326838254928588867e+00
1.077874660491943359e+00
-4.008975028991699219e+00
-1.149353504180908203e+00
1.455429077148437500e+00
-4.958491325378417969e+00
1.465496301651000977e+00
1.367479681968688965e+00
2.227927207946777344e+00
1.641999125480651855e+00
-2.129651308059692383e+00
1.666031122207641602e+00
-5.303512096405029297e+00
1.128542542457580566e+00
-7.525709271430969238e-01
-1.092201709747314453e+00
-3.539399862289428711e+00
-9.177601933479309082e-01
-5.007215738296508789e-01
-1.302564382553100586e+00
-3.130992054939270020e-01
1.196095466613769531e+00
7.061068415641784668e-01
-1.469839334487915039e+00
6.529516577720642090e-01
-2.041713714599609375e+00
2.815833389759063721e-01
-1.261821269989013672e+00
3.160518646240234375e+00
-1.440679192543029785e+00
4.243102073669433594e-01
1.994782209396362305e+00
-1.655452966690063477e+00
4.677814006805419922e+00
7.794168949127197266e+00
1.006946086883544922e+00
7.410625219345092773e-01
-2.338493824005126953e+00
3.033416032791137695e+00
-5.526530265808105469e+00
-1.171135783195495605e+00
5.604379653930664062e+00
2.826581239700317383e+00
-5.203250885009765625e+00
8.664220571517944336e-01
-7.852649092674255371e-01
3.222673177719116211e+00
-1.474016904830932617e+00
-1.002075076103210449e-01
-3.203509569168090820e+00
-2.855723142623901367e+00
3.354657649993896484e+00
-3.077988386154174805e+00
5.589430332183837891e-01
6.199098587036132812e+00
-1.174815416336059570e+00
-1.356398463249206543e-01
1.338377952575683594e+00
5.411514639854431152e-01
2.150763034820556641e+00
1.384634733200073242e+00
1.915710210800170898e+00
-4.550543308258056641e+00
-5.107219219207763672e-01
3.072123527526855469e+00
-6.004721522331237793e-01
-5.537773132324218750e+00
-7.067362070083618164e-01
7.677518129348754883e-01
-1.513684391975402832e-01
-1.073096752166748047e+00
4.918509006500244141e+00
-6.786531209945678711e-02
-1.534546732902526855e+00
4.526203155517578125e+00
6.113338470458984375e-01
2.099431037902832031e+00
-3.118734359741210938e-01
6.895250797271728516e+00
9.895174503326416016e-01
1.316764712333679199e+00
7.972204089164733887e-01
1.170729398727416992e+00
-3.805135250091552734e+00
-7.355238199234008789e-01
-2.886920928955078125e+00
3.524674177169799805e-01
-4.425630092620849609e+00
-2.540672421455383301e-01
1.041895270347595215e+00
3.664557635784149170e-01
3.923566937446594238e-01
-4.943283796310424805e-01
1.683682203292846680e-04
-1.155489683151245117e+00
-2.242140531539916992e+00
-4.541997909545898438e+00
2.146317005157470703e+00
-2.963938713073730469e+00
-2.302117347717285156e+00
1.062436819076538086e+00
-4.931489825248718262e-01
2.475995540618896484e+00
-3.405443429946899414e-01
-1.270292282104492188e+00
1.708342790603637695e+00
-3.527295589447021484e-01
3.811787843704223633e+00
-2.100697517395019531e+00
2.131321668624877930e+00
1.393187522888183594e+00
2.465184926986694336e+00
2.889580249786376953e+00
-5.045422315597534180e-01
-9.815298318862915039e-01
5.064571857452392578e+00
-1.295533299446105957e+00
-5.058497905731201172e+00
3.426550149917602539e+00
3.786334991455078125e+00
-2.651302099227905273e+00
8.199526071548461914e-01
3.784913539886474609e+00
-3.976649343967437744e-01
-1.607697010040283203e-01
-2.929130077362060547e+00
-2.701631784439086914e+00
4.073483467102050781e+00
-3.080695629119873047e+00
3.109160661697387695e+00
-5.333276748657226562e+00
1.858898639678955078e+00
3.981208801269531250e-02
-2.025748252868652344e+00
3.720430612564086914e+00
1.579364538192749023e+00
-6.234371662139892578e-01
3.330042362213134766e-01
-1.882260560989379883e+00
1.590611934661865234e+00
-2.529617786407470703e+00
-1.532093524932861328e+00
-8.117642402648925781e-01
8.913630485534667969e+00
4.163289546966552734e+00
8.291941285133361816e-01
-1.565046548843383789e+00
3.136683940887451172e+00
-2.640525579452514648e+00
-3.119033098220825195e+00
-2.075222730636596680e+00
3.648816823959350586e+00
4.509139060974121094e+00
-1.348549723625183105e+00
1.012890577316284180e+00
2.535699605941772461e-01
-8.677452802658081055e-01
2.518498897552490234e+00
2.014133453369140625e+00
1.445677757263183594e+00
2.076144218444824219e+00
1.211660385131835938e+00
-1.217281460762023926e+00
-1.362278819084167480e+00
1.913183450698852539e+00
-4.204268932342529297e+00
-1.503298282623291016e+00
-4.968570470809936523e-01
-1.660479307174682617e-01
-2.992977142333984375e+00
-9.028675556182861328e-01
-1.225792884826660156e+00
-3.832145214080810547e+00
-2.511568546295166016e+00
-2.664988517761230469e+00
7.627766132354736328e-01
-1.395122289657592773e+00
-4.226256608963012695e-01
-7.293686866760253906e-01
9.887681007385253906e-01
-5.850076675415039062e-01
4.827772378921508789e-01
5.086079835891723633e-01
-1.574952006340026855e+00
-6.628221273422241211e-01
-1.130568385124206543e-01
1.490797042846679688e+00
2.117540597915649414e+00
8.512082099914550781e-01
2.595194339752197266e+00
2.596416711807250977e+00
1.079715728759765625e+00
2.257770299911499023e+00
9.505300521850585938e-01
-3.257449626922607422e+00
-7.132455706596374512e-01
-2.128200292587280273e+00
2.939192771911621094e+00
6.750679016113281250e-02
-2.385048866271972656e+00
-6.529867649078369141e-03
-2.166863203048706055e+00
-3.849095821380615234e+00
-3.170651197433471680e+00
-4.027790546417236328e+00
5.203827619552612305e-01
-4.924547195434570312e+00
1.423203945159912109e+00
-1.756580114364624023e+00
5.787347316741943359e+00
6.202331066131591797e+00
5.980579853057861328e+00
4.002407073974609375e+00
4.005640506744384766e+00
4.244038105010986328e+00
3.539694786071777344e+00
3.479932308197021484e+00
6.652373313903808594e+00
3.175180435180664062e+00
6.128620147705078125e+00
5.880582928657531738e-01
2.398597240447998047e+00
5.438878059387207031e+00
3.143893718719482422e+00
5.406951904296875000e+00
7.647234201431274414e-01
4.157247543334960938e+00
1.843080401420593262e+00
2.268947124481201172e+00
-1.524576902389526367e+00
7.604415416717529297e-01
1.178703784942626953e+00
-3.033020496368408203e+00
1.369999647140502930e-01
1.315751314163208008e+00
7.469608783721923828e-01
4.077214598655700684e-01
2.997547149658203125e+00
5.358507633209228516e+00
