7.836450338363647461e-01
2.925031423568725586e+00
1.857802391052246094e+00
9.996377229690551758e-01
4.501023292541503906e+00
-3.106097221374511719e+00
3.710492551326751709e-01
-3.447240352630615234e+00
-2.047353744506835938e+00
-1.483894586563110352e+00
-3.729935646057128906e+00
2.146141529083251953e-01
-9.070495367050170898e-01
-2.924758911132812500e+00
-1.349235534667968750e+00
-1.741199493408203125e+00
-2.973088741302490234e+00
-1.012667536735534668e+00
-9.173480272293090820e-01
-3.874102115631103516e+00
-6.935208797454833984e+00
-1.992904067039489746e+00
-2.145345687866210938e+00
8.175371289253234863e-01
-2.696338176727294922e+00
-2.935948133468627930e+00
-3.493052721023559570e-01
2.588729560375213623e-02
-4.674944877624511719e+00
-3.061054706573486328e+00
-2.000482797622680664e+00
1.340525150299072266e+00
-3.991460800170898438e+00
2.487077236175537109e+00
8.281028270721435547e-02
-1.801954984664916992e+00
5.143363475799560547e-01
-3.049151659011840820e+00
-1.141069456934928894e-01
-1.288998126983642578e+00
1.084497690200805664e+00
-2.316348075866699219e+00
9.395827353000640869e-02
-3.293897390365600586e+00
-7.271130084991455078e-01
-2.541000127792358398e+00
-8.183465003967285156e-01
2.173238992691040039e+00
-2.566683769226074219e+00
-8.910774588584899902e-01
2.403739929199218750e+00
-2.499179840087890625e-01
9.014472365379333496e-01
-1.471482992172241211e+00
-1.740250468254089355e+00
-2.292813658714294434e-01
-1.440457105636596680e+00
-3.676639556884765625e+00
4.360694885253906250e+00
-1.058639645576477051e+00
-2.022300958633422852e-01
-1.004370450973510742e-01
-1.009406805038452148e+00
-3.010774135589599609e+00
7.077592015266418457e-01
3.697088241577148438e+00
3.372287750244140625e-02
-6.779755353927612305e-01
-1.828326821327209473e+00
-3.834661960601806641e+00
-3.564528942108154297e+00
-1.183116883039474487e-01
3.121169209480285645e-01
5.281617641448974609e-01
1.231339216232299805e+00
6.267443895339965820e-01
2.795767545700073242e+00
1.396686911582946777e+00
-1.969653487205505371e+00
3.974524140357971191e-02
-2.910703182220458984e+00
-4.609375000000000000e+00
-2.650747776031494141e+00
-1.978379249572753906e+00
1.933876633644104004e+00
-3.464021205902099609e+00
-4.020806312561035156e+00
5.847307443618774414e-01
8.340878486633300781e-01
4.109268665313720703e+00
-3.560001134872436523e+00
-5.156639575958251953e+00
2.300168991088867188e+00
-1.198713183403015137e+00
7.532224059104919434e-01
-3.002962112426757812e+00
1.135940432548522949e+00
-3.720934867858886719e+00
-3.777811527252197266e-01
-7.751227617263793945e-01
1.847624778747558594e-01
-1.933824777603149414e+00
-3.732305049896240234e+00
1.445995807647705078e+00
-2.938496828079223633e+00
-2.369728326797485352e+00
-3.998203754425048828e+00
-1.976322084665298462e-01
-2.711202383041381836e+00
1.830438137054443359e+00
-3.142770290374755859e+00
1.742978453636169434e+00
1.458810806274414062e+00
-5.121051669120788574e-01
-6.063117980957031250e-01
-1.691249847412109375e+00
-5.929669857025146484e+00
6.925026178359985352e-01
-3.722741007804870605e-01
-2.776407241821289062e+00
-3.600826025009155273e+00
-3.028108358383178711e+00
-1.467976689338684082e+00
-5.088876247406005859e+00
-2.958327770233154297e+00
-2.694961071014404297e+00
-1.688697457313537598e+00
1.880487918853759766e+00
2.506450653076171875e+00
1.589546442031860352e+00
2.139656543731689453e+00
5.038868904113769531e+00
6.201729297637939453e+00
1.961557745933532715e+00
4.750001430511474609e+00
2.304529190063476562e+00
-1.726114749908447266e-02
-3.109538316726684570e+00
-1.250228881835937500e-01
-2.750415086746215820e+00
5.108251571655273438e-01
2.101830959320068359e+00
1.111250400543212891e+00
-2.295983076095581055e+00
5.176217079162597656e+00
-2.203631401062011719e+00
-2.251629114151000977e+00
-4.059077739715576172e+00
-6.177405714988708496e-01
-3.983914554119110107e-01
2.616755247116088867e+00
-7.739548683166503906e-01
-5.032882690429687500e+00
-1.295414090156555176e+00
-3.111073255538940430e+00
-2.485924243927001953e+00
-1.713152050971984863e+00
-3.776377201080322266e+00
-2.620150566101074219e+00
-1.864716291427612305e+00
-4.867973625659942627e-01
-4.687040448188781738e-01
-2.276859283447265625e+00
4.287730157375335693e-02
-7.670685052871704102e-01
-2.953462600708007812e+00
-1.052945256233215332e+00
-1.640132784843444824e+00
-1.093354821205139160e+00
-3.502180814743041992e+00
6.975002884864807129e-01
-1.602252483367919922e+00
-1.887211322784423828e+00
2.339149266481399536e-01
-2.014679193496704102e+00
-1.714969038963317871e+00
-1.074240684509277344e+00
-5.468701839447021484e+00
-1.839002370834350586e+00
-7.281705141067504883e-01
-4.443572044372558594e+00
1.535614579916000366e-01
1.966631859540939331e-01
-2.334741353988647461e+00
-1.352367401123046875e-01
4.944330692291259766e+00
-2.533069372177124023e+00
-2.715277194976806641e+00
-1.040131568908691406e+00
3.562885761260986328e+00
-3.610903024673461914e-02
4.626125991344451904e-01
1.094242334365844727e+00
-2.899034023284912109e+00
-3.445630073547363281e+00
-2.930377960205078125e+00
-8.610638380050659180e-01
-1.703505039215087891e+00
-1.265853643417358398e+00
1.504772424697875977e+00
-1.918760299682617188e+00
-2.462710142135620117e-01
-3.131869435310363770e-01
2.854136943817138672e+00
-8.951602578163146973e-01
-2.016083002090454102e+00
-1.271008253097534180e+00
3.641553521156311035e-01
1.881791234016418457e+00
-8.279849886894226074e-01
-1.231824755668640137e-01
-2.143717288970947266e+00
-2.157433748245239258e+00
-2.093478202819824219e+00
-2.348418474197387695e+00
-3.409618735313415527e-01
-8.864856958389282227e-01
-2.981404066085815430e+00
-1.771410465240478516e+00
-4.733599126338958740e-01
-3.282108306884765625e+00
-1.978099346160888672e+00
2.797303199768066406e+00
-5.742000341415405273e-01
-4.267326354980468750e+00
-3.548888683319091797e+00
-1.745178699493408203e+00
-2.174477100372314453e+00
-2.234729766845703125e+00
-5.689336657524108887e-01
-3.714553117752075195e+00
-1.845849871635437012e+00
-3.901240825653076172e+00
-4.149153709411621094e+00
1.308392047882080078e+00
-1.071331977844238281e+00
-1.771197676658630371e+00
-6.509602665901184082e-01
-1.861548185348510742e+00
-3.808797359466552734e+00
-8.274775743484497070e-01
-2.221349716186523438e+00
-5.856810808181762695e-01
-1.218976616859436035e+00
-3.200608730316162109e+00
-1.888126969337463379e+00
-3.758343219757080078e+00
-6.888238191604614258e-01
4.559168815612792969e-01
9.498721361160278320e-01
-7.994766831398010254e-01
6.641999483108520508e-01
-4.197544097900390625e+00
-9.555813670158386230e-01
-9.953050613403320312e-01
-1.901315331459045410e+00
-2.481116771697998047e+00
6.819288134574890137e-01
1.357422828674316406e+00
-3.761613130569458008e+00
-2.104227304458618164e+00
-3.396047830581665039e+00
-4.565879821777343750e+00
-1.761628270149230957e+00
-2.935708761215209961e-01
-8.817865848541259766e-01
-9.299851655960083008e-01
7.160365581512451172e-02
-3.938114166259765625e+00
-4.536255359649658203e+00
-3.786534786224365234e+00
-5.295556068420410156e+00
-1.540140867233276367e+00
-6.866873502731323242e-01
-4.734110832214355469e+00
-7.067567825317382812e+00
-6.423789978027343750e+00
-4.054998397827148438e+00
-3.587590217590332031e+00
-2.293784856796264648e+00
-5.185819625854492188e+00
-5.880979895591735840e-01
-1.372483015060424805e+00
-1.735038280487060547e+00
-1.539196372032165527e+00
-3.515538215637207031e+00
-5.148037433624267578e+00
-5.074599266052246094e+00
-4.227004528045654297e+00
-6.475941181182861328e+00
-4.226568222045898438e+00
-6.434087753295898438e+00
-4.123017311096191406e+00
-4.129775047302246094e+00
-4.048029899597167969e+00
-3.033495426177978516e+00
-1.106476545333862305e+00
-5.792689800262451172e+00
-5.176898002624511719e+00
-4.653736114501953125e+00
-1.891580820083618164e-01
7.320463657379150391e-02
-2.443484067916870117e-01
-3.435174822807312012e-01
-2.940420866012573242e+00
-4.659249782562255859e+00
-3.049367189407348633e+00
3.621747493743896484e-01
5.551416873931884766e-01
-1.682262718677520752e-01
3.701275825500488281e+00
1.421869277954101562e+00
-6.175194680690765381e-02
4.779344558715820312e+00
-2.042082548141479492e+00
2.702586174011230469e+00
-2.042819261550903320e+00
3.881435394287109375e-01
-7.158584594726562500e-01
4.185961723327636719e+00
3.683383703231811523e+00
-7.922121286392211914e-01
-3.135178565979003906e+00
-1.377380371093750000e+00
-9.447405338287353516e-01
-3.446023464202880859e-01
-2.634889125823974609e+00
2.659645557403564453e+00
-2.420514822006225586e+00
-4.358876228332519531e+00
-7.743468880653381348e-01
-2.325822830200195312e+00
-1.648924946784973145e+00
7.901273369789123535e-01
-3.140838146209716797e+00
-4.743723869323730469e+00
-4.130405426025390625e+00
-1.070815801620483398e+00
-3.110455989837646484e+00
-1.576084375381469727e+00
1.715816497802734375e+00
-4.597029685974121094e-01
-1.725538730621337891e+00
-2.438284873962402344e+00
-3.109116077423095703e+00
6.107335686683654785e-01
5.044413566589355469e+00
1.587538599967956543e+00
1.338980555534362793e+00
-9.067493677139282227e-01
-3.461086750030517578e-02
-1.420295238494873047e+00
-3.837487220764160156e+00
1.170740962028503418e+00
1.687367558479309082e+00
1.084390759468078613e+00
-4.187165260314941406e+00
-1.732632994651794434e+00
-1.823839545249938965e+00
-3.414700984954833984e+00
-5.364020347595214844e+00
-1.342618942260742188e+00
-6.287001132965087891e+00
-1.570366740226745605e+00
-1.314672350883483887e+00
-3.032723903656005859e+00
-4.072786808013916016e+00
-5.879764080047607422e+00
-1.437592148780822754e+00
-3.523934602737426758e+00
-4.774702072143554688e+00
-4.723147392272949219e+00
-2.117454051971435547e+00
-2.889885187149047852e+00
-3.085011720657348633e+00
-3.969064950942993164e+00
-1.344238758087158203e+00
-5.110146522521972656e+00
-4.030253887176513672e+00
-3.034797191619873047e+00
-3.874269723892211914e+00
-3.900908529758453369e-01
-1.894114315509796143e-01
-2.437515735626220703e+00
-5.063773155212402344e+00
9.156106114387512207e-01
9.300867319107055664e-01
-3.857402563095092773e+00
-2.685310125350952148e+00
1.858483552932739258e+00
-7.005727291107177734e-01
1.477182626724243164e+00
3.569868803024291992e-01
-2.651781320571899414e+00
-1.198214769363403320e+00
2.495317220687866211e+00
2.205513477325439453e+00
-1.903629302978515625e-02
-1.081788778305053711e+00
1.201221466064453125e+00
6.204284429550170898e-01
-2.323516130447387695e+00
-9.951870441436767578e-01
5.912769794464111328e+00
3.854246377944946289e+00
8.071059226989746094e+00
-1.665943711996078491e-01
-1.169629812240600586e+00
1.041899561882019043e+00
3.827794790267944336e+00
4.914884090423583984e+00
1.586222052574157715e+00
-4.721854925155639648e-01
1.973957657814025879e+00
7.980030775070190430e-01
4.078078866004943848e-01
1.465125322341918945e+00
4.188553810119628906e+00
2.208874464035034180e+00
4.171650409698486328e+00
-1.176872372627258301e+00
1.055757641792297363e+00
-4.107658863067626953e+00
-1.579946756362915039e+00
1.962090492248535156e+00
9.757775068283081055e-01
-4.585290551185607910e-01
1.227461218833923340e+00
2.160762310028076172e+00
1.388875484466552734e+00
-2.290476799011230469e+00
-2.082693815231323242e+00
2.327498912811279297e+00
-1.002517223358154297e+00
1.156558871269226074e+00
5.898342132568359375e-01
3.270970821380615234e+00
5.325802803039550781e+00
-1.901267766952514648e+00
-2.807756662368774414e+00
-5.887733697891235352e-01
-3.848981142044067383e+00
2.629938125610351562e+00
3.600724697113037109e+00
3.119825720787048340e-01
2.629200458526611328e+00
3.990870475769042969e+00
2.464700698852539062e+00
3.984487056732177734e+00
6.766184329986572266e+00
3.498402833938598633e+00
-4.550445079803466797e-01
2.089078426361083984e-01
-1.046156883239746094e+00
4.596424102783203125e-01
-1.301773548126220703e+00
2.099766969680786133e+00
-7.711732387542724609e-01
-1.379504323005676270e+00
2.117197513580322266e+00
8.951070785522460938e+00
-3.817262649536132812e+00
4.856817245483398438e+00
-1.682625889778137207e+00
-1.271792531013488770e+00
-1.174333810806274414e+00
-1.543932795524597168e+00
-1.348610877990722656e+00
3.812098503112792969e-01
-2.553353309631347656e+00
1.178934335708618164e+00
2.336335659027099609e+00
2.706905364990234375e+00
-6.998020410537719727e-02
8.802268505096435547e-01
1.609237909317016602e+00
1.854625940322875977e-01
-1.575121164321899414e+00
5.265692234039306641e+00
-3.120697975158691406e+00
1.148133397102355957e+00
1.763474822044372559e+00
-1.663972020149230957e+00
4.268122196197509766e+00
5.111029624938964844e+00
-2.841129302978515625e+00
-8.643157482147216797e-01
1.114608049392700195e-01
3.022919893264770508e+00
5.960902690887451172e+00
-1.302746057510375977e+00
-1.206189870834350586e+00
7.910404801368713379e-01
-8.382754325866699219e-01
2.433016777038574219e+00
-1.959951877593994141e+00
-1.897644996643066406e+00
6.838888645172119141e+00
2.241895437240600586e+00
-1.211532115936279297e+00
6.135385513305664062e+00
2.215751647949218750e+00
1.252830028533935547e+00
-4.004220962524414062e+00
-1.218748092651367188e+00
-2.444787263870239258e+00
2.116185665130615234e+00
-1.601694375276565552e-01
-1.353280305862426758e+00
4.592241048812866211e-01
5.430239677429199219e+00
-1.251379966735839844e+00
-7.315520644187927246e-01
-1.666184425354003906e+00
1.747700333595275879e+00
-2.796399593353271484e-02
-4.086534023284912109e+00
6.564908504486083984e+00
8.172639608383178711e-01
1.705302476882934570e+00
-2.442847251892089844e+00
-3.316677808761596680e+00
-1.979116201400756836e+00
2.012846231460571289e+00
-2.886244535446166992e+00
7.732597827911376953e+00
2.992990612983703613e-02
-1.252733469009399414e+00
-1.636764168739318848e+00
1.988399267196655273e+00
2.436933755874633789e+00
-5.636147856712341309e-01
1.214997395873069763e-01
5.159346103668212891e+00
-3.265268206596374512e-01
-5.227780818939208984e+00
7.252639293670654297e+00
1.534631252288818359e+00
1.680450677871704102e+00
8.793594837188720703e-01
4.743003845214843750e+00
-1.331715703010559082e+00
1.739073753356933594e+00
-1.946816325187683105e+00
-2.580337524414062500e+00
3.414118766784667969e+00
-1.515733599662780762e-01
4.090495109558105469e-01
-2.183277130126953125e+00
8.117544174194335938e+00
-7.724153518676757812e+00
1.041692256927490234e+00
2.077605426311492920e-01
3.294589996337890625e+00
5.681277751922607422e+00
-7.897576689720153809e-02
5.690411925315856934e-01
6.493312835693359375e+00
2.238201141357421875e+00
2.015008687973022461e+00
3.072124719619750977e-01
4.781483411788940430e-01
4.771325111389160156e+00
-5.510318279266357422e-02
-2.739838361740112305e-01
2.989223003387451172e+00
-3.674831867218017578e+00
-4.390480995178222656e+00
1.415659308433532715e+00
1.322473526000976562e+00
2.276944875717163086e+00
-4.640122890472412109e+00
-1.315818727016448975e-01
-2.431087493896484375e+00
-5.340306162834167480e-01
1.893267869949340820e+00
2.059122085571289062e+00
-1.715911269187927246e+00
-7.923129796981811523e-01
1.308949947357177734e+00
-1.104842424392700195e+00
3.456733226776123047e-01
-3.628005981445312500e-01
-3.012000560760498047e+00
-6.665945053100585938e-01
8.840501308441162109e-03
2.526137113571166992e+00
1.609264135360717773e+00
1.030296683311462402e+00
1.999466538429260254e+00
-1.096704363822937012e+00
4.690500259399414062e+00
-2.952338695526123047e+00
8.998823165893554688e-01
2.672640562057495117e+00
1.001856207847595215e+00
8.609503507614135742e-01
4.085305631160736084e-01
2.445242643356323242e+00
3.997607707977294922e+00
1.343894243240356445e+00
3.281178474426269531e-01
3.016513586044311523e+00
-8.235024809837341309e-01
-2.193509340286254883e+00
2.696208238601684570e+00
2.704101800918579102e+00
-3.793215990066528320e+00
1.375294923782348633e-01
7.980977296829223633e-01
2.617677450180053711e+00
7.514659404754638672e+00
1.097537994384765625e+00
-1.451427578926086426e+00
1.712446212768554688e+00
1.462741792201995850e-01
5.102668285369873047e+00
2.512610673904418945e+00
-1.744142413139343262e+00
6.236901283264160156e-01
3.902867794036865234e+00
1.172494411468505859e+00
-4.541712284088134766e+00
1.088561654090881348e+00
2.146515250205993652e-01
2.632365226745605469e+00
-1.810009479522705078e+00
-2.977054119110107422e+00
6.285859584808349609e+00
7.014095187187194824e-01
-3.770431041717529297e+00
6.918825507164001465e-01
-1.139268875122070312e-01
2.555095672607421875e+00
-3.074642121791839600e-01
2.304492473602294922e+00
1.888277292251586914e+00
2.592664718627929688e+00
1.099320411682128906e+00
2.465636968612670898e+00
-1.461168289184570312e+00
-2.686089277267456055e+00
-2.476495504379272461e+00
-1.150877475738525391e+00
2.784553766250610352e+00
3.928933382034301758e+00
3.125607013702392578e+00
-1.774159789085388184e+00
-1.857814669609069824e+00
-2.195726871490478516e+00
-3.896705627441406250e+00
1.712275981903076172e+00
8.952174186706542969e-01
-8.240758776664733887e-01
1.860416829586029053e-01
2.676741600036621094e+00
2.020169734954833984e+00
5.619642734527587891e+00
2.839794158935546875e+00
4.144878983497619629e-01
4.563104152679443359e+00
-7.312570214271545410e-01
9.732246398925781250e-01
5.266662597656250000e+00
4.829451084136962891e+00
-3.429859578609466553e-01
-1.644723534584045410e+00
3.561185598373413086e+00
4.406781196594238281e+00
1.499125003814697266e+00
1.323605537414550781e+00
4.681749343872070312e-01
1.328410983085632324e+00
-2.963651418685913086e+00
1.526321887969970703e+00
1.327088356018066406e+00
-3.937940120697021484e+00
3.445954799652099609e+00
-6.616290807723999023e-01
3.504623651504516602e+00
-1.414696812629699707e+00
1.964406728744506836e+00
4.229654312133789062e+00
7.263799309730529785e-01
-4.062206745147705078e+00
-3.741884708404541016e+00
-5.009901046752929688e+00
-8.498567938804626465e-01
6.199070811271667480e-01
-2.434028863906860352e+00
1.139927864074707031e+00
3.789603233337402344e+00
2.512816429138183594e+00
4.204391956329345703e+00
2.499902248382568359e+00
4.502368450164794922e+00
5.305710792541503906e+00
4.551010727882385254e-01
2.328981399536132812e+00
2.328724622726440430e+00
2.389174461364746094e+00
7.416136741638183594e+00
3.084347248077392578e+00
-1.011587381362915039e-01
2.549727439880371094e+00
8.405239582061767578e-01
3.030080795288085938e+00
-2.640213966369628906e-01
-1.123042702674865723e-01
3.345771312713623047e+00
1.231973886489868164e+00
-7.710183858871459961e-01
-1.220879316329956055e+00
2.471523523330688477e+00
-1.847761392593383789e+00
-5.311476230621337891e+00
5.266148567199707031e+00
-5.936993956565856934e-01
4.480695247650146484e+00
-1.593264102935791016e+00
-4.670223712921142578e+00
2.784779310226440430e+00
-2.434036731719970703e+00
5.563761711120605469e+00
6.179043292999267578e+00
-1.358385086059570312e+00
-3.907138824462890625e+00
2.596830368041992188e+00
2.022724151611328125e+00
-1.929134845733642578e+00
3.525091886520385742e+00
3.256034374237060547e+00
-1.350169658660888672e+00
5.332201004028320312e+00
-2.756404876708984375e+00
3.406639814376831055e+00
-3.088542699813842773e+00
-4.286770224571228027e-01
3.301659584045410156e+00
-1.075216770172119141e+00
-3.800106048583984375e-01
-2.547099590301513672e-01
-5.518624782562255859e-01
3.061023235321044922e+00
5.566409111022949219e+00
-9.361974000930786133e-01
8.034001588821411133e-01
3.389310538768768311e-01
6.384426355361938477e-01
1.227412581443786621e+00
2.821454048156738281e+00
2.144572496414184570e+00
1.915709495544433594e+00
-9.393325448036193848e-01
-6.399921178817749023e-01
2.322113990783691406e+00
1.586431741714477539e+00
2.006052017211914062e+00
2.713443279266357422e+00
-1.316675186157226562e+00
1.074061155319213867e+00
-1.539864063262939453e+00
2.256236314773559570e+00
-1.026535511016845703e+00
1.258952260017395020e+00
-3.867471814155578613e-01
-4.319172859191894531e+00
-7.436628341674804688e-01
-1.196070432662963867e+00
5.220237255096435547e+00
3.044695556163787842e-01
4.164724051952362061e-01
3.839049816131591797e+00
-3.332188367843627930e+00
2.148417234420776367e+00
8.797506690025329590e-01
-1.086257219314575195e+00
-3.758173227310180664e+00
1.122502565383911133e+00
5.080038309097290039e-01
5.765945434570312500e+00
-6.255122423171997070e-01
2.896755218505859375e+00
2.246175289154052734e+00
4.411721229553222656e+00
-1.260580182075500488e+00
3.893664181232452393e-01
2.739021301269531250e+00
-2.174886703491210938e+00
2.613302946090698242e+00
1.254815697669982910e+00
4.313267230987548828e+00
4.458106517791748047e+00
-1.870425224304199219e+00
8.120483756065368652e-01
5.248880386352539062e+00
1.264550209045410156e+00
-1.585183858871459961e+00
-1.613682270050048828e+00
-1.394637346267700195e+00
-4.197221279144287109e+00
2.311331510543823242e+00
-1.733837485313415527e+00
2.707363843917846680e+00
-3.443891286849975586e+00
-3.709428906440734863e-01
-1.573939621448516846e-01
6.432080268859863281e+00
8.204098343849182129e-01
4.200848042964935303e-01
-3.555557250976562500e+00
-6.573026776313781738e-01
5.185359477996826172e+00
-4.237406253814697266e+00
2.577123165130615234e+00
3.186962127685546875e+00
2.036301136016845703e+00
9.149037003517150879e-01
-1.598010063171386719e-01
-1.060520172119140625e+00
-2.941936969757080078e+00
5.215496420860290527e-01
2.411803752183914185e-01
-2.905832767486572266e+00
2.516347885131835938e+00
1.757888197898864746e+00
7.659041881561279297e-01
-3.990684032440185547e+00
2.871849536895751953e-01
2.685843944549560547e+00
-3.521922230720520020e-02
-1.262634754180908203e+00
3.976067543029785156e+00
2.877022027969360352e+00
7.228467464447021484e-01
6.087809801101684570e-01
9.994095563888549805e-01
1.422559022903442383e+00
-8.160581588745117188e-01
3.321087360382080078e+00
4.502903938293457031e+00
9.250330328941345215e-01
5.394551277160644531e+00
-1.690935373306274414e+00
1.027057647705078125e+00
3.580996036529541016e+00
-4.796091318130493164e-01
1.598987340927124023e+00
-3.849953413009643555e-01
-2.724272489547729492e+00
-1.478690147399902344e+00
1.347907781600952148e+00
-6.885311007499694824e-01
3.277784824371337891e+00
2.448284387588500977e+00
-6.918204426765441895e-01
-1.596352100372314453e+00
-4.892407417297363281e+00
6.211188793182373047e+00
-1.821194648742675781e+00
-5.238810181617736816e-01
4.949545562267303467e-01
4.022878170013427734e+00
1.443543195724487305e+00
-4.797959327697753906e-02
1.002685546875000000e+00
1.394491195678710938e-01
4.313395023345947266e-01
1.613504886627197266e-01
8.185156583786010742e-01
3.303472995758056641e+00
6.435070991516113281e+00
8.626177310943603516e-01
2.101910263299942017e-01
-3.259490728378295898e-01
-8.618023991584777832e-02
6.316406726837158203e-01
-1.270928263664245605e+00
-2.214996337890625000e+00
7.275400161743164062e+00
2.723300218582153320e+00
-1.184227108955383301e+00
4.064288616180419922e+00
3.842104077339172363e-01
1.565077304840087891e+00
1.197544813156127930e+00
-1.847656488418579102e+00
-2.544578075408935547e+00
1.401006937026977539e+00
5.057530403137207031e-01
3.309064626693725586e+00
-2.908949851989746094e+00
5.914149761199951172e+00
3.021475791931152344e+00
1.630591869354248047e+00
4.568296909332275391e+00
9.311897754669189453e-01
2.466512322425842285e-01
1.657143831253051758e+00
-3.345556735992431641e+00
-7.982448339462280273e-01
-5.638903617858886719e+00
2.309869527816772461e+00
-3.135930538177490234e+00
4.805756568908691406e+00
2.105881690979003906e+00
-4.356341361999511719e-01
-2.132506608963012695e+00
4.997916698455810547e+00
-3.729227304458618164e+00
-2.422886490821838379e-01
1.347539663314819336e+00
5.118963241577148438e+00
8.709070205688476562e+00
5.519234180450439453e+00
2.112287759780883789e+00
3.875263690948486328e+00
2.049689292907714844e+00
1.227176189422607422e+00
3.302726268768310547e+00
3.415266036987304688e+00
1.791963338851928711e+00
4.207080304622650146e-01
-2.214812934398651123e-01
-3.334881067276000977e+00
2.603142976760864258e+00
-3.676321506500244141e+00
-2.144123077392578125e+00
-1.815842747688293457e+00
2.827155828475952148e+00
-3.388096094131469727e+00
-2.662550926208496094e+00
-9.282061457633972168e-01
-4.368791580200195312e+00
-2.617765903472900391e+00
-4.659421443939208984e+00
-2.599327564239501953e+00
-3.881822109222412109e+00
-2.190865039825439453e+00
-4.088912487030029297e+00
-2.640395879745483398e+00
-6.931418418884277344e+00
-4.357091426849365234e+00
-2.423179149627685547e+00
-3.408304929733276367e+00
-4.048408031463623047e+00
-3.883868753910064697e-01
1.554298996925354004e-01
3.954979181289672852e-01
-7.596971392631530762e-01
-5.325573682785034180e-01
-1.536272287368774414e+00
-2.781489372253417969e+00
1.254597753286361694e-01
-1.038570165634155273e+00
-9.315152168273925781e-01
-3.329878091812133789e+00
-5.575736522674560547e+00
3.047433853149414062e+00
-8.058015108108520508e-01
-1.999830365180969238e+00
-1.833453178405761719e+00
-4.214311122894287109e+00
-2.086916446685791016e+00
-3.465424299240112305e+00
-5.378580093383789062e+00
1.118636012077331543e+00
-3.284068346023559570e+00
-1.979025840759277344e+00
-1.461326837539672852e+00
6.131536006927490234e+00
4.127932071685791016e+00
7.590925693511962891e+00
5.613130569458007812e+00
-2.995248436927795410e-01
1.067421531677246094e+01
9.216107368469238281e+00
9.446557998657226562e+00
1.174431037902832031e+01
6.070505619049072266e+00
2.276663184165954590e-01
1.922810316085815430e+00
-1.273945569992065430e-01
5.169629096984863281e+00
3.499275207519531250e+00
-4.736546277999877930e-01
-4.076267480850219727e-01
-6.429421901702880859e-01
-1.483559250831604004e+00
-1.563862413167953491e-01
-7.677839994430541992e-01
2.676851153373718262e-01
-4.602003693580627441e-01
-4.794850349426269531e+00
-1.202412724494934082e+00
5.832086205482482910e-01
-1.931955456733703613e+00
-2.035278081893920898e+00
1.350145697593688965e+00
3.614325523376464844e+00
