-1.407468080520629883e+00
1.801712036132812500e+00
-9.246315956115722656e-01
-1.466671109199523926e+00
-6.314580440521240234e-01
-5.479067564010620117e-01
2.042469978332519531e-01
-2.334667682647705078e+00
-1.923314332962036133e+00
1.728218674659729004e+00
-2.935412883758544922e+00
-8.732452988624572754e-01
-4.834657669067382812e+00
-2.209874629974365234e+00
-2.247386455535888672e+00
-1.759415507316589355e+00
-1.415656208992004395e+00
-8.680970668792724609e-01
-2.173299551010131836e+00
-3.006407737731933594e+00
-2.811953544616699219e+00
-2.027682542800903320e+00
9.989845752716064453e-01
-3.395784854888916016e+00
-3.186198234558105469e+00
-2.433222770690917969e+00
-2.961534023284912109e+00
-1.504081845283508301e+00
-2.051591634750366211e+00
-3.383557558059692383e+00
-5.179624080657958984e+00
-2.143074035644531250e+00
-5.143455982208251953e+00
-7.953225374221801758e-01
-1.233735442161560059e+00
-2.876920461654663086e+00
-4.598291397094726562e+00
-5.162535190582275391e+00
-4.373629093170166016e+00
-5.295353889465332031e+00
-2.641740798950195312e+00
-5.093327522277832031e+00
-3.228925228118896484e+00
-5.395736217498779297e+00
-3.451559066772460938e+00
-2.433335304260253906e+00
-5.059925079345703125e+00
-1.847966670989990234e+00
-2.649398088455200195e+00
-3.263000965118408203e+00
-2.335163116455078125e+00
-4.829764366149902344e+00
-2.344037055969238281e+00
-2.011847734451293945e+00
-4.137166976928710938e+00
-2.374569654464721680e+00
-3.418292999267578125e+00
-6.888187408447265625e+00
-2.762473821640014648e+00
-5.229701519012451172e+00
-1.378796100616455078e-01
-1.784396767616271973e+00
-2.706553459167480469e+00
-6.088542461395263672e+00
-1.828157424926757812e+00
-9.070444107055664062e-01
-1.027467489242553711e+00
-1.986014366149902344e+00
-3.302576303482055664e+00
-1.283660769462585449e+00
-1.669974565505981445e+00
-1.473539471626281738e+00
-1.445347964763641357e-01
1.782186985015869141e+00
1.681233406066894531e+00
8.770295381546020508e-01
-2.656978845596313477e+00
2.761372923851013184e-02
-1.304011702537536621e+00
-1.461137175559997559e+00
3.013410568237304688e+00
1.498882174491882324e-01
-4.051938533782958984e+00
3.390028476715087891e+00
-8.781039714813232422e-02
-4.292762279510498047e+00
5.447478294372558594e-01
-1.691965222358703613e+00
7.842190265655517578e-01
-2.989714145660400391e-01
-3.346107006072998047e+00
-5.197270393371582031e+00
-4.428276419639587402e-02
-2.055338621139526367e+00
-1.515895247459411621e+00
-3.760868549346923828e+00
-8.236466646194458008e-01
-7.233562469482421875e-01
3.412876129150390625e-01
-2.456612586975097656e-01
-6.414361596107482910e-01
-3.925381183624267578e+00
-5.123621463775634766e+00
-3.013745546340942383e+00
-2.635002613067626953e+00
-6.866652965545654297e+00
-1.561224102973937988e+00
3.748125791549682617e+00
-1.982383430004119873e-01
2.567192554473876953e+00
-3.479039907455444336e+00
1.252640247344970703e+00
-2.745826721191406250e+00
-1.063171744346618652e+00
-6.853254318237304688e+00
-1.380755305290222168e-01
-2.722255229949951172e+00
7.228196859359741211e-01
-3.843365669250488281e+00
-6.151813507080078125e+00
-1.788079023361206055e+00
-2.647353649139404297e+00
-5.077227592468261719e+00
-6.145009994506835938e+00
-3.935816764831542969e+00
-2.156949996948242188e+00
-6.267566084861755371e-01
1.225767135620117188e+00
1.188127160072326660e+00
-1.570335388183593750e+00
1.524831533432006836e+00
-3.756219387054443359e+00
1.415454626083374023e+00
-2.161538124084472656e+00
2.308375835418701172e-01
-3.496069908142089844e+00
-3.387687206268310547e+00
-1.302524566650390625e+00
-9.129305481910705566e-01
-3.059105396270751953e+00
-1.870216012001037598e+00
6.819877624511718750e-01
-1.075080394744873047e+00
2.682075500488281250e-01
4.760415077209472656e+00
-1.439775347709655762e+00
-1.763829469680786133e+00
9.960176944732666016e-01
4.214356422424316406e+00
-2.117013335227966309e-01
-3.567556142807006836e-01
6.509556770324707031e-01
-3.584702491760253906e+00
-1.466846942901611328e+00
-2.581282258033752441e-01
-2.682721376419067383e+00
-3.217638134956359863e-01
-2.407165050506591797e+00
9.584077000617980957e-01
9.260665178298950195e-01
-2.209458589553833008e+00
-9.391933083534240723e-01
-2.438890933990478516e-01
-9.276880621910095215e-01
-2.056967020034790039e+00
-2.847129344940185547e+00
-1.475163340568542480e+00
-3.600868701934814453e+00
9.134269356727600098e-01
-6.569862365722656250e-01
1.311343789100646973e+00
1.302921533584594727e+00
1.720164895057678223e+00
3.163173913955688477e+00
-2.834137916564941406e+00
-2.649187326431274414e+00
-9.476567506790161133e-01
-2.331483364105224609e+00
2.421507120132446289e+00
-6.704592704772949219e-01
-2.868826150894165039e+00
1.073964118957519531e+00
-1.354687333106994629e+00
-1.492928028106689453e+00
7.393729686737060547e-01
4.677768051624298096e-01
-3.624490499496459961e+00
-1.553246021270751953e+00
-2.815877437591552734e+00
1.137690424919128418e+00
8.577567338943481445e-02
-2.491654455661773682e-01
-3.338554501533508301e-01
-2.398747920989990234e+00
-1.977786898612976074e+00
-1.444855332374572754e+00
-1.570622324943542480e+00
1.267471909523010254e+00
-2.653301715850830078e+00
1.523424148559570312e+00
-2.593041181564331055e+00
-3.123957395553588867e+00
1.169385433197021484e+00
4.341691970825195312e+00
1.906724929809570312e+00
-2.488702535629272461e+00
-3.951669931411743164e-01
1.863135933876037598e+00
2.451557636260986328e+00
3.787068605422973633e+00
-3.062120676040649414e+00
2.774514436721801758e+00
-6.673947721719741821e-02
-8.647473454475402832e-01
-3.618562221527099609e+00
1.047373533248901367e+00
1.974884271621704102e-01
-1.790205478668212891e+00
-2.085196495056152344e+00
-1.878475904464721680e+00
-1.920609831809997559e+00
-1.660723686218261719e+00
2.019577503204345703e+00
1.569460391998291016e+00
-2.228707313537597656e+00
-2.848933219909667969e+00
2.394916415214538574e-01
-2.269259214401245117e+00
-2.077758073806762695e+00
-3.217189908027648926e-01
-4.477904736995697021e-01
-7.741117477416992188e-01
9.772931933403015137e-01
1.006122112274169922e+00
3.942076861858367920e-01
-3.909814655780792236e-01
-1.438238620758056641e+00
-9.980567097663879395e-01
1.465307474136352539e+00
-1.469385385513305664e+00
1.170534491539001465e+00
5.144149065017700195e-01
2.023620843887329102e+00
1.163924217224121094e+00
-3.148166656494140625e+00
-8.187444210052490234e-01
-1.025133132934570312e+00
2.636908769607543945e+00
3.548405408859252930e+00
3.590501785278320312e+00
2.561933398246765137e-01
3.473578214645385742e+00
-4.553022384643554688e+00
5.933238863945007324e-01
9.551247358322143555e-01
1.694334745407104492e+00
3.079378306865692139e-01
8.421286940574645996e-01
1.809994459152221680e+00
-1.501280784606933594e+00
-3.129678487777709961e+00
-2.435712337493896484e+00
-2.377207517623901367e+00
1.551174998283386230e+00
1.704959869384765625e+00
-7.309966683387756348e-01
-2.121801376342773438e+00
1.018814444541931152e+00
-1.566938042640686035e+00
4.608553051948547363e-01
7.914877533912658691e-01
-1.017067909240722656e+00
1.056097030639648438e+00
-4.127907454967498779e-01
1.024595975875854492e+00
-3.542310953140258789e+00
-2.102440834045410156e+00
-6.930028200149536133e-01
-2.988976955413818359e+00
7.222177982330322266e-01
2.361163496971130371e-02
1.602121591567993164e+00
-2.558947563171386719e+00
-9.028681516647338867e-01
-2.130723476409912109e+00
-2.757955074310302734e+00
-3.330613970756530762e-01
-1.921568393707275391e+00
-2.731355905532836914e+00
-4.089326381683349609e+00
-1.497404217720031738e+00
-3.299697637557983398e+00
-1.477631032466888428e-01
-2.524005174636840820e+00
-1.307636499404907227e+00
-4.216505050659179688e+00
3.123474836349487305e+00
-5.609043121337890625e+00
-5.599853038787841797e+00
-6.106487751007080078e+00
-3.304967403411865234e+00
2.276521325111389160e-01
-2.568982124328613281e+00
-4.856711864471435547e+00
-2.753725290298461914e+00
-2.482381582260131836e+00
-3.375732183456420898e+00
-3.877681255340576172e+00
-8.403277993202209473e-01
-3.207026481628417969e+00
2.421432971954345703e+00
-3.777876138687133789e+00
-5.053080558776855469e+00
-7.634739875793457031e-01
-1.289530277252197266e+00
-3.894010066986083984e+00
-3.779172182083129883e+00
-1.849801778793334961e+00
-2.600584983825683594e+00
-1.125924468040466309e+00
-2.649165153503417969e+00
-2.968657493591308594e+00
-2.873956680297851562e+00
-2.700365543365478516e+00
-3.578928709030151367e+00
-3.015221595764160156e+00
-4.517312526702880859e+00
-1.609240412712097168e+00
-3.225931644439697266e+00
-1.860267162322998047e+00
-3.480498194694519043e-01
6.407472491264343262e-02
-3.723664283752441406e-01
-4.688347578048706055e-01
-5.330173492431640625e+00
-4.920567512512207031e+00
-3.771135807037353516e+00
-2.969901561737060547e+00
-1.127309799194335938e+00
1.074902057647705078e+00
2.280102729797363281e+00
2.684263467788696289e+00
-5.905568599700927734e-01
-2.629327774047851562e+00
-1.362507939338684082e-01
3.224920272827148438e+00
3.234621763229370117e+00
5.131726264953613281e+00
1.586137652397155762e+00
6.944079399108886719e-01
-1.118677139282226562e+00
-1.270145177841186523e+00
-2.098230838775634766e+00
1.370820403099060059e+00
5.930875301361083984e+00
-5.313096046447753906e-01
-1.712962865829467773e+00
-1.278790354728698730e+00
-1.850516557693481445e+00
-2.025241374969482422e+00
-1.180115580558776855e+00
-1.702125549316406250e+00
-4.420583248138427734e+00
-3.314298152923583984e+00
-5.703034400939941406e+00
-6.089453697204589844e+00
-4.986344814300537109e+00
-8.287409782409667969e+00
-3.807957410812377930e+00
-5.763949871063232422e+00
-5.271118640899658203e+00
-5.520615577697753906e+00
-6.166777133941650391e+00
-3.563490390777587891e+00
-9.633762240409851074e-01
-7.925227642059326172e+00
-2.300172805786132812e+00
-8.735542297363281250e+00
-5.870367527008056641e+00
-7.284287929534912109e+00
-3.388746738433837891e+00
-1.235066533088684082e+00
-3.210893392562866211e+00
-1.448611259460449219e+00
-2.672598838806152344e+00
-1.660647988319396973e-01
-1.088961958885192871e+00
-2.219914913177490234e+00
-1.511798501014709473e+00
-1.375783920288085938e+00
-8.273561477661132812e+00
-2.177129387855529785e-01
2.303382873535156250e+00
-7.077370882034301758e-01
2.131353378295898438e+00
-1.641244411468505859e+00
-7.880159616470336914e-01
-2.505842685699462891e+00
5.148589134216308594e+00
4.389460086822509766e+00
-2.437706947326660156e+00
-7.343828678131103516e-01
-2.567096352577209473e-01
2.373214483261108398e+00
7.565380096435546875e+00
8.810326576232910156e+00
-5.684445500373840332e-01
4.945727348327636719e+00
3.362889766693115234e+00
3.586516857147216797e+00
1.329882860183715820e+00
-2.376798152923583984e+00
-1.006221175193786621e-01
1.058001279830932617e+00
9.660806059837341309e-01
8.597123622894287109e-01
3.899068117141723633e+00
7.690345764160156250e+00
-2.508267879486083984e+00
1.596938252449035645e+00
-4.683088362216949463e-01
-6.287580728530883789e-01
2.091752529144287109e+00
-1.369698524475097656e+00
1.851155161857604980e+00
5.201209545135498047e+00
-1.468144178390502930e+00
4.601929664611816406e+00
3.614463806152343750e+00
5.342594146728515625e+00
2.503745079040527344e+00
-1.086176276206970215e+00
-1.448207378387451172e+00
6.143025398254394531e+00
1.576177239418029785e+00
4.375255107879638672e+00
2.053148031234741211e+00
4.271882534027099609e+00
2.222989320755004883e+00
-3.585075855255126953e+00
-1.244173169136047363e+00
3.551274299621582031e+00
-1.606354713439941406e+00
2.345896005630493164e+00
9.238080978393554688e-01
1.184044957160949707e+00
9.911421537399291992e-01
3.998143672943115234e+00
4.063469469547271729e-01
4.110449314117431641e+00
4.442058563232421875e+00
-1.556608438491821289e+00
-1.768926143646240234e+00
-2.018552064895629883e+00
-3.016849756240844727e+00
3.455259799957275391e+00
-1.161479473114013672e+00
-6.138483285903930664e-01
-2.018374443054199219e+00
3.513098061084747314e-01
4.492409706115722656e+00
-3.518961429595947266e+00
6.183778047561645508e-01
2.706063270568847656e+00
9.751006364822387695e-01
-5.629709959030151367e-01
-1.549826622009277344e+00
-3.281863927841186523e+00
2.504432678222656250e+00
-1.520489215850830078e+00
2.109225511550903320e+00
3.946325778961181641e-01
6.962122440338134766e+00
-1.819080710411071777e+00
-1.976421117782592773e+00
5.461141109466552734e+00
1.322329401969909668e+00
-1.849745392799377441e+00
7.967082023620605469e+00
3.220953643321990967e-01
1.882834434509277344e-01
4.691387414932250977e-01
-7.153187990188598633e-01
1.166171312332153320e+00
2.036501169204711914e+00
-1.447332262992858887e+00
-2.773792982101440430e+00
7.546166181564331055e-01
4.317657470703125000e+00
4.692277431488037109e+00
-3.603349447250366211e+00
2.682942390441894531e+00
-8.301582336425781250e-01
1.470730781555175781e+00
-2.962194204330444336e+00
-1.105465292930603027e+00
-3.188246250152587891e+00
2.977974414825439453e+00
2.269489526748657227e+00
-1.630540132522583008e+00
2.377229452133178711e+00
-2.215916514396667480e-01
5.785623788833618164e-01
-2.002206087112426758e+00
2.296417474746704102e+00
6.823604702949523926e-01
-1.558634996414184570e+00
1.693672895431518555e+00
-1.148410558700561523e+00
-3.366462945938110352e+00
5.731354713439941406e+00
2.142415046691894531e+00
-4.264950752258300781e+00
-7.573311924934387207e-01
-1.369487166404724121e+00
9.642028808593750000e-01
-8.208264112472534180e-01
6.222568511962890625e+00
4.236362457275390625e+00
5.494858264923095703e+00
1.368514060974121094e+00
-1.895888209342956543e+00
1.543609261512756348e+00
6.646264195442199707e-01
-4.275912284851074219e+00
1.777286291122436523e+00
5.068034529685974121e-01
2.820056974887847900e-01
-1.903922319412231445e+00
-5.676597356796264648e-01
7.137939453125000000e+00
6.046054959297180176e-01
-1.081156611442565918e+00
2.961612462997436523e+00
-1.178002119064331055e+00
-7.995042324066162109e+00
5.877062797546386719e+00
8.268299102783203125e+00
1.686071395874023438e+00
4.055918693542480469e+00
2.277121067047119141e+00
3.136593103408813477e-01
-1.948601007461547852e-01
6.149241924285888672e+00
-3.067832231521606445e+00
4.485865116119384766e+00
-4.115342617034912109e+00
3.268695354461669922e+00
-2.779366016387939453e+00
6.075288295745849609e+00
-5.769678115844726562e+00
-1.628339290618896484e-02
-4.668669104576110840e-01
2.703064680099487305e+00
9.043639302253723145e-01
2.061872005462646484e+00
3.260447978973388672e+00
3.891455650329589844e+00
-3.317426204681396484e+00
1.818765163421630859e+00
1.997388839721679688e+00
1.540461778640747070e+00
1.343196749687194824e+00
-1.411546945571899414e+00
6.612982749938964844e-01
7.267551422119140625e+00
-2.277515888214111328e+00
-1.485180377960205078e+00
-2.054828166961669922e+00
3.213462114334106445e+00
8.284884691238403320e-01
-4.004299163818359375e+00
1.828544616699218750e+00
1.536925554275512695e+00
1.046135306358337402e+00
2.189118862152099609e+00
2.575023174285888672e+00
-9.597706794738769531e-01
6.001172065734863281e-01
1.413542985916137695e+00
1.480771899223327637e+00
9.590188264846801758e-01
-5.746864080429077148e-01
-8.289847373962402344e-01
9.991027116775512695e-01
1.978804826736450195e+00
-9.339725971221923828e-02
1.107817411422729492e+00
1.199484944343566895e+00
-7.968475818634033203e-01
-3.088093101978302002e-01
-1.968374371528625488e+00
-4.464066624641418457e-01
6.710608601570129395e-01
1.298184633255004883e+00
4.402724504470825195e-01
3.865237832069396973e-01
-5.236682891845703125e+00
1.335445404052734375e+00
1.991705417633056641e+00
6.634385585784912109e-01
6.548706889152526855e-01
1.353071212768554688e+00
8.586299419403076172e-02
8.140026330947875977e-01
-7.916830182075500488e-01
3.042479753494262695e+00
2.719631671905517578e+00
1.546208500862121582e+00
3.047885179519653320e+00
-1.212874412536621094e+00
6.397880077362060547e+00
-1.607698798179626465e+00
-5.121589899063110352e-01
-4.618482589721679688e-01
-2.333567380905151367e+00
2.823974609375000000e+00
1.469956398010253906e+00
-1.965892195701599121e+00
5.114821910858154297e+00
3.362438201904296875e+00
2.919629573822021484e+00
1.131547689437866211e+00
-2.400549888610839844e+00
-3.842019796371459961e+00
6.266405105590820312e+00
-4.653602600097656250e+00
-3.237442255020141602e+00
4.711290836334228516e+00
1.888314485549926758e-01
-5.048988461494445801e-01
-9.126098155975341797e-01
1.865240931510925293e+00
1.125969529151916504e+00
1.969663143157958984e+00
-4.986497759819030762e-01
1.408823013305664062e+00
2.733124494552612305e+00
3.060416698455810547e+00
4.557276248931884766e+00
-1.978209257125854492e+00
1.655125617980957031e+00
2.166439056396484375e+00
-3.330561399459838867e+00
1.218356132507324219e+00
2.287941455841064453e+00
3.068320035934448242e+00
1.726862788200378418e+00
-8.910237550735473633e-01
-7.877844572067260742e-01
-2.751696109771728516e+00
3.482212305068969727e+00
-1.453726291656494141e+00
3.571631193161010742e+00
3.729975461959838867e+00
-2.387682437896728516e+00
4.385095596313476562e+00
1.475775480270385742e+00
-3.430365085601806641e+00
6.411924958229064941e-01
7.696794033050537109e+00
-1.334303736686706543e+00
3.362660408020019531e+00
3.641265928745269775e-01
5.048161029815673828e+00
3.420220375061035156e+00
-2.085118293762207031e+00
-3.123592376708984375e+00
6.902041435241699219e-01
3.652155637741088867e+00
3.190508127212524414e+00
3.135234117507934570e+00
8.226468086242675781e+00
-6.120093464851379395e-01
-1.918300151824951172e+00
2.908544301986694336e+00
-1.943429827690124512e+00
-1.408188939094543457e+00
2.704299449920654297e+00
1.260334014892578125e+00
2.219500541687011719e+00
-1.557955265045166016e+00
4.564623534679412842e-01
-1.697638988494873047e+00
-3.123125553131103516e+00
-1.887912511825561523e+00
-1.658721446990966797e+00
-1.097433805465698242e+00
4.025469303131103516e+00
-1.372878074645996094e+00
-2.216398954391479492e+00
3.167376756668090820e+00
9.552726149559020996e-01
5.703619956970214844e+00
8.128907680511474609e-01
4.682038784027099609e+00
1.273490428924560547e+00
-4.323181629180908203e+00
2.536141157150268555e+00
-2.117649078369140625e+00
4.494542121887207031e+00
6.845316886901855469e+00
1.642220020294189453e+00
1.336734533309936523e+00
1.313006281852722168e+00
4.064463615417480469e+00
1.974452376365661621e+00
-3.960203528404235840e-01
-8.879447579383850098e-01
1.518345952033996582e+00
-8.275278210639953613e-01
-9.119473695755004883e-01
1.206744432449340820e+00
1.537696838378906250e+00
3.352525234222412109e-01
-4.326254844665527344e+00
4.690180301666259766e+00
-1.264688968658447266e+00
4.219663143157958984e+00
-2.080391645431518555e+00
-2.228336811065673828e+00
1.243883609771728516e+00
4.315421104431152344e+00
8.160849213600158691e-01
2.403644561767578125e+00
-4.287386417388916016e+00
-3.777309894561767578e+00
1.578637003898620605e+00
1.935795664787292480e+00
1.474634408950805664e+00
2.299663305282592773e+00
3.511441707611083984e+00
-9.662991762161254883e-02
2.563911437988281250e+00
6.600815653800964355e-01
3.137022554874420166e-01
1.601770639419555664e+00
4.496711492538452148e-01
8.036420345306396484e-01
1.792572498321533203e+00
-1.920856237411499023e-01
2.996788740158081055e+00
1.304892539978027344e+00
4.058904647827148438e+00
2.126404285430908203e+00
1.706068992614746094e+00
5.145619392395019531e+00
4.993906497955322266e+00
1.098008155822753906e+00
2.916693687438964844e-01
2.609018802642822266e+00
2.120571613311767578e+00
3.144831180572509766e+00
3.243270874023437500e+00
4.321135282516479492e-01
1.746044397354125977e+00
6.415836811065673828e-01
3.762471675872802734e+00
3.473058700561523438e+00
2.817098855972290039e+00
1.169730663299560547e+00
1.058732032775878906e+00
-1.061187982559204102e+00
-2.114993572235107422e+00
1.404318571090698242e+00
4.290707111358642578e-01
-7.780486941337585449e-01
1.651671886444091797e+00
3.189618587493896484e+00
3.509045600891113281e+00
2.032896995544433594e+00
1.732914566993713379e+00
8.509045839309692383e-02
-1.702453613281250000e+00
-1.141625881195068359e+00
1.750754594802856445e+00
-1.405774354934692383e+00
-5.425257682800292969e+00
1.015835523605346680e+00
6.118653774261474609e+00
3.316785812377929688e+00
2.324139833450317383e+00
5.382005691528320312e+00
1.528762102127075195e+00
-9.079259634017944336e-01
-4.662808179855346680e-01
-1.856459617614746094e+00
-9.961460828781127930e-01
-1.922521591186523438e+00
2.989365339279174805e+00
7.736835479736328125e-01
2.730777978897094727e+00
6.358247280120849609e+00
1.128363966941833496e+00
3.171668291091918945e+00
6.566802978515625000e+00
6.071294307708740234e+00
4.057662010192871094e+00
-9.269068241119384766e-01
3.788480997085571289e+00
-3.765223503112792969e+00
3.576669394969940186e-01
8.922493934631347656e+00
9.246257781982421875e+00
4.515044689178466797e-01
5.309269905090332031e+00
-9.719220995903015137e-01
3.453133344650268555e+00
1.266209244728088379e+00
-2.004698276519775391e+00
-5.341969132423400879e-01
2.696095466613769531e+00
2.558257818222045898e+00
-4.598599433898925781e+00
2.932866096496582031e+00
5.627713203430175781e+00
-5.305788040161132812e+00
1.413599252700805664e+00
2.684727191925048828e+00
2.742054939270019531e+00
1.496382117271423340e+00
1.087996721267700195e+00
2.811604022979736328e+00
-1.717965602874755859e+00
-7.233337163925170898e-01
9.160541892051696777e-01
2.234102010726928711e+00
-4.899910688400268555e-01
2.722982168197631836e-01
1.229552507400512695e+00
2.593240022659301758e+00
2.193150281906127930e+00
2.021608352661132812e+00
4.675469875335693359e+00
5.141773223876953125e-01
-2.540954589843750000e+00
2.626555681228637695e+00
5.228052616119384766e+00
1.683072328567504883e+00
4.570704460144042969e+00
1.301980495452880859e+00
-2.424503326416015625e+00
4.408494949340820312e+00
2.066653013229370117e+00
2.590403079986572266e+00
9.241636991500854492e-01
-5.519315004348754883e-01
7.496557235717773438e-01
-7.613866329193115234e-01
-5.053767561912536621e-01
-4.120946228504180908e-01
5.758747100830078125e+00
4.690595626831054688e+00
-2.203325033187866211e+00
4.828128337860107422e+00
-7.007902264595031738e-01
-9.935966730117797852e-01
-3.807410717010498047e+00
2.703950405120849609e+00
2.749614715576171875e+00
-1.865524291992187500e+00
3.203229188919067383e+00
3.215911626815795898e+00
4.374550580978393555e-01
1.107471823692321777e+00
2.544735670089721680e-01
5.203471183776855469e+00
6.064724445343017578e+00
1.819919347763061523e+00
-1.672650873661041260e-02
2.695685386657714844e+00
1.388533830642700195e+00
4.183402538299560547e+00
1.177769899368286133e+00
-1.427277088165283203e+00
-1.005900025367736816e+00
4.159775733947753906e+00
-2.205744266510009766e+00
-1.395801782608032227e+00
3.675720930099487305e+00
4.848578453063964844e+00
2.232994079589843750e+00
3.424425125122070312e-01
1.048924922943115234e-01
-1.740359783172607422e+00
1.497937083244323730e+00
-6.973367333412170410e-01
-2.846471548080444336e+00
2.859709024429321289e+00
-1.626435995101928711e+00
5.610420227050781250e+00
-2.861105918884277344e+00
1.297929525375366211e+00
1.623434424400329590e+00
2.496431350708007812e+00
3.271483421325683594e+00
2.298513889312744141e+00
-2.758333086967468262e-01
2.455793857574462891e+00
3.967414200305938721e-01
5.247734069824218750e+00
-3.195075988769531250e+00
9.150494337081909180e-01
-5.805194377899169922e+00
5.853605270385742188e+00
5.873357295989990234e+00
-1.264221906661987305e+00
1.455551743507385254e+00
6.305219650268554688e+00
-2.402169942855834961e+00
-2.887302160263061523e+00
-1.515362262725830078e+00
1.381733655929565430e+00
5.090674877166748047e+00
3.165623188018798828e+00
8.879006505012512207e-01
5.527946472167968750e+00
-2.603211641311645508e+00
-1.242668032646179199e+00
7.687952518463134766e-01
3.328299999237060547e+00
3.453109741210937500e+00
1.045666933059692383e+00
-3.088638544082641602e+00
-5.414162635803222656e+00
-1.412423610687255859e+00
-4.858855724334716797e+00
1.961233496665954590e+00
-4.110194206237792969e+00
1.463263511657714844e+00
-3.157375574111938477e+00
-2.809376716613769531e+00
-2.664884567260742188e+00
-2.476058006286621094e+00
-1.278956174850463867e+00
-5.868038177490234375e+00
-1.581986069679260254e+00
-6.709211349487304688e+00
-2.318950653076171875e+00
-6.393094062805175781e+00
-2.736647129058837891e+00
-6.626993656158447266e+00
-4.095845699310302734e+00
-1.280670404434204102e+00
-3.608077526092529297e+00
-5.553326606750488281e+00
-3.847944736480712891e-02
-2.083663702011108398e+00
-2.204889297485351562e+00
-2.787926435470581055e+00
2.238245010375976562e+00
1.749306917190551758e-02
-2.318494319915771484e+00
-1.567540645599365234e+00
-5.867822766304016113e-01
-4.778017520904541016e+00
-5.766336917877197266e+00
-5.699233531951904297e+00
3.843987941741943359e+00
-2.807107448577880859e+00
-6.126603126525878906e+00
4.948600232601165771e-01
-5.360759258270263672e+00
-5.614223957061767578e+00
-6.083773612976074219e+00
-5.874882221221923828e+00
1.735880374908447266e+00
-4.661307811737060547e+00
7.901576161384582520e-01
-2.542005538940429688e+00
6.839867115020751953e+00
2.217225074768066406e+00
4.316549301147460938e+00
2.296505689620971680e+00
2.281561136245727539e+00
5.887165069580078125e+00
2.836743354797363281e+00
5.534196853637695312e+00
7.813759326934814453e+00
5.788558483123779297e+00
1.561113595962524414e+00
2.732848167419433594e+00
4.856966733932495117e-01
5.064233779907226562e+00
6.177170276641845703e+00
7.124139070510864258e-01
-1.643330097198486328e+00
9.994000196456909180e-02
-3.580479621887207031e+00
1.321334242820739746e+00
-4.467384815216064453e+00
-1.345098853111267090e+00
1.815596103668212891e+00
-5.149821281433105469e+00
-3.759842634201049805e+00
-4.919308423995971680e-01
-4.339915752410888672e+00
-2.114887475967407227e+00
1.895881295204162598e+00
4.672663688659667969e+00
