2.147062778472900391e+00
4.544331073760986328e+00
-3.168106317520141602e+00
-2.341250419616699219e+00
-4.625479578971862793e-01
-1.592674970626831055e+00
1.227297902107238770e+00
-1.576142787933349609e+00
-2.598052501678466797e+00
-1.697712421417236328e+00
-1.419012665748596191e+00
-1.695043802261352539e+00
-2.746481180191040039e+00
-8.416285514831542969e-01
1.191702127456665039e+00
-1.787699580192565918e+00
-2.996360063552856445e+00
3.005444526672363281e+00
1.011579990386962891e+00
-2.805398464202880859e+00
-3.948077678680419922e+00
-1.880181908607482910e+00
-4.589292526245117188e+00
-3.263356924057006836e+00
-3.865825533866882324e-01
7.670005559921264648e-01
-4.824911952018737793e-01
-1.697590827941894531e+00
1.038117408752441406e+00
-6.039023399353027344e-01
-3.435141324996948242e+00
1.735124588012695312e+00
-2.624768018722534180e+00
5.337188839912414551e-01
4.771982669830322266e+00
-1.703359127044677734e+00
1.047482013702392578e+00
-1.298131942749023438e+00
9.529762268066406250e-01
-2.946730375289916992e+00
-3.294031381607055664e+00
-3.228582859039306641e+00
-1.787136554718017578e+00
-2.450994014739990234e+00
-3.420882701873779297e+00
5.228644609451293945e-01
-2.109018564224243164e+00
1.867197990417480469e+00
-1.688520789146423340e+00
-2.244831085205078125e+00
-4.999215602874755859e-01
2.395043373107910156e-01
-7.172383069992065430e-01
-1.581191301345825195e+00
2.388186454772949219e-01
3.045024573802947998e-01
2.515084505081176758e+00
-3.822487354278564453e+00
-5.080550193786621094e+00
-2.533689022064208984e+00
-9.732718467712402344e-01
3.025914669036865234e+00
2.094336509704589844e+00
-2.769583940505981445e+00
5.006599426269531250e-01
8.485391736030578613e-01
1.113907098770141602e+00
-2.583899497985839844e+00
2.361164808273315430e+00
1.809545397758483887e+00
-2.592973947525024414e+00
-1.534746170043945312e+00
-2.749354362487792969e+00
-5.136483192443847656e+00
-1.497615814208984375e+00
-3.485518097877502441e-01
2.077002048492431641e+00
1.331807732582092285e+00
1.189580261707305908e-01
-2.852878332138061523e+00
-3.167728185653686523e+00
-1.700409054756164551e+00
-1.606220722198486328e+00
-4.965988159179687500e+00
1.256328940391540527e+00
-2.754986286163330078e+00
-1.696158170700073242e+00
-1.461103439331054688e+00
1.499467849731445312e+00
-7.160789966583251953e-01
-4.428517222404479980e-01
-2.241817474365234375e+00
4.034510254859924316e-02
-2.688884019851684570e+00
1.198043107986450195e+00
-2.395539283752441406e+00
2.378427982330322266e+00
-1.383266329765319824e+00
-2.983175754547119141e+00
-5.173259735107421875e+00
-2.776014089584350586e+00
-3.485377311706542969e+00
-4.595779895782470703e+00
3.326612949371337891e+00
-2.384565830230712891e+00
-3.856269717216491699e-01
-1.179039120674133301e+00
1.126188278198242188e+00
2.855915546417236328e+00
3.072947978973388672e+00
2.322951078414916992e+00
-1.869590163230895996e+00
1.544266700744628906e+00
-3.107183575630187988e-01
-2.054544448852539062e+00
5.141712188720703125e+00
1.898886561393737793e+00
1.713006258010864258e+00
-2.557702541351318359e+00
-2.438625097274780273e+00
-4.003103256225585938e+00
-3.007982492446899414e+00
8.780450224876403809e-01
-3.027246952056884766e+00
-5.631316900253295898e-01
-7.315167188644409180e-01
-9.763069748878479004e-01
-4.157280445098876953e+00
-4.915005207061767578e+00
-3.184046983718872070e+00
-2.652180910110473633e+00
-3.217980384826660156e+00
-8.171019554138183594e-01
-4.578837871551513672e+00
-4.586171150207519531e+00
-6.526357650756835938e+00
-4.240014076232910156e+00
-2.778558731079101562e+00
-3.161951303482055664e+00
-2.753624439239501953e+00
-1.318508386611938477e-01
-3.499113082885742188e+00
-2.893876075744628906e+00
-1.598947525024414062e+00
-3.673638582229614258e+00
-1.817101240158081055e+00
-4.242424488067626953e+00
-3.912043094635009766e+00
-5.534776449203491211e-01
-7.862974405288696289e-01
-1.830695390701293945e+00
3.170100212097167969e+00
-3.079071760177612305e+00
-2.652400732040405273e-01
-2.304217815399169922e-01
5.539978742599487305e-01
-5.196686387062072754e-01
3.957994937896728516e+00
1.155866384506225586e+00
-1.729981303215026855e+00
-2.389815807342529297e+00
-4.318361759185791016e+00
7.515203952789306641e-01
-2.096476793289184570e+00
1.760434389114379883e+00
-6.399624943733215332e-01
-2.731502532958984375e+00
-3.351906299591064453e+00
-4.748849868774414062e+00
-4.441807746887207031e+00
-2.592861890792846680e+00
-6.241375803947448730e-01
-3.559833168983459473e-01
-3.139547824859619141e+00
-5.640076100826263428e-02
-3.851176977157592773e+00
-6.683612346649169922e+00
-3.504501342773437500e+00
-1.285901784896850586e+00
-1.425660848617553711e+00
-1.935998320579528809e+00
-1.063643336296081543e+00
-6.399821043014526367e-01
3.080123424530029297e+00
-2.164776802062988281e+00
-3.779851198196411133e-01
1.490380167961120605e+00
4.610498905181884766e+00
-1.644437909126281738e-01
-1.879433512687683105e+00
-8.485652208328247070e-01
-1.359599828720092773e+00
1.275868415832519531e+00
3.611482977867126465e-01
-3.325836420059204102e+00
2.360502004623413086e+00
5.173037648200988770e-01
1.561460018157958984e+00
1.186900138854980469e+00
4.667241573333740234e+00
-1.881815671920776367e+00
4.203539371490478516e+00
-2.666535854339599609e+00
7.948505878448486328e-01
1.579850912094116211e+00
-7.225176095962524414e-01
-1.925052881240844727e+00
-2.185695648193359375e+00
5.628415942192077637e-02
-1.555455446243286133e+00
1.360296607017517090e-01
-1.213160753250122070e-01
-3.552258729934692383e+00
-2.533800363540649414e+00
2.681701481342315674e-01
-6.145721077919006348e-01
-1.006178498268127441e+00
-3.918282985687255859e-01
-2.712448596954345703e+00
1.023653030395507812e+00
-3.056147575378417969e+00
1.913534641265869141e+00
-1.142124891281127930e+00
1.461616277694702148e+00
7.007884979248046875e-01
-2.626330614089965820e+00
2.536180019378662109e+00
4.497604668140411377e-01
-1.825253486633300781e+00
1.587063074111938477e-01
3.492027223110198975e-01
1.772890686988830566e+00
3.729760050773620605e-01
4.383808374404907227e-01
-1.799140453338623047e+00
-1.722790241241455078e+00
-3.290610790252685547e+00
4.392518520355224609e+00
-1.309128165245056152e+00
-2.400071620941162109e+00
-5.389835834503173828e-01
1.181749820709228516e+00
-2.519126534461975098e-01
-1.691430091857910156e+00
-2.128719091415405273e+00
4.708091259002685547e+00
-1.736637115478515625e+00
6.933539509773254395e-01
-2.842142105102539062e+00
7.690907716751098633e-01
-1.094547033309936523e+00
-7.068887352943420410e-02
3.133319854736328125e+00
2.797138929367065430e+00
2.337585210800170898e+00
-3.822951793670654297e+00
-1.962608546018600464e-01
-2.213225126266479492e+00
-1.541380286216735840e+00
1.202658653259277344e+00
8.032441139221191406e-01
-1.896669626235961914e+00
-1.254911184310913086e+00
1.483880162239074707e+00
3.768302440643310547e+00
2.964543819427490234e+00
-1.063139677047729492e+00
-4.312863647937774658e-01
-9.863669276237487793e-01
-1.632792353630065918e+00
-2.165547847747802734e+00
-1.138903975486755371e+00
-3.708880841732025146e-01
-8.324689865112304688e-01
-9.896377325057983398e-01
-8.285284042358398438e-02
-2.966913700103759766e+00
-2.324706315994262695e-02
5.523637533187866211e-01
8.654800653457641602e-01
1.288871169090270996e+00
2.056974172592163086e+00
4.167330265045166016e-02
3.851266145706176758e+00
3.973836421966552734e+00
2.036676406860351562e+00
-1.642455309629440308e-01
-1.510050177574157715e+00
-2.044215202331542969e+00
-3.003510951995849609e+00
-9.204551577568054199e-01
-1.945554256439208984e+00
1.918376564979553223e+00
-3.991753816604614258e+00
-2.184727668762207031e+00
4.031294345855712891e+00
-4.229436397552490234e+00
-8.541303873062133789e-01
-4.499656200408935547e+00
-3.672843456268310547e+00
7.278990745544433594e-01
-2.098951339721679688e+00
3.162431716918945312e-02
7.477964162826538086e-01
-1.055407166481018066e+00
-2.464211940765380859e+00
-2.304899692535400391e+00
-6.218993663787841797e-01
8.629710674285888672e-01
5.092840790748596191e-01
6.092762947082519531e-01
-1.518241167068481445e+00
-1.243432164192199707e+00
3.887212276458740234e-01
1.780376672744750977e+00
-4.589024186134338379e-01
1.915345430374145508e+00
2.521656155586242676e-01
4.467641115188598633e-01
1.770174264907836914e+00
-8.156450986862182617e-01
1.205763816833496094e+00
-4.667183160781860352e-01
6.182571649551391602e-01
6.656515598297119141e-01
-1.110860705375671387e+00
-9.293762445449829102e-01
2.865304946899414062e+00
2.034336179494857788e-01
2.481070995330810547e+00
4.622564017772674561e-01
-9.827331304550170898e-01
6.062120199203491211e-01
2.951351404190063477e+00
-1.615727186203002930e+00
-2.497233152389526367e+00
-1.531892895698547363e+00
-4.463172435760498047e+00
2.556514024734497070e+00
-1.745769977569580078e+00
1.450522422790527344e+00
1.965607762336730957e+00
9.022378921508789062e-02
-5.635706782341003418e-01
6.929457187652587891e-02
-2.016898393630981445e-01
-1.311509490013122559e+00
-3.715859413146972656e+00
-2.292740345001220703e+00
-5.078141689300537109e+00
-2.706950187683105469e+00
-4.826303958892822266e+00
-4.798970222473144531e+00
-4.388393878936767578e+00
-1.674968004226684570e+00
-3.370038986206054688e+00
-1.979385614395141602e+00
4.027948379516601562e-01
7.567590475082397461e-01
-9.544098377227783203e-01
-1.259532213211059570e+00
3.421324491500854492e+00
-9.572248458862304688e-01
-1.146000146865844727e+00
1.612805366516113281e+00
-1.376913636922836304e-01
-1.441822290420532227e+00
-4.316382408142089844e+00
-1.058650255203247070e+00
4.112530052661895752e-01
-2.585641384124755859e+00
-4.333486557006835938e+00
-5.186064243316650391e+00
-5.380396842956542969e+00
-2.027293205261230469e+00
-2.311420202255249023e+00
-3.705886363983154297e+00
-4.802500605583190918e-01
-1.047796964645385742e+00
-1.981487512588500977e+00
-1.253831982612609863e+00
-1.299840092658996582e+00
-2.113893270492553711e+00
1.146744936704635620e-01
-2.092891216278076172e+00
-2.396997809410095215e-01
-3.213142871856689453e+00
1.360811471939086914e+00
2.729039192199707031e-01
-2.548141002655029297e+00
-2.303889274597167969e+00
1.330456256866455078e+00
3.461513042449951172e+00
3.887117147445678711e+00
-2.405660629272460938e+00
-2.744483947753906250e+00
3.040579319000244141e+00
-7.675645947456359863e-01
1.174854516983032227e+00
2.564921677112579346e-01
-7.206996679306030273e-01
-4.182220458984375000e+00
2.661830902099609375e+00
-5.154137134552001953e+00
-2.636077880859375000e+00
1.491613268852233887e+00
-5.077455639839172363e-01
-1.869218707084655762e+00
8.306061029434204102e-01
-4.067209362983703613e-02
-5.555614948272705078e+00
5.543137073516845703e+00
1.460400462150573730e+00
-5.948127508163452148e-01
5.753859043121337891e+00
3.979907035827636719e-01
-2.717475414276123047e+00
1.128103017807006836e+00
6.990812420845031738e-01
4.343436241149902344e+00
-5.298128128051757812e-01
-2.144602298736572266e+00
-1.396961450576782227e+00
-3.187961578369140625e+00
3.856184244155883789e+00
-2.142994105815887451e-01
4.985907673835754395e-01
-5.724688768386840820e-01
-3.058668613433837891e+00
2.669306993484497070e+00
-2.760341167449951172e+00
3.563470602035522461e+00
-3.101296663284301758e+00
6.150401830673217773e-01
5.374237060546875000e+00
4.652627944946289062e+00
1.296324729919433594e-01
-1.648601770401000977e+00
-2.278852462768554688e+00
-8.188057541847229004e-01
1.050122976303100586e-01
1.446991920471191406e+00
-3.123089551925659180e+00
9.578033447265625000e+00
7.195698022842407227e-01
-4.164705872535705566e-01
1.992033720016479492e+00
2.946714639663696289e+00
4.624000191688537598e-02
-9.771670699119567871e-01
1.213481664657592773e+00
1.162675142288208008e+00
2.516415834426879883e+00
-2.898389101028442383e-02
-2.078667640686035156e+00
1.402902007102966309e+00
-8.944628834724426270e-01
5.601715087890625000e+00
2.736377716064453125e+00
4.279540538787841797e+00
-1.731837630271911621e+00
2.436027050018310547e+00
2.565230607986450195e+00
1.586627721786499023e+00
4.453668117523193359e+00
4.758793354034423828e+00
-1.105744242668151855e+00
-1.669955253601074219e+00
-2.348303794860839844e+00
2.250625610351562500e+00
-8.831142187118530273e-01
-6.324418783187866211e-01
-1.783157944679260254e+00
1.735686063766479492e+00
7.056258678436279297e+00
-6.646203994750976562e-01
2.682639598846435547e+00
-1.540628433227539062e+00
2.655786037445068359e+00
-2.342890024185180664e+00
5.361442565917968750e-01
1.670928239822387695e+00
1.108986139297485352e-02
2.378469705581665039e+00
-3.777141571044921875e+00
-8.949937820434570312e-01
-1.000178337097167969e+00
5.271906375885009766e+00
-3.590332746505737305e+00
1.643495678901672363e+00
1.690534114837646484e+00
-5.771271228790283203e+00
-3.752961158752441406e-01
-2.570052623748779297e+00
-2.353529214859008789e+00
8.798047304153442383e-01
8.156483650207519531e+00
1.284899592399597168e+00
1.468678236007690430e+00
-1.071328639984130859e+00
-4.052879333496093750e+00
3.064590454101562500e+00
1.893394231796264648e+00
-1.888430356979370117e+00
4.555121898651123047e+00
3.144120216369628906e+00
4.105632305145263672e-01
1.231858283281326294e-01
-3.454918861389160156e-01
2.101848125457763672e+00
8.663858771324157715e-01
-5.659299492835998535e-01
-3.629600286483764648e+00
4.138743877410888672e-02
3.291777849197387695e+00
1.957538604736328125e+00
3.308923482894897461e+00
-2.263420581817626953e+00
3.817134857177734375e+00
5.263054370880126953e-01
2.419834136962890625e+00
-9.933927059173583984e-01
-1.131600141525268555e+00
2.336181402206420898e-01
-1.160964488983154297e+00
-3.494750022888183594e+00
-7.984902858734130859e-01
-1.111302733421325684e+00
-1.761167287826538086e+00
5.749526977539062500e+00
5.101060390472412109e+00
-1.463251590728759766e+00
5.566290766000747681e-02
7.514694213867187500e+00
-1.771545171737670898e+00
-5.487693309783935547e+00
-3.083311796188354492e+00
-2.163255214691162109e+00
-2.746725559234619141e+00
7.689322471618652344e+00
-3.875587940216064453e+00
-1.298228204250335693e-01
1.829405307769775391e+00
8.694255948066711426e-01
-2.441734552383422852e+00
-2.141036391258239746e-01
3.105550527572631836e+00
-3.143696784973144531e+00
-1.913307428359985352e+00
3.483192920684814453e+00
-3.361016035079956055e+00
2.487756729125976562e+00
6.726580619812011719e+00
-2.818260192871093750e+00
-2.718789339065551758e+00
-2.994577884674072266e+00
6.762048244476318359e+00
2.706045150756835938e+00
-1.758756875991821289e+00
-1.001801490783691406e+00
4.522192478179931641e-01
-5.466340065002441406e+00
3.651428937911987305e+00
-2.941570281982421875e+00
-2.837638854980468750e-01
3.568793535232543945e+00
-3.402580976486206055e+00
-2.071726799011230469e+00
2.131648063659667969e+00
-6.377034783363342285e-01
3.821067214012145996e-01
-6.381667613983154297e+00
1.891911745071411133e+00
-3.790984869003295898e+00
7.947984933853149414e-01
-2.546698451042175293e-01
-3.600345134735107422e+00
-1.542308092117309570e+00
2.753293216228485107e-01
-1.330088138580322266e+00
-9.797555208206176758e-02
-2.189144134521484375e+00
-1.090470910072326660e+00
-3.730796337127685547e+00
8.332475662231445312e+00
1.890971422195434570e+00
-1.567630171775817871e+00
-4.536885023117065430e-01
4.584562301635742188e+00
2.167959690093994141e+00
-1.239003062248229980e+00
1.036209678649902344e+01
-1.843744993209838867e+00
3.514693260192871094e+00
-2.474257469177246094e+00
-3.552558422088623047e+00
-1.406208038330078125e+00
3.148519515991210938e+00
1.014963269233703613e+00
-3.050684928894042969e-01
1.259055852890014648e+00
1.603283882141113281e+00
-3.709073781967163086e+00
-2.952934741973876953e+00
-4.181824326515197754e-01
4.348464012145996094e+00
1.678652763366699219e+00
-9.929459691047668457e-01
3.192929267883300781e+00
-8.086678981781005859e-01
4.045584201812744141e+00
1.160497665405273438e+01
-2.610905408859252930e+00
-1.112244963645935059e+00
3.584108591079711914e+00
6.310166120529174805e-01
3.626934528350830078e+00
2.135614871978759766e+00
1.104856967926025391e+00
4.792486667633056641e+00
4.658572673797607422e+00
-4.197153568267822266e+00
1.952548980712890625e+00
1.315336227416992188e-01
-2.072517395019531250e+00
-6.680869460105895996e-01
-4.529868364334106445e-01
-1.109750866889953613e+00
-1.604203343391418457e+00
2.206674814224243164e+00
3.071349620819091797e+00
5.708461761474609375e+00
2.218643426895141602e+00
-2.543977737426757812e+00
-5.391210556030273438e+00
-3.946558237075805664e+00
6.517442226409912109e+00
2.333808183670043945e+00
1.629685163497924805e+00
3.172951459884643555e+00
-1.074966430664062500e+00
-6.200751662254333496e-01
-1.517074704170227051e+00
6.231697559356689453e+00
-1.916949272155761719e+00
-1.004622936248779297e+00
2.227892875671386719e+00
2.092731475830078125e+00
1.887435317039489746e-01
-2.347208857536315918e-01
-3.584411144256591797e-01
8.536656498908996582e-01
2.310961484909057617e+00
1.297329902648925781e+00
1.116862773895263672e+00
3.139491081237792969e+00
-6.375625133514404297e-01
-1.587206721305847168e-01
1.000508403778076172e+01
4.057130336761474609e+00
-1.423109412193298340e+00
-2.427972793579101562e+00
1.040712714195251465e+00
-2.214654684066772461e+00
3.477584362030029297e+00
-1.941374063491821289e+00
1.174136877059936523e+00
-1.168524384498596191e+00
-7.953226566314697266e-01
2.920746564865112305e+00
-8.975881934165954590e-01
-7.370740771293640137e-01
-1.182650566101074219e+00
1.001087427139282227e-01
-2.384932994842529297e+00
-8.351836800575256348e-01
-1.103426575660705566e+00
-1.897143959999084473e+00
1.754113435745239258e-01
2.512308061122894287e-01
6.299425125122070312e+00
5.109788775444030762e-01
3.626038432121276855e-01
-2.872655987739562988e-01
2.979037165641784668e-01
-2.497405767440795898e+00
-2.935981035232543945e+00
-1.736414551734924316e+00
1.519650697708129883e+00
1.068013429641723633e+00
-1.855263590812683105e+00
2.392270803451538086e+00
4.488233566284179688e+00
-3.682369589805603027e-01
-2.629525899887084961e+00
4.015299797058105469e+00
3.334575176239013672e+00
3.480600595474243164e+00
1.077635645866394043e+00
3.659322738647460938e+00
4.980806350708007812e+00
3.990055561065673828e+00
-2.364541769027709961e+00
-1.440940260887145996e+00
1.076405763626098633e+00
-6.198361515998840332e-01
-2.511866092681884766e+00
-2.539607882499694824e-02
-2.564599514007568359e+00
7.225011825561523438e+00
-1.596508026123046875e+00
-2.977659702301025391e-01
-1.541271209716796875e+00
-3.117500066757202148e+00
8.197750449180603027e-01
-2.048445224761962891e+00
4.271268844604492188e-04
-4.310678005218505859e+00
-2.862726449966430664e+00
4.408693313598632812e+00
-1.478027343750000000e+00
8.707898139953613281e+00
2.531824588775634766e+00
1.947899818420410156e+00
-1.316085100173950195e+00
1.738883733749389648e+00
-4.161931991577148438e+00
1.919269561767578125e-02
4.578745841979980469e+00
-1.876660585403442383e+00
-1.847750425338745117e+00
-1.215256810188293457e+00
2.881466150283813477e+00
-1.271394729614257812e+00
-1.953229665756225586e+00
9.223579406738281250e+00
1.104601860046386719e+00
2.615456819534301758e+00
1.528778433799743652e+00
-2.362372398376464844e+00
-2.071503877639770508e+00
6.226563453674316406e+00
2.301229953765869141e+00
-1.371283531188964844e-01
-5.522152781486511230e-01
-2.240223169326782227e+00
2.863315105438232422e+00
3.631309568881988525e-01
7.882259368896484375e+00
1.319982290267944336e+00
5.080981254577636719e+00
-5.433465838432312012e-01
4.676635265350341797e-01
3.371798038482666016e+00
-1.398928046226501465e+00
-2.564882636070251465e-01
2.509305477142333984e-01
-1.632619738578796387e+00
-2.742839097976684570e+00
1.108510494232177734e+00
-2.451439619064331055e+00
3.324005126953125000e+00
-4.426698684692382812e-01
-2.751503229141235352e+00
-4.219592213630676270e-01
-3.565685272216796875e+00
-3.741720676422119141e+00
-1.996440529823303223e+00
2.005738496780395508e+00
3.522192478179931641e+00
3.114120483398437500e+00
-4.335943222045898438e+00
5.667446613311767578e+00
3.020997285842895508e+00
3.448310613632202148e+00
2.340867996215820312e+00
-1.804218769073486328e+00
3.328924775123596191e-01
-1.307459354400634766e+00
-1.079065799713134766e+00
-5.342967987060546875e+00
-7.685969769954681396e-02
2.854146480560302734e+00
-2.008518218994140625e+00
1.728322625160217285e+00
-1.218856930732727051e+00
9.308553338050842285e-01
1.429668664932250977e+00
4.260900497436523438e+00
1.779703140258789062e+00
-1.092159271240234375e+00
-1.494065999984741211e+00
1.458921313285827637e+00
2.930263519287109375e+00
9.475246429443359375e+00
4.281280636787414551e-01
3.093928098678588867e+00
3.244795083999633789e+00
-1.675322651863098145e+00
4.945552349090576172e-01
-1.462698698043823242e+00
-4.768885970115661621e-01
-1.766206026077270508e+00
-2.406402111053466797e+00
-2.812862396240234375e-02
-9.940032362937927246e-01
9.653229713439941406e+00
-1.102264404296875000e+00
2.664403200149536133e+00
4.451781749725341797e+00
-2.957376003265380859e+00
1.799054026603698730e+00
-1.626693010330200195e-01
-2.763545513153076172e-01
-2.874650955200195312e-01
-7.608584165573120117e-01
4.681143283843994141e+00
-1.959923267364501953e+00
1.500959634780883789e+00
1.157832384109497070e+00
-2.573196887969970703e+00
-5.241625308990478516e+00
2.771779060363769531e+00
3.283846378326416016e-02
9.909337997436523438e+00
-3.078470230102539062e-01
-1.276803970336914062e+00
-1.636761188507080078e+00
3.640584945678710938e+00
4.861702919006347656e-01
-1.777103424072265625e+00
4.334949016571044922e+00
-1.966428756713867188e+00
-3.558058738708496094e+00
3.202043056488037109e+00
-2.416830062866210938e+00
4.256186962127685547e+00
3.621993541717529297e+00
1.045711278915405273e+00
-3.234411001205444336e+00
3.187732458114624023e+00
5.420774936676025391e+00
3.520706892013549805e+00
8.106526732444763184e-01
-1.132627725601196289e+00
-6.192697286605834961e-01
-1.910389184951782227e+00
-1.037922382354736328e+00
-3.322481870651245117e+00
3.748822450637817383e+00
5.954449176788330078e+00
3.974028825759887695e+00
-9.638164639472961426e-01
-2.591707706451416016e+00
4.817893028259277344e+00
2.725814104080200195e+00
-5.895057678222656250e+00
1.050471305847167969e+00
-1.849308848381042480e+00
5.655574798583984375e-01
-1.114893436431884766e+00
2.580332756042480469e+00
-5.023985385894775391e+00
-8.374204635620117188e-01
-3.698249459266662598e-01
2.822974920272827148e+00
-3.646838426589965820e+00
-2.002592325210571289e+00
8.396279335021972656e+00
1.737503409385681152e+00
-2.361491680145263672e+00
-3.664841175079345703e+00
1.211337447166442871e-01
-2.886089563369750977e+00
-2.958336591720581055e+00
1.451929092407226562e+00
4.130870342254638672e+00
-3.153048992156982422e+00
-2.427274227142333984e+00
2.823008060455322266e+00
2.975369215011596680e+00
-2.259869813919067383e+00
-8.685651421546936035e-01
4.281994819641113281e+00
-1.114182591438293457e+00
8.905052185058593750e+00
-1.596364498138427734e+00
1.194546580314636230e+00
-2.642915010452270508e+00
2.584578990936279297e-01
3.764157056808471680e+00
-1.842724323272705078e+00
4.357758998870849609e+00
5.508748054504394531e+00
2.180031776428222656e+00
-1.242771148681640625e+00
3.758490562438964844e+00
5.793756246566772461e-01
2.416453838348388672e+00
8.325065374374389648e-01
-9.295030832290649414e-01
-2.364145517349243164e+00
3.206051588058471680e+00
9.197689294815063477e-01
6.405706405639648438e+00
5.698745846748352051e-01
4.256219863891601562e+00
1.407335162162780762e+00
-8.974143862724304199e-01
-1.830077767372131348e+00
-7.990278601646423340e-01
8.896456718444824219e+00
-2.705053091049194336e+00
-1.199147582054138184e+00
-1.976657867431640625e+00
-1.107645273208618164e+00
3.093926429748535156e+00
3.709527730941772461e+00
7.368590831756591797e-01
2.805933952331542969e+00
-1.179816842079162598e+00
3.554539442062377930e+00
1.996612191200256348e+00
-5.089305639266967773e-01
1.296665519475936890e-01
-6.042587757110595703e-02
-2.529074668884277344e+00
1.733222603797912598e+00
4.594142436981201172e-01
-3.322374820709228516e-01
-3.106555223464965820e+00
-4.711405277252197266e+00
6.478273868560791016e-01
-2.813516139984130859e+00
-1.778848409652709961e+00
-4.174340248107910156e+00
-1.484869837760925293e+00
1.735162138938903809e-01
9.490340948104858398e-02
-4.326106309890747070e-01
-2.211109399795532227e+00
-2.588812828063964844e+00
8.074983358383178711e-01
-1.796627044677734375e+00
-1.485806941986083984e+00
-4.332067966461181641e-01
-1.214629650115966797e+00
-1.223161578178405762e+00
-3.744581341743469238e-01
1.478465199470520020e+00
1.345638871192932129e+00
-1.146652936935424805e+00
1.689559102058410645e+00
1.663049578666687012e+00
-1.098880767822265625e+00
-3.073150634765625000e+00
-3.192286252975463867e+00
-1.345160484313964844e+00
-2.766569852828979492e-01
-9.371637105941772461e-01
-7.481385469436645508e-01
-2.098851680755615234e+00
-1.752788662910461426e+00
-1.345958113670349121e+00
-4.153359413146972656e+00
-3.405755519866943359e+00
3.383212566375732422e+00
-8.477728962898254395e-01
4.074732303619384766e+00
2.328276872634887695e+00
-2.905361652374267578e-01
1.089546918869018555e+00
-1.231137275695800781e+00
4.730169296264648438e+00
-3.596048593521118164e+00
8.466637134552001953e-01
-9.270260334014892578e-01
6.579399108886718750e-03
1.983648777008056641e+00
-9.136780500411987305e-01
2.197212696075439453e+00
3.784320592880249023e+00
3.696259737014770508e+00
3.461986541748046875e+00
-4.066261291503906250e+00
1.544160962104797363e+00
-2.023477554321289062e+00
-5.208586454391479492e-01
9.290030002593994141e-01
3.729892522096633911e-02
-1.812699794769287109e+00
4.851390421390533447e-01
-1.005274534225463867e+00
4.667104482650756836e-01
-1.649968385696411133e+00
-1.165726184844970703e+00
-1.192782998085021973e+00
-2.073399782180786133e+00
-5.786556005477905273e-01
3.549989223480224609e+00
