-7.304106950759887695e-01
-5.555062294006347656e-01
-1.510683298110961914e+00
-1.900090336799621582e+00
-7.001639902591705322e-02
-3.752010822296142578e+00
-2.581279277801513672e+00
7.588988542556762695e-01
-4.628670215606689453e-01
5.768369436264038086e-01
-3.108495712280273438e+00
1.684412479400634766e+00
4.564345777034759521e-01
-3.001755714416503906e+00
1.027222871780395508e+00
7.996717095375061035e-02
-3.995941877365112305e-01
5.341737270355224609e-01
5.228072404861450195e-02
-2.375201225280761719e+00
-3.149096965789794922e+00
-1.717525839805603027e+00
7.203893661499023438e-01
-6.148184537887573242e-01
-3.567933320999145508e+00
-2.149304866790771484e+00
-1.803977489471435547e-01
-1.906151056289672852e+00
-2.834209442138671875e+00
-1.424266815185546875e+00
-5.829051971435546875e+00
-1.058699369430541992e+00
-4.680475234985351562e+00
-1.818424463272094727e+00
-4.262018680572509766e+00
-2.948916912078857422e+00
-1.889976620674133301e+00
-5.688673973083496094e+00
1.101867109537124634e-02
-5.949460268020629883e-01
2.451441287994384766e+00
-1.101848483085632324e+00
2.207894563674926758e+00
-9.450278282165527344e-01
1.632997393608093262e-01
-4.191491007804870605e-01
-5.961904525756835938e-01
-4.235349595546722412e-01
1.265270471572875977e+00
-2.492660999298095703e+00
-1.188121557235717773e+00
-3.833864688873291016e+00
-1.798007845878601074e+00
-4.241488933563232422e+00
-2.496706485748291016e+00
-6.766840219497680664e-01
-2.915389299392700195e+00
-8.330049514770507812e+00
-9.308123588562011719e-01
-2.565553665161132812e+00
-8.370493650436401367e-01
-1.346891760826110840e+00
-2.388269424438476562e+00
-3.556983232498168945e+00
-1.146898508071899414e+00
-1.373114109039306641e+00
1.021676898002624512e+00
9.086370468139648438e-01
1.743056178092956543e-01
-1.775520086288452148e+00
-3.266698598861694336e+00
-1.728029012680053711e+00
-5.390771389007568359e+00
-5.333060264587402344e+00
-1.693589925765991211e+00
-4.295649528503417969e+00
-2.246473312377929688e+00
-2.077082157135009766e+00
-2.503675699234008789e+00
-9.564886093139648438e-01
2.892349243164062500e+00
-1.165034890174865723e+00
-1.129225134849548340e+00
1.131015062332153320e+00
2.819077968597412109e+00
-1.946423530578613281e+00
1.456029176712036133e+00
5.031955242156982422e-01
1.877685785293579102e+00
1.697832822799682617e+00
1.864131927490234375e+00
-3.145845174789428711e+00
1.538888096809387207e+00
-1.959338903427124023e+00
5.004183292388916016e+00
-3.933149814605712891e+00
-1.653554677963256836e+00
4.228667020797729492e-01
6.004643440246582031e-02
6.789296865463256836e-01
7.959699630737304688e-02
-5.185621380805969238e-01
-3.624108791351318359e+00
-5.673472881317138672e-01
-8.168414831161499023e-01
-4.882477283477783203e+00
-2.227385520935058594e+00
-5.660012364387512207e-01
6.674818396568298340e-01
1.754394531250000000e+00
-4.224838256835937500e+00
-1.565530657768249512e+00
-3.649593353271484375e+00
-6.089426279067993164e-01
-2.656785249710083008e+00
-3.782890796661376953e+00
-5.022864341735839844e+00
1.360543012619018555e+00
-2.881604433059692383e+00
-4.961631774902343750e+00
-2.105623006820678711e+00
-4.978518009185791016e+00
-3.096695661544799805e+00
-5.488101959228515625e+00
-1.281222939491271973e+00
-1.868194818496704102e+00
-2.038337945938110352e+00
2.183905601501464844e+00
2.702127933502197266e+00
-1.055109202861785889e-01
1.123851299285888672e+00
-2.975088953971862793e-01
1.307494163513183594e+00
-2.991917371749877930e+00
5.944490432739257812e-02
-1.199289441108703613e+00
-3.239115715026855469e+00
-1.157567024230957031e+00
-1.382704973220825195e-01
-1.673200845718383789e+00
-2.350515365600585938e+00
-9.205161929130554199e-01
-1.072376370429992676e+00
-4.872010350227355957e-01
3.844213247299194336e+00
-2.217435836791992188e-01
-1.960659742355346680e+00
-2.262755155563354492e+00
2.347371578216552734e-01
-1.414734840393066406e+00
-1.725928544998168945e+00
1.133079409599304199e+00
-7.569334506988525391e-01
-6.901279687881469727e-01
-2.999324500560760498e-01
-1.007163166999816895e+00
1.600311517715454102e+00
3.221408128738403320e-01
2.856242895126342773e+00
4.609525203704833984e+00
-2.277075946331024170e-01
3.682902574539184570e+00
2.174026727676391602e+00
-3.224329650402069092e-02
1.864188760519027710e-01
-5.912403464317321777e-01
2.090044498443603516e+00
-2.600680589675903320e-01
2.912096023559570312e+00
1.707135677337646484e+00
1.500547647476196289e+00
1.900513648986816406e+00
3.121346473693847656e+00
1.375580430030822754e+00
-5.001404285430908203e-01
-9.647452831268310547e-01
1.287810921669006348e+00
-2.894217371940612793e-01
1.662810206413269043e+00
1.648123025894165039e+00
2.965855598449707031e-02
3.897295475006103516e+00
-1.716846972703933716e-01
2.440210580825805664e+00
1.239655971527099609e+00
5.003087043762207031e+00
-3.939664736390113831e-02
1.242895841598510742e+00
2.062220096588134766e+00
1.933723807334899902e+00
1.195274591445922852e+00
-1.123563647270202637e+00
2.187363386154174805e+00
2.339829444885253906e+00
-6.237144470214843750e-01
-9.242340922355651855e-02
1.584881901741027832e+00
2.940365791320800781e+00
1.000859856605529785e+00
2.573971509933471680e+00
-8.490039110183715820e-01
1.693362474441528320e+00
2.788534879684448242e+00
4.975132465362548828e+00
1.489393115043640137e+00
2.803811430931091309e-01
1.379050254821777344e+00
2.608789682388305664e+00
1.931300163269042969e+00
3.951605319976806641e+00
1.291497468948364258e+00
4.410268306732177734e+00
9.496408104896545410e-01
1.875969648361206055e+00
6.641727089881896973e-01
2.699716091156005859e+00
1.155139327049255371e+00
1.360444307327270508e+00
3.550766229629516602e+00
1.859339356422424316e+00
2.226974070072174072e-01
1.169333934783935547e+00
3.952725410461425781e+00
1.968634724617004395e+00
6.442577838897705078e-01
-9.236658811569213867e-01
3.123061656951904297e-01
-8.560695648193359375e-01
-4.171222448348999023e-01
4.372928440570831299e-01
2.282773971557617188e+00
2.105840682983398438e+00
5.523914098739624023e-01
1.080416560173034668e+00
8.057765960693359375e-01
1.142929553985595703e+00
8.443021774291992188e-02
3.647243976593017578e-01
3.084847450256347656e+00
-6.802132129669189453e-01
4.073055267333984375e+00
-3.206686973571777344e-01
3.590372800827026367e+00
1.481085777282714844e+00
-2.440923213958740234e+00
1.379277467727661133e+00
1.434824466705322266e+00
1.530227661132812500e+00
2.422664880752563477e+00
1.934911370277404785e+00
5.668007731437683105e-01
3.726069450378417969e+00
-1.046107292175292969e+00
1.375259637832641602e+00
3.271495342254638672e+00
3.696206569671630859e+00
1.140358000993728638e-01
4.192356109619140625e+00
2.616915702819824219e+00
-1.038717031478881836e+00
-9.960834980010986328e-01
-1.133583784103393555e+00
-1.359843492507934570e+00
8.419746160507202148e-01
1.691484928131103516e+00
3.309263229370117188e+00
3.406827449798583984e+00
3.489258289337158203e+00
-1.008413672447204590e+00
-7.279790639877319336e-01
-2.493956327438354492e+00
-2.328578710556030273e+00
2.364159524440765381e-01
8.280193805694580078e-01
-2.471231520175933838e-01
-2.021077632904052734e+00
-1.441109538078308105e+00
-1.468287229537963867e+00
-5.607358455657958984e+00
-1.621703743934631348e+00
-2.807494401931762695e+00
2.683117866516113281e+00
6.568481326103210449e-01
4.914197325706481934e-01
-1.344811916351318359e-01
-9.331883192062377930e-01
-3.046366274356842041e-01
-2.036723136901855469e+00
-1.473974704742431641e+00
-2.304390907287597656e+00
-8.836480379104614258e-01
-4.207910299301147461e-01
7.517062425613403320e-01
1.002857685089111328e+00
6.411097049713134766e-01
-2.521924734115600586e+00
1.867250680923461914e+00
-5.492882251739501953e+00
-3.122349262237548828e+00
-4.065342903137207031e+00
-2.636586904525756836e+00
1.407845735549926758e+00
-2.747582435607910156e+00
-3.729812860488891602e+00
-3.079801559448242188e+00
-2.763864994049072266e+00
-3.167288064956665039e+00
-3.464756011962890625e+00
2.757634878158569336e+00
9.691180586814880371e-01
-3.283919095993041992e-01
-2.746370792388916016e+00
-2.480406045913696289e+00
4.187363386154174805e-01
8.294703960418701172e-01
1.770410537719726562e-01
-5.573012828826904297e-01
-9.468415379524230957e-01
-3.532600402832031250e+00
-7.844913601875305176e-01
-2.149400711059570312e+00
1.373092174530029297e+00
-2.193719148635864258e+00
9.984279870986938477e-01
9.206018447875976562e-01
-1.482855558395385742e+00
-1.941011548042297363e+00
-2.801843404769897461e+00
-3.365087270736694336e+00
-4.248620033264160156e+00
5.711848735809326172e-01
-1.934364587068557739e-01
-1.547036170959472656e-01
-9.297473430633544922e-01
-4.480590820312500000e+00
-2.634818077087402344e+00
-2.430062294006347656e-01
-3.197517395019531250e+00
-1.185853481292724609e-01
1.437948465347290039e+00
5.157789230346679688e+00
-2.282011508941650391e+00
-3.225901603698730469e+00
-1.683111906051635742e+00
-9.068247675895690918e-01
2.108220100402832031e+00
6.078300476074218750e+00
5.558261394500732422e+00
2.614502906799316406e+00
1.260788559913635254e+00
-1.118053793907165527e-01
-5.280160903930664062e-01
-3.191060781478881836e+00
1.932385563850402832e+00
6.208691120147705078e+00
7.153407335281372070e-01
-2.832479953765869141e+00
-2.649449586868286133e+00
-3.389125108718872070e+00
-2.259531974792480469e+00
-1.856861233711242676e+00
-1.043859958648681641e+00
-4.889168262481689453e+00
-1.856471180915832520e+00
-4.131614685058593750e+00
-3.499861717224121094e+00
-4.010818958282470703e+00
-5.944743633270263672e+00
-6.002196311950683594e+00
-3.951967239379882812e+00
-5.140397548675537109e+00
-4.083274364471435547e+00
-3.370314598083496094e+00
-3.823418855667114258e+00
-1.116856098175048828e+00
-6.230632305145263672e+00
-2.264583110809326172e+00
-6.215665817260742188e+00
-2.818744182586669922e+00
-5.135452270507812500e+00
-4.425959587097167969e+00
-4.048368930816650391e+00
-4.052352905273437500e+00
-1.323217868804931641e+00
-1.666498184204101562e+00
9.174399971961975098e-01
1.881941914558410645e+00
-2.339550018310546875e+00
-1.643613576889038086e+00
-1.633271336555480957e+00
-2.615278959274291992e+00
1.451184749603271484e+00
1.307308554649353027e+00
1.006548166275024414e+00
-1.209187984466552734e+00
7.818305492401123047e-02
1.816313862800598145e+00
-2.095842361450195312e+00
8.548468351364135742e-01
3.446237564086914062e+00
6.527553498744964600e-02
-9.571529030799865723e-01
-3.030652046203613281e+00
2.074326753616333008e+00
2.133994340896606445e+00
7.663652420043945312e+00
5.140283107757568359e-01
8.388313055038452148e-01
3.085456848144531250e+00
3.230099916458129883e+00
-4.198320209980010986e-02
-2.985161542892456055e-01
-1.133951187133789062e+00
5.140516757965087891e-01
2.063269853591918945e+00
-3.022639751434326172e-01
2.398561000823974609e+00
4.414110183715820312e+00
-3.590081691741943359e+00
-2.082780838012695312e+00
-3.224252223968505859e+00
2.517369508743286133e+00
-4.502256393432617188e+00
-4.196895122528076172e+00
-1.036425828933715820e+00
7.099900245666503906e+00
-2.955940246582031250e+00
9.370492696762084961e-01
3.471092700958251953e+00
6.598555564880371094e+00
-2.306933164596557617e+00
1.032708287239074707e+00
-1.552530765533447266e+00
2.144172906875610352e+00
5.826159477233886719e+00
5.231986522674560547e+00
4.128311157226562500e+00
3.458223104476928711e+00
-1.005865693092346191e+00
-2.095948696136474609e+00
-3.059691429138183594e+00
-2.084334135055541992e+00
8.051186203956604004e-01
4.294099807739257812e+00
1.967601060867309570e+00
1.375053524971008301e-01
9.950379729270935059e-01
2.755141735076904297e+00
3.567856252193450928e-01
2.343413352966308594e+00
4.398313522338867188e+00
-8.015545606613159180e-01
9.023753404617309570e-01
-9.477372765541076660e-01
-1.778623580932617188e+00
-3.262863159179687500e-01
2.169186472892761230e-01
-2.784388780593872070e+00
-2.811857461929321289e-01
-2.582259893417358398e+00
3.068396568298339844e+00
-2.893301486968994141e+00
-3.055642545223236084e-02
1.363060355186462402e+00
2.110021114349365234e+00
-8.045462369918823242e-01
-6.423939466476440430e-01
-5.160140514373779297e+00
-5.281038284301757812e-01
3.738700151443481445e-01
5.225754380226135254e-01
2.661389350891113281e+00
4.683154106140136719e+00
-2.662773132324218750e+00
8.038659095764160156e-01
3.596055507659912109e+00
-1.183409690856933594e-01
-3.363528251647949219e+00
1.592538118362426758e+00
-3.943296372890472412e-01
5.518022775650024414e-01
-4.748839139938354492e-01
-4.220333397388458252e-01
5.140244483947753906e+00
5.117888450622558594e-01
3.557852506637573242e-01
-2.512885332107543945e+00
1.522381782531738281e+00
1.820500373840332031e+00
4.783858776092529297e+00
2.468302726745605469e+00
-3.237330436706542969e+00
2.839053630828857422e+00
1.505905389785766602e+00
-2.850864171981811523e+00
6.169682145118713379e-01
-4.275273382663726807e-01
2.287590980529785156e+00
1.939178943634033203e+00
-3.379210710525512695e+00
1.809388995170593262e+00
3.267626762390136719e+00
-1.861239194869995117e+00
-4.977422714233398438e+00
-1.216098546981811523e+00
-2.387997865676879883e+00
2.799431800842285156e+00
-4.623648166656494141e+00
-2.798481464385986328e+00
-1.645804882049560547e+00
4.171201705932617188e+00
3.937473058700561523e+00
-5.394375801086425781e+00
8.080182671546936035e-01
8.849206566810607910e-02
1.284618616104125977e+00
1.955084443092346191e+00
3.613266944885253906e+00
3.554808616638183594e+00
1.633627653121948242e+00
2.574107170104980469e+00
-4.430094242095947266e+00
1.546591162681579590e+00
2.528101682662963867e+00
-3.168617725372314453e+00
4.094388961791992188e+00
1.470861196517944336e+00
2.988844811916351318e-01
-4.257629394531250000e+00
2.817012667655944824e-01
2.405002117156982422e+00
-9.808849096298217773e-01
2.008553981781005859e+00
2.680490016937255859e+00
-4.474987983703613281e+00
-7.299393653869628906e+00
1.581111192703247070e+00
5.668999671936035156e+00
3.355614185333251953e+00
6.227648735046386719e+00
1.249792456626892090e+00
-3.242918014526367188e+00
1.437365531921386719e+00
-2.652031183242797852e-02
-1.618805289268493652e+00
-9.038833379745483398e-01
-4.585468769073486328e+00
-1.048417091369628906e+00
-2.194556593894958496e-01
7.200519084930419922e+00
-6.504234313964843750e+00
-5.470359325408935547e+00
5.625432133674621582e-01
2.895441055297851562e-01
1.175079107284545898e+00
7.205429077148437500e-01
1.952251076698303223e+00
6.986071586608886719e+00
1.599520206451416016e+00
1.204721093177795410e+00
-1.142356395721435547e-01
-2.506415843963623047e+00
2.804177045822143555e+00
7.855848670005798340e-01
-7.653368115425109863e-01
3.332492351531982422e+00
-4.640845775604248047e+00
-4.816175937652587891e+00
-7.471219301223754883e-01
1.967290878295898438e+00
-2.121963739395141602e+00
-5.007535457611083984e+00
-2.251747846603393555e-01
1.285228252410888672e+00
3.365498781204223633e+00
2.220634937286376953e+00
1.326184153556823730e+00
-1.557778120040893555e+00
8.258645534515380859e-01
3.197727441787719727e+00
1.099906682968139648e+00
6.647312045097351074e-01
-3.570808410644531250e+00
-1.270372629165649414e+00
2.239232778549194336e+00
-2.251585245132446289e+00
2.389070987701416016e+00
-5.150169134140014648e-01
3.444668531417846680e+00
-2.999840736389160156e+00
-1.493762135505676270e+00
2.786986827850341797e+00
-3.551796913146972656e+00
1.701351404190063477e-01
-2.060262680053710938e+00
4.472146511077880859e+00
-3.446429967880249023e-01
-4.734058856964111328e+00
5.064576148986816406e+00
4.184292554855346680e-01
5.106383562088012695e-01
2.695894002914428711e+00
5.927953869104385376e-02
2.454276084899902344e+00
-1.128802895545959473e+00
6.181910634040832520e-01
3.621466875076293945e+00
-2.125830650329589844e+00
9.986288547515869141e-01
1.910111069679260254e+00
-1.088155746459960938e+00
6.973470211029052734e+00
2.288949489593505859e-01
-7.508276700973510742e-01
2.576433658599853516e+00
-3.657833337783813477e+00
1.478863954544067383e-01
-7.241097092628479004e-01
-2.380204439163208008e+00
3.139379024505615234e-01
-2.661176204681396484e+00
3.333167552947998047e+00
-2.118196964263916016e+00
-3.154420852661132812e+00
-1.363850831985473633e+00
3.083186149597167969e+00
-4.357664108276367188e+00
-1.047491908073425293e+00
2.409154891967773438e+00
-2.908262729644775391e+00
-1.745520234107971191e-01
-1.640843868255615234e+00
2.328889131546020508e+00
-1.693152308464050293e+00
-1.486491858959197998e-01
-1.793000459671020508e+00
2.312012434005737305e+00
2.076271057128906250e+00
1.614065527915954590e+00
2.885922908782958984e+00
-2.328443765640258789e+00
-2.965385437011718750e+00
-8.161484003067016602e-01
-1.887747049331665039e+00
-5.217621326446533203e-01
3.259940147399902344e+00
6.240037441253662109e+00
-1.316104888916015625e+00
-3.167700290679931641e+00
1.387362718582153320e+00
-2.304028511047363281e+00
1.180967807769775391e+00
1.466015458106994629e+00
2.619732618331909180e+00
3.734375715255737305e+00
-9.539400339126586914e-01
2.983061313629150391e+00
1.033064424991607666e-01
1.254586577415466309e+00
-1.252820491790771484e-01
3.188585996627807617e+00
1.503739595413208008e+00
-2.639846563339233398e+00
5.330003738403320312e+00
3.079184293746948242e+00
1.866920471191406250e+00
-1.470121979713439941e+00
-1.019976854324340820e+00
1.520641684532165527e+00
1.547764539718627930e+00
3.371815443038940430e+00
3.546390533447265625e+00
3.013253450393676758e+00
-5.832324504852294922e+00
-4.638701915740966797e+00
5.322598814964294434e-01
-8.413065671920776367e-01
1.170392751693725586e+00
2.786635398864746094e+00
9.829396605491638184e-01
6.789571642875671387e-01
-8.941781520843505859e-01
9.900196194648742676e-01
-6.207500100135803223e-01
-4.092730998992919922e+00
-1.482216119766235352e+00
-4.133743286132812500e+00
-3.843241214752197266e+00
2.741798758506774902e-01
1.711771011352539062e+00
1.150933980941772461e+00
1.854915916919708252e-01
6.857187747955322266e-01
1.655233860015869141e+00
-2.133447408676147461e+00
-3.505003452301025391e-02
-4.338101148605346680e-01
-1.804199665784835815e-01
5.414068222045898438e+00
-2.638583660125732422e+00
1.509526968002319336e+00
6.570403099060058594e+00
1.211957931518554688e-01
3.294970393180847168e-01
2.158365011215209961e+00
2.319728136062622070e+00
4.556732177734375000e-01
-3.839560151100158691e-01
-1.463418483734130859e+00
4.781648635864257812e+00
-1.595310926437377930e+00
-1.277284622192382812e-01
-3.852423429489135742e+00
-4.807267785072326660e-01
-1.996638298034667969e+00
-3.879038333892822266e+00
4.336384773254394531e+00
4.252022504806518555e-02
2.047697305679321289e+00
-1.910729408264160156e+00
-5.280237197875976562e+00
6.368912696838378906e+00
-2.191134691238403320e+00
1.919946908950805664e+00
2.933775186538696289e-01
8.197056502103805542e-02
-2.197051525115966797e+00
3.427258014678955078e+00
2.913050651550292969e+00
-2.366546392440795898e+00
3.188228845596313477e+00
1.847931742668151855e+00
-2.243762016296386719e+00
1.487655997276306152e+00
-1.199270486831665039e+00
2.094755887985229492e+00
4.202204942703247070e-01
-8.183694481849670410e-01
-2.133986949920654297e-01
-1.420553326606750488e-01
-3.346570253372192383e+00
4.115632057189941406e+00
-1.414103984832763672e+00
2.716435670852661133e+00
-1.784966826438903809e+00
-8.365261554718017578e-01
1.262972593307495117e+00
-4.948639571666717529e-01
4.262030124664306641e+00
-1.738848686218261719e-01
1.843686819076538086e+00
4.426089763641357422e+00
-4.663779735565185547e-01
8.370087742805480957e-01
6.781134605407714844e-01
4.743332862854003906e+00
-1.028606534004211426e+00
1.605855345726013184e+00
-2.618660330772399902e-01
6.972085833549499512e-01
-1.022531747817993164e+00
2.893457412719726562e-01
-1.064185619354248047e+00
-3.222602844238281250e+00
1.166377186775207520e+00
-1.960040092468261719e+00
-2.741583108901977539e+00
-2.451919078826904297e+00
2.149323463439941406e+00
1.779627799987792969e-02
2.893204450607299805e+00
-8.238912820816040039e-01
-6.954246759414672852e-01
-1.856870651245117188e+00
2.329929172992706299e-01
7.865932583808898926e-01
-1.956090033054351807e-01
-7.455025911331176758e-01
-2.411107778549194336e+00
2.094006061553955078e+00
-1.776690006256103516e+00
3.219897270202636719e+00
3.454716682434082031e+00
9.678668379783630371e-01
-2.177411079406738281e+00
1.280650973320007324e+00
1.154361605644226074e+00
1.486312627792358398e+00
2.414473772048950195e+00
3.663876295089721680e+00
4.334622621536254883e-01
3.293750762939453125e+00
1.344124794006347656e+00
-3.286407887935638428e-01
2.678749561309814453e+00
4.394839763641357422e+00
2.494844198226928711e+00
2.983378171920776367e+00
-4.850126743316650391e+00
5.774447321891784668e-01
-2.210966348648071289e+00
-1.375417947769165039e+00
3.571290969848632812e+00
2.313797950744628906e+00
-2.378205299377441406e+00
2.804639101028442383e+00
2.024885654449462891e+00
1.901299834251403809e+00
1.068002939224243164e+00
-2.566783189773559570e+00
-9.453886747360229492e-02
-1.138787567615509033e-01
9.390639662742614746e-01
-6.720950126647949219e+00
4.142637729644775391e+00
4.273954629898071289e-01
-3.847710371017456055e+00
3.936319589614868164e+00
1.586170196533203125e-01
6.460722684860229492e-01
-3.365298509597778320e-01
-2.511476993560791016e+00
4.007095098495483398e-01
-2.157521963119506836e+00
9.673818349838256836e-01
4.719204425811767578e+00
2.208295822143554688e+00
2.202718704938888550e-01
-9.592641592025756836e-01
1.493262290954589844e+00
8.399025201797485352e-01
2.261655569076538086e+00
5.522745132446289062e+00
3.157720327377319336e+00
1.017465353012084961e+00
-7.801241874694824219e-01
1.417603254318237305e+00
5.015520572662353516e+00
-2.588022232055664062e+00
2.188655734062194824e-01
8.347846865653991699e-01
-2.077420353889465332e-01
1.901412010192871094e+00
-8.164404034614562988e-01
-2.914412975311279297e+00
-3.640644550323486328e+00
-4.092809677124023438e+00
7.958135604858398438e-01
-2.729915380477905273e+00
-2.660770654678344727e+00
-4.583734273910522461e-02
4.789407730102539062e+00
-2.614569425582885742e+00
6.377365440130233765e-02
3.247380495071411133e+00
1.901977062225341797e+00
9.323343038558959961e-01
-3.131114959716796875e+00
5.828441619873046875e+00
-1.999883174896240234e+00
-2.271152496337890625e+00
-1.874981403350830078e+00
2.393882989883422852e+00
2.315551042556762695e-01
8.086761236190795898e-01
-1.928050279617309570e+00
3.054199934005737305e+00
3.142079830169677734e+00
3.825545310974121094e+00
2.047601222991943359e+00
1.599655508995056152e+00
2.353688478469848633e+00
4.379832744598388672e+00
3.032855033874511719e+00
-2.733477115631103516e+00
-1.184929013252258301e+00
3.534371614456176758e+00
-1.569749712944030762e+00
-3.603266716003417969e+00
6.605760574340820312e+00
1.512973189353942871e+00
1.867580413818359375e+00
2.083554983139038086e+00
9.055947661399841309e-01
-1.874062538146972656e+00
1.923483014106750488e+00
2.631055712699890137e-01
-1.543608784675598145e+00
2.046570062637329102e+00
-1.610425591468811035e+00
1.109189271926879883e+00
-4.776368141174316406e+00
7.978949546813964844e-01
2.971444606781005859e+00
4.336812496185302734e+00
2.492412328720092773e+00
1.972307682037353516e+00
-1.790058493614196777e+00
-1.042606592178344727e+00
-2.577889442443847656e+00
1.994536638259887695e+00
-6.434167861938476562e+00
-2.697684049606323242e+00
-2.920798301696777344e+00
6.483845710754394531e+00
-1.090396642684936523e-01
-1.367048740386962891e+00
-2.077656030654907227e+00
3.054654598236083984e+00
-2.093821525573730469e+00
-2.612908840179443359e+00
2.800375938415527344e+00
5.477462768554687500e+00
4.575881004333496094e+00
4.435364007949829102e-01
3.955753803253173828e+00
5.392167568206787109e+00
-1.679558277130126953e+00
8.188838511705398560e-02
-4.101489782333374023e-01
8.741028308868408203e-01
2.880150318145751953e+00
8.739039301872253418e-01
-1.754344701766967773e+00
-4.214798927307128906e+00
-5.582318902015686035e-01
-3.287509441375732422e+00
-1.455962657928466797e+00
-3.160200595855712891e+00
-1.426182866096496582e+00
-4.022774219512939453e+00
-6.154273509979248047e+00
7.065308094024658203e-02
-6.715042114257812500e+00
-2.622837543487548828e+00
-8.012392044067382812e+00
2.101114988327026367e-01
-4.904036998748779297e+00
-2.949548721313476562e+00
-4.705727100372314453e+00
-6.283432960510253906e+00
-6.081923484802246094e+00
-4.119472980499267578e+00
-1.891563892364501953e+00
-1.336381912231445312e+00
-5.950240135192871094e+00
1.440235137939453125e+00
-1.900746226310729980e+00
-3.500780582427978516e+00
-1.610962867736816406e+00
-6.751574277877807617e-01
-3.240094661712646484e+00
-1.631698131561279297e+00
-9.751110672950744629e-01
-3.171401023864746094e+00
-3.116350412368774414e+00
-3.354308128356933594e+00
-4.121490955352783203e+00
6.043027400970458984e+00
-6.591377258300781250e-01
-6.734998703002929688e+00
-5.285993576049804688e+00
-4.803216934204101562e+00
-5.473420619964599609e+00
-4.945028781890869141e+00
-4.345993041992187500e+00
1.970172882080078125e+00
-7.097310543060302734e+00
-3.065130233764648438e+00
-3.363722801208496094e+00
4.066779136657714844e+00
3.553062915802001953e+00
4.246280193328857422e+00
4.602241992950439453e+00
1.248255610466003418e+00
5.834725856781005859e+00
4.867545604705810547e+00
7.814145088195800781e+00
5.506619930267333984e+00
2.844684839248657227e+00
2.360397815704345703e+00
6.700544357299804688e+00
3.819699764251708984e+00
2.169656276702880859e+00
1.013092041015625000e+01
1.367503643035888672e+00
-2.144842624664306641e+00
-1.255047321319580078e+00
-2.302298784255981445e+00
-1.023126721382141113e+00
-1.624246358871459961e+00
-2.446492195129394531e+00
3.177804350852966309e-01
-5.355714797973632812e+00
-3.920407056808471680e+00
-1.682856082916259766e+00
-2.972063541412353516e+00
-3.788278341293334961e+00
-1.379608035087585449e+00
-7.729483842849731445e-01
