-2.349885404109954834e-01
1.812532782554626465e+00
-2.874548912048339844e+00
-1.080321788787841797e+00
-4.351954460144042969e-01
-4.734209060668945312e+00
-3.100712299346923828e+00
-2.292535305023193359e+00
-2.591394662857055664e+00
1.247296452522277832e+00
-2.424190998077392578e+00
3.206269741058349609e-01
-1.190875768661499023e+00
-3.322733402252197266e+00
-1.073353886604309082e+00
-1.260039925575256348e+00
-1.802053451538085938e+00
-1.749062418937683105e+00
7.179777026176452637e-01
-4.099959373474121094e+00
-3.482275009155273438e+00
-1.603839874267578125e+00
2.791408300399780273e-01
4.950565695762634277e-01
-3.168279409408569336e+00
-2.027690410614013672e+00
4.084441363811492920e-01
-1.551148414611816406e+00
-2.790341615676879883e+00
-1.225055575370788574e+00
2.459991693496704102e+00
3.108643293380737305e+00
9.208354353904724121e-01
3.610407114028930664e+00
2.244585514068603516e+00
-6.320155262947082520e-01
-1.212497353553771973e+00
-4.515746831893920898e-01
1.684987187385559082e+00
1.391654849052429199e+00
3.282440185546875000e+00
2.584024667739868164e+00
1.028791904449462891e+00
-8.057693243026733398e-01
2.289585590362548828e+00
6.679136157035827637e-01
1.787020325660705566e+00
2.732726335525512695e+00
1.984136581420898438e+00
5.087045669555664062e+00
4.377541542053222656e+00
-1.062678337097167969e+00
2.112775325775146484e+00
1.223978519439697266e+00
1.923257589340209961e+00
4.989383697509765625e+00
1.210322141647338867e+00
-4.764322638511657715e-01
4.370239734649658203e+00
4.641581535339355469e+00
7.009369850158691406e+00
6.921177864074707031e+00
5.095061302185058594e+00
1.692730426788330078e+00
4.486739158630371094e+00
2.996107578277587891e+00
6.360146999359130859e+00
4.412485122680664062e+00
4.124420642852783203e+00
-2.578293800354003906e+00
-2.531208992004394531e+00
-1.885865688323974609e+00
-2.256281614303588867e+00
-3.162176132202148438e+00
-4.054686427116394043e-01
-4.587183475494384766e+00
-1.722440004348754883e+00
-1.092463374137878418e+00
-2.926050424575805664e+00
-1.776340723037719727e+00
4.322744607925415039e-01
5.251824855804443359e-01
-9.102170169353485107e-02
-2.737500667572021484e-01
3.232895851135253906e+00
-1.300190925598144531e+00
1.230105638504028320e+00
-3.681704998016357422e+00
-4.947666823863983154e-01
1.681072950363159180e+00
-2.473405122756958008e+00
-1.265743970870971680e+00
1.333442568778991699e+00
7.883147597312927246e-01
5.193601131439208984e+00
-1.702835083007812500e+00
1.376868844032287598e+00
-1.425346136093139648e-01
1.654197692871093750e+00
2.766524553298950195e+00
1.584161639213562012e+00
-1.755299568176269531e+00
-1.065621376037597656e+00
3.272284269332885742e+00
1.053259730339050293e+00
-7.695108056068420410e-01
2.637449264526367188e+00
-2.599601745605468750e+00
-1.839447766542434692e-01
-1.191818594932556152e+00
-3.735794544219970703e+00
2.179329395294189453e+00
1.423460364341735840e+00
-6.971468925476074219e-01
-1.123121500015258789e+00
-1.616715788841247559e+00
-1.964012235403060913e-01
-7.070261836051940918e-01
1.694822072982788086e+00
-1.780180215835571289e+00
-1.629908680915832520e+00
-2.219845056533813477e+00
-1.761595249176025391e+00
-4.094187259674072266e+00
-1.405445694923400879e+00
-1.516181111335754395e+00
-6.611327528953552246e-01
-6.123980283737182617e-01
-8.199369907379150391e-02
2.821592688560485840e-01
-4.128861427307128906e-01
1.539029002189636230e+00
2.533042192459106445e+00
4.000049233436584473e-01
-2.604394555091857910e-01
-2.638322114944458008e-02
-1.426670193672180176e+00
-9.210442304611206055e-01
2.024044036865234375e+00
7.114860415458679199e-01
6.792299747467041016e-01
2.004364490509033203e+00
3.532198429107666016e+00
1.880297660827636719e-01
2.187150001525878906e+00
-3.850052356719970703e-01
-2.249335050582885742e-01
-1.227678060531616211e+00
3.425139188766479492e-01
-2.591232061386108398e-01
1.628372192382812500e+00
2.597657680511474609e+00
-2.413721084594726562e+00
2.786152601242065430e+00
-1.020101428031921387e+00
-2.249911546707153320e+00
-8.532724380493164062e-01
-2.898529291152954102e+00
-1.967600584030151367e+00
-7.961885929107666016e-01
1.496960163116455078e+00
2.876064300537109375e+00
-7.329224944114685059e-01
-1.020609617233276367e+00
-1.251517295837402344e+00
-3.043653011322021484e+00
-1.845621585845947266e+00
-5.075119018554687500e+00
-2.027622699737548828e+00
3.463668227195739746e-01
1.491294026374816895e+00
2.382523536682128906e+00
1.007224798202514648e+00
2.450150728225708008e+00
-6.654775142669677734e-01
-2.492815017700195312e+00
-3.052359223365783691e-01
3.699152469635009766e-01
1.647918820381164551e-01
2.222261667251586914e+00
-1.534456491470336914e+00
5.812883973121643066e-01
-5.689924359321594238e-01
-6.074786186218261719e-01
-2.188564300537109375e+00
1.598460197448730469e+00
7.415045499801635742e-01
1.467380762100219727e+00
6.309688091278076172e-01
1.050726413726806641e+00
-4.850427508354187012e-01
-2.649430513381958008e+00
1.745017051696777344e+00
8.666608333587646484e-01
-1.405123591423034668e+00
-2.012060642242431641e+00
-7.961056828498840332e-01
6.259788274765014648e-01
-1.468025684356689453e+00
2.126574516296386719e+00
-1.072896957397460938e+00
-8.284147381782531738e-01
7.823306322097778320e-02
3.046053409576416016e+00
1.063408255577087402e+00
-5.838464498519897461e-01
-6.201529502868652344e-01
4.061723351478576660e-01
-8.341722488403320312e-01
-3.914160132408142090e-01
5.640094876289367676e-01
1.611813306808471680e+00
-1.283692359924316406e+00
-1.658513784408569336e+00
-2.736416578292846680e+00
-5.410538613796234131e-02
-1.281848192214965820e+00
-5.889797210693359375e-01
1.410722494125366211e+00
3.949353098869323730e-02
-1.142498254776000977e+00
8.009701371192932129e-01
3.560761213302612305e-01
9.272217750549316406e-01
-3.906451761722564697e-01
-2.121475696563720703e+00
-1.764825582504272461e+00
-6.561248302459716797e-01
-1.699437856674194336e+00
1.171892046928405762e+00
6.718337535858154297e-02
2.676157474517822266e+00
-3.859439492225646973e-02
-1.275545001029968262e+00
9.375058412551879883e-01
-1.380792617797851562e+00
-1.431366086006164551e+00
-7.383552193641662598e-01
-2.608138322830200195e-02
-2.469903230667114258e+00
1.724681138992309570e+00
-2.789478778839111328e+00
6.400792598724365234e-01
-1.146572589874267578e+00
-1.418397188186645508e+00
-1.739597678184509277e+00
-9.637390971183776855e-01
-2.087894916534423828e+00
-3.867994546890258789e-01
1.214015841484069824e+00
1.213651180267333984e+00
1.346169710159301758e+00
-2.574578046798706055e+00
2.951091051101684570e+00
5.406835079193115234e-01
9.032155275344848633e-01
-1.027759909629821777e+00
3.053563535213470459e-01
2.235440015792846680e+00
-1.880685091018676758e-01
-7.758254408836364746e-01
-1.673791885375976562e+00
-5.405696868896484375e+00
1.382760703563690186e-01
1.323832035064697266e+00
1.410059213638305664e+00
-1.180373877286911011e-01
2.817362308502197266e+00
-2.186602115631103516e+00
1.772260069847106934e+00
2.668133974075317383e-01
6.435399055480957031e-01
2.077773809432983398e+00
1.467573642730712891e+00
-6.539141535758972168e-01
-1.498867034912109375e+00
-5.641305446624755859e-01
9.463255405426025391e-01
1.194022774696350098e+00
9.155702590942382812e-01
-6.289567947387695312e-01
5.631215572357177734e-01
2.802767157554626465e-01
5.518619418144226074e-01
-1.585815250873565674e-01
1.071696877479553223e-01
-1.572901725769042969e+00
-1.820358753204345703e+00
3.903360962867736816e-01
9.333047866821289062e-01
1.735104084014892578e+00
5.431746244430541992e-01
-7.578208446502685547e-01
2.071321964263916016e+00
1.528345465660095215e+00
2.228575468063354492e+00
2.261815547943115234e+00
-1.114248514175415039e+00
-2.203344821929931641e+00
-4.294250011444091797e+00
-2.965202331542968750e+00
-2.178695917129516602e+00
-2.875263214111328125e+00
-5.213258266448974609e-01
-1.791044473648071289e+00
-2.871033906936645508e+00
-5.409833908081054688e+00
2.152937650680541992e-01
-1.799454450607299805e+00
5.319097638130187988e-01
-9.437483549118041992e-01
-7.162739634513854980e-01
-2.908867597579956055e+00
1.257354617118835449e+00
-9.782080054283142090e-01
7.699658274650573730e-01
7.812861800193786621e-01
1.433796882629394531e+00
-1.192878723144531250e+00
1.560851812362670898e+00
5.158572196960449219e-01
5.805196762084960938e-01
-1.832063913345336914e+00
1.613409638404846191e+00
-2.409242630004882812e+00
-2.203869819641113281e+00
-3.776609897613525391e+00
-1.292649805545806885e-01
-2.589649677276611328e+00
-1.995378017425537109e+00
1.086297154426574707e+00
-6.317609548568725586e-01
-2.209086656570434570e+00
1.516246676445007324e+00
-1.803370118141174316e+00
-2.169469356536865234e+00
1.596860766410827637e+00
1.380063295364379883e-01
-1.716299057006835938e+00
8.243123888969421387e-01
2.269825696945190430e+00
7.618327736854553223e-01
-6.450844407081604004e-01
-1.194280385971069336e-01
6.500438451766967773e-01
2.326070547103881836e+00
6.889545917510986328e+00
1.009195089340209961e+00
1.013291239738464355e+00
2.112955808639526367e+00
6.210547089576721191e-01
-1.853721261024475098e+00
-3.168619155883789062e+00
-3.941027522087097168e-01
3.944603443145751953e+00
1.221412777900695801e+00
-5.352363586425781250e-01
5.425359010696411133e-01
5.151600241661071777e-01
-1.545199632644653320e+00
6.845130771398544312e-02
1.777021437883377075e-01
-3.882141113281250000e-01
3.355828523635864258e-01
-8.998084068298339844e-01
-4.204436779022216797e+00
-2.043426990509033203e+00
-2.555494785308837891e+00
-3.440417766571044922e+00
-2.391267061233520508e+00
-5.222373962402343750e+00
-5.469873428344726562e+00
-2.376144409179687500e+00
-2.683315753936767578e+00
-1.716995120048522949e+00
-4.196997642517089844e+00
-1.561187028884887695e+00
-3.664594888687133789e+00
-1.836010336875915527e+00
-2.532645702362060547e+00
-5.152067661285400391e+00
-1.696708202362060547e+00
-2.325606584548950195e+00
-4.870859384536743164e-01
-3.281903743743896484e+00
-5.876052379608154297e-02
-5.203077793121337891e-01
-2.233108520507812500e+00
-2.573627233505249023e+00
-1.703706026077270508e+00
-1.309832453727722168e+00
-1.362863183021545410e-01
-1.126564264297485352e+00
5.555485486984252930e-01
-2.207188606262207031e+00
2.846316695213317871e-01
3.762750625610351562e-01
-3.179833889007568359e+00
2.897073268890380859e+00
4.585806369781494141e+00
-5.394377112388610840e-01
-2.846950292587280273e+00
-1.765593886375427246e-01
1.071364045143127441e+00
2.867834806442260742e+00
8.709212303161621094e+00
6.093752384185791016e-01
-7.395272254943847656e-01
5.483592748641967773e-01
3.814066648483276367e-01
1.121454000473022461e+00
1.596146941184997559e+00
-4.307841062545776367e-01
-1.914524883031845093e-01
9.342671632766723633e-01
1.727452039718627930e+00
-1.577841281890869141e+00
4.816057682037353516e+00
5.018176436424255371e-01
-1.131104826927185059e+00
-1.533029675483703613e+00
-6.277639865875244141e-01
-4.808624744415283203e+00
-1.403461694717407227e+00
-1.175903558731079102e+00
3.078458309173583984e+00
-1.310432672500610352e+00
3.365866422653198242e+00
2.295279979705810547e+00
-4.568795859813690186e-02
-2.927498102188110352e+00
1.115827560424804688e+00
-2.602506160736083984e+00
8.986459374427795410e-01
-3.673646450042724609e-01
1.664360523223876953e+00
3.173851490020751953e+00
3.002195596694946289e+00
-5.837528228759765625e+00
-1.017413854598999023e+00
-1.557075858116149902e+00
-3.033808946609497070e+00
4.179898738861083984e+00
5.346594333648681641e+00
2.470578551292419434e-01
2.907735705375671387e-01
4.255604267120361328e+00
1.271046161651611328e+00
2.922636508941650391e+00
1.656965613365173340e+00
5.639132976531982422e+00
-2.756003618240356445e+00
-4.081668257713317871e-01
-8.866832852363586426e-01
1.818507909774780273e-02
7.482963204383850098e-01
-3.794122695922851562e+00
-1.156131029129028320e+00
-1.926985532045364380e-01
-1.443886280059814453e+00
2.167696237564086914e+00
-2.065987586975097656e+00
-2.192716836929321289e+00
-1.196935176849365234e-01
-2.074619770050048828e+00
-9.210247993469238281e-01
1.185998558998107910e+00
-3.626758337020874023e+00
-2.333362102508544922e-01
-7.131735682487487793e-01
-2.163537979125976562e+00
1.558129072189331055e+00
-3.378349244594573975e-01
-2.666679859161376953e+00
7.263654470443725586e-02
-6.334489583969116211e-01
1.153347134590148926e+00
-5.839113712310791016e+00
5.151947498321533203e+00
-1.959390759468078613e+00
-1.311474561691284180e+00
-2.822453975677490234e+00
-6.580427646636962891e+00
4.831752300262451172e+00
-3.054150342941284180e-01
-1.987749814987182617e+00
-3.076569080352783203e+00
-8.896545171737670898e-01
-4.752753376960754395e-01
-8.052375316619873047e-01
-2.970213413238525391e+00
-4.779036045074462891e+00
-1.818541288375854492e-01
-8.724707961082458496e-01
-1.147794365882873535e+00
8.697972297668457031e-01
7.355927824974060059e-01
3.376808643341064453e+00
2.634114503860473633e+00
-3.091782808303833008e+00
3.966360569000244141e+00
6.926556825637817383e-01
1.044656753540039062e+00
-2.478938102722167969e+00
-2.213099598884582520e-01
-2.630051612854003906e+00
1.887540340423583984e+00
-4.154978752136230469e+00
-3.235628604888916016e+00
-2.467712759971618652e-01
2.886108636856079102e+00
1.353299498558044434e+00
-3.281626701354980469e+00
-2.440544843673706055e+00
-1.639601290225982666e-01
-1.646698951721191406e+00
-1.761846661567687988e+00
9.066068530082702637e-01
2.427113056182861328e+00
1.586423277854919434e+00
2.878386497497558594e+00
1.068364381790161133e+00
-3.181575775146484375e+00
-6.760008335113525391e-01
-3.827312707901000977e+00
5.062756538391113281e+00
-5.300385951995849609e-01
-2.205444812774658203e+00
-4.368904113769531250e+00
-4.301476478576660156e-01
4.241597652435302734e-02
-3.112767696380615234e+00
2.678441047668457031e+00
8.484424352645874023e-01
-4.086382865905761719e+00
-6.411706447601318359e+00
3.474000692367553711e-01
2.897735357284545898e+00
2.572933912277221680e+00
2.031542539596557617e+00
-1.465469598770141602e+00
-6.528449058532714844e-02
-1.153623461723327637e+00
-1.079981684684753418e+00
1.899387985467910767e-01
2.313494235277175903e-01
-2.304790735244750977e+00
-2.816796302795410156e-02
-8.071129322052001953e-01
7.417276382446289062e+00
-6.432283401489257812e+00
-1.831701993942260742e+00
6.375848054885864258e-01
-1.068527221679687500e+00
7.865368723869323730e-01
6.623786687850952148e-01
9.276835322380065918e-01
3.675248622894287109e+00
-1.357004523277282715e+00
1.038664579391479492e+00
-1.600267767906188965e+00
-2.898095846176147461e+00
4.990349292755126953e+00
2.132427692413330078e+00
2.800095319747924805e+00
3.104361772537231445e+00
-4.910827636718750000e+00
-2.712341785430908203e+00
-2.639737844467163086e+00
1.547802925109863281e+00
-2.847843647003173828e+00
-5.259592533111572266e+00
7.611611485481262207e-02
1.844570398330688477e+00
-2.525424242019653320e+00
3.044427394866943359e+00
-9.126936197280883789e-01
-1.492606759071350098e+00
6.557806730270385742e-01
2.779851436614990234e+00
4.374069690704345703e+00
4.383835196495056152e-01
1.671027302742004395e+00
-2.527888536453247070e+00
1.286644220352172852e+00
-2.649252414703369141e+00
3.981636524200439453e+00
-4.264459609985351562e+00
2.710901975631713867e+00
-2.991229772567749023e+00
-1.361019849777221680e+00
3.075642108917236328e+00
-1.766033887863159180e+00
-1.752299070358276367e-01
-7.405346632003784180e-02
-1.557673215866088867e-01
-6.358206272125244141e-01
-4.648645401000976562e+00
-7.054715156555175781e-01
7.540999054908752441e-01
-2.484530687332153320e+00
2.366256713867187500e+00
-1.265861630439758301e+00
-6.786388754844665527e-01
-2.002212285995483398e+00
-9.803981184959411621e-01
1.142168998718261719e+00
-8.735635280609130859e-01
-4.755995273590087891e-01
6.173480749130249023e-01
2.043296337127685547e+00
8.340577125549316406e+00
-1.604831933975219727e+00
-4.207247257232666016e+00
4.473198413848876953e+00
-4.247480392456054688e+00
1.880828142166137695e-01
-1.460717678070068359e+00
-7.775299549102783203e-01
2.879473924636840820e+00
2.002983570098876953e+00
8.268728852272033691e-01
-1.488955378532409668e+00
-7.488787174224853516e-02
2.487421035766601562e-02
2.498012065887451172e+00
-4.867261886596679688e+00
-1.441162467002868652e+00
4.873521804809570312e+00
-3.377326726913452148e-01
-8.934379220008850098e-01
3.231583118438720703e+00
-1.341203689575195312e+00
-2.705820798873901367e-01
-3.793624639511108398e+00
-1.988474607467651367e+00
2.009565353393554688e+00
2.567700862884521484e+00
3.815707921981811523e+00
2.679515838623046875e+00
-7.023574113845825195e-01
-3.669743061065673828e+00
-2.599762916564941406e+00
-2.976900041103363037e-01
-2.589070796966552734e+00
1.832515716552734375e+00
2.262824058532714844e+00
-1.758360266685485840e+00
-4.072397232055664062e+00
2.765682339668273926e-01
-4.364713668823242188e+00
1.212000250816345215e-01
3.690344333648681641e+00
-4.780606627464294434e-01
4.916908442974090576e-01
2.500236034393310547e-01
2.814259290695190430e+00
1.401300668716430664e+00
-8.292082548141479492e-01
1.454200506210327148e+00
2.265884399414062500e+00
-1.366360187530517578e-01
-9.554156661033630371e-01
5.747138023376464844e+00
2.189277172088623047e+00
4.980264306068420410e-01
-3.549114227294921875e+00
-2.543151974678039551e-01
5.262344360351562500e+00
5.649178981781005859e+00
1.504878044128417969e+00
1.071652650833129883e+00
5.362586975097656250e+00
-4.232034683227539062e+00
-3.701029300689697266e+00
-2.641610383987426758e+00
-5.614437103271484375e+00
-3.845463991165161133e-01
2.064852714538574219e-01
1.714877605438232422e+00
-2.727634906768798828e+00
4.911165237426757812e-01
2.047666072845458984e+00
-4.341131448745727539e-02
-1.389269232749938965e+00
-2.342791318893432617e+00
-6.746704101562500000e+00
4.309494495391845703e-01
-4.068339765071868896e-01
-1.450362205505371094e+00
8.169484138488769531e-01
-1.657956540584564209e-01
2.371679782867431641e+00
1.036870956420898438e+00
-2.339782714843750000e+00
-1.070979952812194824e+00
1.197632312774658203e+00
-1.551673531532287598e+00
4.833433628082275391e+00
9.280958175659179688e-01
1.039783239364624023e+00
6.092554092407226562e+00
-2.035906553268432617e+00
1.168556094169616699e+00
-3.958368897438049316e-01
1.638442754745483398e+00
4.239362716674804688e+00
-2.128823518753051758e+00
-4.890139102935791016e-01
2.483589172363281250e+00
3.286376222968101501e-02
1.034320235252380371e+00
-1.228415966033935547e+00
-1.929545164108276367e+00
-3.352900505065917969e+00
-3.342345714569091797e+00
5.284060955047607422e+00
-2.343586206436157227e+00
-4.459485709667205811e-01
3.274117112159729004e-01
-4.666737556457519531e+00
7.797588348388671875e+00
6.925041675567626953e-01
3.227574229240417480e-01
1.926019549369812012e+00
2.446072399616241455e-01
-4.595672130584716797e+00
3.942070484161376953e+00
-7.636061906814575195e-01
-9.633908867835998535e-01
1.784568309783935547e+00
-1.151457667350769043e+00
-2.210513114929199219e+00
1.302551150321960449e+00
-4.554278373718261719e+00
2.963347911834716797e+00
-1.024009585380554199e-01
-2.981466054916381836e-01
2.926074028015136719e+00
-1.936706185340881348e+00
-4.504345417022705078e+00
5.176033973693847656e+00
-2.672239542007446289e+00
2.184350013732910156e+00
7.423095107078552246e-01
-2.174823284149169922e+00
-2.676242828369140625e+00
7.695215940475463867e-01
2.253023386001586914e+00
-8.538110256195068359e-01
9.843313217163085938e+00
1.856139659881591797e+00
4.300723671913146973e-01
1.109626770019531250e+00
-7.511178016662597656e+00
4.514028549194335938e+00
1.317594289779663086e+00
2.339478015899658203e+00
-2.147822856903076172e+00
-3.425564289093017578e+00
1.325874924659729004e+00
-2.265264511108398438e+00
3.069770336151123047e+00
-4.545534610748291016e+00
-9.487518668174743652e-01
-3.021658062934875488e-01
-4.210480690002441406e+00
-2.304935455322265625e+00
1.664370656013488770e+00
1.912364482879638672e+00
-8.025892972946166992e-01
-1.601455569267272949e+00
-4.577268362045288086e-01
-4.006352424621582031e+00
2.399287462234497070e+00
3.549261331558227539e+00
-2.789779424667358398e+00
-1.025002479553222656e+00
-1.539919853210449219e+00
-4.407373666763305664e-01
1.090523004531860352e-01
4.145689308643341064e-01
-7.614971399307250977e-01
-3.499801158905029297e+00
-3.002312421798706055e+00
-1.627406239509582520e+00
-2.079068183898925781e+00
8.890725374221801758e-01
-1.928402185440063477e-01
1.649332284927368164e+00
-8.975847959518432617e-01
5.774801373481750488e-01
5.184103846549987793e-01
-1.225035071372985840e+00
2.276620388031005859e+00
2.195965051651000977e+00
1.025021970272064209e-01
8.650081157684326172e-01
-2.435422420501708984e+00
6.292954087257385254e-01
-1.662461280822753906e+00
-1.806857347488403320e+00
4.520451068878173828e+00
-4.416221380233764648e-01
-4.018316864967346191e-01
-1.146872758865356445e+00
-1.385528564453125000e+00
4.646291434764862061e-01
1.132003545761108398e+00
6.363866329193115234e-01
-4.543542385101318359e+00
-2.450065135955810547e+00
2.427024841308593750e-01
-4.175333499908447266e+00
3.706157684326171875e+00
-2.543617486953735352e-01
-3.029312133789062500e+00
1.913122177124023438e+00
-4.954996109008789062e-01
6.362377405166625977e-01
-3.227505683898925781e+00
8.146801590919494629e-01
2.194946706295013428e-01
-4.749531269073486328e+00
-2.788153886795043945e-01
5.068140029907226562e+00
-2.745997607707977295e-01
-2.512042284011840820e+00
1.530323028564453125e-01
-4.362295269966125488e-01
-4.679675579071044922e+00
2.040172100067138672e+00
5.058507919311523438e+00
1.149158239364624023e+00
-1.219526410102844238e+00
3.638459205627441406e+00
1.232056736946105957e+00
1.279734849929809570e+00
-6.465018987655639648e-01
2.996463060379028320e+00
-1.682730436325073242e+00
2.704083442687988281e+00
1.742044925689697266e+00
-3.705611824989318848e-01
-3.552470207214355469e+00
-3.651814460754394531e+00
-1.076389312744140625e+00
5.130971670150756836e-01
-4.841500759124755859e+00
-1.035761535167694092e-01
-1.268968462944030762e+00
2.012788057327270508e+00
-1.632484793663024902e-01
2.463351249694824219e+00
3.728195667266845703e+00
5.155719518661499023e-01
-1.412633776664733887e+00
-5.023539066314697266e-01
5.011975288391113281e+00
-2.818171501159667969e+00
-2.195520162582397461e+00
1.292426586151123047e-01
1.667907476425170898e+00
2.716701507568359375e+00
-5.500298738479614258e-01
1.980691671371459961e+00
3.545427322387695312e-02
9.808274507522583008e-01
7.517500877380371094e+00
-2.596634626388549805e-02
8.248453140258789062e-01
1.135855197906494141e+00
7.660574316978454590e-01
2.445855140686035156e+00
-1.885816097259521484e+00
-4.097008228302001953e+00
3.057344913482666016e+00
-1.832029223442077637e+00
-3.120978116989135742e+00
1.726460576057434082e+00
2.039252758026123047e+00
-4.900683462619781494e-01
1.709330558776855469e+00
1.352681398391723633e+00
2.568035840988159180e+00
1.749216556549072266e+00
-2.941009521484375000e+00
9.608714580535888672e-01
5.673373937606811523e-01
-3.410945177078247070e+00
1.473744273185729980e+00
-3.750362396240234375e+00
1.606081485748291016e+00
-1.314367055892944336e-01
-8.384317159652709961e-01
2.384562492370605469e+00
-3.341062307357788086e+00
-1.768713831901550293e+00
-5.061349868774414062e-01
-9.930632114410400391e-01
1.324299097061157227e+00
-3.527900934219360352e+00
-3.210539579391479492e+00
-1.506752014160156250e+00
3.709885835647583008e+00
1.109374523162841797e+00
4.884265065193176270e-01
-2.257379889488220215e-01
2.968273639678955078e+00
-7.975599169731140137e-01
-5.448260784149169922e+00
4.898030757904052734e-01
4.704002380371093750e+00
3.766457080841064453e+00
9.653723239898681641e-02
5.210678100585937500e+00
4.375585556030273438e+00
3.571461915969848633e+00
3.778947591781616211e+00
1.109058022499084473e+00
-2.331145524978637695e+00
2.314161539077758789e+00
3.149896860122680664e+00
3.816263377666473389e-01
-8.615993261337280273e-01
3.736151695251464844e+00
-3.530860900878906250e+00
-5.679085850715637207e-01
-3.350060224533081055e+00
2.320265769958496094e-02
-5.639797210693359375e+00
-2.456796407699584961e+00
-2.130467891693115234e+00
-2.354360818862915039e+00
-2.990727424621582031e+00
-3.951121330261230469e+00
2.843004226684570312e+00
-2.870635271072387695e+00
-1.458812117576599121e+00
-2.536740779876708984e+00
-3.043269157409667969e+00
-1.468736886978149414e+00
-2.983436107635498047e+00
2.154825210571289062e+00
5.163081884384155273e-01
-1.163698554039001465e+00
1.045271754264831543e-01
7.851015776395797729e-02
-6.846137642860412598e-01
-3.021692752838134766e+00
-1.452488899230957031e+00
-1.131880283355712891e+00
-6.643894910812377930e-01
2.678218126296997070e+00
-2.754084467887878418e-01
-9.215657114982604980e-01
-1.121036291122436523e+00
-1.706150293350219727e+00
2.167577743530273438e+00
-2.789131104946136475e-01
-4.067584991455078125e+00
-3.940279245376586914e+00
-3.359098196029663086e+00
-2.408457279205322266e+00
-2.905445337295532227e+00
-2.471376419067382812e+00
3.044901609420776367e+00
-6.125995635986328125e+00
2.237831950187683105e-01
-1.813421964645385742e+00
4.428770065307617188e+00
1.139652729034423828e-01
5.874542713165283203e+00
4.674363136291503906e+00
8.375791907310485840e-01
6.705109119415283203e+00
6.283718109130859375e+00
4.596933364868164062e+00
7.822139739990234375e+00
6.119965553283691406e+00
4.608356475830078125e+00
-4.319499135017395020e-01
-1.041868805885314941e+00
4.863108992576599121e-01
5.032634258270263672e+00
5.114577293395996094e+00
1.330603122711181641e+00
3.024019718170166016e+00
2.040535211563110352e-02
-9.122150540351867676e-01
-1.814805746078491211e+00
6.170909106731414795e-02
1.107164144515991211e+00
-2.439359188079833984e+00
-2.492387533187866211e+00
-7.490348815917968750e-01
2.545556128025054932e-01
-2.146249115467071533e-01
2.400546550750732422e+00
-3.617894649505615234e-02
