9.072216749191284180e-01
4.658321738243103027e-01
1.327478885650634766e+00
6.446957588195800781e-03
1.368578791618347168e+00
-1.183468103408813477e+00
-1.881485819816589355e+00
-3.267674446105957031e+00
-2.637727022171020508e+00
1.742610812187194824e+00
-4.023946523666381836e-01
1.091102361679077148e+00
-1.091728091239929199e+00
-1.065885543823242188e+00
4.256030917167663574e-01
-1.535862922668457031e+00
-9.352667331695556641e-01
-3.358595967292785645e-01
7.429357171058654785e-01
-3.039886951446533203e-01
-8.085991144180297852e-01
-6.336162686347961426e-01
3.714474439620971680e-01
-3.344072103500366211e-01
-3.270776510238647461e+00
-3.455907344818115234e+00
-2.460876941680908203e+00
-7.336272001266479492e-01
-3.925109386444091797e+00
-2.706427335739135742e+00
-2.747452020645141602e+00
-6.968928575515747070e-01
-4.571784496307373047e+00
1.058221101760864258e+00
1.695342957973480225e-01
-2.746710062026977539e+00
-1.638262510299682617e+00
-1.686098575592041016e+00
-3.478196620941162109e+00
-1.355694532394409180e+00
1.864042758941650391e+00
-2.774943828582763672e+00
-1.906347036361694336e+00
-4.717339038848876953e+00
2.647531032562255859e-02
-1.894723176956176758e+00
-3.814252018928527832e-01
-2.456606864929199219e+00
3.345668911933898926e-01
-4.496527314186096191e-01
1.175780773162841797e+00
-4.613883018493652344e+00
2.287697792053222656e+00
-2.865536808967590332e-01
5.688021779060363770e-01
1.249938726425170898e+00
-2.888551354408264160e-01
-3.090034723281860352e+00
3.997698068618774414e+00
1.249904632568359375e-01
1.581933259963989258e+00
2.185554981231689453e+00
1.088735222816467285e+00
-2.883635997772216797e+00
1.173529863357543945e+00
1.450431704521179199e+00
-3.003921508789062500e-01
1.210465192794799805e+00
-1.357799768447875977e-02
8.868888616561889648e-01
-7.929396033287048340e-01
-2.631701946258544922e+00
-8.932301998138427734e-01
1.347719579935073853e-01
-2.938111424446105957e-01
-6.995471715927124023e-01
-5.735635757446289062e-03
1.647341847419738770e+00
-1.629756927490234375e+00
1.892492413520812988e+00
1.581866383552551270e+00
1.927360177040100098e+00
-4.836547374725341797e-01
-5.867161750793457031e-01
2.631116867065429688e+00
-1.702007353305816650e-01
1.614634513854980469e+00
-1.760774731636047363e+00
1.606862545013427734e-01
1.315850973129272461e+00
-8.635467290878295898e-01
-4.959604144096374512e-01
1.639340758323669434e+00
-2.011854648590087891e+00
8.609519600868225098e-01
-3.194164276123046875e+00
8.917284011840820312e-02
1.949598431587219238e+00
-2.402480840682983398e-01
4.984587669372558594e+00
3.913087844848632812e-01
-1.186287164688110352e+00
-1.645721793174743652e-01
-3.411369323730468750e-01
-1.771414995193481445e+00
-3.354071140289306641e+00
2.549107074737548828e-01
2.746996879577636719e+00
1.423392653465270996e+00
2.780591726303100586e+00
-2.559940338134765625e+00
7.748656272888183594e-01
1.567160010337829590e+00
-1.544649839401245117e+00
-2.657080888748168945e+00
-1.510023832321166992e+00
-1.327695727348327637e+00
-8.914511203765869141e-01
8.306539058685302734e-02
-3.353155374526977539e+00
-2.227054595947265625e+00
-6.064037084579467773e-01
-2.519414901733398438e+00
-2.502889394760131836e+00
-1.633292555809020996e+00
3.666555881500244141e-02
-7.220150828361511230e-01
9.637051224708557129e-01
1.570967555046081543e+00
-7.390761375427246094e-01
2.838446140289306641e+00
-1.341239809989929199e-01
1.511172294616699219e+00
-6.389975547790527344e-01
1.597893357276916504e+00
6.319087743759155273e-01
-8.789472579956054688e-01
6.928815841674804688e-01
1.591834783554077148e+00
5.154812932014465332e-01
1.529691219329833984e-01
1.117447495460510254e+00
2.002989292144775391e+00
1.205715656280517578e+00
3.776757478713989258e+00
2.443928003311157227e+00
-4.029280543327331543e-01
7.155693769454956055e-01
3.301054477691650391e+00
6.190619468688964844e-01
2.700146675109863281e+00
2.037681341171264648e+00
-2.411756038665771484e+00
-1.630499958992004395e-01
-2.730169773101806641e+00
-2.224581241607666016e+00
-1.290593385696411133e+00
-2.523166894912719727e+00
-9.586482644081115723e-01
6.264896392822265625e-01
-1.985594987869262695e+00
1.653578400611877441e+00
-5.701654553413391113e-01
-2.168987989425659180e+00
-8.139119744300842285e-01
-1.859301924705505371e+00
-1.161144971847534180e+00
-1.279312133789062500e+00
1.092115044593811035e-02
1.037123680114746094e+00
9.728491306304931641e-01
4.103426456451416016e+00
3.353978157043457031e+00
2.845963239669799805e+00
-2.081296443939208984e+00
-7.619456052780151367e-01
1.353796839714050293e+00
9.787572026252746582e-01
3.818758249282836914e+00
-1.758329153060913086e+00
-1.696808815002441406e+00
-1.723486900329589844e+00
-6.887596845626831055e-01
-7.309039235115051270e-01
2.501572608947753906e+00
1.899738669395446777e+00
-2.390600919723510742e+00
-1.019572019577026367e+00
5.609753131866455078e-01
2.258930683135986328e+00
2.506556987762451172e+00
1.816262006759643555e+00
3.981415629386901855e-01
-1.964663147926330566e+00
-1.674323439598083496e+00
-1.582017183303833008e+00
-1.409609675407409668e+00
1.403402328491210938e+00
-1.442405343055725098e+00
1.556786775588989258e+00
-9.490197896957397461e-01
-3.134645462036132812e+00
1.875587105751037598e-01
4.037854671478271484e+00
-7.802410721778869629e-01
3.074447512626647949e-01
2.933615446090698242e+00
1.135305762290954590e+00
3.739750146865844727e+00
1.860080003738403320e+00
-1.459565877914428711e+00
8.303134441375732422e-01
1.530444383621215820e+00
6.292343139648437500e-01
-1.441082596778869629e+00
-1.275328248739242554e-01
-9.677883982658386230e-01
-1.981141090393066406e+00
-2.165205329656600952e-01
2.454188764095306396e-01
-1.834108352661132812e+00
-3.476384282112121582e-01
1.905507445335388184e+00
3.588807582855224609e-01
9.271111488342285156e-01
-2.286523103713989258e+00
1.995714187622070312e+00
5.799272060394287109e-01
-1.113601207733154297e+00
3.467762172222137451e-01
-1.090577363967895508e+00
9.266726970672607422e-01
-3.720254004001617432e-01
5.177266597747802734e-01
-5.046390891075134277e-01
-1.114547371864318848e+00
-1.220539659261703491e-01
1.030925750732421875e+00
1.798667788505554199e+00
-1.086803913116455078e+00
2.632596015930175781e+00
1.310597062110900879e+00
4.966188371181488037e-01
-1.967413902282714844e+00
-2.932943820953369141e+00
6.743136048316955566e-02
-7.758245468139648438e-01
-1.465770483016967773e+00
1.173637866973876953e+00
1.342372298240661621e+00
-1.938943862915039062e-01
1.980080723762512207e+00
-1.345367193222045898e+00
1.426570653915405273e+00
-1.281174898147583008e+00
-1.119637489318847656e+00
-1.320953130722045898e+00
2.328495502471923828e+00
3.341357231140136719e+00
-2.764531135559082031e+00
-1.964780330657958984e+00
-4.022642135620117188e+00
-2.543111562728881836e+00
3.884544670581817627e-01
2.460160493850708008e+00
6.976063251495361328e-01
-8.816357851028442383e-01
4.001599311828613281e+00
-1.190648317337036133e+00
1.108760714530944824e+00
7.137273997068405151e-02
-2.625667095184326172e+00
1.352708578109741211e+00
1.447850465774536133e+00
-1.428087592124938965e+00
-5.000677108764648438e+00
-3.392332792282104492e+00
-8.386313915252685547e-01
-3.376472473144531250e+00
1.260774970054626465e+00
-1.200203061103820801e+00
-1.767543554306030273e-01
-2.403431177139282227e+00
-2.616148591041564941e-01
-4.207689464092254639e-01
-1.299366950988769531e+00
-7.544685602188110352e-01
-1.700705528259277344e+00
-1.025588989257812500e+00
-2.475784540176391602e+00
-6.692608594894409180e-01
-3.683365345001220703e+00
-1.482248187065124512e+00
-7.803222537040710449e-01
6.825188398361206055e-01
4.260374009609222412e-01
4.761175155639648438e+00
-2.087882757186889648e+00
-7.359431982040405273e-01
-4.007408142089843750e+00
-2.561322212219238281e+00
3.502198457717895508e-01
-2.809134960174560547e+00
-3.467953205108642578e+00
-2.691597938537597656e+00
-6.755988597869873047e-01
-3.237583637237548828e+00
-7.955216169357299805e-01
3.998399972915649414e-01
-1.101250767707824707e+00
3.465031147003173828e+00
-6.189703941345214844e-03
-4.252796173095703125e-01
4.772380828857421875e+00
-3.136229038238525391e+00
-1.764728724956512451e-01
-1.945733785629272461e+00
-8.085308074951171875e-01
-1.019528627395629883e+00
3.601474761962890625e-01
-4.341168105602264404e-01
-1.290854930877685547e+00
-1.559953927993774414e+00
-5.067619085311889648e-01
-3.110286951065063477e+00
-2.281212329864501953e+00
-3.855411529541015625e+00
1.885136127471923828e+00
2.803304195404052734e-01
5.366597771644592285e-01
5.175527930259704590e-01
4.224554002285003662e-01
-2.031583309173583984e+00
1.544872403144836426e+00
-3.648207187652587891e+00
-2.606351613998413086e+00
-2.641063928604125977e-01
-5.594250559806823730e-01
8.484055995941162109e-01
-2.226937413215637207e-01
1.665641069412231445e+00
2.192074775695800781e+00
2.762492299079895020e-01
-2.362842559814453125e+00
-7.930600643157958984e-02
1.068266630172729492e+00
1.035371661186218262e+00
3.631224155426025391e+00
3.528379440307617188e+00
3.064915418624877930e+00
-3.314477205276489258e-02
-1.160270690917968750e+00
-1.623589992523193359e+00
8.264985084533691406e-01
1.674804091453552246e+00
-3.637435436248779297e-01
4.173931479454040527e-01
2.581648349761962891e+00
-1.785469502210617065e-01
-4.730166196823120117e-01
4.540404975414276123e-01
-9.850544333457946777e-01
-3.216643095016479492e+00
-2.715805292129516602e+00
-1.732455372810363770e+00
-2.711242437362670898e+00
-1.924239397048950195e+00
-3.975534439086914062e+00
-2.666194438934326172e+00
-2.802209138870239258e+00
-1.913422346115112305e+00
-4.060292243957519531e+00
-1.319495797157287598e+00
-3.431020021438598633e+00
-2.368905305862426758e+00
-3.274740934371948242e+00
-2.319053649902343750e+00
-4.404206275939941406e+00
-3.483176708221435547e+00
-2.378736972808837891e+00
-3.332941532135009766e+00
5.524188876152038574e-01
-2.390444278717041016e+00
-1.104495525360107422e+00
-2.513623952865600586e+00
-9.791580438613891602e-01
4.555839300155639648e-01
-2.115094423294067383e+00
-7.289211153984069824e-01
-1.394177675247192383e+00
-2.474956274032592773e+00
9.800357818603515625e-01
1.415881276130676270e+00
6.229457855224609375e-01
-7.799947261810302734e-02
-2.831233143806457520e-01
1.706704974174499512e+00
-1.927529335021972656e+00
3.003520011901855469e+00
8.100154995918273926e-01
-3.614696025848388672e+00
5.249699354171752930e-01
1.627258062362670898e+00
6.993465423583984375e-01
2.829271554946899414e+00
2.579770803451538086e+00
-5.735426902770996094e+00
1.272626161575317383e+00
7.222539186477661133e-01
1.745530366897583008e+00
3.687524795532226562e+00
-1.178308963775634766e+00
8.245623111724853516e-01
-2.279591411352157593e-01
7.183306813240051270e-01
-3.092606067657470703e-01
-1.293638467788696289e+00
5.620894432067871094e+00
2.895433664321899414e+00
9.573942422866821289e-01
-3.359863519668579102e+00
1.906094551086425781e+00
-2.613267898559570312e+00
-2.971152067184448242e+00
-2.286455631256103516e-01
3.364984750747680664e+00
-2.411530256271362305e+00
2.829676628112792969e+00
2.043181180953979492e+00
-2.369739115238189697e-02
-4.596596956253051758e-01
-1.599816083908081055e+00
-8.610650300979614258e-01
1.041860580444335938e+00
4.257065296173095703e+00
3.779683828353881836e+00
1.938884496688842773e+00
4.051365375518798828e+00
-2.208587408065795898e+00
-3.847218751907348633e+00
-1.464848637580871582e+00
-2.601684331893920898e-01
-1.378243446350097656e+00
2.169269323348999023e-01
-2.342438995838165283e-01
1.837561607360839844e+00
2.456804513931274414e+00
1.318014264106750488e+00
1.206216454505920410e+00
5.313097953796386719e+00
4.335167407989501953e+00
-2.825625419616699219e+00
2.709744572639465332e-01
-1.124617099761962891e+00
-1.657520532608032227e+00
-7.727832794189453125e-01
-8.229131102561950684e-01
7.613198161125183105e-01
-6.338595747947692871e-01
-7.038180232048034668e-01
5.331389427185058594e+00
-4.186730861663818359e+00
9.693496227264404297e-01
9.519130587577819824e-01
1.577341318130493164e+00
-1.360902547836303711e+00
2.321444034576416016e+00
-3.182542562484741211e+00
-4.112504720687866211e-01
-2.433840513229370117e+00
-2.553636550903320312e+00
-1.918886423110961914e+00
3.778138637542724609e+00
-3.028081417083740234e+00
-8.321529626846313477e-02
4.244167327880859375e+00
-3.861706256866455078e+00
-4.613569736480712891e+00
2.151065349578857422e+00
-1.298147559165954590e+00
2.236895799636840820e+00
-4.742916822433471680e-01
-2.048177242279052734e+00
2.811907529830932617e-01
1.386682271957397461e+00
-3.653237223625183105e-02
-4.541052341461181641e+00
-1.741143345832824707e+00
2.406491041183471680e+00
2.937960147857666016e+00
-1.779241323471069336e+00
-1.412651538848876953e+00
1.699061870574951172e+00
3.871204257011413574e-01
-2.862781047821044922e+00
-2.197710275650024414e+00
-5.203509330749511719e-01
3.838556289672851562e+00
4.796767234802246094e-02
-1.325343847274780273e+00
1.111293792724609375e+00
1.293694376945495605e+00
1.444494247436523438e+00
-1.281209230422973633e+00
-2.114220261573791504e-01
-1.535858392715454102e+00
-9.166338443756103516e-01
-2.200643301010131836e+00
4.948848485946655273e-01
-4.177612304687500000e+00
2.462815999984741211e+00
1.175521254539489746e+00
-5.924124717712402344e+00
-4.113766551017761230e-01
1.209909021854400635e-01
1.783534765243530273e+00
-1.988506436347961426e+00
2.771496295928955078e+00
2.313817501068115234e+00
2.500674486160278320e+00
-1.902241945266723633e+00
-2.599101066589355469e+00
-1.609034061431884766e+00
1.879556536674499512e+00
-3.785675287246704102e+00
6.513220787048339844e+00
-4.588359892368316650e-01
5.343676805496215820e-01
-2.299579620361328125e+00
-6.155730485916137695e-01
5.809839248657226562e+00
5.788525938987731934e-01
-1.040762186050415039e+00
2.567179918289184570e+00
-2.253019809722900391e+00
-6.727485179901123047e+00
4.035398006439208984e+00
6.311511516571044922e+00
-2.847428917884826660e-01
5.692232251167297363e-01
-7.845276594161987305e-01
-4.646800756454467773e-01
-4.286581277847290039e-01
4.992533326148986816e-01
-2.699810743331909180e+00
3.101835250854492188e+00
-3.127475500106811523e+00
1.617847204208374023e+00
-1.202966213226318359e+00
3.986905097961425781e+00
-7.340109825134277344e+00
7.949801683425903320e-01
4.621634185314178467e-01
3.835518121719360352e+00
1.667821168899536133e+00
-4.685487151145935059e-01
1.621833920478820801e+00
3.136731147766113281e+00
-1.677453041076660156e+00
-6.388264894485473633e-01
-1.220432519912719727e+00
-7.625506520271301270e-01
1.913871407508850098e+00
2.999494075775146484e+00
-2.073608875274658203e+00
2.595403671264648438e+00
-3.593879222869873047e+00
-2.217960119247436523e+00
7.501341104507446289e-01
1.419026702642440796e-01
-2.235217332839965820e+00
-3.101854562759399414e+00
-3.893565237522125244e-01
-4.623078107833862305e-01
-1.290838241577148438e+00
-1.198585033416748047e-01
-3.002371788024902344e+00
-2.168687582015991211e+00
-1.373258531093597412e-01
1.666854619979858398e+00
4.579093933105468750e+00
2.374838113784790039e+00
-1.814714550971984863e+00
-2.887278318405151367e+00
-1.258196115493774414e+00
9.647464752197265625e-01
-1.287214994430541992e+00
1.950978517532348633e+00
2.849210739135742188e+00
-1.376375555992126465e+00
1.443547487258911133e+00
3.017407655715942383e-02
-1.176260471343994141e+00
5.387836694717407227e-01
-7.808879613876342773e-01
1.477587819099426270e+00
1.125525116920471191e+00
-3.607754707336425781e+00
2.034291267395019531e+00
2.733034133911132812e+00
-2.008390426635742188e+00
1.668907880783081055e+00
-2.580744981765747070e+00
-1.052164077758789062e+00
4.864047169685363770e-01
6.300764083862304688e-01
-4.325477480888366699e-01
-2.628187417984008789e+00
1.210475802421569824e+00
2.707782268524169922e+00
-1.496978998184204102e-01
2.010437250137329102e+00
-2.865133285522460938e+00
-2.243531465530395508e+00
-9.682601094245910645e-01
-5.553441047668457031e-01
1.873286962509155273e+00
1.453008770942687988e+00
-3.553195476531982422e+00
2.787367343902587891e+00
5.990998268127441406e+00
9.097567796707153320e-01
7.317528128623962402e-02
6.443860530853271484e-01
-3.998957395553588867e+00
2.068017005920410156e+00
3.706435561180114746e-01
-9.152598381042480469e-01
1.329036712646484375e+00
-3.023908138275146484e+00
-1.697401404380798340e-01
5.218876600265502930e-01
-9.043908119201660156e-01
1.332979559898376465e+00
-1.075845122337341309e+00
-1.202738285064697266e+00
3.628486156463623047e+00
3.957205533981323242e+00
1.478132128715515137e+00
4.313568472862243652e-01
-2.873845100402832031e+00
-1.626525402069091797e+00
-1.919625043869018555e+00
-1.625603914260864258e+00
-7.373404502868652344e-02
3.891783356666564941e-01
1.337462663650512695e-01
1.461078047752380371e+00
-2.145230293273925781e+00
-2.730239629745483398e-01
-3.316305160522460938e+00
3.792852878570556641e+00
-1.964708924293518066e+00
-4.079955816268920898e-02
5.992456078529357910e-01
-4.538477659225463867e-01
3.360646963119506836e+00
-3.011209249496459961e+00
9.412678480148315430e-01
1.440287828445434570e+00
3.224441766738891602e+00
-2.224577426910400391e+00
-1.024283409118652344e+00
2.981977164745330811e-01
4.408633232116699219e+00
1.714832544326782227e+00
-1.730868935585021973e+00
-3.009422063827514648e+00
-2.238329410552978516e+00
2.010602235794067383e+00
-2.410504221916198730e-01
6.397438645362854004e-01
4.014440536499023438e+00
-2.902006387710571289e+00
-1.809424161911010742e+00
-8.512196540832519531e-01
-2.543109953403472900e-01
-2.028492927551269531e+00
-1.334716081619262695e-01
2.062902450561523438e+00
-2.926531791687011719e+00
2.927494764328002930e+00
2.546909809112548828e+00
-1.602092027664184570e+00
-3.417924165725708008e+00
-1.492993235588073730e+00
-1.154382824897766113e+00
-1.789292216300964355e+00
3.139599800109863281e+00
-5.548724532127380371e-01
-3.418352603912353516e+00
3.155566215515136719e+00
3.727581501007080078e+00
4.127121448516845703e+00
3.992295563220977783e-01
-2.347642421722412109e+00
2.112519025802612305e+00
-5.062445640563964844e+00
5.931011438369750977e-01
-5.381029844284057617e-01
4.753378391265869141e+00
5.404727458953857422e+00
-3.126518011093139648e+00
2.268247127532958984e+00
-5.724691748619079590e-01
-2.650465965270996094e-01
2.254476070404052734e+00
6.081399917602539062e-01
-1.604524850845336914e+00
1.270005464553833008e+00
-1.049089789390563965e+00
2.215350151062011719e+00
2.727860212326049805e-02
3.126809835433959961e+00
7.603719234466552734e-01
-4.424164772033691406e+00
5.842207431793212891e+00
1.512954473495483398e+00
2.620434284210205078e+00
-3.594505310058593750e+00
-3.150297641754150391e+00
2.458878993988037109e+00
2.753307580947875977e+00
-1.976966559886932373e-01
1.268999457359313965e+00
-1.988877773284912109e+00
-4.442608833312988281e+00
1.308386206626892090e+00
4.207476139068603516e+00
1.494263887405395508e+00
2.438879609107971191e-01
1.854665279388427734e+00
-1.328321456909179688e+00
2.121839523315429688e+00
-2.081813812255859375e+00
2.515020370483398438e+00
6.166553497314453125e-01
-1.325419425964355469e+00
3.838461875915527344e+00
-2.417305707931518555e+00
-1.616162300109863281e+00
8.793711662292480469e-01
2.741835594177246094e+00
-6.658620834350585938e-01
-3.511470317840576172e+00
-1.975553929805755615e-01
4.427814781665802002e-01
-5.516837239265441895e-01
-5.351691246032714844e-01
-1.153890013694763184e+00
2.351340293884277344e+00
-1.570062160491943359e+00
2.489956617355346680e-01
1.372616648674011230e+00
-6.204483509063720703e-01
1.439770936965942383e+00
-1.313962638378143311e-01
3.764029741287231445e-01
3.546699881553649902e-02
4.854415655136108398e-01
4.817432403564453125e+00
-2.663149833679199219e-01
-1.178985357284545898e+00
-3.057199716567993164e+00
-3.582021594047546387e-01
-1.154955267906188965e+00
-8.379650712013244629e-01
-1.578673481941223145e+00
1.431238412857055664e+00
2.690454721450805664e+00
1.441871225833892822e-01
9.554939270019531250e-01
4.239260852336883545e-01
-4.149402976036071777e-01
-8.095443844795227051e-01
3.442742824554443359e+00
-1.600719690322875977e-01
-2.001796007156372070e+00
-3.203255236148834229e-01
1.894108414649963379e+00
1.361805677413940430e+00
-1.121531724929809570e+00
5.710677623748779297e+00
-1.523473143577575684e+00
-2.103732585906982422e+00
2.518666744232177734e+00
-2.905967473983764648e+00
-7.830091714859008789e-01
-4.738215446472167969e+00
4.092239379882812500e+00
4.383040666580200195e-01
3.437924861907958984e+00
3.795634746551513672e+00
1.486970424652099609e+00
3.021216630935668945e+00
5.871779918670654297e+00
3.422522068023681641e+00
1.759422063827514648e+00
-2.319244146347045898e+00
3.537598609924316406e+00
-3.365557909011840820e+00
-8.569003343582153320e-01
7.886796474456787109e+00
5.528469085693359375e+00
-2.908026456832885742e+00
1.002619266510009766e+00
3.352702379226684570e+00
1.787594914436340332e+00
-4.477338194847106934e-01
-1.009977102279663086e+00
-1.534925103187561035e-01
1.639308094978332520e+00
-1.876929551362991333e-01
-3.357073545455932617e+00
1.193081617355346680e+00
4.409034729003906250e+00
-2.306063413619995117e+00
-7.573615908622741699e-01
1.039035797119140625e+00
-5.205341577529907227e-01
-1.355606794357299805e+00
1.380848288536071777e-01
-2.037631511688232422e+00
-9.738764762878417969e-01
3.055586338043212891e+00
4.441440582275390625e+00
1.449741721153259277e+00
-1.754522323608398438e+00
5.534172058105468750e-03
1.967929601669311523e-01
-1.982961893081665039e+00
-1.583141565322875977e+00
7.354350090026855469e-01
1.692806005477905273e+00
-1.808591485023498535e+00
-1.570746183395385742e+00
1.508770942687988281e+00
2.937763690948486328e+00
-2.366953611373901367e+00
5.619139671325683594e+00
-7.244274020195007324e-01
1.017677187919616699e-01
-7.227863371372222900e-02
-1.026765108108520508e+00
2.253643572330474854e-01
5.098655223846435547e-01
-2.607944011688232422e+00
-1.391867876052856445e+00
-7.147910594940185547e-01
1.880857348442077637e-02
9.317439794540405273e-01
5.185812950134277344e+00
4.556099772453308105e-01
6.571160554885864258e-01
-1.393922924995422363e+00
-4.256237149238586426e-01
-1.263758659362792969e+00
-7.443019390106201172e+00
1.659063696861267090e+00
3.677705824375152588e-01
-3.219493389129638672e+00
1.668026328086853027e+00
2.352635562419891357e-01
-1.657911777496337891e+00
-3.555034160614013672e+00
-1.898899555206298828e+00
1.670520067214965820e+00
1.229981064796447754e+00
2.323701858520507812e+00
-1.064675152301788330e-01
7.870729267597198486e-02
-3.184715509414672852e-01
1.708031654357910156e+00
8.021032810211181641e-01
-3.329415321350097656e+00
-2.406739711761474609e+00
3.056253910064697266e+00
-3.500113487243652344e-01
-1.117869138717651367e+00
3.204305410385131836e+00
9.061068296432495117e-01
1.176062941551208496e+00
1.512076616287231445e+00
2.128184318542480469e+00
-2.511536836624145508e+00
2.443397045135498047e+00
-1.897397637367248535e-01
-1.233562231063842773e+00
2.708168268203735352e+00
-2.067471265792846680e+00
5.727012753486633301e-01
-5.303676128387451172e+00
1.411313414573669434e+00
2.928715229034423828e+00
5.287041664123535156e-01
9.723886847496032715e-02
-8.613771200180053711e-02
7.159717082977294922e-01
2.649019479751586914e+00
-9.006083011627197266e-03
9.678799510002136230e-01
-3.714924812316894531e+00
-1.143286466598510742e+00
-1.723969459533691406e+00
7.079981803894042969e+00
4.189878463745117188e+00
9.340800642967224121e-01
-1.098570823669433594e+00
6.476594448089599609e+00
-3.567393541336059570e+00
-2.961715698242187500e+00
1.910721898078918457e+00
2.268763065338134766e+00
3.236857652664184570e+00
5.490959882736206055e-01
1.615642547607421875e+00
4.483411788940429688e+00
-2.813946247100830078e+00
1.682182550430297852e+00
3.573173284530639648e-01
6.950933933258056641e-01
6.212592124938964844e-01
-2.788627147674560547e-01
-3.212996482849121094e+00
-2.271104812622070312e+00
5.356940031051635742e-01
-4.757241725921630859e+00
-1.672729849815368652e-02
-2.576271057128906250e+00
-3.618675470352172852e-01
-2.613023519515991211e+00
-2.454144239425659180e+00
-1.850564479827880859e+00
-3.851081371307373047e+00
-1.907464504241943359e+00
-4.406009197235107422e+00
-5.356367826461791992e-01
-2.665137290954589844e+00
-7.764211893081665039e-01
-1.022496342658996582e+00
-3.603075265884399414e+00
-2.709542036056518555e+00
-1.596149921417236328e+00
-2.094420790672302246e-01
-2.076638698577880859e+00
-2.679292201995849609e+00
5.817287564277648926e-01
3.449290245771408081e-02
4.280782341957092285e-01
-2.619616508483886719e+00
-1.024549126625061035e+00
-1.675035953521728516e-01
-3.325367927551269531e+00
6.268506050109863281e-01
1.893493413925170898e+00
-1.721839070320129395e+00
-2.576575517654418945e+00
-5.036527156829833984e+00
1.732944488525390625e+00
-2.738682508468627930e+00
-3.518529891967773438e+00
-8.651792407035827637e-01
-5.307224750518798828e+00
-5.011912345886230469e+00
-4.703774929046630859e+00
-3.717676162719726562e+00
-3.259849548339843750e-02
-4.680951595306396484e+00
1.548724174499511719e+00
-3.399597167968750000e+00
6.487706661224365234e+00
1.540047168731689453e+00
3.854002952575683594e+00
6.527401447296142578e+00
2.516826629638671875e+00
1.103800010681152344e+01
6.239055633544921875e+00
6.806356430053710938e+00
6.998591899871826172e+00
7.924138069152832031e+00
2.344012022018432617e+00
-8.857164978981018066e-01
9.747787117958068848e-01
3.623897075653076172e+00
3.885027170181274414e+00
1.796549797058105469e+00
-2.162140846252441406e+00
2.106115579605102539e+00
8.344169259071350098e-01
6.383413672447204590e-01
-1.515333652496337891e+00
2.588299810886383057e-01
-2.565387248992919922e+00
-4.261536598205566406e+00
-6.041879653930664062e+00
-2.097426652908325195e+00
-1.550749778747558594e+00
-6.363142132759094238e-01
8.796182870864868164e-01
5.607216358184814453e+00
