-1.924109697341918945e+00
1.985209703445434570e+00
-4.310370922088623047e+00
-1.427889347076416016e+00
-2.577868461608886719e+00
-4.725712299346923828e+00
-2.966620445251464844e+00
-1.842212557792663574e+00
-1.037842750549316406e+00
-2.552956581115722656e+00
-1.999389410018920898e+00
5.303770303726196289e-01
7.271537780761718750e-01
-9.435020685195922852e-01
1.850254535675048828e+00
-1.858706235885620117e+00
-2.588019371032714844e-01
5.674259662628173828e-01
-1.580493330955505371e+00
-4.181899070739746094e+00
-5.762774467468261719e+00
-1.104565143585205078e+00
-2.975562095642089844e+00
-9.209595322608947754e-01
-1.907829880714416504e+00
-3.220360755920410156e+00
-1.654432773590087891e+00
-1.370424032211303711e+00
-3.913588047027587891e+00
-3.883408069610595703e+00
-7.582944393157958984e+00
-2.299922466278076172e+00
-5.325838088989257812e+00
-3.321144819259643555e+00
-2.054944038391113281e+00
-4.808854579925537109e+00
-2.527628898620605469e+00
-3.585689067840576172e+00
2.213755846023559570e+00
1.365195631980895996e+00
8.282135128974914551e-01
-1.095133423805236816e+00
2.515888929367065430e+00
5.322986841201782227e-02
-1.009420156478881836e+00
3.052931547164916992e+00
1.458079457283020020e+00
3.140394687652587891e+00
-1.214659690856933594e+00
-4.421978473663330078e+00
5.708227157592773438e-01
2.327605247497558594e+00
-2.952034473419189453e+00
-4.715086936950683594e+00
-2.474554777145385742e-01
2.718250274658203125e+00
-6.323004364967346191e-01
-5.326885700225830078e+00
-2.075482845306396484e+00
-1.956533074378967285e+00
3.303445577621459961e-01
-9.463378190994262695e-01
6.095896363258361816e-01
-9.718025922775268555e-01
3.015957355499267578e+00
2.231106162071228027e-02
3.496129035949707031e+00
-5.820451974868774414e-01
-6.375982761383056641e-01
1.164252758026123047e+00
-2.766244411468505859e-01
1.226202607154846191e+00
-1.023209095001220703e+00
2.840832710266113281e+00
2.672404766082763672e+00
1.394983291625976562e+00
4.304795742034912109e+00
4.200716018676757812e+00
3.347501993179321289e+00
1.667852759361267090e+00
1.227847695350646973e+00
-1.636837124824523926e+00
-9.900334477424621582e-01
5.634770393371582031e-01
1.117287993431091309e+00
-5.253478527069091797e+00
1.053851127624511719e+00
5.611243247985839844e-01
2.233810186386108398e+00
-1.932981729507446289e+00
1.422835350036621094e+00
6.786356568336486816e-01
-5.996015667915344238e-02
-1.363101959228515625e+00
1.248251795768737793e-01
-4.027258396148681641e+00
1.080187916755676270e+00
-3.898611545562744141e+00
-2.845785856246948242e+00
-5.116118431091308594e+00
-3.798361778259277344e+00
5.543208122253417969e-01
-4.829301357269287109e+00
-3.710537195205688477e+00
-5.003888607025146484e+00
-5.959258079528808594e+00
-2.224946498870849609e+00
1.784935116767883301e+00
1.934780716896057129e+00
3.412564039230346680e+00
-4.143583297729492188e+00
3.916096091270446777e-01
-7.367114424705505371e-01
2.392912209033966064e-01
-3.327063560485839844e+00
1.907187581062316895e+00
-2.895797252655029297e+00
2.436056613922119141e+00
-3.871622562408447266e+00
1.538318991661071777e-01
-2.902340173721313477e+00
2.295287251472473145e-01
-4.917319118976593018e-01
-3.119976282119750977e+00
-3.781609058380126953e+00
-9.545540809631347656e-01
-1.926191568374633789e+00
-2.808865785598754883e+00
-3.112811088562011719e+00
-4.837667942047119141e+00
-2.474813222885131836e+00
-3.065391063690185547e+00
-7.907072901725769043e-01
-8.397492170333862305e-01
-4.316931247711181641e+00
-3.637060642242431641e+00
-2.420673847198486328e+00
-2.618017673492431641e+00
-1.685208201408386230e+00
-4.014482021331787109e+00
-3.507492542266845703e+00
-2.971051692962646484e+00
-4.905227661132812500e+00
-3.453180074691772461e+00
-2.672365903854370117e+00
-5.275127887725830078e+00
-7.441900730133056641e+00
-3.880007505416870117e+00
-1.845837473869323730e+00
-4.193792819976806641e+00
-2.807393550872802734e+00
-1.771035790443420410e+00
-4.367703437805175781e+00
7.637426257133483887e-01
-4.548849105834960938e+00
-2.335481643676757812e+00
-2.806491136550903320e+00
-2.883296966552734375e+00
-5.442342162132263184e-01
8.332120180130004883e-01
-3.041745662689208984e+00
-1.365361452102661133e+00
-2.488378763198852539e+00
-5.589856207370758057e-02
-2.411975860595703125e+00
-8.224743604660034180e-01
-1.614102482795715332e+00
-3.112210273742675781e+00
1.568983793258666992e+00
-3.441303730010986328e+00
-1.453985691070556641e+00
-4.515832066535949707e-01
-1.752968430519104004e+00
3.096869587898254395e-01
-3.200314283370971680e+00
-1.723900675773620605e+00
-4.786146163940429688e+00
-4.191822528839111328e+00
-1.545828104019165039e+00
-2.892678737640380859e+00
-4.322656154632568359e+00
1.807415634393692017e-01
-8.828792572021484375e-01
7.815909981727600098e-01
-1.023210167884826660e+00
1.689688682556152344e+00
-1.753056645393371582e+00
-6.426727175712585449e-01
-2.345576733350753784e-01
-2.826579809188842773e+00
-1.462577223777770996e+00
4.838727712631225586e-01
-2.142624378204345703e+00
-3.030854165554046631e-01
-3.315119504928588867e+00
-2.650992870330810547e+00
4.161348342895507812e-01
-2.052962779998779297e+00
-2.157160282135009766e+00
1.884105205535888672e+00
3.441858291625976562e-02
-6.173616647720336914e-02
2.981650829315185547e-01
3.072406351566314697e-01
1.371063947677612305e+00
-2.818361043930053711e+00
-2.424178361892700195e+00
-2.429729700088500977e+00
-3.612806797027587891e+00
-2.215373516082763672e+00
-2.969611883163452148e+00
2.912881970405578613e-01
-4.694651603698730469e+00
1.163055658340454102e+00
-2.556296348571777344e+00
-2.061517238616943359e+00
-8.510612249374389648e-01
-2.198946475982666016e+00
-3.547228574752807617e+00
-3.301037788391113281e+00
-1.416939496994018555e+00
-2.356697082519531250e+00
-1.921786308288574219e+00
-1.387060761451721191e+00
-4.060489654541015625e+00
-2.068403482437133789e+00
-1.063058853149414062e+00
-4.557751178741455078e+00
-3.176394224166870117e+00
1.479772090911865234e+00
-2.856420040130615234e+00
-2.611292123794555664e+00
-3.991441488265991211e+00
-2.233033180236816406e+00
-1.203897476196289062e+00
-1.999283790588378906e+00
-1.657245159149169922e+00
-1.608146190643310547e+00
-2.499606370925903320e+00
-1.674764394760131836e+00
-2.205538153648376465e-01
-3.560550212860107422e+00
-9.821555018424987793e-02
-2.094819545745849609e+00
-3.727628469467163086e+00
-7.187165021896362305e-01
-3.852278947830200195e+00
-5.129147768020629883e-01
4.603337049484252930e-01
-1.753469944000244141e+00
-2.600885868072509766e+00
-2.043753147125244141e+00
-1.814481377601623535e+00
-7.827526926994323730e-01
-6.385999321937561035e-01
-1.890301942825317383e+00
-4.545437335968017578e+00
-3.345861673355102539e+00
-1.310708999633789062e+00
-2.270918130874633789e+00
-4.754989624023437500e+00
-3.732517719268798828e+00
-2.114820241928100586e+00
-1.691819310188293457e+00
-1.334699869155883789e+00
6.750082373619079590e-01
-1.434468030929565430e-01
-1.651211023330688477e+00
-2.088871955871582031e+00
-3.932938098907470703e+00
-4.619264602661132812e+00
-1.089003920555114746e+00
-2.584773302078247070e+00
-1.667198300361633301e+00
-1.854069948196411133e+00
-2.857265710830688477e+00
-4.045409202575683594e+00
-3.978473901748657227e+00
-1.417256474494934082e+00
-5.946905612945556641e-01
-2.925835132598876953e+00
-5.993190407752990723e-01
-6.066430211067199707e-01
1.398367643356323242e+00
-1.066918492317199707e+00
-8.648037910461425781e-01
-3.917656898498535156e+00
-3.714084386825561523e+00
-1.932572364807128906e+00
-3.231053352355957031e+00
-3.174723625183105469e+00
-4.364210128784179688e+00
-1.229877233505249023e+00
-1.609152555465698242e+00
-3.658777236938476562e+00
-2.853133440017700195e+00
-1.059900403022766113e+00
-3.399871349334716797e+00
1.598929643630981445e+00
-1.459813952445983887e+00
-9.411145448684692383e-01
2.690576553344726562e+00
-1.437361836433410645e+00
-1.672045707702636719e+00
-1.279879927635192871e+00
-4.752322673797607422e+00
-2.702892303466796875e+00
-3.377989232540130615e-01
3.662876844406127930e+00
2.377380132675170898e+00
2.829583406448364258e+00
1.545501470565795898e+00
-1.786996960639953613e+00
-4.099287986755371094e-01
3.363382816314697266e-01
8.908206224441528320e-02
-3.747065067291259766e+00
2.154926776885986328e+00
3.253813743591308594e+00
5.104243755340576172e+00
4.038336753845214844e+00
3.735082149505615234e-01
1.047853350639343262e+00
1.015243172645568848e+00
7.937872409820556641e-01
7.346422672271728516e-01
-1.305580139160156250e+00
1.975146770477294922e+00
2.106603860855102539e+00
-2.356169223785400391e+00
3.193740248680114746e-01
-2.724774599075317383e+00
5.730569362640380859e-01
1.268886566162109375e+00
-1.246213078498840332e+00
-3.546940326690673828e+00
-1.359741806983947754e+00
-3.990000486373901367e+00
-2.831619262695312500e+00
-1.392785549163818359e+00
-2.029248714447021484e+00
-1.189251780509948730e+00
-1.139665603637695312e+00
-3.434344291687011719e+00
-3.159519910812377930e+00
-6.113173484802246094e+00
-3.603975534439086914e+00
-3.227724075317382812e+00
-3.727184295654296875e+00
-2.824048280715942383e+00
-7.922472953796386719e-01
-4.249143600463867188e+00
-5.009130001068115234e+00
-2.325399398803710938e+00
-2.525775134563446045e-01
-3.775217056274414062e+00
-1.477100849151611328e+00
5.689020752906799316e-01
9.476165771484375000e-01
1.408806920051574707e+00
-1.992835998535156250e+00
-2.401016235351562500e+00
-2.821079015731811523e+00
1.371287852525711060e-01
-2.545101642608642578e+00
-1.566495180130004883e+00
-3.286379814147949219e+00
-5.200717449188232422e+00
-6.382884979248046875e+00
-2.866505146026611328e+00
-6.357569217681884766e+00
-5.295001506805419922e+00
-4.715612411499023438e+00
-3.108630895614624023e+00
-5.264102935791015625e+00
-8.674772262573242188e+00
-3.340042114257812500e+00
-3.719670772552490234e-01
-1.859075069427490234e+00
-4.317074298858642578e+00
-1.532974123954772949e+00
-1.554487586021423340e+00
-1.444098949432373047e+00
-8.548143506050109863e-02
-3.516538381576538086e+00
9.036616683006286621e-01
-9.799295663833618164e-01
2.873873710632324219e-02
-1.498746871948242188e+00
-3.357389211654663086e+00
-1.354196786880493164e+00
-4.114583015441894531e+00
1.937723517417907715e+00
1.000662088394165039e+00
-3.209945678710937500e+00
-1.513664007186889648e+00
6.440510272979736328e+00
-3.850892543792724609e+00
3.569637537002563477e+00
1.933222651481628418e+00
-5.313970446586608887e-01
1.361421346664428711e+00
-1.488419055938720703e+00
-4.066309332847595215e-01
3.152071237564086914e+00
5.617855072021484375e+00
3.888235330581665039e+00
-2.809609889984130859e+00
-1.933814287185668945e-01
4.507057189941406250e+00
3.434750795364379883e+00
4.582621097564697266e+00
-1.736446857452392578e+00
-1.236350178718566895e+00
6.878731250762939453e-01
1.142474651336669922e+00
-1.553217172622680664e+00
4.662677764892578125e+00
3.202777385711669922e+00
7.898506641387939453e+00
6.216422319412231445e-01
5.824992060661315918e-01
-1.754450201988220215e+00
-1.542750358581542969e+00
7.139674425125122070e-01
4.192169189453125000e+00
4.721208214759826660e-01
2.083094358444213867e+00
-6.748050451278686523e-01
2.628760814666748047e+00
-8.126771450042724609e-01
-4.718938469886779785e-01
-1.274132490158081055e+00
3.038852214813232422e+00
2.689602136611938477e+00
3.002709150314331055e+00
-8.172301650047302246e-01
2.559522390365600586e+00
7.708302736282348633e-01
1.068378686904907227e+00
7.400506138801574707e-01
-4.045269966125488281e+00
1.449276208877563477e+00
6.586635589599609375e+00
-1.381721973419189453e+00
-1.611763477325439453e+00
3.950002193450927734e+00
2.098101615905761719e+00
1.068635344505310059e+00
2.937558889389038086e-01
-3.872101306915283203e-01
1.638131856918334961e+00
-1.751399040222167969e-02
2.250321388244628906e+00
-1.273736953735351562e+00
3.069282770156860352e+00
-3.936262130737304688e-01
3.546514272689819336e+00
-6.967570781707763672e-01
-8.159756660461425781e-02
3.394335031509399414e+00
-2.109397411346435547e+00
4.626886367797851562e+00
1.727325916290283203e+00
8.640066385269165039e-01
8.208431303501129150e-03
-2.982521057128906250e+00
-3.671617746353149414e+00
1.740508079528808594e+00
-4.340066432952880859e+00
6.729935646057128906e+00
4.259681701660156250e-01
3.042367696762084961e-01
1.030159831047058105e+00
3.716453552246093750e+00
-7.063636183738708496e-01
3.158106803894042969e+00
-1.551401972770690918e+00
4.474085330963134766e+00
-4.437458992004394531e+00
-2.539130210876464844e+00
1.041348457336425781e+00
-1.301372647285461426e+00
7.532068252563476562e+00
-1.368898153305053711e-01
-3.317703247070312500e+00
-2.160220146179199219e-01
-7.560678720474243164e-01
-1.836708307266235352e+00
5.371267318725585938e+00
2.334059715270996094e+00
8.507264852523803711e-01
-1.825127363204956055e+00
-6.928669810295104980e-01
3.058569908142089844e+00
1.811437606811523438e+00
5.465526580810546875e+00
5.426047325134277344e+00
6.597314357757568359e+00
-1.769443750381469727e+00
3.013244390487670898e+00
2.902991771697998047e+00
4.360234737396240234e-02
2.741913795471191406e-01
4.801554679870605469e-01
-2.382644265890121460e-01
3.253058910369873047e+00
-2.175494194030761719e+00
-7.191857695579528809e-01
2.918353557586669922e+00
4.409040927886962891e+00
-2.523335456848144531e+00
-5.144424915313720703e+00
2.506436586380004883e+00
7.929074764251708984e-01
1.428005218505859375e+00
4.244740486145019531e+00
6.274291515350341797e+00
1.231148481369018555e+00
2.046384334564208984e+00
6.598592281341552734e+00
-2.097759962081909180e+00
1.384710669517517090e+00
-2.291763067245483398e+00
2.892738580703735352e-02
-7.742411494255065918e-01
1.358752369880676270e+00
-3.313997387886047363e-01
-9.335162639617919922e-01
7.467846870422363281e-01
5.437731742858886719e+00
-6.452388167381286621e-01
2.422850608825683594e+00
5.646265983581542969e+00
-1.672151565551757812e+00
-1.031789588928222656e+01
1.270434856414794922e+00
3.715484142303466797e-01
3.777200222015380859e+00
3.670842409133911133e+00
5.503126144409179688e+00
-7.373797297477722168e-01
2.732079029083251953e+00
2.730892002582550049e-01
-5.865089893341064453e+00
2.960823297500610352e+00
3.365054726600646973e-01
-8.468427658081054688e-01
-2.395994186401367188e+00
7.154383182525634766e+00
-5.276242733001708984e+00
8.781927824020385742e-01
2.143100261688232422e+00
5.774037837982177734e-01
2.896536827087402344e+00
-1.632721781730651855e+00
2.873736143112182617e+00
5.306171417236328125e+00
1.238098144531250000e+00
9.479206800460815430e-01
-1.017078995704650879e+00
4.951391220092773438e-01
4.907988071441650391e+00
2.083832025527954102e-01
7.423045635223388672e-01
3.788063764572143555e+00
-7.936274409294128418e-01
-3.293174028396606445e+00
-1.679536700248718262e+00
3.629744648933410645e-01
1.205452531576156616e-01
-5.393363475799560547e+00
9.847043752670288086e-01
-2.688630580902099609e+00
1.547413825988769531e+00
-2.061981678009033203e+00
1.932650208473205566e+00
-9.480134844779968262e-01
-4.504340887069702148e-02
3.068405628204345703e+00
2.136566638946533203e+00
-2.695256948471069336e+00
1.748692274093627930e+00
8.752151131629943848e-01
7.771063804626464844e+00
3.800920963287353516e+00
7.516718506813049316e-01
-1.477634906768798828e-02
4.942759037017822266e+00
-1.099289655685424805e-01
-2.521581411361694336e+00
5.681313991546630859e+00
-1.473842620849609375e+00
1.256512999534606934e+00
3.721195936203002930e+00
3.883250951766967773e-01
-9.207619428634643555e-01
-2.278620600700378418e-01
2.013549089431762695e+00
5.961777210235595703e+00
2.080824375152587891e+00
-8.969433307647705078e-01
1.056936383247375488e+00
-2.646513462066650391e+00
-3.678160309791564941e-01
3.290705680847167969e-01
8.661709427833557129e-01
4.638135433197021484e-02
-3.965203762054443359e-01
-2.531540155410766602e+00
3.671407222747802734e+00
9.580333709716796875e+00
5.301880836486816406e-02
-2.550226449966430664e+00
1.467141866683959961e+00
-3.882837533950805664e+00
6.560662746429443359e+00
4.186005592346191406e+00
4.359147071838378906e+00
5.693808555603027344e+00
2.979896783828735352e+00
6.365422010421752930e-01
-7.984994649887084961e-01
1.804021000862121582e+00
3.019237995147705078e+00
-1.588342785835266113e-01
-2.419043540954589844e+00
-4.314782142639160156e+00
4.474215507507324219e+00
1.094730377197265625e+00
-1.735243797302246094e+00
8.559088706970214844e-01
2.620853185653686523e+00
-1.718454957008361816e+00
2.670263051986694336e+00
-1.967769622802734375e+00
-1.241680741310119629e+00
6.411976218223571777e-01
-1.560522198677062988e+00
6.402185559272766113e-01
-3.408265590667724609e+00
3.448126077651977539e+00
7.795071005821228027e-01
-9.981389045715332031e-01
4.425852775573730469e+00
3.435010194778442383e+00
3.761205196380615234e+00
1.932748675346374512e+00
3.951743245124816895e-01
-3.463498353958129883e-01
9.329205751419067383e-01
1.127063274383544922e+00
1.172116398811340332e+00
-1.666355371475219727e+00
-8.565866351127624512e-01
-6.274685859680175781e-01
-2.624766349792480469e+00
1.565560579299926758e+00
6.701582431793212891e+00
6.672695279121398926e-01
2.682062387466430664e+00
-3.037445306777954102e+00
4.383122026920318604e-01
3.518804073333740234e+00
3.867566347122192383e+00
-3.876824855804443359e+00
-2.208434581756591797e+00
9.625790119171142578e-01
5.425724506378173828e+00
6.817315101623535156e+00
-3.146780729293823242e+00
3.802124261856079102e-01
3.033205866813659668e-01
-2.018784999847412109e+00
-1.170094013214111328e+00
-1.254164218902587891e+00
-3.547993183135986328e+00
5.096895694732666016e+00
8.507739901542663574e-01
2.991602897644042969e+00
3.134477138519287109e+00
-1.711671590805053711e+00
2.157993316650390625e+00
2.273954153060913086e+00
-2.639100074768066406e+00
-4.368608951568603516e+00
-2.550457715988159180e+00
6.648695945739746094e+00
3.701358795166015625e+00
9.887115955352783203e-01
-2.262751340866088867e+00
-1.514369726181030273e+00
2.383212566375732422e+00
-1.138215303421020508e+00
1.288476943969726562e+00
2.047565937042236328e+00
3.170046329498291016e+00
2.990888833999633789e+00
5.092813014984130859e+00
5.270730018615722656e+00
4.772386550903320312e+00
4.956377029418945312e+00
-2.477132081985473633e-01
4.129550457000732422e-01
2.047577381134033203e+00
-4.967612624168395996e-01
3.594242036342620850e-01
-6.336824297904968262e-01
1.680996417999267578e+00
5.389536857604980469e+00
1.284666776657104492e+00
3.172476291656494141e+00
3.127418756484985352e-01
2.247672080993652344e+00
-1.498665571212768555e+00
-2.311768293380737305e+00
8.873608589172363281e+00
-5.670317649841308594e+00
2.602128505706787109e+00
5.956485867500305176e-02
2.922800183296203613e-01
4.180831909179687500e+00
5.307381153106689453e-01
5.441314697265625000e+00
3.154852390289306641e+00
-4.085869342088699341e-02
-3.582734346389770508e+00
4.160136699676513672e+00
1.698630809783935547e+00
3.853689670562744141e+00
1.131070613861083984e+00
4.908071517944335938e+00
-1.687176704406738281e+00
4.510882377624511719e+00
-2.796396493911743164e+00
4.699835777282714844e+00
-2.861368656158447266e+00
1.851449728012084961e+00
4.952557086944580078e+00
-6.037551164627075195e-01
-4.215960502624511719e+00
3.247260570526123047e+00
2.255074977874755859e-01
1.825375080108642578e+00
1.131759166717529297e+00
-2.678757429122924805e+00
1.637281656265258789e+00
-4.834890365600585938e-01
3.508426189422607422e+00
3.432169437408447266e+00
4.437018871307373047e+00
3.507951274514198303e-02
-2.901948094367980957e-01
3.627202033996582031e+00
3.912644088268280029e-01
5.967097282409667969e-01
-4.487257897853851318e-01
-3.612115383148193359e+00
-4.309687137603759766e+00
-1.121570348739624023e+00
-1.236131906509399414e+00
8.009146451950073242e-01
3.967238426208496094e+00
-2.277326583862304688e+00
-1.222360849380493164e+00
4.284104824066162109e+00
-5.331918716430664062e+00
3.780526638031005859e+00
4.816020131111145020e-01
2.825884342193603516e+00
-1.434069871902465820e+00
-9.645261764526367188e-01
6.692092418670654297e+00
-2.700068712234497070e+00
4.125885486602783203e+00
1.667715191841125488e+00
1.421952009201049805e+00
-5.686842203140258789e-01
-5.115899562835693359e+00
3.209824562072753906e-01
3.352798938751220703e+00
2.044687271118164062e+00
3.281935691833496094e+00
4.966372966766357422e+00
3.192786216735839844e+00
-1.270151019096374512e+00
2.031455516815185547e+00
2.986381530761718750e+00
-1.838870644569396973e-01
3.407422542572021484e+00
3.029950141906738281e+00
3.102702140808105469e+00
2.340143680572509766e+00
-3.254731893539428711e+00
8.256351470947265625e+00
4.067793846130371094e+00
2.942459106445312500e+00
6.521707177162170410e-01
-2.463544368743896484e+00
-5.229437351226806641e-01
-2.317123174667358398e+00
-2.668093919754028320e+00
-9.724491238594055176e-01
-6.333303451538085938e-02
-4.105596542358398438e-01
2.189781069755554199e-01
3.651204109191894531e+00
1.391133904457092285e+00
5.860046863555908203e+00
-2.292018175125122070e+00
-2.581062316894531250e+00
8.798374235630035400e-02
3.572144031524658203e+00
2.848892807960510254e-01
-7.320175170898437500e-01
4.972513198852539062e+00
1.632735729217529297e+00
-2.099223852157592773e+00
3.207439899444580078e+00
1.499019145965576172e+00
-5.395541191101074219e-01
-7.258313298225402832e-01
2.896836280822753906e+00
1.238740205764770508e+00
5.279908657073974609e+00
-2.341588735580444336e-01
-1.216378211975097656e+00
-3.946231842041015625e+00
3.894679069519042969e+00
-5.392825603485107422e-02
-8.363391160964965820e-01
3.125250101089477539e+00
2.973813533782958984e+00
5.149068236351013184e-01
4.166612625122070312e+00
-1.159971117973327637e+00
1.770245432853698730e+00
-7.313871383666992188e-02
1.098891735076904297e+00
8.118020892143249512e-01
6.391443610191345215e-01
2.110380411148071289e+00
-6.991487145423889160e-01
-1.179468393325805664e+00
2.446642160415649414e+00
-4.315960407257080078e-02
2.068389892578125000e+00
-5.987844467163085938e-01
-3.228618621826171875e+00
1.062089204788208008e-02
1.525725364685058594e+00
1.376930594444274902e+00
1.189606308937072754e+00
-1.509241223335266113e+00
5.669835567474365234e+00
3.195478677749633789e+00
2.159327268600463867e-01
5.177993297576904297e+00
4.210301876068115234e+00
3.089828252792358398e+00
4.465283155441284180e-01
3.482260942459106445e+00
1.535937786102294922e+00
1.486300468444824219e+00
-1.266776084899902344e+00
2.745398759841918945e+00
-5.808256864547729492e-01
2.837519168853759766e+00
2.125270843505859375e+00
2.011230945587158203e+00
-2.770087957382202148e+00
1.893641233444213867e+00
2.776554107666015625e+00
1.565324425697326660e+00
-4.571736335754394531e+00
1.563857793807983398e+00
1.415973424911499023e+00
-1.892106652259826660e+00
-1.995648026466369629e+00
5.222428321838378906e+00
1.524399876594543457e+00
4.409636259078979492e-01
2.931498289108276367e-01
4.203179359436035156e+00
4.986117184162139893e-01
3.870421886444091797e+00
-1.767065167427062988e+00
4.001481056213378906e+00
9.920741319656372070e-01
-5.697606503963470459e-02
3.879907369613647461e+00
-2.634161949157714844e+00
5.955947399139404297e+00
9.234303236007690430e-01
5.291221618652343750e+00
8.876559734344482422e-01
1.498824954032897949e+00
7.455152869224548340e-01
4.390339851379394531e-01
-1.125129461288452148e+00
6.071615695953369141e+00
-6.760903358459472656e+00
3.631928920745849609e+00
-2.396711826324462891e+00
5.825622558593750000e+00
8.811885118484497070e-01
2.900523185729980469e+00
2.610629081726074219e+00
2.075886249542236328e+00
-1.910590529441833496e+00
4.419754981994628906e+00
4.955546379089355469e+00
5.268668174743652344e+00
4.861608505249023438e+00
1.546081423759460449e+00
-1.053994178771972656e+00
3.435157537460327148e+00
2.540943145751953125e+00
2.076901435852050781e+00
1.851198315620422363e+00
2.483489036560058594e+00
5.373309612274169922e+00
2.377290725708007812e+00
1.796288847923278809e+00
-1.196559071540832520e+00
-6.956532597541809082e-01
-4.164391517639160156e+00
-9.988265037536621094e-01
-1.221289873123168945e+00
2.859138965606689453e+00
-3.842529058456420898e+00
-6.181224346160888672e+00
1.270730495452880859e+00
-4.247107505798339844e+00
-2.002066135406494141e+00
-3.873330831527709961e+00
-3.962302684783935547e+00
-3.384217739105224609e+00
-2.420547008514404297e+00
-2.016154766082763672e+00
-3.159234046936035156e+00
-6.399699687957763672e+00
-4.278391361236572266e+00
-2.545962810516357422e+00
-1.517728924751281738e+00
-1.799039006233215332e+00
1.560751438140869141e+00
-7.349246740341186523e-01
-3.736868500709533691e-01
3.376725912094116211e-01
3.867237329483032227e+00
1.572728633880615234e+00
1.187690496444702148e+00
2.614486813545227051e-01
2.965522408485412598e-01
2.633759379386901855e-01
-1.157309651374816895e+00
-2.798693418502807617e+00
1.876739859580993652e+00
5.558466315269470215e-01
-2.524296283721923828e+00
-4.222075462341308594e+00
-2.037600278854370117e+00
-4.251943588256835938e+00
-4.112301349639892578e+00
-4.055955886840820312e+00
1.690302371978759766e+00
-4.000630378723144531e+00
-1.732114791870117188e+00
8.581146597862243652e-01
2.965726852416992188e+00
-1.442334294319152832e+00
1.287308931350708008e+00
5.290441989898681641e+00
-1.146421313285827637e+00
1.713823795318603516e+00
1.809873342514038086e+00
-3.408832788467407227e+00
4.622174739837646484e+00
-7.044214010238647461e-01
-2.428150177001953125e+00
5.596211552619934082e-01
1.771977663040161133e+00
2.961944580078125000e+00
3.137792348861694336e+00
3.705314636230468750e+00
-1.129545211791992188e+00
2.239134788513183594e+00
-1.646127462387084961e+00
8.094047904014587402e-01
-2.157139301300048828e+00
3.257878780364990234e+00
9.147744774818420410e-01
-2.807605266571044922e+00
3.186019659042358398e-01
2.413871049880981445e+00
-3.112592220306396484e+00
-3.950519561767578125e+00
5.261599540710449219e+00
4.727810382843017578e+00
