-1.969391703605651855e+00
-8.851562440395355225e-02
-4.441301345825195312e+00
-2.649388074874877930e+00
-1.703391075134277344e+00
-2.097406864166259766e+00
-2.898373126983642578e+00
-3.971971511840820312e+00
-4.073033332824707031e+00
-1.046588420867919922e-01
-2.687688350677490234e+00
-7.562888860702514648e-01
-1.531323909759521484e+00
-1.430892944335937500e-01
-9.530168771743774414e-02
-4.652597904205322266e+00
-2.208849668502807617e+00
-8.265694975852966309e-01
-6.284606456756591797e-01
-2.657828807830810547e+00
-3.584861755371093750e+00
-2.709147691726684570e+00
-1.207427263259887695e+00
-2.287059307098388672e+00
-1.376201033592224121e+00
-4.904681682586669922e+00
-3.253118991851806641e+00
-4.007083892822265625e+00
-3.707410097122192383e+00
-2.671717882156372070e+00
-4.549086570739746094e+00
-3.081959247589111328e+00
-6.708291053771972656e+00
-2.067168474197387695e+00
-2.354516267776489258e+00
-2.264864683151245117e+00
-1.752363324165344238e+00
-3.649678945541381836e+00
-2.711272716522216797e+00
-4.299757003784179688e+00
-2.737838268280029297e+00
-6.204385757446289062e+00
-4.649690151214599609e+00
-5.553219795227050781e+00
-2.667958736419677734e+00
-1.888061761856079102e+00
-2.271904945373535156e+00
-1.690781950950622559e+00
-3.624277830123901367e+00
-3.650611162185668945e+00
-1.603890657424926758e+00
-4.505468845367431641e+00
-2.324591636657714844e+00
-2.687542676925659180e+00
-3.574949264526367188e+00
8.935618400573730469e-01
-2.242895364761352539e-01
-3.499319314956665039e+00
-1.949057817459106445e+00
-1.982551217079162598e+00
-5.012960433959960938e-01
-9.679049253463745117e-02
3.089066445827484131e-01
-4.478494822978973389e-01
9.970762133598327637e-01
1.127684473991394043e+00
-2.096751332283020020e-01
-5.648516416549682617e-01
-2.833966732025146484e+00
-1.755344390869140625e+00
-1.672539472579956055e+00
-3.024752616882324219e+00
1.231594681739807129e-01
-2.151313796639442444e-02
1.092761397361755371e+00
-9.854979515075683594e-01
8.733707666397094727e-01
6.029558181762695312e-01
-2.517028808593750000e+00
-9.356216192245483398e-01
-3.522414207458496094e+00
-3.321621894836425781e+00
-9.955287575721740723e-01
-3.801609992980957031e+00
-1.766510963439941406e+00
-4.187411785125732422e+00
-1.324112892150878906e+00
-8.630010485649108887e-01
-4.291183948516845703e-01
-1.181496858596801758e+00
-4.314317703247070312e+00
-3.856055259704589844e+00
-1.483273863792419434e+00
-2.259386301040649414e+00
-2.704484701156616211e+00
-5.796587944030761719e+00
6.341850757598876953e-02
-4.141107559204101562e+00
-1.846538782119750977e-01
-3.254266262054443359e+00
-3.406397342681884766e+00
-9.358946084976196289e-01
-2.623759269714355469e+00
-1.808297634124755859e+00
-4.403663158416748047e+00
-3.424501895904541016e+00
-2.536346435546875000e+00
9.594053030014038086e-02
-2.217216253280639648e+00
-2.897947788238525391e+00
-4.118030548095703125e+00
-3.447456359863281250e+00
-4.393310546875000000e+00
-4.201082706451416016e+00
-3.473297119140625000e+00
-2.779142379760742188e+00
-1.160019278526306152e+00
-2.875875473022460938e+00
-4.576086044311523438e+00
-4.453315258026123047e+00
-3.566611051559448242e+00
-2.651675224304199219e+00
-1.444288849830627441e+00
-4.271852016448974609e+00
-1.058158516883850098e+00
-1.265552043914794922e+00
-3.899238348007202148e+00
-2.400961399078369141e+00
-4.069186210632324219e+00
-2.213270664215087891e+00
-1.785652399063110352e+00
-3.747998714447021484e+00
-8.055186271667480469e-02
-3.643399477005004883e+00
-2.944246292114257812e+00
-3.592577457427978516e+00
-3.309944152832031250e+00
-3.272936820983886719e+00
-2.524614334106445312e+00
-3.824527978897094727e+00
-2.558716535568237305e+00
-1.408958554267883301e+00
-3.852137088775634766e+00
-2.592791557312011719e+00
-4.697135984897613525e-01
-3.054058074951171875e+00
-3.113332033157348633e+00
-1.336338758468627930e+00
-2.770410776138305664e+00
-1.360199928283691406e+00
-1.743345975875854492e+00
1.501322984695434570e-01
1.918673515319824219e-01
-3.108771443367004395e-01
-7.834694385528564453e-01
3.138071060180664062e+00
2.279028892517089844e-01
2.843875885009765625e+00
1.701021432876586914e+00
-8.672888278961181641e-01
-2.480623722076416016e+00
-4.801232814788818359e+00
2.796826958656311035e-01
-2.215969800949096680e+00
-6.556760072708129883e-01
1.280769228935241699e+00
3.884742259979248047e-01
2.316915035247802734e+00
2.174025774002075195e+00
-1.753374814987182617e+00
1.012972474098205566e+00
-2.325772523880004883e+00
-7.704417705535888672e-01
-1.705484837293624878e-01
-6.573877334594726562e-01
-5.333302021026611328e-01
-1.569669246673583984e+00
-7.528924345970153809e-01
-1.795360088348388672e+00
-7.683439254760742188e-01
-2.065808296203613281e+00
-4.111349284648895264e-01
2.889299392700195312e-01
-1.056058883666992188e+00
-9.007681608200073242e-01
-6.773334741592407227e-01
8.426444977521896362e-02
6.472071409225463867e-01
1.916294097900390625e+00
1.449265837669372559e+00
-1.939213991165161133e+00
-8.698918819427490234e-01
3.234516382217407227e+00
-3.153151988983154297e+00
-2.769993066787719727e+00
7.951306104660034180e-01
-2.039621591567993164e+00
1.994658410549163818e-01
-2.477292060852050781e+00
6.722556352615356445e-01
-1.900015830993652344e+00
-7.943598628044128418e-01
-2.108017206192016602e+00
2.414092302322387695e+00
2.289377212524414062e+00
-5.098491907119750977e-01
-2.661232054233551025e-01
-6.654064059257507324e-01
1.099709630012512207e+00
-1.400953769683837891e+00
2.957104206085205078e+00
8.118088245391845703e-01
2.133451223373413086e+00
3.618839383125305176e-01
-5.866625905036926270e-01
3.276504516601562500e+00
1.351922154426574707e+00
-1.542284250259399414e+00
-8.053332567214965820e-02
1.480576545000076294e-01
-4.787719249725341797e-02
-1.368082761764526367e+00
-7.169200778007507324e-01
4.910647869110107422e-01
-2.786690711975097656e+00
-2.360426187515258789e+00
-1.735936880111694336e+00
-1.996613502502441406e+00
-2.635365724563598633e-01
-2.004944324493408203e+00
-1.516105890274047852e+00
-4.714327454566955566e-01
-1.851115822792053223e-01
-2.114522010087966919e-01
8.668546080589294434e-01
-3.594377040863037109e+00
-1.817267537117004395e+00
7.386212944984436035e-01
9.427576065063476562e-01
8.829694390296936035e-01
-6.544346809387207031e-01
3.494248390197753906e-01
-1.890949457883834839e-01
-1.923623561859130859e+00
-1.764781117439270020e+00
1.240019917488098145e+00
-1.195566892623901367e+00
-1.506146430969238281e+00
2.087130546569824219e-01
-8.987891077995300293e-01
-2.748373150825500488e-01
-2.119109034538269043e-02
7.373214364051818848e-01
1.158861637115478516e+00
7.012207508087158203e-01
-2.112362861633300781e+00
1.332291722297668457e+00
2.007342576980590820e+00
-2.350091636180877686e-01
1.542031764984130859e+00
-6.879122853279113770e-01
-3.302479982376098633e+00
-7.348215579986572266e-01
-1.343844294548034668e+00
-1.364859342575073242e-01
-8.415039181709289551e-01
-1.286751389503479004e+00
-3.827880024909973145e-01
-2.092056274414062500e+00
-1.967912554740905762e+00
-2.277677357196807861e-01
-2.770412921905517578e+00
-8.575163483619689941e-01
-1.448578238487243652e+00
-1.509601354598999023e+00
-1.098520755767822266e+00
-1.777418017387390137e+00
-7.780779600143432617e-01
-2.866027832031250000e+00
-9.224221706390380859e-01
-2.033859252929687500e+00
-2.683814167976379395e-01
-2.179277896881103516e+00
1.372534751892089844e+00
-2.893248081207275391e+00
6.937772631645202637e-01
-1.498329281806945801e+00
-3.102515220642089844e+00
-3.112194776535034180e+00
-3.099691867828369141e+00
-1.264340519905090332e+00
-2.221033334732055664e+00
1.013500690460205078e+00
6.107751131057739258e-01
-1.280366778373718262e+00
-8.191285133361816406e-01
-2.790802955627441406e+00
-1.647840380668640137e+00
-4.262453556060791016e+00
-3.215152263641357422e+00
-3.451320171356201172e+00
-1.813801527023315430e+00
-4.115381240844726562e+00
-3.830030441284179688e+00
-3.938090801239013672e+00
-5.214072704315185547e+00
-4.825644016265869141e+00
-4.818982601165771484e+00
-2.106920957565307617e+00
-1.834039926528930664e+00
-2.784550189971923828e+00
-4.187987327575683594e+00
-5.719164848327636719e+00
5.613266229629516602e-01
-7.369503378868103027e-01
-2.449919700622558594e+00
-3.053516149520874023e+00
-7.732497453689575195e-01
6.795203685760498047e-02
6.605708599090576172e+00
2.253908872604370117e+00
-1.296862721443176270e+00
-2.006513118743896484e+00
-8.454190492630004883e-01
-1.702243924140930176e+00
-3.457757949829101562e+00
-2.254643440246582031e+00
-2.892011165618896484e+00
-1.483353525400161743e-01
-2.574792146682739258e+00
-3.092169046401977539e+00
-1.751246929168701172e+00
-2.514983415603637695e-01
-4.756636917591094971e-01
-3.468361377716064453e+00
-4.500815868377685547e+00
-2.198625087738037109e+00
-4.606631398200988770e-01
-2.244873046875000000e-01
-1.577659130096435547e+00
1.052953958511352539e+00
-1.818951964378356934e+00
-2.609507083892822266e+00
-1.204534173011779785e-01
-2.745789766311645508e+00
-3.873147487640380859e+00
-2.658887863159179688e+00
-4.356163501739501953e+00
-1.884835124015808105e+00
-4.402295589447021484e+00
-4.402182579040527344e+00
-6.034970283508300781e+00
-3.487907648086547852e+00
-1.876776218414306641e+00
-2.435145616531372070e+00
-2.195067882537841797e+00
-1.753802299499511719e+00
-1.541808605194091797e+00
-4.740718007087707520e-01
-3.086612224578857422e+00
-2.529267549514770508e+00
-2.088695526123046875e+00
-1.908044457435607910e+00
-2.707565069198608398e+00
-1.755978703498840332e+00
-3.121278524398803711e+00
-3.781148910522460938e+00
-3.653018712997436523e+00
-6.830418705940246582e-01
-8.613969087600708008e-01
-2.978648900985717773e+00
2.884329557418823242e-01
-3.571177721023559570e+00
-2.246770381927490234e+00
-4.792445659637451172e+00
-2.275290727615356445e+00
-1.684467315673828125e+00
-2.802623510360717773e+00
-2.698686122894287109e+00
-3.455938100814819336e+00
-3.010417461395263672e+00
-2.746340751647949219e+00
-9.552531242370605469e-01
-2.077514171600341797e+00
-2.790714979171752930e+00
-1.026826262474060059e+00
-2.020627498626708984e+00
-9.566907882690429688e-01
-8.506981730461120605e-01
-2.119230270385742188e+00
-2.205358743667602539e+00
-2.303481817245483398e+00
-3.465359926223754883e+00
-3.937396049499511719e+00
-2.674407958984375000e+00
-2.676906824111938477e+00
-1.652446746826171875e+00
-3.623301029205322266e+00
1.954570293426513672e+00
2.282022237777709961e+00
1.000206589698791504e+00
1.298738241195678711e+00
1.433259487152099609e+00
-1.364920496940612793e+00
2.299743890762329102e+00
2.452960491180419922e+00
1.514721751213073730e+00
1.990219831466674805e+00
-2.778947830200195312e+00
4.266926288604736328e+00
-5.842298865318298340e-01
2.771521329879760742e+00
2.513103961944580078e+00
-3.201923668384552002e-01
1.891065359115600586e+00
1.258326768875122070e+00
-1.335627794265747070e+00
2.295061826705932617e+00
4.045157909393310547e+00
8.333568572998046875e+00
2.146651983261108398e+00
2.005934238433837891e+00
1.577085971832275391e+00
-4.731714725494384766e-03
4.346816062927246094e+00
1.316064476966857910e+00
1.512137651443481445e+00
1.339840650558471680e+00
8.208206295967102051e-02
5.459371566772460938e+00
2.212809324264526367e+00
7.138719558715820312e-01
6.120862007141113281e+00
-1.585424900054931641e+00
6.194453239440917969e+00
5.173932075500488281e+00
1.778976202011108398e+00
8.543199539184570312e+00
6.702909469604492188e-01
3.637110590934753418e-01
2.745482683181762695e+00
-1.369204998016357422e+00
-3.675949871540069580e-01
3.895391941070556641e+00
-4.230647981166839600e-01
-9.699355959892272949e-01
3.964128971099853516e+00
-1.707203745841979980e+00
-2.162552118301391602e+00
3.344459533691406250e+00
-6.455107927322387695e-01
3.929804265499114990e-02
-1.446727037429809570e+00
2.305675268173217773e+00
8.517280817031860352e-01
1.386430025100708008e+00
3.595930576324462891e+00
1.883270978927612305e+00
-7.636399865150451660e-01
-5.965071320533752441e-01
1.063391923904418945e+00
5.266511440277099609e-01
3.713375329971313477e+00
-1.836289286613464355e+00
5.596786975860595703e+00
3.574465990066528320e+00
3.295651912689208984e+00
-1.243837356567382812e+00
2.822742938995361328e+00
-4.184830665588378906e+00
2.936568737030029297e+00
3.744583368301391602e+00
-4.425731301307678223e-01
4.332828998565673828e+00
3.657134532928466797e+00
-6.254601478576660156e-01
8.881772756576538086e-01
2.059108495712280273e+00
2.728490829467773438e+00
-2.398092269897460938e+00
2.607196807861328125e+00
1.040163278579711914e+00
-1.081232786178588867e+00
1.794501781463623047e+00
9.641966819763183594e-01
-3.114276647567749023e+00
-3.770603835582733154e-01
9.983618259429931641e-01
7.568438053131103516e-01
7.083377838134765625e+00
2.387391090393066406e+00
-2.231791973114013672e+00
-3.000397682189941406e-01
1.284973382949829102e+00
2.428284883499145508e+00
4.205062866210937500e+00
1.122793555259704590e+00
2.145951271057128906e+00
3.278298616409301758e+00
4.691356658935546875e+00
-2.885981321334838867e+00
1.474677562713623047e+00
4.496691703796386719e+00
1.085375189781188965e+00
-5.029992461204528809e-01
2.223667383193969727e+00
2.251019954681396484e+00
-2.453411340713500977e+00
-2.640320062637329102e+00
1.844392538070678711e+00
3.257866144180297852e+00
-5.982792973518371582e-01
-8.921591639518737793e-01
-5.620107054710388184e-01
-6.006896495819091797e-01
1.656651496887207031e+00
6.146826744079589844e-01
5.460904121398925781e+00
1.835171580314636230e-01
-1.882846832275390625e+00
3.614295005798339844e+00
-4.724944591522216797e+00
5.104263782501220703e+00
4.812232971191406250e+00
6.913547515869140625e-01
-5.802013874053955078e-01
-2.183020591735839844e+00
-2.398279190063476562e+00
-6.694036722183227539e-02
2.635457515716552734e-01
7.180947303771972656e+00
3.211874961853027344e+00
2.326508998870849609e+00
1.753373622894287109e+00
-3.270376205444335938e+00
-3.961191892623901367e+00
4.638052463531494141e+00
-2.385702610015869141e+00
3.606724739074707031e+00
3.170917987823486328e+00
2.000735282897949219e+00
1.518525481224060059e+00
2.603159666061401367e+00
4.436738967895507812e+00
-2.147248238325119019e-01
4.834103107452392578e+00
5.506855845451354980e-01
-2.563905715942382812e-02
9.505444765090942383e-02
3.181744575500488281e+00
3.405424654483795166e-01
1.747156381607055664e+00
3.726268529891967773e+00
2.814120292663574219e+00
1.728677034378051758e+00
3.821624815464019775e-02
3.494949340820312500e+00
4.357253074645996094e+00
1.350948691368103027e+00
3.427942752838134766e+00
2.798914909362792969e+00
2.093098163604736328e-01
3.862936258316040039e+00
4.359212398529052734e+00
1.217762470245361328e+00
3.430525064468383789e+00
1.175194144248962402e+00
-4.411100864410400391e+00
2.349310874938964844e+00
-1.881121516227722168e+00
-1.034004688262939453e+00
1.537714481353759766e+00
-7.585631608963012695e-01
-2.564365625381469727e+00
2.343195676803588867e+00
-1.072921752929687500e-01
-4.598079323768615723e-01
-4.462761878967285156e-01
1.712897777557373047e+00
2.027773618698120117e+00
7.446991205215454102e-01
-1.676256299018859863e+00
-6.894003152847290039e-01
5.194473862648010254e-01
2.110322475433349609e+00
4.881443500518798828e+00
-2.365637779235839844e+00
2.215946674346923828e+00
2.931094646453857422e+00
-8.284419775009155273e-02
-2.522064208984375000e+00
4.749124526977539062e+00
-4.717597007751464844e+00
-2.492302894592285156e+00
1.544621467590332031e+00
-1.351671218872070312e-01
8.415274620056152344e-01
-1.661168217658996582e+00
-1.207993745803833008e+00
8.078056573867797852e-01
3.128132343292236328e+00
2.082054018974304199e-01
-4.875287413597106934e-04
-1.791923165321350098e+00
2.509173393249511719e+00
3.455674350261688232e-01
9.256069660186767578e-01
-4.117109775543212891e+00
3.307263612747192383e+00
-2.666888236999511719e+00
3.228953838348388672e+00
4.887728214263916016e+00
2.954902648925781250e-01
-1.906789898872375488e+00
5.340282917022705078e-01
3.193209171295166016e+00
2.129109621047973633e+00
4.216438293457031250e+00
1.505117297172546387e+00
3.681667327880859375e+00
4.267518043518066406e+00
5.921138525009155273e-01
4.156706035137176514e-01
1.823605656623840332e+00
3.110659837722778320e+00
-1.304803609848022461e+00
3.411371469497680664e+00
9.127290248870849609e-01
-4.060447216033935547e-02
3.717827796936035156e+00
2.054055333137512207e-01
2.585766315460205078e+00
1.172975063323974609e+00
1.853345751762390137e+00
-1.046573400497436523e+00
4.803194403648376465e-01
1.358875036239624023e+00
-3.610326647758483887e-01
-9.579130411148071289e-01
-2.872290611267089844e+00
-2.456814050674438477e-03
9.213559627532958984e-01
2.436558961868286133e+00
-2.268766880035400391e+00
4.060382843017578125e+00
3.791866540908813477e+00
2.021046161651611328e+00
2.320735454559326172e+00
1.965205550193786621e+00
3.354218959808349609e+00
2.797153949737548828e+00
9.476561844348907471e-02
3.966207504272460938e-01
3.530374526977539062e+00
-2.247244596481323242e+00
3.851770401000976562e+00
9.139114618301391602e-01
5.828502655029296875e+00
6.316814422607421875e-01
-1.832219600677490234e+00
3.782049179077148438e+00
-2.603673696517944336e+00
3.697758913040161133e-01
4.066637992858886719e+00
1.372347235679626465e+00
-2.385290265083312988e-01
-1.185232281684875488e+00
7.054992914199829102e-01
5.219263076782226562e+00
5.744469165802001953e+00
-2.129628956317901611e-01
2.452583074569702148e+00
-6.268689036369323730e-01
-8.192859292030334473e-01
1.114480257034301758e+00
2.170895099639892578e+00
2.058863878250122070e+00
-2.722613334655761719e+00
1.279781818389892578e+00
-2.173403501510620117e+00
5.735407829284667969e+00
3.271054625511169434e-01
1.992208361625671387e+00
3.559505224227905273e+00
7.387807965278625488e-01
-1.291764140129089355e+00
1.981414794921875000e+00
7.872635722160339355e-01
-1.047009825706481934e+00
9.259388446807861328e-01
-3.582803010940551758e+00
-5.684900283813476562e-01
-2.966926097869873047e-01
1.125537753105163574e-01
3.568855762481689453e+00
3.932167291641235352e-01
5.663565158843994141e+00
5.791049003601074219e+00
3.577420711517333984e+00
2.612965106964111328e+00
2.770146369934082031e+00
5.737103462219238281e+00
1.041283369064331055e+00
3.762701034545898438e+00
2.080248117446899414e+00
2.006512880325317383e+00
3.212386131286621094e+00
-1.365363597869873047e-02
4.165314674377441406e+00
6.062012672424316406e+00
-3.968833759427070618e-02
4.208292484283447266e+00
1.434925556182861328e+00
-1.188340783119201660e-01
-8.781762123107910156e-01
-2.296964168548583984e+00
6.700009346008300781e+00
-3.995606660842895508e+00
4.385508537292480469e+00
-1.461551904678344727e+00
1.541641950607299805e+00
4.687452793121337891e+00
-8.595752716064453125e-02
-1.080347537994384766e+00
-5.181678533554077148e-01
-2.239600121974945068e-01
-1.681831359863281250e+00
2.803186416625976562e+00
2.778886079788208008e+00
7.655605077743530273e-01
-2.713755130767822266e+00
8.996000885963439941e-01
1.226909160614013672e-01
2.727012157440185547e+00
-7.724696397781372070e-02
9.365540742874145508e-01
4.852495193481445312e-01
3.857527971267700195e-01
3.624815940856933594e+00
-3.070398569107055664e+00
-2.666661024093627930e+00
5.142010688781738281e+00
-4.281946718692779541e-01
5.962931156158447266e+00
4.766124725341796875e+00
1.025206208229064941e+00
-1.252902269363403320e+00
5.146196842193603516e+00
1.666304945945739746e+00
2.072772026062011719e+00
4.255569934844970703e+00
-9.518727660179138184e-01
4.269926071166992188e+00
1.580730676651000977e+00
-1.314816713333129883e+00
2.989525794982910156e+00
8.416751623153686523e-01
-5.360627770423889160e-01
1.424257755279541016e+00
1.513180494308471680e+00
7.433516979217529297e-01
2.670789361000061035e-01
1.104416549205780029e-01
-3.256655454635620117e+00
-4.294256567955017090e-01
3.018897175788879395e-01
7.680126428604125977e-01
5.747643470764160156e+00
1.484664320945739746e+00
2.715046882629394531e+00
5.494245290756225586e-01
2.352919816970825195e+00
4.544965744018554688e+00
3.130065917968750000e+00
1.872280836105346680e+00
1.009809613227844238e+00
3.699108958244323730e-01
4.695917367935180664e-01
-2.185170054435729980e-01
-6.463171839714050293e-01
2.491908073425292969e+00
1.698537111282348633e+00
6.583581566810607910e-01
-7.546081542968750000e-01
-2.054373025894165039e-01
1.709249019622802734e+00
-6.719235181808471680e-01
7.326968908309936523e-01
3.127511739730834961e+00
3.581818819046020508e+00
9.197281599044799805e-01
2.553827524185180664e+00
-1.373339891433715820e-01
-6.574761867523193359e-01
6.583735466003417969e+00
6.212279319763183594e+00
-3.243017196655273438e-01
4.980013847351074219e+00
4.705881118774414062e+00
5.654016971588134766e+00
1.025435924530029297e+00
-2.672574281692504883e+00
-3.468627452850341797e+00
-3.063123703002929688e+00
2.599394798278808594e+00
2.957889080047607422e+00
5.470079421997070312e+00
2.748524665832519531e+00
-3.192442655563354492e-01
2.606868743896484375e-01
-3.387309789657592773e+00
3.378238677978515625e+00
4.338922977447509766e+00
4.708901405334472656e+00
-2.500075578689575195e+00
3.486588954925537109e+00
-5.347145795822143555e-01
-9.560203552246093750e-02
1.770440340042114258e+00
2.360119342803955078e+00
-1.014190673828125000e+00
3.677003860473632812e+00
2.013882994651794434e-02
7.235699295997619629e-01
3.434391021728515625e+00
7.742674350738525391e-01
-1.266141653060913086e+00
5.639186501502990723e-02
4.813552379608154297e+00
1.586657762527465820e+00
2.700157403945922852e+00
7.576652765274047852e-01
-7.575929164886474609e-01
-4.721319675445556641e+00
1.192846417427062988e+00
-7.726864814758300781e-01
2.399324893951416016e+00
2.747307777404785156e+00
2.049532651901245117e+00
3.217268943786621094e+00
4.622168540954589844e+00
3.605094909667968750e+00
1.414934635162353516e+00
1.585685014724731445e+00
-2.843273878097534180e-01
1.033000230789184570e+00
1.789256095886230469e+00
-3.764979839324951172e-01
-4.902012348175048828e-01
1.032636284828186035e+00
2.469484329223632812e+00
2.699759960174560547e+00
8.582240939140319824e-01
-1.911750793457031250e+00
2.762748718261718750e+00
1.628043651580810547e+00
9.326783418655395508e-01
2.904125213623046875e+00
1.803785085678100586e+00
-1.322971105575561523e+00
4.463953495025634766e+00
-2.974954247474670410e-02
4.127699375152587891e+00
4.272428035736083984e+00
1.148602128028869629e+00
1.377237796783447266e+00
-7.484143972396850586e-01
5.136632919311523438e-02
9.098321199417114258e-01
1.927222847938537598e+00
-1.886813282966613770e+00
-5.565977096557617188e-02
3.324566125869750977e+00
3.735208749771118164e+00
-8.234846591949462891e-01
4.984156608581542969e+00
-4.192788004875183105e-01
6.470727443695068359e+00
-1.334690213203430176e+00
2.658814668655395508e+00
3.134034872055053711e+00
1.851198375225067139e-01
1.928829908370971680e+00
4.414206504821777344e+00
5.562348842620849609e+00
3.268760442733764648e+00
1.491820812225341797e-01
5.637485027313232422e+00
7.034274101257324219e+00
-7.986786365509033203e-01
3.851224422454833984e+00
-5.609826445579528809e-01
2.082175254821777344e+00
3.109160423278808594e+00
4.775097846984863281e+00
1.832747459411621094e-02
1.451595783233642578e+00
-1.093566298484802246e+00
2.384849548339843750e+00
2.672356605529785156e+00
6.321100234985351562e+00
-9.800076484680175781e-01
3.784558057785034180e+00
-1.912371873855590820e+00
5.501768112182617188e+00
8.738692283630371094e+00
3.789096832275390625e+00
3.754428863525390625e+00
1.104788303375244141e+00
-3.531524658203125000e+00
-1.891624927520751953e-01
4.480309486389160156e+00
3.320022344589233398e+00
-5.900435447692871094e-01
2.054112434387207031e+00
6.712149977684020996e-01
-7.764148712158203125e-01
1.942634224891662598e+00
2.172603011131286621e-01
3.494136810302734375e+00
3.262104392051696777e-01
1.989852428436279297e+00
1.316479086875915527e+00
-4.473876476287841797e+00
-3.936106204986572266e+00
-1.233815431594848633e+00
-4.923747539520263672e+00
-3.369460344314575195e+00
-4.034493923187255859e+00
1.779512166976928711e+00
-1.422907114028930664e+00
-2.499903917312622070e+00
-7.848089933395385742e-02
-3.867705345153808594e+00
-1.819419264793395996e-01
-3.712925434112548828e+00
-3.628322124481201172e+00
-5.139071464538574219e+00
-3.768460750579833984e+00
-1.297600269317626953e+00
-2.503567934036254883e+00
-5.565345287322998047e+00
-8.892127871513366699e-01
-2.134015083312988281e+00
-1.913084387779235840e+00
-4.435965538024902344e+00
-6.821727752685546875e-02
-3.876712620258331299e-01
-3.572986125946044922e+00
-3.175143957138061523e+00
-2.365719795227050781e+00
-2.608609199523925781e-02
-5.190986633300781250e+00
-1.381001830101013184e+00
-2.383543729782104492e+00
-4.300517082214355469e+00
-1.853762745857238770e+00
-5.706093311309814453e+00
-1.853255391120910645e+00
-1.246624350547790527e+00
-9.353901147842407227e-01
-1.918710947036743164e+00
-2.850346326828002930e+00
-1.974692106246948242e+00
-4.155990600585937500e+00
-3.250886440277099609e+00
1.863362550735473633e+00
-2.207889080047607422e+00
-1.268010139465332031e+00
9.714286923408508301e-01
-5.226910114288330078e-01
8.156052827835083008e-01
-1.927787780761718750e+00
1.160470843315124512e+00
3.501905798912048340e-01
2.618493556976318359e+00
1.594328403472900391e+00
-1.161074638366699219e+00
1.035698175430297852e+00
1.730407714843750000e+00
-1.687200307846069336e+00
5.021215915679931641e+00
3.553021430969238281e+00
1.482276439666748047e+00
8.307699561119079590e-01
-8.319946527481079102e-01
-4.988487243652343750e+00
-9.416297674179077148e-01
-2.236110210418701172e+00
-2.354198455810546875e+00
-2.611242532730102539e+00
-1.151493310928344727e+00
-1.305238604545593262e+00
-3.495540142059326172e+00
1.560892820358276367e+00
-6.015430688858032227e-01
-2.408284902572631836e+00
-3.374660015106201172e+00
-2.887107849121093750e+00
6.960213184356689453e-01
