-2.270770311355590820e+00
2.260514259338378906e+00
-3.629994153976440430e+00
-3.141491413116455078e+00
-2.529950380325317383e+00
-4.219304084777832031e+00
-2.495820522308349609e+00
-6.370973110198974609e+00
-2.177043199539184570e+00
3.970724344253540039e-01
-1.786192178726196289e+00
-1.981526374816894531e+00
-2.476627826690673828e+00
-8.392635583877563477e-01
-7.574053406715393066e-01
-4.036122798919677734e+00
-2.277529001235961914e+00
-1.150055408477783203e+00
6.440187096595764160e-01
-4.966042518615722656e+00
-4.603704452514648438e+00
-8.832734823226928711e-01
1.449972391128540039e-02
-1.088990926742553711e+00
-5.338448286056518555e-02
-4.089673519134521484e+00
-3.394311428070068359e+00
-4.057981967926025391e+00
-2.836779832839965820e+00
-4.981859207153320312e+00
-5.302748203277587891e+00
-2.192210674285888672e+00
-5.818890094757080078e+00
-1.061439037322998047e+00
1.002267599105834961e-01
-9.227256774902343750e-01
-4.891254901885986328e-01
-2.014819860458374023e+00
-1.707107067108154297e+00
-2.168467760086059570e+00
-2.267655611038208008e+00
-3.224473476409912109e+00
-2.638500213623046875e+00
-6.722395420074462891e-01
7.214075326919555664e-01
1.726394653320312500e+00
-2.746478796005249023e+00
1.470417976379394531e+00
-9.380945563316345215e-01
-1.666814088821411133e+00
3.731871604919433594e+00
-8.478733897209167480e-01
-8.672214746475219727e-01
-2.332363605499267578e+00
7.542474269866943359e-01
1.670496702194213867e+00
-2.337451577186584473e-01
-3.486940383911132812e+00
5.563573837280273438e-01
8.987338542938232422e-01
2.566878318786621094e+00
1.770889997482299805e+00
1.777515411376953125e+00
-9.645513296127319336e-01
5.233794450759887695e-01
1.254287362098693848e+00
1.879051685333251953e+00
-2.723014652729034424e-01
3.479719460010528564e-01
-1.278570413589477539e+00
-2.034811019897460938e+00
-1.829148769378662109e+00
-2.396614551544189453e+00
-1.133458614349365234e+00
1.411506652832031250e+00
-1.467261552810668945e+00
-8.500000834465026855e-02
2.080482542514801025e-01
5.722346901893615723e-02
-2.729103088378906250e+00
-1.176569461822509766e-01
-3.550359725952148438e+00
-5.682368278503417969e-01
-4.212133407592773438e+00
7.227808237075805664e-01
-2.817180633544921875e+00
-5.396007299423217773e-01
-3.191606283187866211e+00
-2.621301710605621338e-01
2.611625194549560547e-01
-1.618364453315734863e+00
-7.051056027412414551e-01
-5.983319282531738281e-01
-2.066581487655639648e+00
1.596837520599365234e+00
-4.658152103424072266e+00
2.521829128265380859e+00
-2.281102180480957031e+00
-1.834489822387695312e+00
-2.459065437316894531e+00
-1.149523258209228516e+00
2.022747993469238281e-01
-6.240392684936523438e+00
1.423002719879150391e+00
-3.851435661315917969e+00
-2.669234752655029297e+00
-1.460463047027587891e+00
-2.621246814727783203e+00
4.710833728313446045e-02
6.873634457588195801e-01
-4.240705013275146484e+00
-2.075020313262939453e+00
4.216268658638000488e-01
-9.654402732849121094e-01
-4.028285026550292969e+00
-8.804091215133666992e-01
-1.590409874916076660e+00
2.100037813186645508e+00
-2.930928707122802734e+00
-4.816439151763916016e+00
-5.180144309997558594e+00
-3.297948360443115234e+00
-3.956860303878784180e-01
-4.182316780090332031e+00
-2.645288944244384766e+00
-3.013622283935546875e+00
-2.666767358779907227e+00
-8.589299917221069336e-01
-1.341459035873413086e+00
-5.651758909225463867e-01
5.713784694671630859e-01
-1.188763499259948730e+00
2.636903524398803711e+00
5.594310760498046875e-01
-1.978313922882080078e+00
-6.783213615417480469e-01
-3.413999557495117188e+00
-1.769241333007812500e+00
-1.619004011154174805e+00
-2.260565996170043945e+00
-1.480819940567016602e+00
-1.170830965042114258e+00
-1.724571585655212402e+00
-1.159403204917907715e+00
-2.105906963348388672e+00
-3.292218208312988281e+00
-5.659219741821289062e+00
-1.423439741134643555e+00
-5.550491809844970703e-01
-8.201733827590942383e-01
3.908918499946594238e-01
1.490883469581604004e+00
-3.568629264831542969e+00
1.486579477787017822e-01
-2.107639789581298828e+00
-1.372824549674987793e+00
7.904200553894042969e-01
-2.390651226043701172e+00
-7.176297903060913086e-01
1.472306132316589355e+00
8.273581862449645996e-01
-2.308101654052734375e+00
-2.057963609695434570e-01
-1.819737315177917480e+00
-1.140025854110717773e+00
-1.729255676269531250e+00
-1.482552766799926758e+00
-2.660981893539428711e+00
-2.539904117584228516e-01
-4.253989458084106445e-02
1.361381053924560547e+00
-1.006093978881835938e+00
5.009698867797851562e-01
3.334659099578857422e+00
-1.829677939414978027e+00
-1.908328294754028320e+00
-1.311164498329162598e+00
-6.406774520874023438e-01
-2.916843295097351074e-01
-5.224531143903732300e-02
-4.716266632080078125e+00
1.565368175506591797e+00
-9.629901647567749023e-01
1.539352893829345703e+00
-3.048248767852783203e+00
8.105755448341369629e-01
-1.176585316658020020e+00
-2.355472087860107422e+00
1.729576826095581055e+00
-4.240850210189819336e-01
-3.495415210723876953e+00
-3.611824810504913330e-01
3.275334835052490234e-02
4.772782325744628906e-01
-2.273385763168334961e+00
-2.261554718017578125e+00
-2.232088327407836914e+00
-1.672770380973815918e-01
-2.920214176177978516e+00
8.981657028198242188e-01
-1.728835701942443848e+00
1.083218097686767578e+00
-2.178062915802001953e+00
-8.727326989173889160e-01
2.213620662689208984e+00
-2.966314077377319336e+00
-7.123959660530090332e-01
-7.236391901969909668e-01
-1.494055628776550293e+00
-3.412930369377136230e-01
-1.957590103149414062e+00
2.635216712951660156e-02
-9.304047226905822754e-01
3.332011401653289795e-01
-1.928506612777709961e+00
2.558274984359741211e+00
-4.204854965209960938e-01
-1.746520996093750000e+00
-2.401436328887939453e+00
-1.501977920532226562e+00
-1.338288068771362305e+00
-4.701918363571166992e-02
1.097327589988708496e+00
2.815278172492980957e-01
-2.205163717269897461e+00
-2.190157651901245117e+00
4.156237840652465820e-01
-2.721761465072631836e-01
4.179328680038452148e-02
8.387199044227600098e-01
-1.025430440902709961e+00
5.200259685516357422e-01
-6.119420528411865234e-01
1.041395425796508789e+00
4.491978883743286133e-02
-3.789206504821777344e+00
-3.372660875320434570e+00
2.049372911453247070e+00
6.389229297637939453e-01
-1.432257175445556641e+00
-3.168788552284240723e-01
-5.960986614227294922e-01
-2.284893989562988281e+00
-1.622496843338012695e+00
-1.599178075790405273e+00
-1.285855174064636230e+00
7.953442335128784180e-01
8.155458569526672363e-01
1.437021970748901367e+00
-6.152896285057067871e-01
-8.336206078529357910e-01
-7.826612591743469238e-01
-1.336870908737182617e+00
5.350998044013977051e-01
7.940942049026489258e-01
-4.353524446487426758e-01
-1.139433145523071289e+00
-1.692215442657470703e+00
-5.519424676895141602e-01
-1.480158090591430664e+00
-1.694442749023437500e+00
-1.548822402954101562e+00
-3.395856142044067383e+00
7.024985551834106445e-02
1.732743501663208008e+00
-3.310689926147460938e-01
-1.316444277763366699e+00
6.060719490051269531e-03
-2.818170309066772461e+00
3.678016066551208496e-01
-1.469573974609375000e+00
-2.028200864791870117e+00
-2.071461379528045654e-01
-9.717179536819458008e-01
-6.966643333435058594e-01
-2.268110513687133789e+00
-3.416841030120849609e+00
-6.529428958892822266e-01
-1.407076954841613770e+00
1.502323150634765625e-01
-1.468862414360046387e+00
1.146886348724365234e+00
2.954236268997192383e-01
3.313828229904174805e+00
-2.333668231964111328e+00
-6.864186525344848633e-01
-4.485031068325042725e-01
-3.573939800262451172e+00
-2.226947307586669922e+00
-2.059972524642944336e+00
-3.873377144336700439e-01
-2.637827873229980469e+00
-8.857535123825073242e-01
-2.947848558425903320e+00
-2.175457000732421875e+00
1.780956029891967773e+00
-1.102361679077148438e-01
-1.162035703659057617e+00
-2.675270318984985352e+00
-4.746725559234619141e+00
-4.178863525390625000e+00
-2.240671634674072266e+00
-3.455879211425781250e+00
-1.494344472885131836e+00
-2.823495388031005859e+00
-5.405358314514160156e+00
-4.586414813995361328e+00
-8.479311466217041016e-01
-1.569288492202758789e+00
-1.419849634170532227e+00
1.238520026206970215e+00
-1.879598736763000488e+00
-4.450807094573974609e+00
-1.194436311721801758e+00
9.813427329063415527e-01
-3.046344757080078125e+00
-2.627948284149169922e+00
-6.661915779113769531e-01
-1.379828333854675293e+00
-3.007203638553619385e-01
-3.566771030426025391e+00
7.642865180969238281e-01
-9.705519676208496094e-02
3.050745725631713867e-01
-2.909820079803466797e+00
-3.242090702056884766e+00
-3.286144256591796875e+00
-1.748767495155334473e+00
-4.054978370666503906e+00
-4.027259945869445801e-01
-1.144376516342163086e+00
-1.918654561042785645e+00
2.242843627929687500e+00
1.800245165824890137e+00
-3.177239656448364258e+00
-4.584636211395263672e+00
-8.493419885635375977e-01
-3.094512224197387695e+00
-1.364406347274780273e+00
6.895129084587097168e-01
7.668137550354003906e-03
9.486213922500610352e-01
5.534898638725280762e-01
-4.037435054779052734e+00
-3.269730806350708008e+00
4.408792853355407715e-01
-7.265146076679229736e-02
-2.715735435485839844e+00
-1.741032958030700684e+00
-6.909983158111572266e-01
-2.068927288055419922e+00
-4.345684051513671875e+00
-5.811893463134765625e+00
-4.514846324920654297e+00
1.099052309989929199e+00
-2.647327899932861328e+00
-3.400885820388793945e+00
7.871745824813842773e-01
1.244132161140441895e+00
-1.971974492073059082e+00
-6.258438229560852051e-01
-2.050045251846313477e+00
-3.954551696777343750e+00
-1.481308341026306152e+00
-3.075083732604980469e+00
-6.065157055854797363e-01
-2.796410560607910156e+00
-4.638696193695068359e+00
-2.852082967758178711e+00
-3.552219390869140625e+00
-5.028466224670410156e+00
-4.885042667388916016e+00
-6.758655071258544922e+00
-1.235016107559204102e+00
-2.697169065475463867e+00
-4.934857845306396484e+00
-2.354672431945800781e+00
-2.221253633499145508e+00
-1.491428017616271973e+00
-2.140697479248046875e+00
-2.282809495925903320e+00
-3.143895626068115234e+00
-1.736669301986694336e+00
4.232720732688903809e-01
-1.660409927368164062e+00
5.111069083213806152e-01
-2.657716274261474609e+00
1.704168081283569336e+00
5.603229999542236328e-01
-3.269998311996459961e+00
-1.894311428070068359e+00
-2.394595146179199219e-01
-7.273660898208618164e-01
-6.534197330474853516e-01
-2.451566219329833984e+00
-5.317698001861572266e+00
2.195985317230224609e+00
-5.842944145202636719e+00
3.372835397720336914e+00
2.713727474212646484e+00
-1.790371060371398926e+00
-2.052557468414306641e+00
-2.209217786788940430e+00
-6.371456384658813477e-01
1.355508327484130859e+00
7.854039669036865234e+00
5.764865875244140625e-01
4.924429893493652344e+00
2.826260566711425781e+00
1.766347646713256836e+00
3.790688991546630859e+00
9.927794337272644043e-01
2.891545534133911133e+00
-9.171212911605834961e-01
4.961395263671875000e+00
1.418141245841979980e+00
-2.283169746398925781e+00
4.178988933563232422e+00
-1.253330588340759277e+00
3.022797107696533203e+00
-1.788152098655700684e+00
-1.355103731155395508e+00
-1.541772484779357910e+00
-1.172460317611694336e-01
7.547178268432617188e+00
4.640824794769287109e+00
1.797849655151367188e+00
3.830101013183593750e+00
2.026908874511718750e+00
2.412264108657836914e+00
-2.935557126998901367e+00
-3.430016636848449707e-01
-2.380579233169555664e+00
1.581305265426635742e+00
4.476543426513671875e+00
3.912054777145385742e+00
3.570088148117065430e+00
2.458867311477661133e+00
-1.357946634292602539e+00
3.413090109825134277e-01
-3.019742012023925781e+00
-2.099632740020751953e+00
9.087666869163513184e-01
5.482533931732177734e+00
2.914181232452392578e+00
-1.016187429428100586e+00
3.714893817901611328e+00
2.434485673904418945e+00
-4.953509569168090820e-02
2.886512279510498047e+00
4.422244071960449219e+00
-3.729676485061645508e+00
3.089563846588134766e-01
3.909748792648315430e-01
1.325042247772216797e+00
4.895708560943603516e-01
-2.252052545547485352e+00
1.555900096893310547e+00
2.398946762084960938e+00
1.485057115554809570e+00
3.445527315139770508e+00
-1.679183244705200195e+00
3.301462173461914062e+00
7.253296971321105957e-01
2.589291095733642578e+00
1.712670564651489258e+00
-1.381667375564575195e+00
-3.191351652145385742e+00
-5.628266334533691406e-01
-2.629837989807128906e+00
-6.895364522933959961e-01
2.339291572570800781e+00
7.348047494888305664e-01
-2.568534374237060547e+00
3.930649280548095703e+00
1.504417300224304199e+00
4.788369655609130859e+00
-5.999911308288574219e+00
5.626749992370605469e+00
-1.819825291633605957e+00
3.006131172180175781e+00
7.320984601974487305e-01
-4.190094470977783203e+00
7.972993850708007812e+00
1.205101013183593750e-01
-3.775375843048095703e+00
-2.350983619689941406e+00
3.513883590698242188e+00
-1.268837451934814453e+00
7.681407451629638672e+00
-2.592828571796417236e-01
-2.036841869354248047e+00
-3.854577541351318359e-01
-1.596262216567993164e+00
-1.151223897933959961e+00
3.908504843711853027e-01
5.124440670013427734e+00
4.840102195739746094e+00
6.495556831359863281e+00
-6.028900146484375000e+00
3.813298463821411133e+00
2.741877555847167969e+00
2.012048721313476562e+00
-4.968464374542236328e-01
5.217511177062988281e+00
-1.363201737403869629e+00
2.458904027938842773e+00
-6.751592159271240234e-01
-1.849490165710449219e+00
4.190435886383056641e+00
3.788603305816650391e+00
-1.309970617294311523e+00
-5.427702903747558594e+00
-1.614128589630126953e+00
1.306113600730895996e+00
6.933434605598449707e-01
3.407344818115234375e+00
3.926526069641113281e+00
2.467710494995117188e+00
4.771865844726562500e+00
6.979031085968017578e+00
-3.132911622524261475e-01
-3.147708892822265625e+00
-1.019510507583618164e+00
-2.782546043395996094e+00
-1.019934892654418945e+00
8.119761943817138672e-01
-1.601046323776245117e+00
-1.199168562889099121e+00
1.067013025283813477e+00
4.318621635437011719e+00
-1.959543228149414062e+00
-8.395753055810928345e-02
8.028838157653808594e+00
-3.683043479919433594e+00
-9.148617744445800781e+00
2.677589178085327148e+00
3.653341770172119141e+00
1.908008456230163574e+00
6.518650054931640625e+00
-5.825226306915283203e-01
-3.330594062805175781e+00
-5.998790264129638672e-01
1.186466813087463379e+00
-2.232030391693115234e+00
-4.569621980190277100e-01
-2.156079053878784180e+00
-6.481318473815917969e-01
-2.716678142547607422e+00
8.677912712097167969e+00
-7.103662014007568359e+00
-1.137205123901367188e+00
4.064104080200195312e+00
8.833944201469421387e-01
2.943491697311401367e+00
1.567294239997863770e+00
5.207389354705810547e+00
6.302793502807617188e+00
-1.509238243103027344e+00
1.533192396163940430e+00
-6.898609995841979980e-01
-4.685409665107727051e-01
3.841653108596801758e+00
1.510705649852752686e-01
1.860465764999389648e+00
6.744892597198486328e+00
-2.982326984405517578e+00
-5.028634548187255859e+00
3.016149103641510010e-01
1.825914382934570312e+00
2.100889444351196289e+00
-5.323034286499023438e+00
1.037109375000000000e+00
-7.585737109184265137e-01
-1.393682241439819336e+00
7.004359364509582520e-01
4.196552038192749023e-01
-1.415178775787353516e+00
-3.647545576095581055e+00
1.806101202964782715e-02
5.855672359466552734e+00
-3.802008867263793945e+00
2.436900377273559570e+00
-1.267376780509948730e+00
4.850354194641113281e+00
2.970959424972534180e+00
3.261382102966308594e+00
-2.594254970550537109e+00
4.251610279083251953e+00
1.925921916961669922e+00
-1.275059103965759277e+00
7.800651550292968750e+00
-3.480244278907775879e-01
4.316831529140472412e-01
-1.725104093551635742e+00
-1.616459369659423828e+00
1.988987326622009277e-01
3.191708326339721680e-01
1.825976610183715820e+00
4.258878707885742188e+00
-8.082802295684814453e-01
-1.576529741287231445e+00
1.783289670944213867e+00
8.067847490310668945e-01
-3.783655166625976562e+00
6.695293784141540527e-01
1.658722639083862305e+00
-2.904845476150512695e+00
8.945077657699584961e-01
-2.742034792900085449e-01
1.685317277908325195e+00
1.533573722839355469e+01
1.374410390853881836e-01
-2.450644969940185547e+00
7.874866724014282227e-01
9.807099103927612305e-01
4.387160778045654297e+00
3.278135538101196289e+00
1.421510279178619385e-01
2.569000005722045898e+00
3.543762207031250000e+00
1.594673395156860352e+00
7.867561280727386475e-02
-2.405878067016601562e+00
2.034860134124755859e+00
1.684440016746520996e+00
-3.937151670455932617e+00
-3.044949054718017578e+00
1.902138948440551758e+00
-7.167904376983642578e-01
-1.326768159866333008e+00
4.491248428821563721e-01
7.597765922546386719e-01
9.836384057998657227e-01
1.708297014236450195e+00
-2.511978864669799805e+00
2.289817571640014648e+00
1.672461032867431641e+00
2.594611644744873047e-01
8.315495848655700684e-01
-1.125727057456970215e+00
-3.037233591079711914e+00
2.684456110000610352e-01
1.473998785018920898e+00
-1.034339189529418945e+00
5.538982391357421875e+00
5.484642982482910156e+00
4.702128887176513672e+00
-1.073502063751220703e+00
5.936636328697204590e-01
-4.096198081970214844e+00
2.735773026943206787e-01
5.465739727020263672e+00
2.025623321533203125e+00
1.215860366821289062e+00
1.403087854385375977e+00
2.259895086288452148e+00
2.453202724456787109e+00
6.599147319793701172e+00
1.431542634963989258e+00
4.697301864624023438e+00
-1.933283805847167969e-01
6.336057186126708984e-01
3.619770526885986328e+00
3.913969755172729492e+00
1.909396052360534668e-01
-4.171485424041748047e+00
1.443619966506958008e+00
5.025700092315673828e+00
7.089149475097656250e+00
6.605284810066223145e-01
3.887314796447753906e+00
3.424108505249023438e+00
-8.076862692832946777e-01
-2.453960418701171875e+00
3.948402166366577148e+00
-1.242994189262390137e+00
-2.007834434509277344e+00
-7.962437868118286133e-01
-4.084296226501464844e-01
6.440390944480895996e-01
-1.236637115478515625e+00
6.160099506378173828e-01
-1.229449987411499023e+00
-3.593726396560668945e+00
-1.333348751068115234e+00
-3.745186567306518555e+00
7.533845305442810059e-01
-4.796370267868041992e-01
-1.490402936935424805e+00
1.427054166793823242e+00
5.750418901443481445e-01
2.908267498016357422e+00
-3.981581330299377441e-01
-1.096991598606109619e-01
2.016544342041015625e+00
1.753676772117614746e+00
2.387138605117797852e+00
5.094771862030029297e+00
4.435626029968261719e+00
5.744535923004150391e+00
6.943286418914794922e+00
-2.070712566375732422e+00
2.761652469635009766e+00
2.379876613616943359e+00
2.245029449462890625e+00
1.642626762390136719e+00
1.696051120758056641e+00
-7.722199559211730957e-01
3.637082576751708984e+00
7.541138529777526855e-01
-2.721627950668334961e-01
5.382214784622192383e-01
6.921752691268920898e-01
-4.014996528625488281e+00
-3.190273761749267578e+00
8.288220405578613281e+00
-1.958564758300781250e+00
2.221436023712158203e+00
-1.264475345611572266e+00
-2.721153497695922852e+00
6.491800308227539062e+00
2.244327068328857422e-01
2.660394906997680664e+00
1.995319008827209473e+00
-1.093228101730346680e+00
-5.699873447418212891e+00
3.472029685974121094e+00
4.372393131256103516e+00
-3.105903267860412598e-01
1.291174411773681641e+00
2.406979799270629883e-01
6.317067146301269531e-02
2.552880287170410156e+00
-1.836972951889038086e+00
5.390810012817382812e+00
-2.325429439544677734e+00
-1.529988050460815430e-01
5.802265167236328125e+00
-1.475041031837463379e+00
-3.732796907424926758e+00
7.345580577850341797e+00
-3.730240464210510254e-02
3.991456508636474609e+00
1.931627243757247925e-01
-2.523654460906982422e+00
2.680985927581787109e+00
1.892000317573547363e+00
3.125376224517822266e+00
-1.168251037597656250e+00
8.823953628540039062e+00
9.840346574783325195e-01
-1.008363127708435059e+00
3.985526561737060547e+00
-2.652740478515625000e+00
-4.992079734802246094e-01
3.395256757736206055e+00
3.072064399719238281e+00
-4.257954597473144531e+00
1.302050232887268066e+00
6.620571017265319824e-01
1.658741950988769531e+00
2.742157220840454102e+00
-4.655676841735839844e+00
7.152446508407592773e-01
1.318571090698242188e+00
-2.952931880950927734e+00
-2.530419349670410156e+00
2.501060009002685547e+00
4.187970161437988281e-01
1.218662261962890625e-01
-2.562310695648193359e+00
4.346091270446777344e+00
-2.737396955490112305e+00
1.763056516647338867e+00
2.839919328689575195e+00
-1.272404909133911133e+00
-7.350226640701293945e-01
-3.212179422378540039e+00
3.093742370605468750e+00
-1.528813362121582031e+00
2.548703193664550781e+00
3.373052120208740234e+00
-2.417874813079833984e+00
-1.832730770111083984e+00
8.655769824981689453e-01
-1.870513558387756348e+00
6.964999437332153320e-01
3.778570890426635742e+00
3.190768241882324219e+00
4.357242584228515625e-01
2.007070779800415039e+00
3.666863441467285156e+00
2.488949447870254517e-01
9.671985626220703125e+00
3.624708175659179688e+00
3.256668090820312500e+00
1.671098709106445312e+00
-2.956799745559692383e+00
1.669253230094909668e+00
-1.537342071533203125e-01
-3.494981288909912109e+00
2.681231021881103516e+00
2.993879556655883789e+00
-1.037254571914672852e+00
5.016243457794189453e-02
6.352508544921875000e+00
1.728706002235412598e+00
6.958690881729125977e-01
-9.823080897331237793e-02
-4.545968055725097656e+00
-2.032117128372192383e+00
-1.383585453033447266e+00
-3.364509820938110352e+00
-2.847073078155517578e-01
2.324060440063476562e+00
-4.023336768150329590e-01
-7.960364222526550293e-01
5.754169225692749023e-01
-1.224436163902282715e-01
1.570080161094665527e+00
-1.691658496856689453e+00
3.662826061248779297e+00
-1.970901012420654297e+00
4.485774040222167969e+00
5.825060367584228516e+00
-9.178673624992370605e-01
-4.912786006927490234e+00
1.582677721977233887e+00
5.012884140014648438e-01
2.684105634689331055e-01
5.147425651550292969e+00
2.767071723937988281e+00
-6.608184576034545898e-01
2.320681810379028320e-01
-7.435337305068969727e-01
2.860516548156738281e+00
2.464555025100708008e+00
-1.293000936508178711e+00
2.547765731811523438e+00
3.968226909637451172e+00
3.402445793151855469e+00
1.840877979993820190e-01
1.465458631515502930e+00
-2.393658757209777832e-01
-1.400724768638610840e+00
-3.300935983657836914e+00
1.306532621383666992e+00
-3.632889270782470703e+00
-1.040287017822265625e+00
3.716090917587280273e+00
3.187868833541870117e+00
-2.262896060943603516e+00
6.935818195343017578e-01
4.695208072662353516e+00
-4.757624268531799316e-01
3.980165719985961914e-01
3.405883789062500000e+00
4.751904964447021484e+00
-1.949784040451049805e+00
1.753745555877685547e+00
1.854460597038269043e+00
-8.787593841552734375e-01
1.706581830978393555e+00
2.057568550109863281e+00
4.000308513641357422e+00
7.472562789916992188e-01
3.746282100677490234e+00
3.810125589370727539e+00
-2.492326736450195312e+00
-1.569978117942810059e+00
2.387464046478271484e-01
2.790625810623168945e+00
2.116504907608032227e+00
-1.437968015670776367e+00
6.286098957061767578e-01
2.603223323822021484e+00
3.624812066555023193e-01
-4.124505043029785156e+00
3.044617414474487305e+00
3.312345743179321289e+00
-2.002712190151214600e-01
1.987930536270141602e-01
4.126677513122558594e+00
-1.222472488880157471e-01
5.292052030563354492e-01
-1.623161792755126953e+00
8.577582836151123047e-01
1.678938746452331543e+00
-7.081694006919860840e-01
4.567682743072509766e+00
-3.445136547088623047e+00
4.736850738525390625e+00
4.720157146453857422e+00
2.758652210235595703e+00
3.628003835678100586e+00
-1.139269828796386719e+00
4.255107641220092773e-01
2.317545652389526367e+00
-1.592298030853271484e+00
4.967787742614746094e+00
-5.985496520996093750e+00
2.606759548187255859e+00
-4.976899623870849609e-01
9.311673164367675781e+00
4.275922775268554688e+00
9.938895702362060547e-02
-2.238153815269470215e-01
2.753658533096313477e+00
-4.300536155700683594e+00
-2.405318975448608398e+00
6.804190635681152344e+00
4.779938697814941406e+00
4.877243041992187500e+00
-9.250377416610717773e-01
5.856596827507019043e-01
4.559597492218017578e+00
2.600043773651123047e+00
4.947678089141845703e+00
1.996686220169067383e+00
1.179401755332946777e+00
5.167777061462402344e+00
3.942564725875854492e+00
-2.651366472244262695e+00
-2.440027475357055664e+00
-4.791789650917053223e-01
-5.433009624481201172e+00
-4.302086830139160156e-01
-3.030002355575561523e+00
8.200248479843139648e-01
-4.666022777557373047e+00
-3.867134809494018555e+00
9.063470363616943359e-02
-3.435466766357421875e+00
-2.129434585571289062e+00
-6.277266979217529297e+00
-3.735522031784057617e-01
-3.935986042022705078e+00
-2.077622413635253906e+00
-2.246877670288085938e+00
-2.724271297454833984e+00
-4.439989566802978516e+00
-1.563878655433654785e+00
-1.136364936828613281e+00
-1.473430037498474121e+00
-3.843348503112792969e+00
9.018213152885437012e-01
-1.184153676033020020e+00
-2.902426958084106445e+00
-1.717640399932861328e+00
8.207851052284240723e-01
-1.350953340530395508e+00
1.204448819160461426e+00
-1.427687883377075195e+00
-3.559202551841735840e-01
-3.014174699783325195e+00
-2.594558477401733398e+00
-3.581800699234008789e+00
1.145829558372497559e+00
-1.788822650909423828e+00
-3.521495819091796875e+00
-5.103774070739746094e+00
-3.327866792678833008e+00
-3.544478654861450195e+00
-4.902303695678710938e+00
-5.071525573730468750e+00
2.047466993331909180e+00
-3.354630708694458008e+00
2.385256052017211914e+00
-2.103481054306030273e+00
6.455328941345214844e+00
5.717439651489257812e-01
5.831833839416503906e+00
4.736101627349853516e+00
6.688138097524642944e-02
8.627735137939453125e+00
2.456218481063842773e+00
-1.299414634704589844e-01
4.548166275024414062e+00
3.183942794799804688e+00
1.720848560333251953e+00
8.945146799087524414e-01
-8.047797679901123047e-01
3.649269580841064453e+00
2.892879724502563477e+00
5.210421085357666016e+00
-2.444924116134643555e+00
1.000742673873901367e+00
-3.085455656051635742e+00
1.943258523941040039e+00
-1.904615640640258789e+00
1.254667282104492188e+00
-1.001881957054138184e+00
-2.591709613800048828e+00
-2.945604085922241211e+00
-6.224153041839599609e-01
-5.050538778305053711e-01
-2.513586759567260742e+00
1.039448738098144531e+00
1.805612087249755859e+00
