-4.059390068054199219e+00
1.549953669309616089e-01
-3.302328586578369141e+00
-3.142825126647949219e+00
-2.356938123703002930e+00
-1.899169921875000000e+00
-6.068103313446044922e-01
-2.168612957000732422e+00
-2.600324153900146484e+00
-1.714364051818847656e+00
-3.508168458938598633e+00
-4.821230888366699219e+00
-4.255074024200439453e+00
-4.446604728698730469e+00
-2.679749488830566406e+00
-4.113574028015136719e+00
-7.068153381347656250e+00
-2.036726951599121094e+00
-1.633848428726196289e+00
-6.857738971710205078e+00
-5.708620548248291016e+00
-3.881781101226806641e+00
-3.825522899627685547e+00
-5.031229019165039062e+00
-8.014786243438720703e-02
-3.042664527893066406e+00
-9.492895007133483887e-01
-2.825246810913085938e+00
-2.148459434509277344e+00
-4.715895652770996094e+00
-2.247222661972045898e+00
-3.108747005462646484e+00
-4.353598117828369141e+00
7.873510718345642090e-01
1.590608835220336914e+00
-7.697720527648925781e-01
1.378388166427612305e+00
7.048816084861755371e-01
7.817006111145019531e-01
1.834155440330505371e+00
7.375269532203674316e-01
2.159849882125854492e+00
-9.828351140022277832e-01
-1.226837277412414551e+00
4.345571994781494141e+00
2.462017536163330078e+00
2.016710758209228516e+00
-1.645713746547698975e-01
1.484748125076293945e+00
-1.144084930419921875e+00
3.758349418640136719e+00
-1.522431015968322754e+00
1.184579133987426758e+00
6.548957824707031250e-01
4.579902172088623047e+00
2.158351659774780273e+00
3.647684097290039062e+00
-2.188444375991821289e+00
1.539169430732727051e+00
5.288951396942138672e-01
4.810038566589355469e+00
3.462489128112792969e+00
5.228086471557617188e+00
6.043604612350463867e-01
1.808154106140136719e+00
3.400024414062500000e+00
3.162648200988769531e+00
2.757655382156372070e+00
3.705717086791992188e+00
1.640869975090026855e+00
-4.900586605072021484e+00
-1.701830625534057617e+00
-1.395941734313964844e+00
1.367363780736923218e-01
8.425334095954895020e-02
-2.260969877243041992e+00
-4.520126879215240479e-01
-9.450248479843139648e-01
-1.075191855430603027e+00
-2.308675646781921387e-02
-3.269302129745483398e+00
-2.209076642990112305e+00
5.922497808933258057e-02
-3.158298015594482422e+00
3.162965774536132812e+00
-2.744487285614013672e+00
4.404305219650268555e-01
-1.868603587150573730e+00
-2.660391330718994141e-01
-2.807952404022216797e+00
-2.307618379592895508e+00
-3.467032909393310547e+00
-2.272806644439697266e+00
-3.864109754562377930e+00
-2.921015262603759766e+00
-6.245067596435546875e+00
-8.138853311538696289e-01
-1.359362959861755371e+00
-2.856102943420410156e+00
-3.408316135406494141e+00
-4.682240486145019531e+00
1.080652475357055664e+00
-5.227554321289062500e+00
-3.360119104385375977e+00
-3.806940555572509766e+00
-4.062434673309326172e+00
-1.836009383201599121e+00
-2.600134134292602539e+00
-4.908485412597656250e+00
-4.390372633934020996e-01
-2.784911632537841797e+00
6.291108131408691406e-01
-1.771941184997558594e+00
-1.318224310874938965e+00
-1.031187534332275391e+00
-4.167233943939208984e+00
-7.942572236061096191e-01
2.696667909622192383e-01
-3.247599840164184570e+00
-2.033417940139770508e+00
-3.605120658874511719e+00
-5.418655872344970703e+00
-1.655002236366271973e+00
-3.255125999450683594e+00
-1.384676098823547363e+00
-5.692189216613769531e+00
-1.972213983535766602e+00
-3.844998598098754883e+00
-2.682108402252197266e+00
-3.767861723899841309e-01
-1.199854135513305664e+00
2.491704225540161133e-01
1.711512088775634766e+00
-1.277280688285827637e+00
5.659496784210205078e-02
-2.158369779586791992e+00
-3.114868164062500000e+00
-3.163208961486816406e+00
-1.063731431961059570e+00
-2.458590984344482422e+00
-1.958023786544799805e+00
-2.904768228530883789e+00
-6.516748666763305664e-01
-4.796123981475830078e+00
-3.178590536117553711e+00
-2.498147964477539062e+00
-5.530364990234375000e+00
-4.126070499420166016e+00
-3.073460578918457031e+00
-1.778837800025939941e+00
-4.062882423400878906e+00
2.225685119628906250e-01
-1.555704951286315918e+00
-8.114609122276306152e-01
-9.481973648071289062e-01
-1.927543431520462036e-03
2.184309005737304688e+00
1.302715301513671875e+00
-2.066950082778930664e+00
-1.440711379051208496e+00
-3.304096698760986328e+00
-2.179601430892944336e+00
2.463113367557525635e-01
7.876758575439453125e-01
9.955822229385375977e-01
-1.755122184753417969e+00
-3.430102825164794922e+00
-1.250258445739746094e+00
5.208646655082702637e-01
-2.683543443679809570e+00
-7.354861497879028320e-01
-7.008756995201110840e-01
-6.437270045280456543e-01
2.038572311401367188e+00
-2.481493949890136719e+00
-3.743498086929321289e+00
-1.279126882553100586e+00
-3.146124601364135742e+00
-6.674957871437072754e-01
-3.477110862731933594e+00
-6.575940132141113281e+00
6.796537637710571289e-01
-1.682688593864440918e+00
-3.675388574600219727e+00
-2.222840785980224609e+00
7.892275452613830566e-01
-2.382949829101562500e+00
-4.166164875030517578e+00
-2.279243916273117065e-01
-2.649946212768554688e+00
-3.456719875335693359e+00
-3.458060264587402344e+00
-2.323626041412353516e+00
-2.229124546051025391e+00
-5.954623222351074219e-01
-9.575824737548828125e-01
-4.715314388275146484e+00
-8.921849131584167480e-01
-2.248429298400878906e+00
-1.105027675628662109e+00
-2.914425134658813477e+00
2.070660352706909180e+00
-1.141760349273681641e+00
-2.292398810386657715e-01
4.690772891044616699e-01
-1.166925191879272461e+00
-1.609080791473388672e+00
8.102177977561950684e-01
-2.208822011947631836e+00
-2.342097759246826172e+00
-9.521144628524780273e-01
1.736363649368286133e+00
-1.678110063076019287e-01
-2.222215235233306885e-01
9.634650349617004395e-01
2.943561553955078125e+00
1.053727269172668457e+00
5.797827243804931641e-01
4.787388443946838379e-01
-1.706146478652954102e+00
-1.268622994422912598e+00
-5.536345243453979492e-01
4.144349098205566406e-01
-1.829906582832336426e+00
-4.443497657775878906e+00
-1.995309114456176758e+00
-2.034516572952270508e+00
-1.108703017234802246e+00
-1.432699441909790039e+00
9.059076756238937378e-02
-1.718935012817382812e+00
-3.362907171249389648e-01
7.328585386276245117e-01
-2.040515422821044922e+00
-5.978314280509948730e-01
-5.517458438873291016e+00
-3.251548528671264648e+00
7.998070716857910156e-01
-1.967025279998779297e+00
-2.151974439620971680e-01
1.983374118804931641e+00
-1.402889490127563477e-01
-2.655328273773193359e+00
-2.043722152709960938e+00
-1.781197428703308105e+00
-2.367951393127441406e+00
6.146107912063598633e-01
8.540826439857482910e-01
8.950787782669067383e-02
-1.187386035919189453e+00
-3.443187236785888672e+00
-4.426357150077819824e-02
-3.020815610885620117e+00
-1.416040658950805664e+00
6.681159138679504395e-02
-1.205270290374755859e+00
-3.419636726379394531e+00
-6.894917488098144531e-01
-2.657027482986450195e+00
-2.750857591629028320e+00
-3.459086418151855469e+00
-4.781306266784667969e+00
-2.047340631484985352e+00
6.054273247718811035e-02
1.005888700485229492e+00
-1.448512792587280273e+00
-2.235028266906738281e+00
-2.355829238891601562e+00
-1.051594734191894531e+00
-8.704184889793395996e-01
-5.975479632616043091e-02
-5.018513679504394531e+00
-1.482300996780395508e+00
-1.957476973533630371e+00
-4.097948074340820312e-01
-2.855994939804077148e+00
-3.979655027389526367e+00
-2.019398689270019531e+00
-4.006351470947265625e+00
-3.854499578475952148e+00
-3.692012071609497070e+00
-5.313683152198791504e-01
1.278618097305297852e+00
-2.415029048919677734e+00
-1.055119633674621582e+00
2.650042057037353516e+00
-1.630875825881958008e+00
-1.752349853515625000e+00
9.971734881401062012e-01
-2.847253084182739258e-01
2.113876104354858398e+00
-4.179768562316894531e+00
6.661846637725830078e-01
-1.025631189346313477e+00
-2.233664035797119141e+00
-8.780089616775512695e-01
-2.319462537765502930e+00
-3.057402372360229492e+00
-2.216393947601318359e+00
-3.194834709167480469e+00
-3.654724597930908203e+00
-2.270552396774291992e+00
-2.663234233856201172e+00
-3.079133510589599609e+00
-1.602822780609130859e+00
-3.178087472915649414e+00
-3.156691551208496094e+00
-1.337189555168151855e+00
-2.476463794708251953e+00
-2.308454513549804688e+00
-1.351268410682678223e+00
-9.994337558746337891e-01
-3.487407207489013672e+00
-1.639194011688232422e+00
-1.934445381164550781e+00
-1.974678874015808105e+00
-3.857538223266601562e+00
-3.260932683944702148e+00
-1.065149545669555664e+00
3.601105809211730957e-01
-5.058522224426269531e+00
-2.995262861251831055e+00
-1.586544275283813477e+00
-2.541995525360107422e+00
-3.891031026840209961e+00
-4.080303668975830078e+00
-5.027484893798828125e+00
2.657368779182434082e-01
-2.281794309616088867e+00
-1.797109603881835938e+00
-9.886270165443420410e-01
-1.104620456695556641e+00
-2.345275282859802246e-01
-1.330036759376525879e+00
-4.837469577789306641e+00
-5.686475276947021484e+00
-3.205718994140625000e+00
-2.688338994979858398e+00
-1.640592098236083984e+00
-2.179239988327026367e-01
3.971495151519775391e+00
3.563318967819213867e+00
1.156333446502685547e+00
-2.165667533874511719e+00
-2.961526870727539062e+00
1.007649898529052734e+00
-6.268772482872009277e-01
-2.371722698211669922e+00
-3.261897087097167969e+00
-3.458001613616943359e-01
-1.861994028091430664e+00
-3.871970176696777344e+00
-5.864156723022460938e+00
-4.420682907104492188e+00
-2.566004276275634766e+00
-1.750017285346984863e+00
-1.248775005340576172e+00
-3.224994897842407227e+00
8.267929553985595703e-01
-3.415259838104248047e+00
-3.952748775482177734e+00
9.722134470939636230e-01
-2.591104030609130859e+00
-1.651912331581115723e+00
-1.310188889503479004e+00
2.235634803771972656e+00
-2.489717960357666016e+00
-1.325063228607177734e+00
-4.336018085479736328e+00
-3.648509979248046875e+00
-4.820147037506103516e+00
-3.585403919219970703e+00
-6.141271114349365234e+00
-2.798104286193847656e+00
-2.817855834960937500e+00
-3.443809270858764648e+00
8.870935440063476562e-02
-3.446912050247192383e+00
-1.737683892250061035e+00
-2.042121887207031250e+00
-1.010914802551269531e+00
-3.664547920227050781e+00
-2.641684770584106445e+00
8.123198747634887695e-01
-1.394107341766357422e+00
2.545679330825805664e+00
9.349334239959716797e-01
-7.713781595230102539e-01
-2.678159236907958984e+00
-3.248899459838867188e+00
1.745128631591796875e-02
-3.109441757202148438e+00
-2.141313791275024414e+00
-4.348640918731689453e+00
-2.851998805999755859e+00
-2.091665029525756836e+00
2.491675376892089844e+00
-4.392201423645019531e+00
2.682679176330566406e+00
2.810926914215087891e+00
3.085100650787353516e+00
9.996492266654968262e-01
-8.246790170669555664e-01
-2.089556694030761719e+00
-5.229961872100830078e-02
1.842297792434692383e+00
-1.699523210525512695e+00
1.062416315078735352e+00
-1.615851640701293945e+00
2.597292184829711914e+00
4.409302234649658203e+00
5.331795215606689453e+00
3.193733930587768555e+00
8.103601932525634766e-01
4.973190784454345703e+00
2.164609432220458984e+00
9.183673858642578125e-01
2.949326753616333008e+00
-2.366433143615722656e+00
3.621883630752563477e+00
-2.176688194274902344e+00
4.409402847290039062e+00
1.983259797096252441e+00
1.100396513938903809e+00
8.065446853637695312e+00
2.639595031738281250e+00
5.605830550193786621e-01
2.815615415573120117e+00
3.417988717555999756e-01
5.573304176330566406e+00
-4.510211646556854248e-01
-7.810916900634765625e-01
-1.761263251304626465e+00
4.108623981475830078e+00
5.776618957519531250e+00
2.723612546920776367e+00
4.800513744354248047e+00
4.168481230735778809e-01
3.597403168678283691e-01
-1.331827521324157715e+00
4.067778587341308594e+00
8.159262537956237793e-01
1.894918441772460938e+00
5.769733905792236328e+00
2.846091985702514648e-01
-5.995348095893859863e-01
6.295516490936279297e+00
-5.769908428192138672e-02
-4.961109161376953125e-02
1.726264119148254395e+00
1.215963840484619141e+00
-2.643584251403808594e+00
4.587532043457031250e+00
8.553248643875122070e-01
4.284482002258300781e-01
1.524005889892578125e+00
-3.195081233978271484e+00
2.006048679351806641e+00
6.067788600921630859e+00
-1.374727964401245117e+00
3.667594909667968750e+00
9.006798863410949707e-01
2.320946216583251953e+00
3.314427852630615234e+00
3.977015018463134766e+00
-3.921002894639968872e-02
-7.774183750152587891e-01
-8.469612598419189453e-01
5.140843987464904785e-01
1.074024796485900879e+00
1.111983776092529297e+00
2.510730266571044922e+00
-2.353631973266601562e+00
-3.614217281341552734e+00
3.748059749603271484e+00
9.798417687416076660e-01
3.661654949188232422e+00
-5.744148731231689453e+00
7.106705188751220703e+00
-1.201556205749511719e+00
3.361993074417114258e+00
2.423502445220947266e+00
-4.639495313167572021e-01
4.422358036041259766e+00
-2.296775579452514648e+00
2.966322004795074463e-02
-1.944112062454223633e+00
1.684872627258300781e+00
8.403020501136779785e-01
3.628251075744628906e+00
-5.597426891326904297e-01
-4.068175792694091797e+00
1.978063344955444336e+00
-3.170098304748535156e+00
-3.276999294757843018e-01
-3.371100425720214844e-01
4.650419712066650391e+00
3.901231288909912109e+00
5.011886596679687500e+00
-3.938990831375122070e+00
9.730834960937500000e-01
2.766087055206298828e+00
-5.965089797973632812e-02
9.136475324630737305e-01
4.719568729400634766e+00
2.376039266586303711e+00
2.186073303222656250e+00
3.764063715934753418e-01
-3.833252191543579102e-02
4.911085605621337891e+00
4.400277614593505859e+00
-1.983464837074279785e+00
-3.748135805130004883e+00
1.091933608055114746e+00
2.319437265396118164e+00
8.054283857345581055e-01
-1.610286593437194824e+00
3.855512142181396484e+00
2.857956886291503906e+00
4.044601440429687500e+00
2.363688945770263672e+00
1.257250785827636719e+00
-9.238734841346740723e-02
4.051818847656250000e-01
-2.827527523040771484e+00
-2.923233509063720703e+00
5.043956637382507324e-01
-1.051576137542724609e+00
-1.459208011627197266e+00
-3.118014335632324219e-01
3.510353326797485352e+00
2.462434053421020508e+00
-4.178066551685333252e-01
1.009364986419677734e+01
-3.489377021789550781e+00
-5.407874107360839844e+00
2.764250636100769043e-01
4.515731334686279297e-01
2.012290954589843750e+00
6.869060516357421875e+00
-2.354624748229980469e+00
-2.144657611846923828e+00
1.019978165626525879e+00
1.099618434906005859e+00
-1.082413792610168457e+00
-1.460064411163330078e+00
-2.279279708862304688e+00
1.938463687896728516e+00
-2.249289989471435547e+00
8.556728363037109375e+00
-4.814317703247070312e+00
1.102972984313964844e+00
4.722326278686523438e+00
2.289135217666625977e+00
-9.200828075408935547e-01
-5.541091561317443848e-01
1.184673666954040527e+00
1.013588428497314453e+00
5.758500099182128906e-01
-3.216771483421325684e-01
3.724033832550048828e+00
-9.957778453826904297e-01
4.040101528167724609e+00
4.873380661010742188e+00
3.227899074554443359e-01
5.098823547363281250e+00
-1.359148502349853516e+00
-2.155737876892089844e+00
2.315495014190673828e+00
-1.885849714279174805e+00
1.238445997238159180e+00
-4.510895907878875732e-01
2.313134670257568359e+00
2.480155229568481445e+00
-9.368603825569152832e-01
-5.105279684066772461e-01
9.695303440093994141e-01
8.961967825889587402e-01
-5.913046598434448242e-01
3.187341988086700439e-01
4.535348415374755859e+00
-2.742829322814941406e-01
9.316616058349609375e-01
-2.284261703491210938e+00
-4.566236734390258789e-01
4.456106185913085938e+00
3.003669023513793945e+00
-8.078821897506713867e-01
1.738396525382995605e+00
-5.447341203689575195e-01
-2.232027053833007812e+00
6.655004978179931641e+00
7.006695866584777832e-01
3.043509244918823242e+00
-1.127629280090332031e-01
-8.408209681510925293e-01
-2.333975315093994141e+00
2.269203186035156250e+00
-1.348073720932006836e+00
3.651130199432373047e+00
-4.093034744262695312e+00
-1.010278224945068359e+00
1.255335807800292969e+00
-4.086076915264129639e-01
-1.172342658042907715e+00
3.024834394454956055e+00
2.465729475021362305e+00
-2.241727828979492188e+00
5.339456558227539062e+00
2.082363665103912354e-01
1.475385189056396484e+00
9.797496795654296875e+00
-2.785104513168334961e-01
-7.277871966361999512e-01
2.157830476760864258e+00
-2.990159511566162109e+00
4.865117073059082031e+00
1.808980703353881836e+00
1.435439944267272949e+00
1.716095805168151855e+00
3.727460861206054688e+00
6.594326496124267578e-01
2.122902393341064453e+00
-2.562551021575927734e+00
2.593038082122802734e+00
-1.930551528930664062e+00
-6.889917850494384766e-01
7.015004158020019531e-01
2.489523410797119141e+00
2.372119665145874023e+00
5.288681983947753906e-01
2.216550827026367188e+00
7.270976305007934570e-01
3.594836592674255371e-01
-1.351742446422576904e-01
-2.689532041549682617e+00
4.077764511108398438e+00
2.633780002593994141e+00
1.583119034767150879e+00
2.146204948425292969e+00
3.193348169326782227e+00
-9.595147371292114258e-01
-7.920943498611450195e-01
8.023695349693298340e-01
-1.651351928710937500e+00
3.865595579147338867e+00
7.781694412231445312e+00
4.722377777099609375e+00
-1.538338065147399902e+00
-1.087954282760620117e+00
-3.402885437011718750e+00
-6.981004476547241211e-01
1.757899641990661621e+00
3.666110754013061523e+00
2.719540119171142578e+00
-3.351365327835083008e-01
5.990952253341674805e-01
1.298285722732543945e+00
4.963383674621582031e+00
1.514127254486083984e+00
7.281194329261779785e-01
-8.872085213661193848e-01
-6.608200073242187500e-02
3.375080108642578125e+00
2.163659572601318359e+00
-2.447705864906311035e-01
-1.046229362487792969e+00
2.386237621307373047e+00
5.788290023803710938e+00
4.907711505889892578e+00
1.368005037307739258e+00
3.112627744674682617e+00
-6.725640594959259033e-02
-3.436507582664489746e-01
-4.282633304595947266e+00
3.017354607582092285e-01
-3.729054689407348633e+00
-4.649819135665893555e-01
-1.549775242805480957e+00
2.054825782775878906e+00
-2.488728523254394531e+00
1.024161577224731445e-01
1.991433262825012207e+00
-4.699400067329406738e-01
-8.494942784309387207e-01
-7.115117311477661133e-01
-2.506482124328613281e+00
1.646361351013183594e+00
3.534954786300659180e-02
-9.844598174095153809e-01
2.422324419021606445e+00
-9.529012441635131836e-01
4.533398628234863281e+00
-3.559305429458618164e+00
-5.363673567771911621e-01
4.555402278900146484e+00
8.543009757995605469e-01
1.394401907920837402e+00
3.484383821487426758e+00
3.582399845123291016e+00
9.768245697021484375e+00
9.201957583427429199e-01
-1.167092084884643555e+00
4.951509475708007812e+00
3.635216474533081055e+00
2.882330417633056641e+00
-3.650656938552856445e-01
2.124860525131225586e+00
1.630639791488647461e+00
3.421939849853515625e+00
-4.945576488971710205e-01
3.954322338104248047e+00
4.780930280685424805e-01
-1.247811079025268555e+00
-2.648150205612182617e+00
-2.837646484375000000e+00
3.537988185882568359e+00
-8.650237321853637695e-01
-1.320828795433044434e+00
-1.389757156372070312e+00
1.080643773078918457e+00
8.603801727294921875e+00
8.287981748580932617e-01
8.115773200988769531e-01
7.638701200485229492e-01
1.192860126495361328e+00
-6.353847503662109375e+00
-1.402891993522644043e+00
4.049302101135253906e+00
-3.743474960327148438e+00
1.676471233367919922e+00
1.336104869842529297e+00
3.013780713081359863e-01
3.289782524108886719e+00
-4.362833499908447266e-01
7.798348426818847656e+00
-3.327316045761108398e+00
3.789002656936645508e+00
8.819014430046081543e-01
-8.748084902763366699e-01
-2.867226123809814453e+00
1.152146434783935547e+01
6.057125926017761230e-01
3.097311496734619141e+00
-3.042570650577545166e-01
-4.746767044067382812e+00
3.107599496841430664e+00
-8.469504117965698242e-02
2.494502544403076172e+00
9.092884659767150879e-01
8.246542930603027344e+00
1.430389285087585449e+00
1.887314319610595703e-01
2.605559825897216797e+00
3.099904060363769531e-01
-1.430681228637695312e+00
1.827044844627380371e+00
4.336737155914306641e+00
-4.553992271423339844e+00
2.355670690536499023e+00
9.910514354705810547e-01
3.048238515853881836e+00
2.124354839324951172e-01
-1.619537949562072754e+00
6.462699174880981445e-01
-1.753915995359420776e-01
1.984031200408935547e-01
-3.039943695068359375e+00
4.220506191253662109e+00
2.619325399398803711e+00
3.354374408721923828e+00
3.448319435119628906e+00
4.550980567932128906e+00
2.855679690837860107e-01
3.090220212936401367e+00
6.121128082275390625e+00
8.227266073226928711e-01
-2.963018178939819336e+00
-7.213244438171386719e-01
2.421191692352294922e+00
-2.876854896545410156e+00
2.193107604980468750e+00
2.457506656646728516e+00
6.985777616500854492e-02
-1.732773303985595703e+00
-1.496608376502990723e+00
3.466336250305175781e+00
2.859692573547363281e+00
1.115930318832397461e+00
1.643547415733337402e-01
5.658755302429199219e+00
2.094540596008300781e+00
-3.290908336639404297e-01
-1.316102981567382812e+00
9.223472595214843750e+00
3.268777132034301758e+00
6.917620658874511719e+00
-9.585319757461547852e-01
1.140819430351257324e+00
3.865395069122314453e+00
-3.558099269866943359e-03
-3.384512901306152344e+00
8.350404500961303711e-01
2.055404663085937500e+00
8.852516114711761475e-02
6.939930915832519531e-01
6.579652786254882812e+00
9.750256538391113281e-01
2.514192342758178711e+00
1.255652427673339844e+00
-2.746287107467651367e+00
-4.196607112884521484e+00
-2.146441459655761719e+00
-3.962512969970703125e+00
-1.792185783386230469e+00
3.483299255371093750e+00
1.312568187713623047e+00
-1.966652274131774902e-01
-1.119646668434143066e+00
1.392754077911376953e+00
3.361206054687500000e+00
-2.759996891021728516e+00
1.083759546279907227e+00
3.528915643692016602e-01
1.146043777465820312e+01
2.211941242218017578e+00
-9.362645149230957031e-01
-3.897885799407958984e+00
8.034132122993469238e-01
4.064083099365234375e+00
-1.579112410545349121e+00
1.515214562416076660e+00
1.100884914398193359e+00
-4.835775494575500488e-01
2.635346651077270508e+00
-9.229373335838317871e-01
4.883686065673828125e+00
3.936219215393066406e+00
-1.572391510009765625e+00
-3.366311192512512207e-01
2.785686969757080078e+00
1.252862334251403809e+00
-4.555439352989196777e-01
-1.126216173171997070e+00
4.249057769775390625e+00
4.043492317199707031e+00
-2.660284638404846191e-01
-1.092152118682861328e+00
-1.862854003906250000e+00
1.221152782440185547e+00
4.073845744132995605e-01
3.470640659332275391e+00
2.138395309448242188e+00
-1.538545250892639160e+00
2.512104749679565430e+00
-5.385219454765319824e-01
-3.074055671691894531e+00
1.920446872711181641e+00
1.703370213508605957e+00
-3.921839892864227295e-01
1.339249610900878906e+00
3.934152603149414062e+00
-3.083668947219848633e-01
3.906282424926757812e+00
-7.831764221191406250e-02
1.592853546142578125e+00
1.286292314529418945e+00
-1.308868527412414551e+00
6.081416606903076172e-01
3.631462156772613525e-02
-2.133795499801635742e+00
-9.569483995437622070e-01
3.317424297332763672e+00
3.057771444320678711e+00
4.393303394317626953e-01
2.091510593891143799e-01
7.367185354232788086e-01
-3.421088755130767822e-01
-1.747905135154724121e+00
6.240801811218261719e+00
2.745578050613403320e+00
1.130166888236999512e+00
-3.367462158203125000e-01
4.907135486602783203e+00
1.110729575157165527e+00
5.820643424987792969e+00
5.238446235656738281e+00
2.916699171066284180e+00
4.049340248107910156e+00
1.322902321815490723e+00
9.174003005027770996e-01
-9.781598448753356934e-01
2.852512836456298828e+00
4.856540679931640625e+00
1.724914431571960449e+00
-1.536753654479980469e+00
7.932110428810119629e-01
3.821874618530273438e+00
5.816658973693847656e+00
3.148878097534179688e+00
3.216703891754150391e+00
-6.208891272544860840e-01
1.864810347557067871e+00
9.490802288055419922e-01
5.643051624298095703e+00
-6.105542182922363281e-01
3.743087530136108398e+00
3.775594949722290039e+00
1.317320346832275391e+00
-3.745198965072631836e+00
-5.239467024803161621e-01
8.600930213928222656e+00
3.544363021850585938e+00
-1.405678391456604004e+00
-3.509299278259277344e+00
5.344288945198059082e-01
5.518153190612792969e+00
5.232152938842773438e+00
5.835007667541503906e+00
3.962607860565185547e+00
1.661300778388977051e+00
6.884294033050537109e+00
6.548159122467041016e+00
-2.944497585296630859e+00
-5.284885168075561523e-01
-9.135609269142150879e-01
-7.950206279754638672e+00
-2.503723859786987305e+00
-1.196492552757263184e+00
1.891983747482299805e-01
-1.261603832244873047e+00
-3.298313617706298828e+00
7.360396981239318848e-01
-3.274374961853027344e+00
-9.841974973678588867e-01
-8.090583801269531250e+00
1.734456181526184082e+00
-3.775055408477783203e+00
-3.270091533660888672e+00
-1.388360142707824707e+00
-3.908068656921386719e+00
-4.698819160461425781e+00
-4.505515694618225098e-01
-2.049217700958251953e+00
-1.308772683143615723e+00
-3.549547672271728516e+00
-1.716657161712646484e+00
-1.337334394454956055e+00
-1.393117427825927734e+00
-4.136667847633361816e-01
1.763108491897583008e+00
-1.698946714401245117e+00
7.234648466110229492e-01
-1.310269236564636230e+00
-6.043511033058166504e-01
-1.345520019531250000e+00
2.316892892122268677e-01
1.496260166168212891e+00
-3.637876808643341064e-01
-2.202615976333618164e+00
-1.637707114219665527e+00
-2.052450180053710938e+00
-5.950167179107666016e+00
-1.970029354095458984e+00
-4.334059238433837891e+00
-2.256078958511352539e+00
3.500555992126464844e+00
-3.754486799240112305e+00
3.133351564407348633e+00
-2.200227260589599609e+00
5.070853233337402344e-01
1.833337426185607910e+00
3.512802839279174805e+00
4.991545081138610840e-01
-7.886846065521240234e-01
6.001239776611328125e+00
9.503006935119628906e-03
-3.754768371582031250e-01
2.828529357910156250e+00
1.039243221282958984e+00
-2.818476557731628418e-01
2.207923889160156250e+00
1.165611267089843750e+00
3.325955867767333984e-01
-4.914850592613220215e-01
3.440752029418945312e-01
-2.772315979003906250e+00
-6.773068904876708984e-01
-3.554287672042846680e+00
7.835108786821365356e-02
-1.520495891571044922e+00
-5.062016248703002930e-01
-3.378897905349731445e+00
-3.074773550033569336e+00
-5.741506576538085938e+00
-4.645049571990966797e+00
-2.394472122192382812e+00
-4.886436939239501953e+00
-1.968572258949279785e+00
7.249455928802490234e+00
