2.094531059265136719e+00
2.937880992889404297e+00
-3.118571281433105469e+00
-2.904374599456787109e-01
-2.835358858108520508e+00
-7.180012464523315430e-01
-9.390860795974731445e-01
-2.856870889663696289e+00
-4.489081382751464844e+00
-4.739991664886474609e+00
-8.547267913818359375e-01
-2.488806247711181641e-01
-1.698713898658752441e+00
1.348674654960632324e+00
1.599233150482177734e+00
-1.752508640289306641e+00
-1.630760550498962402e+00
4.549825191497802734e-01
-2.188786745071411133e+00
1.483955383300781250e-01
-5.557979106903076172e+00
-4.611308097839355469e+00
-2.992024421691894531e+00
-2.407713651657104492e+00
-1.986155986785888672e+00
-1.269291043281555176e+00
9.337367415428161621e-01
-2.687305688858032227e+00
1.102647304534912109e+00
1.163550615310668945e+00
-2.501410484313964844e+00
1.632546424865722656e+00
-3.891988277435302734e+00
-1.978361845016479492e+00
-3.242776393890380859e+00
-8.471342325210571289e-01
-1.453694820404052734e+00
-3.218914270401000977e+00
2.271448671817779541e-01
-1.685795426368713379e+00
-2.493161439895629883e+00
-3.564981460571289062e+00
-1.661557257175445557e-01
-1.741917133331298828e-01
-1.835787892341613770e+00
1.418503999710083008e+00
-1.121188521385192871e+00
2.484468936920166016e+00
-1.104708194732666016e+00
-4.986525535583496094e+00
-1.207492589950561523e+00
1.728945851325988770e+00
-6.025124788284301758e-01
-6.870972514152526855e-01
1.366082429885864258e-01
3.159730911254882812e+00
3.713538169860839844e+00
-5.455031871795654297e+00
-5.825355052947998047e-01
1.501117944717407227e-01
3.888646364212036133e+00
4.326549530029296875e+00
4.926928997039794922e+00
-1.054883718490600586e+00
2.322332620620727539e+00
8.036831617355346680e-01
4.462841987609863281e+00
9.393154382705688477e-01
6.906195878982543945e-01
5.422103404998779297e-01
-3.246937394142150879e-01
1.565014570951461792e-01
5.555066466331481934e-01
4.843021392822265625e+00
4.970983028411865234e+00
-1.289813756942749023e+00
2.967910766601562500e+00
5.970862388610839844e+00
-1.094385385513305664e-01
9.680292606353759766e-01
-2.746260881423950195e+00
-2.545848846435546875e+00
-2.167865037918090820e+00
-1.558055400848388672e+00
3.666995763778686523e-01
-4.540087223052978516e+00
-1.478990554809570312e+00
-1.697230339050292969e-01
2.055988788604736328e+00
4.760264754295349121e-01
-1.966171264648437500e-01
-2.615828037261962891e+00
-6.720319390296936035e-02
-2.536257743835449219e+00
1.457401990890502930e+00
-3.647842407226562500e+00
-3.459658622741699219e-01
-2.191328048706054688e+00
-3.144573688507080078e+00
-3.864421129226684570e+00
-6.532595157623291016e+00
-1.580257892608642578e+00
-7.205953598022460938e+00
7.261048555374145508e-01
-1.577281117439270020e+00
-2.160416364669799805e+00
-1.093388319015502930e+00
1.695694088935852051e+00
-7.705101966857910156e-01
1.682338953018188477e+00
-5.352546215057373047e+00
-5.470691204071044922e+00
-2.569850444793701172e+00
-1.669823646545410156e+00
-3.747024536132812500e+00
-1.044183969497680664e+00
-2.775723695755004883e+00
3.144423007965087891e+00
1.631498813629150391e+00
1.956699788570404053e-01
-3.867111444473266602e+00
1.757652997970581055e+00
1.349434375762939453e+00
-1.491947174072265625e+00
9.352281093597412109e-01
-1.861051321029663086e+00
4.753681421279907227e-01
-2.894517660140991211e+00
-4.297533512115478516e+00
-5.602350234985351562e+00
-3.810591220855712891e+00
-2.188743829727172852e+00
-9.762996435165405273e-01
-1.105983138084411621e+00
-3.908299446105957031e+00
-6.467202663421630859e+00
-5.323199272155761719e+00
-4.657795906066894531e+00
-3.779318034648895264e-01
-2.852978229522705078e+00
6.463730335235595703e-02
-2.087350606918334961e+00
-4.705666542053222656e+00
-4.143601417541503906e+00
-4.228030204772949219e+00
-3.058994293212890625e+00
-6.786558628082275391e+00
-4.804714202880859375e+00
-2.090831279754638672e+00
-1.579496383666992188e+00
-4.579877376556396484e+00
5.919857978820800781e+00
-1.317789912223815918e+00
1.783341050148010254e+00
-1.783621311187744141e+00
1.819044113159179688e+00
2.375916004180908203e+00
9.395492076873779297e-01
3.844828367233276367e+00
1.668996691703796387e+00
-3.202513217926025391e+00
-1.896850347518920898e+00
4.498188018798828125e+00
4.722700715065002441e-01
1.105152130126953125e+00
-3.026410341262817383e-01
2.921655178070068359e+00
2.148136138916015625e+00
2.141796588897705078e+00
-1.808792948722839355e-01
3.424375295639038086e+00
2.834426879882812500e+00
1.756333351135253906e+00
4.709285259246826172e+00
-4.202446341514587402e-02
-2.817301750183105469e+00
1.189686059951782227e-01
-3.345224618911743164e+00
3.524006605148315430e-01
2.668574810028076172e+00
4.448296546936035156e+00
1.317021608352661133e+00
2.212944507598876953e+00
-8.555594682693481445e-01
-8.288415670394897461e-01
2.815682888031005859e-01
-1.113795280456542969e+00
-4.961630702018737793e-01
-2.515452504158020020e-01
-1.367618083953857422e+00
-2.269913256168365479e-01
-1.752247810363769531e+00
8.685314655303955078e-01
8.577910661697387695e-01
-1.063643813133239746e+00
2.246317148208618164e+00
-1.876417517662048340e+00
4.993635416030883789e-01
6.296133995056152344e-02
9.870960712432861328e-01
-1.242194056510925293e+00
-5.888997912406921387e-01
-1.268782138824462891e+00
3.351402997970581055e+00
1.742221832275390625e+00
2.605580389499664307e-01
-3.631635904312133789e-01
1.639772891998291016e+00
5.306088924407958984e+00
3.052765130996704102e+00
8.903850913047790527e-01
3.536620378494262695e+00
7.349549531936645508e-01
-1.656889677047729492e+00
-5.231033563613891602e-01
3.679466962814331055e+00
1.570227146148681641e-01
1.799058914184570312e+00
1.793285369873046875e+00
1.600314855575561523e+00
-4.759241640567779541e-01
-3.462449550628662109e+00
1.480174899101257324e+00
4.955685138702392578e-01
-2.095454692840576172e+00
-1.453687429428100586e+00
-1.616147518157958984e+00
1.835783839225769043e+00
-8.161178231239318848e-01
2.307780981063842773e-01
-9.430458545684814453e-01
6.209169626235961914e-01
2.098558187484741211e+00
-3.024270057678222656e+00
1.633767604827880859e+00
-1.390264868736267090e+00
-1.252522021532058716e-01
2.021798133850097656e+00
4.258989334106445312e+00
-2.690449357032775879e-01
4.005331039428710938e+00
3.781483650207519531e+00
4.663796901702880859e+00
1.380070447921752930e+00
-3.185205221176147461e+00
2.048530340194702148e+00
4.834188222885131836e-01
3.222155570983886719e+00
2.141888618469238281e+00
5.542244911193847656e-01
1.644217729568481445e+00
7.294083595275878906e+00
-1.160306096076965332e+00
4.710247039794921875e+00
2.303413152694702148e+00
-1.478955149650573730e+00
-9.090633392333984375e-01
-1.222412586212158203e+00
-2.669568538665771484e+00
-7.701868414878845215e-01
-2.309674263000488281e+00
-5.370357513427734375e+00
7.907761931419372559e-01
4.722013473510742188e+00
4.156430721282958984e+00
-5.328854322433471680e-01
-1.062219381332397461e+00
-8.694155216217041016e-01
-4.215272068977355957e-01
-2.616733074188232422e+00
-2.964384078979492188e+00
-1.105140805244445801e+00
-5.503615140914916992e-01
-4.366271793842315674e-01
-1.337613105773925781e+00
1.100455820560455322e-01
-5.579943656921386719e+00
-2.878371477127075195e+00
-3.968827247619628906e+00
-2.295489788055419922e+00
-2.134628057479858398e+00
-4.277090430259704590e-01
1.438524723052978516e+00
3.765653371810913086e+00
3.781806528568267822e-01
1.019609212875366211e+00
1.886091351509094238e+00
-2.295718193054199219e+00
-1.307937800884246826e-01
-2.396734714508056641e+00
-3.345964550971984863e-01
-4.076379776000976562e+00
3.005023717880249023e+00
-3.592206001281738281e+00
-5.227241039276123047e+00
-2.300170660018920898e+00
-4.171646118164062500e+00
-2.136812925338745117e+00
-4.313717365264892578e+00
-3.528456687927246094e+00
-4.176276922225952148e-01
-4.092129707336425781e+00
-4.064261436462402344e+00
1.493710994720458984e+00
-3.818621635437011719e+00
-4.674956798553466797e+00
-2.634058952331542969e+00
-1.770073771476745605e+00
-6.541696190834045410e-01
5.649924278259277344e-04
-1.022142052650451660e+00
1.028782725334167480e+00
3.778954148292541504e-01
2.664384365081787109e+00
3.278052091598510742e+00
-2.374211549758911133e-01
-9.506925344467163086e-01
-3.344574689865112305e+00
-1.454202413558959961e+00
2.489365577697753906e+00
-2.025444984436035156e+00
1.530969142913818359e+00
-3.099215030670166016e-02
-1.119319200515747070e-01
-2.645602226257324219e+00
-2.352211952209472656e+00
-2.900730609893798828e+00
-2.338530540466308594e+00
-3.123514175415039062e+00
-2.479458093643188477e+00
1.722269773483276367e+00
-1.620632767677307129e+00
2.805316448211669922e-02
4.836346149444580078e+00
-5.932117938995361328e+00
-5.670359611511230469e+00
-5.110693931579589844e+00
-5.444787979125976562e+00
1.529572010040283203e+00
1.239197015762329102e+00
2.587951898574829102e+00
-2.006343901157379150e-01
-3.765733003616333008e+00
-3.380976200103759766e+00
-4.878072738647460938e+00
-2.395890951156616211e-01
-1.687018632888793945e+00
-4.312357902526855469e+00
-2.616598129272460938e+00
-4.911232948303222656e+00
-2.332969188690185547e+00
-2.239856481552124023e+00
-9.157250523567199707e-01
-9.633584618568420410e-01
8.682680130004882812e-02
-1.284795641899108887e+00
3.956508040428161621e-01
-1.227067351341247559e+00
-1.074879884719848633e+00
4.756596684455871582e-02
-2.500231266021728516e+00
-1.484028816223144531e+00
-4.731770515441894531e+00
-1.564834237098693848e+00
-1.633161187171936035e+00
-9.432860016822814941e-01
-3.425810337066650391e+00
-4.869571685791015625e+00
-5.109118461608886719e+00
-2.543562173843383789e+00
-5.765148639678955078e+00
-3.179369926452636719e+00
-5.799155712127685547e+00
-3.739030122756958008e+00
-1.036198019981384277e+00
-5.776429176330566406e-01
1.501582860946655273e-01
-1.691038489341735840e+00
-2.749516010284423828e+00
-3.534360885620117188e+00
-4.402014732360839844e+00
-3.192132711410522461e+00
-1.861908912658691406e+00
2.788427352905273438e+00
-1.549457192420959473e+00
-2.911266088485717773e-01
-3.737821102142333984e+00
-1.730751037597656250e+00
-1.216951012611389160e+00
-8.497758507728576660e-01
-9.399654865264892578e-01
5.050989389419555664e-01
-8.985400199890136719e-02
-2.626375555992126465e-01
-1.073708653450012207e+00
-1.109902381896972656e+00
3.632733821868896484e+00
1.237897276878356934e+00
2.409438133239746094e+00
3.479933738708496094e+00
9.957271218299865723e-01
4.008650779724121094e-03
-6.046749353408813477e-01
-4.447578430175781250e+00
-6.464079618453979492e-01
-5.306901037693023682e-02
5.617913722991943359e+00
-1.433274149894714355e+00
-5.222231864929199219e+00
3.154213666915893555e+00
-2.759104371070861816e-01
4.679447174072265625e+00
-1.191840529441833496e+00
6.361144781112670898e-01
5.164456844329833984e+00
3.752290964126586914e+00
-1.582174777984619141e+00
4.429242610931396484e+00
-2.140693187713623047e+00
2.761494159698486328e+00
3.792738616466522217e-01
-3.700053930282592773e+00
-3.572685241699218750e+00
1.918535947799682617e+00
6.181578636169433594e+00
1.165262222290039062e+00
2.301880598068237305e+00
1.011023759841918945e+00
2.634676694869995117e-01
4.632425308227539062e+00
-1.139973551034927368e-01
1.709300279617309570e-02
-2.073329925537109375e+00
-2.081285476684570312e+00
3.477375507354736328e+00
2.099833488464355469e+00
-1.221665620803833008e+00
3.048650026321411133e+00
-1.878690719604492188e+00
2.444214344024658203e+00
1.727988958358764648e+00
1.490045547485351562e+00
1.931002140045166016e-01
7.350590229034423828e+00
-1.884842991828918457e+00
-1.590945243835449219e+00
-5.608586072921752930e-01
2.862363755702972412e-01
1.250787138938903809e+00
-1.600545763969421387e+00
2.161036491394042969e+00
1.310013055801391602e+00
8.178881406784057617e-01
-1.340778589248657227e+00
2.571688175201416016e+00
-1.145781040191650391e+00
1.663057506084442139e-01
4.979292392730712891e+00
-3.277341365814208984e+00
2.979617118835449219e+00
-2.930924892425537109e+00
3.372015953063964844e+00
7.189452052116394043e-01
2.288676261901855469e+00
1.569682002067565918e+00
6.063172817230224609e-01
-3.512676239013671875e+00
2.833945035934448242e+00
-3.392745733261108398e+00
-1.264562845230102539e+00
4.574971675872802734e+00
-2.144542932510375977e+00
-1.898444294929504395e+00
-9.851157665252685547e-01
3.787444114685058594e+00
-2.634021282196044922e+00
5.932628154754638672e+00
-3.166235208511352539e+00
3.264853954315185547e+00
-7.079929351806640625e+00
-3.595814228057861328e+00
-3.298219203948974609e+00
-1.478765726089477539e+00
2.869047164916992188e+00
-3.697228193283081055e+00
-2.061994969844818115e-01
-5.434978008270263672e-01
2.420198917388916016e+00
-2.500363588333129883e-01
2.104191303253173828e+00
2.819694519042968750e+00
-4.909912586212158203e+00
-3.849766850471496582e-01
-3.187343478202819824e-01
1.116810560226440430e+00
-1.705286741256713867e+00
2.437994480133056641e+00
4.619791984558105469e+00
-2.173106968402862549e-01
-9.216647148132324219e-01
3.552819490432739258e-01
3.151112556457519531e+00
3.095414161682128906e+00
8.355230093002319336e-03
1.282774209976196289e+00
1.758331775665283203e+00
-1.383008956909179688e-01
1.794110238552093506e-02
2.802969813346862793e-01
2.702486991882324219e+00
1.048343896865844727e+00
-3.176687479019165039e+00
-1.657667160034179688e+00
-3.037766814231872559e-01
-4.658739268779754639e-01
6.104018211364746094e+00
2.649091720581054688e+00
-1.050517797470092773e+00
2.056608200073242188e+00
5.038034915924072266e-01
2.404949665069580078e+00
-1.448928475379943848e+00
-2.076791048049926758e+00
1.217190742492675781e+00
2.148800611495971680e+00
-2.177656650543212891e+00
6.925109624862670898e-01
-4.059272766113281250e+00
-3.144663095474243164e+00
4.332242012023925781e+00
3.026114463806152344e+00
-3.364018678665161133e+00
3.267694711685180664e-01
4.719583034515380859e+00
-1.274344205856323242e+00
-3.906641244888305664e+00
-9.612010717391967773e-01
2.275633811950683594e+00
1.861598789691925049e-01
1.155098676681518555e+00
1.692279577255249023e-01
5.103021621704101562e+00
2.526412963867187500e+00
5.011250972747802734e-01
-2.298667430877685547e+00
1.603031277656555176e+00
-2.681146860122680664e+00
-2.310561418533325195e+00
-4.907287597656250000e+00
4.110200405120849609e+00
-3.341943264007568359e+00
1.665645599365234375e+00
4.096820831298828125e+00
-2.737943172454833984e+00
-2.043559789657592773e+00
-5.582327246665954590e-01
5.591965198516845703e+00
2.865795612335205078e+00
-1.629752635955810547e+00
1.102710008621215820e+00
1.083564996719360352e+00
-2.546810626983642578e+00
8.152332305908203125e-01
-3.341624736785888672e+00
4.704251289367675781e+00
9.208199381828308105e-01
-3.714465618133544922e+00
-1.050183773040771484e+00
2.413140773773193359e+00
-9.940682351589202881e-02
1.038486599922180176e+00
-7.075559139251708984e+00
1.812888026237487793e+00
-3.691101551055908203e+00
-6.568244099617004395e-01
1.764249205589294434e-01
1.424580454826354980e+00
4.418886661529541016e+00
1.737066984176635742e+00
1.895479917526245117e+00
-4.845039844512939453e-01
-2.210178852081298828e+00
1.535102725028991699e+00
-3.088854074478149414e+00
1.525555491447448730e+00
5.113946914672851562e+00
-2.753911018371582031e+00
-2.213750839233398438e+00
7.938010215759277344e+00
-5.666468143463134766e-01
-3.516850709915161133e+00
5.256825923919677734e+00
-4.236126422882080078e+00
-9.174408912658691406e-01
-1.405942440032958984e-01
-3.644528388977050781e+00
-2.111893892288208008e-02
1.586452722549438477e-01
-1.789057731628417969e+00
3.542313098907470703e+00
-4.176963567733764648e-01
3.218700647354125977e+00
7.660935521125793457e-01
2.520967960357666016e+00
3.550499439239501953e+00
2.461753845214843750e+00
1.319239020347595215e+00
-1.291651964187622070e+00
2.210172176361083984e+00
-3.570776224136352539e+00
3.414461374282836914e+00
6.841781616210937500e+00
-1.922162175178527832e+00
-3.164157629013061523e+00
6.046672344207763672e+00
3.087431907653808594e+00
4.664488315582275391e+00
3.282449543476104736e-01
5.799522399902343750e-01
7.216015338897705078e+00
2.256731986999511719e+00
5.670819282531738281e-01
-6.671631336212158203e-01
-1.256961107254028320e+00
-2.185717344284057617e+00
-6.956919431686401367e-01
1.246967792510986328e+00
-4.658556938171386719e+00
-4.740790426731109619e-01
-6.565356254577636719e-02
3.253152370452880859e-01
4.223169803619384766e+00
-7.530049085617065430e-01
-1.817247509956359863e+00
-1.594617217779159546e-02
-2.855348348617553711e+00
3.028000354766845703e+00
-1.653436541557312012e+00
7.081406116485595703e-01
-6.638211011886596680e-01
-2.828991651535034180e+00
3.557906150817871094e+00
3.907176852226257324e-01
2.144749164581298828e+00
3.241209030151367188e+00
5.904876708984375000e+00
1.945218324661254883e+00
-1.451987743377685547e+00
-1.824443697929382324e+00
-8.915009498596191406e-01
-7.942324876785278320e-01
-2.204230785369873047e+00
1.355765581130981445e+00
1.901392698287963867e+00
-3.494308233261108398e+00
5.671602487564086914e-01
-3.324016094207763672e+00
1.888748168945312500e+00
3.445856571197509766e+00
4.443518161773681641e+00
-2.104991674423217773e-02
-3.146270275115966797e+00
-1.135463714599609375e+00
1.563389420509338379e+00
1.212095141410827637e+00
-6.918846368789672852e-01
-8.160561323165893555e-01
3.008647680282592773e+00
5.169582843780517578e+00
7.448127746582031250e+00
-2.477210760116577148e+00
5.982364416122436523e-01
1.329304099082946777e+00
2.092522144317626953e+00
-2.682701826095581055e+00
-2.515196323394775391e+00
-6.218510270118713379e-01
-3.638032436370849609e+00
-3.025399208068847656e+00
2.446332693099975586e+00
3.191715240478515625e+00
-4.523480892181396484e+00
7.496957182884216309e-01
2.792226672172546387e-01
-3.737921714782714844e+00
-2.549547433853149414e+00
-2.004787921905517578e+00
3.433292865753173828e+00
-4.706138670444488525e-01
5.339723587036132812e+00
-6.747965812683105469e-01
2.992734909057617188e+00
2.995900869369506836e+00
-1.145122289657592773e+00
-2.777498960494995117e+00
-5.327831506729125977e-01
3.116774559020996094e+00
2.722638607025146484e+00
4.052101612091064453e+00
2.996280431747436523e+00
4.922520637512207031e+00
4.083248138427734375e+00
8.299119472503662109e-01
-2.324219703674316406e+00
-6.607342720031738281e+00
-2.277342677116394043e-01
-1.631613969802856445e-01
-4.948694705963134766e+00
1.782422542572021484e+00
4.780283927917480469e+00
-2.277577161788940430e+00
2.206632852554321289e+00
-8.570091724395751953e-01
-2.356237173080444336e+00
-4.617624759674072266e+00
6.753697395324707031e-01
1.482720375061035156e+00
-8.241558074951171875e+00
-2.924336433410644531e+00
-2.276813745498657227e+00
-1.706688642501831055e+00
4.360571384429931641e+00
8.185402154922485352e-01
3.007710456848144531e+00
1.279798388481140137e+00
3.266419649124145508e+00
-4.266025066375732422e+00
-4.372686147689819336e-01
-5.611480474472045898e-01
-3.474802017211914062e+00
-1.977052211761474609e+00
3.525447845458984375e+00
-7.176693677902221680e-01
3.589621543884277344e+00
-3.439426898956298828e+00
6.591346263885498047e+00
-1.251053333282470703e+00
1.693074703216552734e+00
6.852707862854003906e-01
1.546007394790649414e+00
-2.713420152664184570e+00
6.068401813507080078e+00
-1.289278030395507812e+00
3.539257049560546875e+00
1.784207701683044434e+00
-5.183780193328857422e+00
2.205103397369384766e+00
5.151356697082519531e+00
3.679061889648437500e+00
2.794652700424194336e+00
8.473041534423828125e+00
-1.879433870315551758e+00
3.075973987579345703e+00
-1.462922573089599609e+00
-5.324590682983398438e+00
-2.753144741058349609e+00
3.787381649017333984e-01
-2.320680618286132812e+00
-5.457746982574462891e-02
-3.115382492542266846e-01
-4.067492485046386719e+00
2.439553141593933105e-01
2.214037895202636719e+00
-5.116611957550048828e+00
-4.696030020713806152e-01
2.836504459381103516e+00
-5.810592651367187500e+00
-3.051986217498779297e+00
1.893489599227905273e+00
-1.583462119102478027e+00
2.067527472972869873e-01
-3.475931644439697266e+00
1.829570174217224121e+00
-2.151424884796142578e+00
-8.625233769416809082e-01
1.365501284599304199e+00
-2.557415485382080078e+00
1.470608353614807129e+00
-2.491902351379394531e+00
-2.622810602188110352e+00
-6.250162124633789062e-01
-2.875133514404296875e+00
-6.283791065216064453e-01
-5.297444820404052734e+00
-3.385626077651977539e-01
4.000611603260040283e-01
-2.581272840499877930e+00
4.495316982269287109e+00
3.909577608108520508e+00
3.392452001571655273e+00
1.211160540580749512e+00
-1.002099514007568359e+00
-3.475653529167175293e-01
1.108839511871337891e+00
6.966172218322753906e+00
2.157243013381958008e+00
1.833364486694335938e+00
2.168593883514404297e+00
-2.914906501770019531e+00
1.423523426055908203e+00
-9.962810277938842773e-01
-1.844569325447082520e+00
-3.619357585906982422e+00
-2.390315532684326172e+00
2.852982759475708008e+00
8.370603919029235840e-01
2.656374454498291016e+00
-2.842641830444335938e+00
7.331943511962890625e+00
6.029737591743469238e-01
-4.662581443786621094e+00
6.417859196662902832e-01
1.368892908096313477e+00
5.441633462905883789e-01
-4.440195083618164062e+00
5.874850273132324219e+00
3.395928621292114258e+00
-4.530434131622314453e+00
1.666878163814544678e-01
-1.821693778038024902e-02
-7.786043882369995117e-01
-4.820976257324218750e+00
3.117252349853515625e+00
-5.420618057250976562e-01
3.104582786560058594e+00
-2.652237892150878906e+00
-1.465671896934509277e+00
-1.945002317428588867e+00
2.968626022338867188e+00
2.181989908218383789e+00
2.822046577930450439e-01
4.919517934322357178e-01
4.916489601135253906e+00
-3.871055364608764648e+00
-1.642980575561523438e-01
-1.004231929779052734e+00
9.547328948974609375e-01
2.907510757446289062e+00
6.095118522644042969e-01
1.486819744110107422e+00
8.072782158851623535e-01
3.422840833663940430e+00
-4.583638310432434082e-01
3.225474834442138672e+00
-5.425136685371398926e-01
-1.001235246658325195e-01
3.914474487304687500e+00
-3.636365413665771484e+00
-4.610143899917602539e-01
2.897782802581787109e+00
4.619451045989990234e+00
2.170939683914184570e+00
1.167052388191223145e+00
-7.526568174362182617e-01
8.564625740051269531e+00
3.527154207229614258e+00
-1.986829280853271484e+00
7.461998939514160156e+00
2.953197002410888672e+00
-2.325860023498535156e+00
7.204633951187133789e-01
2.814755201339721680e+00
1.561773061752319336e+00
2.191606998443603516e+00
-6.155939102172851562e+00
7.494710922241210938e+00
-2.946187019348144531e+00
-2.354615211486816406e+00
2.224641323089599609e+00
5.381438732147216797e-01
-1.150227069854736328e+00
-3.214240550994873047e+00
1.419030666351318359e+00
4.264516234397888184e-01
-3.313069343566894531e-01
8.471300601959228516e-01
-3.427312970161437988e-01
-1.508427023887634277e+00
-2.272692918777465820e+00
2.148189544677734375e+00
1.037174701690673828e+00
-1.142323136329650879e+00
4.128625392913818359e+00
2.442727327346801758e+00
3.643909215927124023e+00
6.021492004394531250e+00
-4.001665115356445312e+00
4.593157291412353516e+00
-4.251106679439544678e-01
3.855919837951660156e-01
1.639808416366577148e+00
-4.733798980712890625e+00
2.540711402893066406e+00
3.538290500640869141e+00
1.079472064971923828e+00
-2.875528573989868164e+00
-1.393584966659545898e+00
6.397140026092529297e-02
5.479683876037597656e+00
1.549493670463562012e+00
1.317444801330566406e+00
-9.088236093521118164e-01
-5.996382236480712891e-01
1.328847885131835938e+00
3.239799976348876953e+00
3.688097476959228516e+00
1.636809229850769043e+00
2.815916538238525391e+00
-1.261495709419250488e+00
-3.489931300282478333e-02
1.973096847534179688e+00
8.164384841918945312e+00
6.424432396888732910e-01
-4.255669116973876953e-01
1.100054860115051270e+00
3.031747341156005859e-01
-2.445012092590332031e+00
4.100242614746093750e+00
3.174376189708709717e-01
-5.482828617095947266e-01
-8.110263347625732422e-01
3.003611087799072266e+00
-1.230588436126708984e+00
9.376637935638427734e-01
-1.058645963668823242e+00
6.437285542488098145e-01
-3.276506900787353516e+00
2.595702886581420898e+00
1.080600619316101074e+00
-3.680052757263183594e-01
-2.012027025222778320e+00
-8.310288190841674805e-01
-5.679979920387268066e-01
-7.498857975006103516e-01
-1.035006761550903320e+00
-1.056981921195983887e+00
-8.334069252014160156e-01
-1.606155633926391602e+00
-9.773542881011962891e-01
1.512945532798767090e+00
-1.719020485877990723e+00
-4.080616474151611328e+00
-9.140853583812713623e-02
1.515851736068725586e+00
6.976819038391113281e-01
-1.567016959190368652e+00
-9.278526306152343750e-01
2.896895885467529297e+00
-1.764777898788452148e+00
-7.130163311958312988e-01
1.731728553771972656e+00
1.428429603576660156e+00
1.215658038854598999e-01
-1.756935566663742065e-01
3.581694126129150391e+00
4.604446887969970703e-01
5.182012915611267090e-01
-1.837457656860351562e+00
-1.501508355140686035e+00
8.614698052406311035e-01
-7.872750759124755859e-01
-1.157793283462524414e+00
-1.773789286613464355e+00
-1.483427524566650391e+00
-1.378369808197021484e+00
-3.609629631042480469e+00
3.158566951751708984e+00
-2.491792440414428711e+00
9.146701097488403320e-01
-2.547994613647460938e+00
-9.009664058685302734e-01
1.855417966842651367e+00
-1.098573446273803711e+00
1.055668234825134277e+00
-1.382812261581420898e+00
-1.344589233398437500e+00
-1.499624371528625488e+00
-2.746299982070922852e+00
1.852829456329345703e-01
1.709933280944824219e-01
-7.842532992362976074e-01
1.789288759231567383e+00
4.728307723999023438e-01
2.342166900634765625e+00
1.037176847457885742e-01
2.069676876068115234e+00
1.777605295181274414e+00
-1.000726222991943359e-02
-4.174142837524414062e+00
5.449348688125610352e-01
-1.245959758758544922e+00
-8.642121553421020508e-01
4.141469597816467285e-01
-3.093268156051635742e+00
-3.192465066909790039e+00
-6.450816988945007324e-02
2.112324953079223633e+00
-2.592844367027282715e-01
-4.875186681747436523e-01
6.248796939849853516e+00
