-1.985894083976745605e+00
1.547203540802001953e+00
-8.334492444992065430e-01
-3.331717491149902344e+00
-7.577140331268310547e-01
-3.216443061828613281e+00
-2.673732757568359375e+00
-3.547485828399658203e+00
-3.921442031860351562e+00
-3.518800973892211914e+00
-3.766749382019042969e+00
-1.921689033508300781e+00
-1.643848180770874023e+00
-2.315151691436767578e+00
-9.975044727325439453e-01
-4.436842918395996094e+00
-3.722894906997680664e+00
-8.093014955520629883e-01
-2.873770236968994141e+00
-3.304587364196777344e+00
-6.679438591003417969e+00
-2.243757963180541992e+00
-3.971539974212646484e+00
-3.236260890960693359e+00
-2.673671483993530273e+00
-5.736409664154052734e+00
-3.554003953933715820e+00
-3.283331632614135742e+00
-3.332177877426147461e+00
-4.811975955963134766e+00
-6.045725822448730469e+00
-2.919633388519287109e+00
-6.972631931304931641e+00
-3.387909173965454102e+00
-4.152850806713104248e-02
-2.931857585906982422e+00
-9.074744582176208496e-01
-1.021459221839904785e+00
4.586693942546844482e-01
-9.579210281372070312e-01
2.103483825922012329e-01
3.554711341857910156e-01
-2.068694353103637695e+00
-4.415434837341308594e+00
-2.200498580932617188e+00
-2.045722484588623047e+00
-1.682936668395996094e+00
3.513015210628509521e-01
-2.804769515991210938e+00
-4.744419574737548828e+00
-2.615732669830322266e+00
2.299402952194213867e-01
-2.894207477569580078e+00
-2.867603063583374023e+00
-4.905818462371826172e+00
3.249198496341705322e-01
-2.108031988143920898e+00
-6.024293422698974609e+00
-3.387753725051879883e+00
-9.592419862747192383e-01
-1.267620563507080078e+00
2.462288737297058105e-01
1.887033462524414062e+00
-2.527076721191406250e+00
2.488824129104614258e+00
-3.572828292846679688e+00
2.212627828121185303e-01
-4.845552921295166016e+00
-2.635423898696899414e+00
1.825588941574096680e-01
-3.742802619934082031e+00
-1.947492241859436035e+00
-3.853009462356567383e+00
-3.013636544346809387e-02
-2.966510534286499023e+00
-3.022959470748901367e+00
-1.914728879928588867e+00
-1.363232016563415527e+00
-1.588124275207519531e+00
-7.462868690490722656e-01
-6.766085147857666016e+00
-6.612051963806152344e+00
-4.210793495178222656e+00
-4.432000160217285156e+00
-3.352497100830078125e+00
-4.462238311767578125e+00
-1.809007287025451660e+00
4.983420372009277344e-01
3.318597078323364258e+00
-4.565916061401367188e-01
6.784523129463195801e-01
-1.688158035278320312e+00
2.383533418178558350e-01
-1.881577968597412109e+00
-6.354378461837768555e-01
-5.003600120544433594e+00
2.838421821594238281e+00
-5.216914653778076172e+00
-3.266059875488281250e+00
-5.693072319030761719e+00
-4.461411952972412109e+00
-5.786451101303100586e-01
-5.189732074737548828e+00
-1.698760032653808594e+00
-4.186697483062744141e+00
-2.037928581237792969e+00
-2.714989662170410156e+00
2.746090173721313477e+00
-9.031934142112731934e-01
-2.136934399604797363e-01
-4.863223075866699219e+00
-9.139181375503540039e-01
-5.761464118957519531e+00
-5.344603061676025391e+00
-6.562678337097167969e+00
-2.290805816650390625e+00
-3.045142173767089844e+00
5.576183795928955078e-01
-3.555867195129394531e+00
-4.046554088592529297e+00
-6.555768966674804688e+00
-5.723660945892333984e+00
-6.266836643218994141e+00
-5.061236858367919922e+00
-4.225059032440185547e+00
-6.746894359588623047e+00
-1.634672403335571289e+00
-1.804711341857910156e+00
-3.870944023132324219e+00
-2.191033124923706055e+00
-1.964799404144287109e+00
-1.082970738410949707e+00
-4.995265603065490723e-01
-6.708481907844543457e-01
-1.739078998565673828e+00
-4.787433624267578125e+00
-4.166030406951904297e+00
-7.533714771270751953e+00
-2.729329109191894531e+00
-5.923013210296630859e+00
-1.165441870689392090e+00
-1.737774372100830078e+00
-6.261510848999023438e+00
-5.482973098754882812e+00
-2.662444829940795898e+00
-4.548948764801025391e+00
-5.772703647613525391e+00
-3.701035261154174805e+00
-2.310379743576049805e+00
-3.930567741394042969e+00
-3.145337104797363281e+00
-4.195616245269775391e-01
-3.093790054321289062e+00
-2.028905391693115234e+00
-2.732196807861328125e+00
-1.421332240104675293e+00
9.727025032043457031e-02
-1.939114689826965332e+00
-1.215795159339904785e+00
-2.132786750793457031e+00
-1.794816255569458008e-01
1.213274478912353516e+00
1.487148046493530273e+00
2.775987386703491211e-01
-2.804033279418945312e+00
-4.240831732749938965e-01
-2.220645248889923096e-01
-9.374448657035827637e-01
1.629916191101074219e+00
-3.200964450836181641e+00
3.351041078567504883e-01
1.593913435935974121e-01
-6.340309381484985352e-01
8.983029723167419434e-01
-4.030037403106689453e+00
-2.422363281250000000e+00
-1.271234273910522461e+00
-3.359445095062255859e+00
6.647229790687561035e-01
-2.793616771697998047e+00
-1.719636440277099609e+00
-1.959039449691772461e+00
-3.368317127227783203e+00
-3.296185731887817383e+00
-2.126976966857910156e+00
-3.424912452697753906e+00
-2.830504179000854492e+00
-2.053087949752807617e+00
-2.944495916366577148e+00
-3.247911453247070312e+00
-3.057282447814941406e+00
-2.536246299743652344e+00
-1.426008224487304688e+00
-4.053102016448974609e+00
-3.172891378402709961e+00
-2.472001612186431885e-01
-2.980117082595825195e+00
-1.799058556556701660e+00
-4.555037021636962891e+00
-4.477625489234924316e-01
-5.759367942810058594e-01
-2.738388538360595703e+00
-2.903857469558715820e+00
-1.158736944198608398e+00
2.978576421737670898e-01
7.616401910781860352e-01
-3.566616773605346680e-02
3.517874240875244141e+00
-3.365739285945892334e-01
-1.209540843963623047e+00
-2.951701402664184570e+00
6.070500612258911133e-01
-1.469958424568176270e+00
2.232597589492797852e+00
1.417794227600097656e+00
2.320474624633789062e+00
3.307873249053955078e+00
7.643730640411376953e-01
1.578029632568359375e+00
1.546517968177795410e+00
4.140977561473846436e-01
8.375809788703918457e-01
2.155740261077880859e-01
-1.014125943183898926e+00
-1.126518249511718750e+00
-3.000724077224731445e+00
2.229738235473632812e-02
-2.498381614685058594e+00
-5.364186167716979980e-01
1.143963336944580078e+00
-1.392676591873168945e+00
8.444389104843139648e-01
-3.922752141952514648e-01
-1.375275850296020508e+00
-1.007927656173706055e+00
-5.058044433593750000e+00
-4.579782962799072266e+00
1.380599021911621094e+00
-9.991382807493209839e-02
1.270616054534912109e-01
-1.856125116348266602e+00
-1.216705203056335449e+00
-1.707049608230590820e+00
-7.562371492385864258e-01
-5.773938894271850586e-01
1.155313730239868164e+00
-7.395034432411193848e-01
3.500814437866210938e+00
-5.034281015396118164e-01
-1.384145617485046387e+00
-1.125484466552734375e+00
9.609729051589965820e-02
-3.687253475189208984e+00
-8.933991789817810059e-01
-1.989592671394348145e+00
8.477586507797241211e-01
1.926231086254119873e-01
2.160173177719116211e+00
-2.758747100830078125e+00
-3.188797712326049805e+00
1.020182013511657715e+00
-5.425957679748535156e+00
-3.756088733673095703e+00
3.443018496036529541e-01
3.224026560783386230e-01
-9.149777889251708984e-01
-1.102311730384826660e+00
9.533733129501342773e-02
-4.061313152313232422e+00
-2.385131597518920898e+00
-1.872727572917938232e-01
2.335311651229858398e+00
-1.016377210617065430e+00
3.095870614051818848e-01
-1.668961763381958008e+00
-1.991368055343627930e+00
-3.093074083328247070e+00
-2.655926227569580078e+00
-1.474192619323730469e+00
-1.880028843879699707e+00
-2.136058807373046875e+00
8.757352828979492188e-02
2.623319029808044434e-01
8.927504420280456543e-01
5.782803297042846680e-01
-2.242476463317871094e+00
-2.872284412384033203e+00
-4.745082378387451172e+00
-2.009264469146728516e+00
-5.109506130218505859e+00
-1.464210152626037598e+00
-3.771418929100036621e-01
1.204608440399169922e+00
-4.866922855377197266e+00
-2.582942962646484375e+00
-1.838530302047729492e+00
-2.324153184890747070e+00
-3.571507692337036133e+00
-3.664903879165649414e+00
-6.205720901489257812e+00
-2.526034355163574219e+00
-3.736670970916748047e+00
-2.894405841827392578e+00
-1.865879893302917480e-01
-4.282305240631103516e+00
-6.130396366119384766e+00
-6.128386497497558594e+00
-3.725774765014648438e+00
-2.696301937103271484e+00
-1.283193111419677734e+00
-3.974114418029785156e+00
-2.971422910690307617e+00
-4.208611011505126953e+00
2.712093591690063477e-01
-3.573899865150451660e-01
-2.070750892162322998e-01
-1.875584363937377930e+00
1.087481021881103516e+00
-1.365970134735107422e+00
3.973154306411743164e+00
4.131876230239868164e-01
-3.537484169006347656e+00
-2.803990602493286133e+00
6.311999559402465820e-01
-5.378723144531250000e+00
-2.372392416000366211e+00
-4.341656684875488281e+00
-3.117558002471923828e+00
-5.605641841888427734e+00
-4.733137607574462891e+00
-2.778284788131713867e+00
-2.955460548400878906e+00
8.797820806503295898e-01
3.665644645690917969e+00
-4.285815715789794922e+00
-6.148375034332275391e+00
-4.838478565216064453e+00
-3.777939319610595703e+00
1.076042056083679199e+00
2.649358034133911133e+00
2.640115022659301758e+00
3.271097898483276367e+00
-5.842705368995666504e-01
-1.182968854904174805e+00
-3.562891006469726562e+00
8.125030398368835449e-01
-1.855482608079910278e-01
-1.987873077392578125e+00
-8.951010704040527344e-01
-1.994464278221130371e+00
-1.281741857528686523e+00
-2.706987380981445312e+00
-2.397702217102050781e+00
-1.602284073829650879e+00
3.060499668121337891e+00
8.504928350448608398e-01
-2.590747833251953125e+00
-7.294756174087524414e-01
5.597087144851684570e-01
-3.831568717956542969e+00
-1.947155594825744629e+00
-9.385365843772888184e-01
-4.493878841400146484e+00
-3.786289453506469727e+00
-2.396708250045776367e+00
-1.857722043991088867e+00
-3.193240642547607422e+00
-6.732285022735595703e+00
-3.955463886260986328e+00
-3.790436267852783203e+00
-5.146556854248046875e+00
-1.943372845649719238e+00
-2.962416648864746094e+00
-3.039401769638061523e+00
-2.083594322204589844e+00
-4.175070762634277344e+00
-1.850066184997558594e+00
-2.094044446945190430e+00
-1.922508239746093750e+00
-3.251349449157714844e+00
-3.454028129577636719e+00
-2.624311149120330811e-01
-2.100300550460815430e+00
-3.376390933990478516e+00
-5.222053527832031250e+00
4.164138436317443848e-01
2.325351834297180176e-01
-1.063326478004455566e+00
-3.427485466003417969e+00
-2.328438282012939453e+00
-5.631598472595214844e+00
-6.048618793487548828e+00
6.177498102188110352e-01
-1.855634450912475586e+00
-1.423796415328979492e+00
-4.318814754486083984e+00
2.025890350341796875e-01
-2.949880838394165039e+00
8.915324211120605469e-01
7.249865531921386719e-01
2.958460569381713867e+00
-1.695952653884887695e+00
4.600032806396484375e+00
-2.383287906646728516e+00
3.881444692611694336e+00
5.135883331298828125e+00
2.463135957717895508e+00
5.066208839416503906e+00
1.352124571800231934e+00
1.793963909149169922e-01
-2.806765079498291016e+00
6.486972332000732422e+00
1.292287349700927734e+00
1.068917036056518555e+00
1.050962448120117188e+01
3.600680828094482422e-02
2.754235506057739258e+00
6.152329444885253906e+00
1.671058177947998047e+00
2.874637365341186523e+00
1.944831490516662598e+00
9.270828366279602051e-01
-3.262921273708343506e-01
1.808339357376098633e-01
3.349970340728759766e+00
1.593629956245422363e+00
-2.080754041671752930e+00
6.896557331085205078e+00
5.968888998031616211e-01
2.531327962875366211e+00
1.883324146270751953e+00
3.908888816833496094e+00
-1.339548528194427490e-01
2.451264858245849609e-01
4.135672092437744141e+00
7.590162754058837891e-01
6.860683917999267578e+00
1.481594800949096680e+00
-1.086121678352355957e+00
-9.398877620697021484e-01
2.947236537933349609e+00
-1.099112629890441895e-01
-1.575594663619995117e+00
6.161688327789306641e+00
-1.793428659439086914e+00
1.390803337097167969e+00
3.056944847106933594e+00
2.401387214660644531e+00
9.715159535408020020e-01
4.499277114868164062e+00
-1.333227008581161499e-01
3.281622886657714844e+00
1.808439970016479492e+00
5.755948424339294434e-01
-5.288749933242797852e-01
3.858289241790771484e+00
3.661390304565429688e+00
4.225335121154785156e+00
-2.528740406036376953e+00
-4.306601881980895996e-01
-2.804337978363037109e+00
-2.838517665863037109e+00
4.213561058044433594e+00
4.831122398376464844e+00
3.842786312103271484e+00
3.689211845397949219e+00
5.831750869750976562e+00
-1.584421634674072266e+00
2.772657871246337891e+00
-1.818793177604675293e+00
2.202586531639099121e-01
3.900708556175231934e-01
3.516559600830078125e+00
-2.716228961944580078e+00
2.876188278198242188e+00
-1.330361813306808472e-01
4.551758766174316406e+00
2.514132738113403320e+00
1.021570014953613281e+01
9.818568229675292969e-01
2.129729270935058594e+00
-1.547095417976379395e+00
-2.228243052959442139e-01
6.573390960693359375e-01
-2.358583211898803711e+00
-1.334452152252197266e+00
3.307757854461669922e+00
1.011646986007690430e+00
-2.279530763626098633e+00
4.884467124938964844e+00
-1.275168538093566895e+00
-1.002215027809143066e+00
4.382779598236083984e+00
1.732755899429321289e+00
-8.707546591758728027e-01
2.059253931045532227e+00
-1.069116219878196716e-02
4.401114940643310547e+00
7.954950809478759766e+00
1.914566159248352051e+00
1.294881224632263184e+00
2.269866943359375000e+00
1.614126443862915039e+00
-2.702011108398437500e+00
4.168522357940673828e+00
6.536135673522949219e-01
2.760291099548339844e-01
1.173615902662277222e-01
-8.618513941764831543e-01
1.368281602859497070e+00
1.534319877624511719e+00
1.688183188438415527e+00
-7.966709733009338379e-01
-2.517297863960266113e-01
3.768473625183105469e+00
1.207287669181823730e+00
2.613671302795410156e+00
3.390700340270996094e+00
4.846735954284667969e+00
3.378314971923828125e+00
7.186220645904541016e+00
-1.391290426254272461e+00
7.635870575904846191e-02
1.652999043464660645e+00
-3.717353343963623047e+00
-3.483806133270263672e+00
1.913298010826110840e+00
2.429205179214477539e-02
-2.704133033752441406e+00
7.594933032989501953e+00
2.091314077377319336e+00
-2.174050092697143555e+00
5.521849989891052246e-01
2.321283578872680664e+00
-2.847829580307006836e+00
-4.170588970184326172e+00
7.034106850624084473e-01
1.195527315139770508e+00
4.321544647216796875e+00
3.781327724456787109e+00
-2.574784755706787109e-01
5.709526062011718750e+00
2.322357654571533203e+00
-6.129137277603149414e-01
-1.566574454307556152e+00
5.131131172180175781e+00
-1.811201572418212891e-01
7.288168907165527344e+00
-1.882518053054809570e+00
8.475136756896972656e+00
-3.561238527297973633e+00
5.380676388740539551e-01
2.181711435317993164e+00
1.547379255294799805e+00
2.687131762504577637e-01
4.120860576629638672e+00
4.070339679718017578e+00
3.604498386383056641e+00
-1.929222345352172852e+00
4.459067344665527344e+00
-2.925442457199096680e-01
1.353754043579101562e+00
2.294658422470092773e+00
-1.118718981742858887e+00
3.439072847366333008e+00
6.063688278198242188e+00
-9.576557278633117676e-01
-6.184787750244140625e+00
-1.874424815177917480e+00
4.938986778259277344e+00
1.305373311042785645e+00
-2.265934228897094727e+00
1.905872583389282227e+00
1.646849870681762695e+00
-6.012675166130065918e-01
2.109111309051513672e+00
4.318728446960449219e+00
1.933183670043945312e+00
3.618785738945007324e-02
2.298138380050659180e+00
3.058277666568756104e-01
2.691425800323486328e+00
-1.157076478004455566e+00
-1.641330718994140625e+00
2.471684217453002930e+00
7.851809859275817871e-01
4.556295871734619141e+00
-1.800656318664550781e-01
5.904157638549804688e+00
6.178593635559082031e-02
-2.561026811599731445e+00
5.631010055541992188e+00
2.898173332214355469e-01
1.725865364074707031e+00
-1.583277225494384766e+00
2.996108531951904297e+00
-1.101733803749084473e+00
2.032191753387451172e+00
9.090281724929809570e-01
1.948858618736267090e+00
6.570035219192504883e-01
2.885461568832397461e+00
4.943246841430664062e+00
-4.374531507492065430e-01
-1.294287323951721191e+00
2.168962001800537109e+00
1.117770195007324219e+00
-9.864910840988159180e-01
1.736406087875366211e+00
3.485207080841064453e+00
1.602479219436645508e-01
7.211983203887939453e+00
3.529746294021606445e+00
-1.080230712890625000e+00
2.651585817337036133e+00
2.632875919342041016e+00
3.263453006744384766e+00
3.141145467758178711e+00
-2.395383417606353760e-01
9.290917396545410156e+00
7.395760059356689453e+00
2.326364994049072266e+00
-8.510351181030273438e-01
4.164647459983825684e-01
1.828059434890747070e+00
2.646590709686279297e+00
-2.801213264465332031e+00
1.898830533027648926e+00
2.393316984176635742e+00
-3.673427104949951172e+00
-1.841599941253662109e-01
2.525931596755981445e+00
8.723316192626953125e-01
4.386723041534423828e-02
1.587209939956665039e+00
-2.904938936233520508e+00
7.472029209136962891e+00
2.526310205459594727e+00
8.558833003044128418e-01
3.168839693069458008e+00
9.537798166275024414e-02
3.913166522979736328e+00
-1.611265301704406738e+00
3.098731756210327148e+00
2.945992350578308105e-01
4.552888393402099609e+00
2.728989839553833008e+00
1.085240006446838379e+00
-2.585228443145751953e+00
-1.310798048973083496e+00
-5.702253580093383789e-01
-7.659227252006530762e-01
3.398766517639160156e+00
-8.997372984886169434e-01
6.415655612945556641e+00
3.096128463745117188e+00
5.514533519744873047e+00
6.294004321098327637e-01
7.085754871368408203e-01
3.210937500000000000e+00
4.824679851531982422e+00
3.330585956573486328e-01
1.132442235946655273e+00
2.424473047256469727e+00
7.145076394081115723e-01
-2.374853938817977905e-01
-3.263623237609863281e+00
6.132452011108398438e+00
4.756199359893798828e+00
7.666925907135009766e+00
-6.318920850753784180e-02
-1.426382064819335938e+00
2.369197845458984375e+00
1.220192432403564453e+00
1.125510811805725098e+00
2.492240190505981445e+00
1.556263923645019531e+00
-4.768685102462768555e-01
6.701553463935852051e-01
-1.229088068008422852e+00
3.212205886840820312e+00
-5.548572540283203125e-01
2.711169719696044922e-01
1.591603755950927734e+00
-8.577784895896911621e-01
-5.374172210693359375e+00
2.986094355583190918e-01
2.818169355392456055e+00
1.773948669433593750e+00
-2.041899919509887695e+00
1.078707933425903320e+00
1.195545196533203125e+00
4.687633514404296875e+00
1.561202049255371094e+00
2.856512069702148438e+00
7.806773185729980469e-01
5.991481781005859375e+00
-3.767046928405761719e-01
3.151983976364135742e+00
4.197978019714355469e+00
3.302836179733276367e+00
6.563947200775146484e+00
1.680542230606079102e+00
-3.580226898193359375e-01
2.464845180511474609e+00
8.347443580627441406e+00
1.839933395385742188e-01
-3.811392784118652344e-01
-2.250152111053466797e+00
8.077048301696777344e+00
5.831663608551025391e-01
-1.066492795944213867e-01
9.316706657409667969e-02
-8.967218995094299316e-01
1.466869950294494629e+00
-2.729109764099121094e+00
2.289021015167236328e+00
5.477154254913330078e-02
2.116542339324951172e+00
2.977896213531494141e+00
8.344144821166992188e-01
7.263556480407714844e+00
2.464041948318481445e+00
7.119435667991638184e-01
2.362100124359130859e+00
-6.690711379051208496e-01
-1.747597932815551758e+00
3.518611431121826172e+00
3.008740425109863281e+00
2.616832733154296875e+00
-6.378036737442016602e-02
-6.558988094329833984e-01
1.076509475708007812e+00
2.210948467254638672e+00
4.131310462951660156e+00
4.200881004333496094e+00
-1.112013339996337891e+00
3.053637266159057617e+00
1.515106678009033203e+00
-7.966275811195373535e-01
-3.554290533065795898e-01
5.054343223571777344e+00
2.561992168426513672e+00
7.341749668121337891e+00
1.287959814071655273e+00
-1.185707330703735352e+00
1.476018428802490234e-01
6.100221157073974609e+00
6.432549476623535156e+00
1.486205816268920898e+00
7.232646465301513672e+00
4.063767433166503906e+00
3.129303932189941406e+00
1.562864661216735840e+00
-5.739465951919555664e-01
4.477322101593017578e-01
6.531774520874023438e+00
4.094509601593017578e+00
-2.902706861495971680e+00
-5.954016447067260742e-01
-1.651982784271240234e+00
-1.215620279312133789e+00
2.467731237411499023e+00
-3.403405904769897461e+00
2.101871490478515625e+00
6.396734714508056641e-01
-4.959064483642578125e+00
1.972675442695617676e+00
2.154573202133178711e+00
1.133913040161132812e+00
1.863971352577209473e-02
-1.528407454490661621e+00
4.057371616363525391e-01
-1.890147924423217773e-01
2.832748413085937500e+00
2.275832414627075195e+00
-2.296465635299682617e+00
-8.731367588043212891e-01
-9.485521912574768066e-01
6.802139759063720703e+00
-2.069947719573974609e-01
3.091973364353179932e-01
-9.965759515762329102e-02
-5.366292953491210938e+00
1.193130016326904297e-02
-1.952431082725524902e+00
-1.185571789741516113e+00
4.395137786865234375e+00
-4.591800570487976074e-01
1.790032863616943359e+00
5.859496593475341797e+00
1.709999799728393555e+00
4.294293880462646484e+00
8.077998757362365723e-01
6.144826412200927734e+00
5.244268894195556641e+00
4.006300926208496094e+00
3.957812309265136719e+00
7.192052602767944336e-01
6.298913955688476562e+00
-1.569565415382385254e+00
7.420033216476440430e-01
-3.143909573554992676e-01
3.748671293258666992e+00
2.884131193161010742e+00
8.630511760711669922e-01
1.060834765434265137e+00
2.049770355224609375e+00
3.988942146301269531e+00
1.333714723587036133e+00
-4.976172447204589844e+00
-2.023781776428222656e+00
2.620740413665771484e+00
-2.657523632049560547e+00
8.954288959503173828e-01
2.676615238189697266e+00
1.283179879188537598e+00
1.585655212402343750e+00
2.501736164093017578e+00
3.142856359481811523e+00
1.778886198997497559e+00
1.695388793945312500e+00
2.613244056701660156e+00
-6.190259456634521484e-01
1.901391267776489258e+00
-1.454220890998840332e+00
-3.488159894943237305e+00
-3.156811714172363281e+00
1.169043660163879395e+00
4.400776386260986328e+00
2.358395099639892578e+00
1.916470527648925781e+00
1.591734647750854492e+00
-3.390253782272338867e+00
2.467610836029052734e+00
-1.355421543121337891e+00
2.149403572082519531e+00
2.520172119140625000e+00
1.081985592842102051e+00
-1.342715978622436523e+00
3.749010324478149414e+00
3.984309434890747070e+00
8.251713752746582031e+00
3.150664806365966797e+00
-5.419192910194396973e-01
-2.364362716674804688e+00
5.241898536682128906e+00
-3.392732143402099609e-02
8.180209398269653320e-01
3.027456998825073242e+00
-3.117528855800628662e-01
1.261989712715148926e+00
1.483250856399536133e+00
1.219517961144447327e-01
6.518624305725097656e+00
-3.168471455574035645e-01
6.466990709304809570e-01
3.635731339454650879e-01
5.375627994537353516e+00
3.094833493232727051e-01
-2.922460436820983887e-01
3.050587654113769531e+00
2.196816921234130859e+00
4.474243640899658203e+00
3.458598613739013672e+00
4.629374027252197266e+00
1.286538720130920410e+00
7.708401203155517578e+00
5.016878128051757812e+00
1.477533340454101562e+00
3.023324489593505859e+00
1.387082338333129883e+00
7.406151294708251953e-01
-4.346877932548522949e-01
8.371687889099121094e+00
2.334264993667602539e+00
1.121509194374084473e+00
3.250251114368438721e-01
-1.423689961433410645e+00
6.736815452575683594e+00
3.882557868957519531e+00
-3.649033606052398682e-01
2.558448553085327148e+00
3.327110290527343750e+00
1.578409433364868164e+00
3.935091018676757812e+00
1.398050785064697266e-01
2.358015298843383789e+00
3.003730297088623047e+00
3.393848896026611328e+00
6.321395397186279297e+00
-3.816693782806396484e+00
4.791543483734130859e+00
1.028778457641601562e+01
1.295044541358947754e+00
7.679311037063598633e-01
1.873045921325683594e+00
5.465062856674194336e-01
5.563603401184082031e+00
3.843170642852783203e+00
3.234136343002319336e+00
-2.677209138870239258e+00
3.106041908264160156e+00
-1.157331466674804688e+00
3.873794794082641602e+00
4.065589427947998047e+00
1.699881553649902344e-01
2.000255107879638672e+00
-1.544121652841567993e-01
-6.057990074157714844e+00
3.974080085754394531e-01
3.793019771575927734e+00
1.289586186408996582e+00
-1.462493896484375000e+00
-8.970350027084350586e-01
6.229477882385253906e+00
1.373325109481811523e+00
3.635012149810791016e+00
-2.613909244537353516e+00
4.662910938262939453e+00
5.381534099578857422e-01
1.126513242721557617e+00
3.000193834304809570e-01
4.942138493061065674e-01
-2.717834472656250000e+00
-3.101834058761596680e+00
-6.043574333190917969e+00
-2.442008972167968750e+00
-3.975147962570190430e+00
2.760478258132934570e+00
-5.345502376556396484e+00
-3.471739530563354492e+00
-2.945430517196655273e+00
-3.022584438323974609e+00
-2.605042219161987305e+00
-2.702851057052612305e+00
-1.548014760017395020e+00
-4.446959972381591797e+00
-3.074798583984375000e+00
-3.673942089080810547e+00
-4.654360294342041016e+00
-4.595783233642578125e+00
-2.331755161285400391e+00
-2.593183040618896484e+00
2.031863689422607422e+00
-1.490150809288024902e+00
-5.878499746322631836e-01
-1.732366204261779785e+00
5.048233270645141602e-02
-2.262433290481567383e+00
2.166768550872802734e+00
-1.843611717224121094e+00
-1.016146063804626465e+00
-2.543811321258544922e+00
-7.898905873298645020e-01
-3.468275070190429688e+00
-5.122527122497558594e+00
-4.015122413635253906e+00
-2.497095584869384766e+00
-2.427961111068725586e+00
-2.636796951293945312e+00
-2.580502986907958984e+00
-4.501921176910400391e+00
-3.646192073822021484e+00
-7.395801067352294922e+00
-4.873994350433349609e+00
3.607341289520263672e+00
-3.507447957992553711e+00
1.621289968490600586e+00
-5.463414788246154785e-01
6.469123363494873047e-01
1.727654695510864258e+00
2.383913278579711914e+00
2.053695321083068848e-01
-3.298755645751953125e+00
6.095896959304809570e-01
8.790218234062194824e-01
1.335103511810302734e+00
3.877052783966064453e+00
-1.753023982048034668e+00
3.368712902069091797e+00
9.679648876190185547e-01
1.230472207069396973e+00
2.507806777954101562e+00
-2.691356539726257324e-01
8.675211071968078613e-01
-3.491302967071533203e+00
-3.788709640502929688e-01
-4.193201541900634766e+00
-4.184455394744873047e+00
-7.388449192047119141e+00
-2.079548835754394531e+00
-5.430714488029479980e-01
-4.394149780273437500e+00
-5.061490058898925781e+00
-1.824385166168212891e+00
-1.585685372352600098e+00
-2.384401559829711914e+00
-2.371793270111083984e+00
6.260638713836669922e+00
