2.725616693496704102e-01
4.809791088104248047e+00
3.182546496391296387e-01
1.296263575553894043e+00
-1.521193385124206543e+00
-2.145004868507385254e-01
-6.097357273101806641e-01
-8.471897244453430176e-01
-3.633511543273925781e+00
2.750148296356201172e+00
4.270210266113281250e-01
8.248400688171386719e-01
-1.642282009124755859e+00
-1.656256198883056641e+00
2.625051021575927734e+00
-5.901476383209228516e+00
-2.714179992675781250e+00
-6.767057180404663086e-01
-3.772969007492065430e+00
-4.586958885192871094e+00
-7.301685810089111328e+00
2.911701917648315430e+00
-1.966400265693664551e+00
-5.709400653839111328e+00
-8.044270873069763184e-01
1.149206459522247314e-01
2.701823711395263672e-01
3.380454778671264648e-01
1.214472889900207520e+00
2.537847280502319336e+00
-1.748276233673095703e+00
1.526424527168273926e+00
-1.766951918601989746e+00
1.780068278312683105e-01
3.818024635314941406e+00
-1.700028896331787109e+00
-2.050319910049438477e+00
1.386694669723510742e+00
7.055695056915283203e+00
6.348353624343872070e-01
5.322476387023925781e+00
1.798688173294067383e+00
2.955390214920043945e+00
1.029650449752807617e+00
9.889136552810668945e-01
2.790430784225463867e+00
2.806550741195678711e+00
6.441233634948730469e+00
6.678276658058166504e-01
-1.972643256187438965e+00
4.491917610168457031e+00
7.308230400085449219e+00
-3.138730525970458984e+00
-5.514936447143554688e+00
-2.369946956634521484e+00
-1.141667127609252930e+00
-1.076262950897216797e+00
-5.946380138397216797e+00
-3.573760747909545898e+00
-2.441730976104736328e+00
-1.167774200439453125e-02
-1.898198246955871582e+00
-1.787678956985473633e+00
-3.599714517593383789e+00
1.392327547073364258e-01
3.651989698410034180e-01
3.240799903869628906e-02
-2.525545060634613037e-01
-7.336124181747436523e-01
6.911464929580688477e-01
-8.101166486740112305e-01
3.470495223999023438e+00
5.232806205749511719e+00
9.047433853149414062e+00
8.923704147338867188e+00
1.723983526229858398e+00
6.432124137878417969e+00
8.227807044982910156e+00
7.029266834259033203e+00
1.996634006500244141e+00
2.554463863372802734e+00
9.016536474227905273e-01
7.663922309875488281e-01
1.910509109497070312e+00
1.597817063331604004e+00
-4.902660846710205078e-01
1.514443874359130859e+00
-6.006924510002136230e-01
2.945424318313598633e+00
-2.248341083526611328e+00
3.888452768325805664e+00
-1.363382339477539062e+00
2.152059376239776611e-01
-1.024236559867858887e+00
5.334914326667785645e-01
-3.816989064216613770e-01
-9.684852361679077148e-01
-2.812310695648193359e+00
-4.852174282073974609e+00
-4.895141601562500000e+00
-1.548807740211486816e+00
5.690035820007324219e-01
-8.196040391921997070e-01
1.891551017761230469e+00
-7.568495273590087891e-01
-1.361185550689697266e+00
-1.912250399589538574e+00
6.144340515136718750e+00
2.083119153976440430e+00
1.617140531539916992e+00
-4.962535858154296875e+00
-1.016019582748413086e-01
1.427229166030883789e+00
4.388823211193084717e-01
-3.827225208282470703e+00
3.099696159362792969e+00
-2.928907871246337891e+00
6.466077804565429688e+00
1.897408068180084229e-01
3.733406305313110352e+00
4.554138183593750000e+00
5.495392322540283203e+00
3.971747159957885742e+00
1.104107737541198730e+00
-1.323294639587402344e-02
6.860743045806884766e+00
5.584636688232421875e+00
-8.047828674316406250e-01
-2.165514469146728516e+00
-2.290987730026245117e+00
-8.152160048484802246e-01
-1.768290758132934570e+00
-3.116325139999389648e+00
1.484223127365112305e+00
-1.643978118896484375e+00
-4.992215156555175781e+00
8.034387826919555664e-01
-2.793924093246459961e+00
-2.834171056747436523e-01
-5.232430696487426758e-01
-1.339171171188354492e+00
-1.713010311126708984e+00
1.422764301300048828e+00
-2.247392416000366211e+00
-1.541177034378051758e+00
-4.711647033691406250e+00
-5.222582817077636719e+00
-2.607177972793579102e+00
-2.601244449615478516e+00
7.392183542251586914e-01
-4.097916603088378906e+00
3.052951335906982422e+00
-2.230360269546508789e+00
-5.137179851531982422e+00
-2.070387601852416992e+00
-6.031363964080810547e+00
1.169688105583190918e+00
-8.465790152549743652e-01
4.433183073997497559e-01
1.556739211082458496e+00
-3.018098831176757812e+00
-6.448366045951843262e-01
-5.407009720802307129e-01
-6.581175327301025391e-02
-4.396314620971679688e-01
1.923318266868591309e+00
1.175039291381835938e+00
7.761360406875610352e-01
3.733497142791748047e+00
4.603330612182617188e+00
5.166579246520996094e+00
3.575542211532592773e+00
6.736113548278808594e+00
6.546103477478027344e+00
-7.837800383567810059e-01
6.713204383850097656e-01
2.275239944458007812e+00
4.866322517395019531e+00
3.510228633880615234e+00
-1.178083539009094238e+00
-3.932593822479248047e+00
4.910637378692626953e+00
3.986904144287109375e+00
1.340609788894653320e-02
2.250701427459716797e+00
2.467861652374267578e+00
6.790490150451660156e-01
-1.654047369956970215e-01
7.520758509635925293e-01
3.364348113536834717e-01
-2.591204643249511719e+00
3.766806364059448242e+00
-9.405066370964050293e-01
-1.799454808235168457e+00
-2.320794343948364258e+00
2.721069574356079102e+00
-2.396589994430541992e+00
-2.098177909851074219e+00
-2.062023639678955078e+00
-5.022892355918884277e-01
-3.773959875106811523e+00
-2.448609590530395508e+00
-3.818058729171752930e+00
2.300724029541015625e+00
-2.612277984619140625e+00
3.624301552772521973e-01
2.170226335525512695e+00
1.980449795722961426e+00
2.319830417633056641e+00
4.338168621063232422e+00
-4.519296288490295410e-01
1.962338685989379883e+00
3.348671913146972656e+00
5.333763122558593750e+00
1.437010169029235840e+00
2.817811727523803711e+00
1.451797366142272949e+00
-1.499248743057250977e-01
1.938873291015625000e+00
-1.656573295593261719e+00
-1.325462102890014648e+00
3.417938351631164551e-01
1.652620911598205566e+00
-3.507127761840820312e+00
-7.631212472915649414e-01
4.811688512563705444e-02
-1.371352434158325195e+00
-6.863296031951904297e-03
-5.000232458114624023e-01
-1.223564267158508301e+00
-1.493350625038146973e+00
7.379877567291259766e-01
-2.331733405590057373e-01
-4.118606567382812500e+00
3.954132795333862305e-01
2.474211931228637695e+00
-2.545150518417358398e-01
1.245557785034179688e+00
2.430148363113403320e+00
-1.449877977371215820e+00
2.012937664985656738e-01
1.810165286064147949e+00
6.927451491355895996e-02
-3.328889846801757812e+00
-3.149059534072875977e+00
2.022450268268585205e-01
2.080595016479492188e+00
4.672160625457763672e+00
2.494896888732910156e+00
2.404376268386840820e+00
2.265940427780151367e+00
5.538441181182861328e+00
-2.270164489746093750e+00
7.678253054618835449e-01
1.747878193855285645e-01
7.841663360595703125e-01
-3.885531663894653320e+00
-2.154131650924682617e+00
-1.029165983200073242e-01
-4.406441688537597656e+00
-3.265558242797851562e+00
-1.980537652969360352e+00
7.562111020088195801e-01
-1.587306559085845947e-01
3.586076021194458008e+00
-3.629719614982604980e-01
-5.355405211448669434e-01
1.186596751213073730e+00
6.868269443511962891e-01
5.097916126251220703e+00
2.312083959579467773e+00
4.028901576995849609e+00
6.833277225494384766e+00
5.168962001800537109e+00
4.802344322204589844e+00
5.234114170074462891e+00
2.271264791488647461e+00
5.825685262680053711e-01
1.436511874198913574e+00
1.212519884109497070e+00
2.815042734146118164e+00
3.499699592590332031e+00
3.674987792968750000e+00
9.243571162223815918e-01
-2.955108642578125000e+00
3.212666988372802734e+00
-7.410037517547607422e-01
-4.563392162322998047e+00
7.965701818466186523e-02
-1.606617927551269531e+00
2.141658782958984375e+00
-1.352832555770874023e+00
3.781658411026000977e+00
-3.296598196029663086e-01
-1.626431822776794434e+00
-1.545909285545349121e+00
4.401716589927673340e-01
-1.963016986846923828e+00
3.692002296447753906e-01
-1.593120813369750977e+00
4.150830507278442383e-01
3.079263925552368164e+00
1.639877200126647949e+00
2.953761100769042969e+00
5.016492366790771484e+00
1.577077627182006836e+00
-1.327094554901123047e+00
6.308319568634033203e+00
2.368263959884643555e+00
2.818279266357421875e+00
1.872051477432250977e+00
1.201410174369812012e+00
2.319932699203491211e+00
1.168751835823059082e+00
-4.337614774703979492e-02
-1.272264957427978516e+00
-1.131045103073120117e+00
-1.084335088729858398e+00
4.524372577667236328e+00
3.410356760025024414e+00
1.309728622436523438e-02
-2.465700626373291016e+00
-2.569383144378662109e+00
-8.241733908653259277e-01
-3.021136760711669922e+00
9.240190982818603516e-01
-2.303488254547119141e+00
-3.824656307697296143e-01
-1.547751784324645996e+00
-1.266024589538574219e+00
1.933279275894165039e+00
2.221856594085693359e+00
-5.776451230049133301e-01
1.521468400955200195e+00
-3.173789978027343750e+00
-3.122922897338867188e+00
-3.369174957275390625e+00
-1.358093619346618652e-01
-1.086102604866027832e+00
2.156159639358520508e+00
6.359894752502441406e+00
6.228737354278564453e+00
2.547770500183105469e+00
-2.637839317321777344e-02
1.322517395019531250e-01
-1.039522171020507812e+00
-1.077868103981018066e+00
-7.322526574134826660e-01
1.588755726814270020e+00
1.182957649230957031e+00
2.186700105667114258e+00
-3.216028213500976562e-02
4.159251689910888672e+00
1.787301898002624512e+00
5.679302215576171875e+00
1.990190863609313965e+00
-1.317897081375122070e+00
4.248116612434387207e-01
-3.378155231475830078e-01
1.485956788063049316e+00
-1.403195738792419434e+00
-2.052309989929199219e+00
-9.048264026641845703e-01
4.692232131958007812e+00
-6.483347415924072266e-01
-3.140240669250488281e+00
-6.509206771850585938e+00
-6.172921180725097656e+00
-5.523982048034667969e+00
-4.206516265869140625e+00
-3.541893720626831055e+00
-1.410564899444580078e+00
-2.693312406539916992e+00
-5.007583618164062500e+00
-1.240266799926757812e+00
-5.601675033569335938e+00
-1.967085599899291992e+00
-6.173487305641174316e-01
-5.058001041412353516e+00
-5.046218872070312500e+00
-1.919372677803039551e+00
-3.881740331649780273e+00
-3.321666002273559570e+00
-3.471375107765197754e-01
-7.676537632942199707e-01
-5.266313552856445312e-01
7.373222112655639648e-01
-9.092308282852172852e-01
-3.666151523590087891e+00
2.015803098678588867e+00
-1.382474184036254883e+00
-1.486215353012084961e+00
3.300584316253662109e+00
-4.885623455047607422e-01
5.978263616561889648e-01
9.157869219779968262e-01
7.265752315521240234e+00
2.182046890258789062e+00
-1.363683581352233887e+00
-1.509965538978576660e+00
-1.783160924911499023e+00
-1.192431449890136719e-01
6.426801085472106934e-01
-3.386243820190429688e+00
-6.098420619964599609e-01
7.988356053829193115e-02
-1.717968225479125977e+00
6.966022253036499023e-01
-2.405750036239624023e+00
2.833592891693115234e+00
-9.688923358917236328e-01
3.220823526382446289e+00
-1.610513448715209961e+00
-1.137477517127990723e+00
-6.981980204582214355e-01
-2.479309797286987305e+00
-9.090530872344970703e-02
5.971505641937255859e+00
-1.046543478965759277e+00
2.917198896408081055e+00
-3.500455915927886963e-01
3.357341885566711426e-01
-2.523574352264404297e+00
-2.972400426864624023e+00
8.127518892288208008e-01
1.309680104255676270e+00
1.121665000915527344e+00
1.132899224758148193e-01
1.004632472991943359e+00
2.564465284347534180e+00
1.427673578262329102e+00
9.877472519874572754e-01
-2.233257591724395752e-01
3.183691501617431641e+00
8.570295572280883789e-01
2.074957609176635742e+00
1.646721363067626953e+00
-1.066035747528076172e+00
-2.271983146667480469e+00
-6.736161708831787109e-01
-1.556168913841247559e+00
-4.332054853439331055e-01
-1.102581024169921875e+00
2.751050233840942383e+00
-8.655660152435302734e-01
-2.400428533554077148e+00
8.066752552986145020e-01
-9.577676057815551758e-01
-3.375077247619628906e-01
4.542256593704223633e-01
-1.655907630920410156e+00
2.037536382675170898e+00
5.256018638610839844e+00
-6.950497627258300781e-02
-5.005463123321533203e+00
-3.491604328155517578e-02
2.023150682449340820e+00
1.606497764587402344e+00
-1.442734241485595703e+00
6.255115866661071777e-01
-9.575213193893432617e-01
-1.449681043624877930e+00
2.676631450653076172e+00
2.715622425079345703e+00
9.124346971511840820e-01
-1.358429193496704102e+00
-4.296890258789062500e+00
-2.919886708259582520e-01
-4.267221450805664062e+00
-3.142083644866943359e+00
3.414407730102539062e+00
-1.381083726882934570e+00
-1.471955299377441406e+00
-9.086621999740600586e-01
3.028198719024658203e+00
-1.034649133682250977e+00
-7.119882106781005859e-02
-5.425417423248291016e+00
2.039085626602172852e-01
-3.988164663314819336e+00
-1.342673540115356445e+00
7.255239486694335938e-01
-7.983517646789550781e-01
1.697208881378173828e+00
-2.907565116882324219e+00
-2.973132133483886719e+00
-9.203221201896667480e-01
1.471349358558654785e+00
-2.025300979614257812e+00
6.999074220657348633e-01
-1.729054689407348633e+00
-5.830539703369140625e+00
1.162236571311950684e+00
-2.710327863693237305e+00
1.681464195251464844e+00
-7.023574113845825195e-01
-4.652258455753326416e-01
-4.094488143920898438e+00
-3.675514459609985352e-02
1.355811595916748047e+00
-1.759030938148498535e+00
9.026420712471008301e-01
1.114995241165161133e+00
-3.313327312469482422e+00
2.127206563949584961e+00
-1.944933533668518066e+00
1.784728407859802246e+00
-1.395631313323974609e+00
-1.350636005401611328e+00
-1.953204631805419922e+00
-1.887938261032104492e+00
-4.013027667999267578e+00
-3.757996797561645508e+00
-2.751049280166625977e+00
-3.015825986862182617e+00
-2.641291022300720215e-01
1.866232752799987793e+00
-2.944025397300720215e-01
3.453443050384521484e+00
1.954360723495483398e+00
2.241450786590576172e+00
-3.174735069274902344e+00
2.607181072235107422e+00
-1.365685462951660156e-01
-3.799075126647949219e+00
-1.347798347473144531e+00
-5.577197670936584473e-02
1.594590783119201660e+00
-3.193887710571289062e+00
-3.887149095535278320e-01
2.474019527435302734e+00
-3.274714469909667969e+00
-1.719039916992187500e+00
1.497270107269287109e+00
-2.028269052505493164e+00
-6.196305751800537109e+00
1.052743673324584961e+00
2.595696687698364258e+00
3.758026838302612305e+00
2.419584274291992188e+00
-1.301236748695373535e+00
1.663113117218017578e+00
1.786728024482727051e+00
-1.616267561912536621e+00
-6.773680686950683594e+00
4.734930515289306641e+00
-3.461976528167724609e+00
-3.158759117126464844e+00
-2.357865095138549805e+00
5.014557838439941406e+00
-6.209773540496826172e+00
3.806126117706298828e-02
2.820027589797973633e+00
-2.413634300231933594e+00
-2.491271018981933594e+00
-3.205812692642211914e+00
2.982799768447875977e+00
2.389203071594238281e+00
-1.918685913085937500e+00
-1.709615588188171387e-01
2.582791090011596680e+00
-3.618388414382934570e+00
2.566111564636230469e+00
-2.637858390808105469e+00
-2.454415082931518555e+00
-3.556105852127075195e+00
-7.115283012390136719e-01
-2.845599889755249023e+00
-9.244253635406494141e-01
-2.267549991607666016e+00
-1.022149562835693359e+00
-5.726461410522460938e+00
1.681551694869995117e+00
-5.755887031555175781e+00
7.168006300926208496e-01
-3.030901908874511719e+00
1.454459428787231445e-01
3.425370216369628906e+00
-4.928423881530761719e+00
-8.416547179222106934e-01
-7.026054859161376953e-01
-9.029216170310974121e-01
-2.413839340209960938e+00
-2.083747386932373047e+00
3.930749893188476562e+00
-1.679050922393798828e-01
-4.475027561187744141e+00
6.766057610511779785e-01
2.431671619415283203e+00
2.077935457229614258e+00
-3.795977592468261719e+00
5.256024360656738281e+00
-1.003472566604614258e+00
2.081991672515869141e+00
-1.643201708793640137e+00
-2.520982742309570312e+00
1.339879155158996582e+00
-3.534788608551025391e+00
7.481868267059326172e-01
-2.472576141357421875e+00
8.774632215499877930e-01
-1.078633069992065430e+00
-2.242567062377929688e+00
-1.164577126502990723e+00
-1.002618074417114258e+00
-1.945915073156356812e-01
-2.122092247009277344e+00
-4.464544653892517090e-01
5.197882652282714844e-01
-2.300777673721313477e+00
4.722476482391357422e+00
4.386669158935546875e+00
6.869574785232543945e-01
-2.841190576553344727e+00
2.159780979156494141e+00
-1.653819322586059570e+00
2.584411144256591797e+00
1.667222976684570312e+00
-1.795357167720794678e-01
2.768004179000854492e+00
6.663242578506469727e-01
-4.421335220336914062e+00
-1.421179473400115967e-01
8.427327871322631836e-01
-7.660901546478271484e-01
-2.012914180755615234e+00
-2.916706323623657227e+00
-4.069494247436523438e+00
-1.552691459655761719e+00
-2.710382461547851562e+00
-3.492464542388916016e+00
-1.927617788314819336e+00
3.459634184837341309e-01
3.877729415893554688e+00
-5.738125801086425781e+00
1.776832818984985352e+00
1.212342500686645508e+00
-3.495990037918090820e-01
1.243407249450683594e+00
3.872091531753540039e+00
-6.413504123687744141e+00
5.662088394165039062e+00
5.533713102340698242e-01
2.458553791046142578e+00
2.943721532821655273e+00
4.047311305999755859e+00
1.942543983459472656e-01
-8.844876289367675781e-02
-3.550459861755371094e+00
-5.699671745300292969e+00
1.156208515167236328e+00
1.138068675994873047e+00
-3.464858531951904297e+00
-1.381867647171020508e+00
-2.426115274429321289e+00
-5.031975507736206055e-01
7.919431328773498535e-01
-2.584936141967773438e+00
4.689284324645996094e+00
-3.947524070739746094e+00
1.870070457458496094e+00
-2.845684528350830078e+00
-1.840306043624877930e+00
5.838881134986877441e-01
1.664872169494628906e+00
-4.265639781951904297e+00
-4.561665058135986328e+00
5.871322154998779297e-01
1.544911265373229980e+00
1.236210107803344727e+00
-5.440414428710937500e+00
-8.814966082572937012e-01
2.222658634185791016e+00
-2.152977466583251953e+00
-9.198642373085021973e-01
8.378165364265441895e-01
2.541017770767211914e+00
-1.303503394126892090e+00
-1.994171977043151855e+00
-2.005749464035034180e+00
9.179700613021850586e-01
-1.612678527832031250e+00
-1.331386685371398926e+00
5.268304347991943359e-01
3.785098195075988770e-01
-2.474225997924804688e+00
-5.802970886230468750e+00
-2.354581594467163086e+00
1.225962877273559570e+00
-1.134095788002014160e-01
-3.495475053787231445e-01
1.605513453483581543e+00
3.089639186859130859e+00
7.758454680442810059e-01
3.360028505325317383e+00
9.195404052734375000e-01
2.802283048629760742e+00
-9.644541740417480469e-01
3.639391183853149414e+00
5.032074928283691406e+00
2.206630229949951172e+00
5.620452880859375000e+00
7.780014872550964355e-01
-2.070615768432617188e+00
1.114836812019348145e+00
-7.287854552268981934e-01
-3.788233995437622070e-01
-4.898458957672119141e+00
3.154188692569732666e-01
1.314190268516540527e+00
1.840278387069702148e+00
-2.442762374877929688e+00
1.105343937873840332e+00
1.105236530303955078e+00
-1.568119049072265625e+00
-3.394311428070068359e+00
3.185965061187744141e+00
-1.825849771499633789e+00
3.938072919845581055e-01
4.370630085468292236e-01
-3.192556619644165039e+00
2.400214433670043945e+00
3.035501718521118164e+00
7.447329998016357422e+00
-1.680980920791625977e+00
-5.011119842529296875e-01
-5.463679790496826172e+00
6.459068298339843750e+00
3.355951309204101562e-01
2.129482746124267578e+00
-1.728593349456787109e+00
5.904679775238037109e+00
7.881254553794860840e-01
2.317484617233276367e+00
-9.542821645736694336e-01
5.420197486877441406e+00
-2.278661727905273438e-01
-3.097117185592651367e+00
3.330428600311279297e+00
-1.652994394302368164e+00
-2.275059223175048828e+00
-6.777890920639038086e-01
-1.414131999015808105e+00
-4.368940830230712891e+00
-2.854538202285766602e+00
-1.090237200260162354e-01
1.456486225128173828e+00
8.864771127700805664e-01
3.006150722503662109e+00
1.475216150283813477e+00
-1.239049315452575684e+00
-1.573364377021789551e+00
2.700634479522705078e+00
3.180176973342895508e+00
-2.191576719284057617e+00
-5.228233337402343750e-01
-1.762389779090881348e+00
-2.467784166336059570e+00
1.050384998321533203e+00
2.390275716781616211e+00
-2.462830543518066406e+00
-2.177617549896240234e+00
-2.206424713134765625e+00
-2.873552083969116211e+00
-2.842573881149291992e+00
-1.851522922515869141e+00
-3.336611747741699219e+00
1.263594985008239746e+00
2.485183000564575195e+00
4.271586894989013672e+00
-3.047551393508911133e+00
1.788021624088287354e-01
3.229856491088867188e-02
-5.129106044769287109e+00
4.781275987625122070e-02
3.502972722053527832e-01
-1.894639492034912109e+00
-1.059096097946166992e+00
-2.146899938583374023e+00
-8.407413959503173828e-01
-3.868937730789184570e+00
-1.278635144233703613e+00
9.271623492240905762e-01
-7.487031221389770508e-01
-7.065927982330322266e-02
6.470234394073486328e-01
-2.373243093490600586e+00
5.380736589431762695e-01
-4.477472782135009766e+00
1.482631444931030273e+00
2.944913387298583984e+00
-1.021662712097167969e+00
2.458390951156616211e+00
3.478314399719238281e+00
2.449952602386474609e+00
3.107619524002075195e+00
5.934648513793945312e+00
-3.287950754165649414e+00
-3.097888231277465820e+00
9.430395364761352539e-01
-1.730099201202392578e+00
1.549047708511352539e+00
-1.263868212699890137e+00
-2.986387252807617188e+00
-2.625043392181396484e+00
2.781243324279785156e+00
-4.835067987442016602e-01
1.912031054496765137e+00
3.027359962463378906e+00
2.773153305053710938e+00
-2.147986173629760742e+00
-1.347143054008483887e+00
3.552049696445465088e-01
-5.067610144615173340e-01
-3.427417278289794922e+00
5.550800800323486328e+00
1.526624441146850586e+00
-5.315025806427001953e+00
1.905071258544921875e+00
1.215057373046875000e+00
-5.670945644378662109e+00
-5.348060131072998047e-01
8.912010192871093750e-01
-1.489310503005981445e+00
3.915348052978515625e+00
-2.749061584472656250e+00
3.429682850837707520e-01
-3.150897979736328125e+00
-8.260205984115600586e-01
-1.165828466415405273e+00
-1.604472875595092773e+00
1.240322351455688477e+00
4.901874065399169922e-02
-5.761917591094970703e+00
-1.516308188438415527e+00
-4.446186542510986328e+00
1.457924008369445801e+00
5.088312625885009766e-01
-4.283075332641601562e-01
-3.327394247055053711e+00
2.843123197555541992e+00
2.025830268859863281e+00
8.057299256324768066e-01
-6.353692412376403809e-01
-2.366585731506347656e+00
-7.581681013107299805e-01
9.612379670143127441e-01
-4.906479835510253906e+00
-2.008028268814086914e+00
-1.327584266662597656e+00
2.348565578460693359e+00
4.270212650299072266e+00
1.456637382507324219e+00
-1.554460167884826660e+00
1.639210581779479980e+00
3.718418478965759277e-01
-2.086818695068359375e+00
7.046520709991455078e-03
-3.256766796112060547e+00
-2.962926924228668213e-01
-1.937800884246826172e+00
-7.193813323974609375e-01
-1.125335216522216797e+00
-2.486758947372436523e+00
-5.324026346206665039e-01
-4.101595282554626465e-01
-3.599181652069091797e+00
-3.298652172088623047e-01
2.405263185501098633e+00
-2.930785715579986572e-01
-2.001295089721679688e+00
-3.991667270660400391e+00
5.843276023864746094e+00
5.794175267219543457e-01
-5.206432819366455078e+00
7.153502702713012695e-01
-1.452834606170654297e+00
-5.043590068817138672e+00
-2.215553760528564453e+00
1.977071046829223633e+00
9.806509017944335938e-01
-1.342259645462036133e+00
5.655151605606079102e-01
2.888865470886230469e+00
2.885705232620239258e-01
1.825050592422485352e+00
2.393763661384582520e-01
-1.486315727233886719e-01
2.137008905410766602e+00
5.291659832000732422e-01
3.565898418426513672e+00
-2.659780025482177734e+00
5.211631774902343750e+00
3.258006095886230469e+00
1.727325081825256348e+00
1.538748502731323242e+00
-2.823636054992675781e+00
2.040243387222290039e+00
-9.382730722427368164e-01
-8.093757629394531250e-01
4.909503459930419922e+00
-3.941659927368164062e+00
4.219259738922119141e+00
4.421442508697509766e+00
5.333479404449462891e+00
2.430322170257568359e+00
-1.105180501937866211e+00
1.566769599914550781e+00
-1.516919851303100586e+00
-1.583667159080505371e+00
3.898886442184448242e+00
6.084537029266357422e+00
-7.535083293914794922e-01
2.026323795318603516e+00
-5.121659755706787109e+00
-8.231253027915954590e-01
2.277169942855834961e+00
2.678466558456420898e+00
-2.638016939163208008e+00
-4.011439085006713867e-01
-1.269645810127258301e+00
5.001260757446289062e+00
-5.504722595214843750e-01
2.947141647338867188e+00
-1.278259396553039551e+00
3.437087297439575195e+00
-2.582204818725585938e+00
-3.216894865036010742e+00
-4.064875245094299316e-01
-4.349113702774047852e-01
-1.696555137634277344e+00
-4.298357486724853516e+00
-2.596552133560180664e+00
-3.489770412445068359e+00
-5.114754676818847656e+00
-1.641565322875976562e+00
-8.683159351348876953e-01
-2.805303633213043213e-01
-7.821929454803466797e-02
-1.031824350357055664e+00
-7.970494627952575684e-01
-3.048845052719116211e+00
-1.766617655754089355e+00
-6.857944130897521973e-01
-1.592968225479125977e+00
-3.153329372406005859e+00
3.670838594436645508e+00
2.756106257438659668e-01
-1.939170956611633301e-01
-2.761860609054565430e+00
2.549004316329956055e+00
-1.693735599517822266e+00
4.148834943771362305e-01
-3.672451019287109375e+00
1.297733187675476074e+00
-6.395226478576660156e+00
-3.703317880630493164e+00
6.412460207939147949e-01
-6.364482641220092773e-02
1.800787687301635742e+00
-1.573259234428405762e+00
-4.072129726409912109e+00
-2.587614774703979492e+00
-3.734818696975708008e+00
-3.997267007827758789e+00
-3.691685199737548828e+00
6.152859926223754883e-01
-3.078204631805419922e+00
4.356396198272705078e-01
-1.536651134490966797e+00
1.576495528221130371e+00
4.448112964630126953e+00
-1.072587013244628906e+00
3.663842439651489258e+00
2.443736493587493896e-01
2.808327913284301758e+00
-1.999461770057678223e+00
-1.487584114074707031e+00
2.440791606903076172e+00
-2.423209190368652344e+00
1.039393424987792969e+00
-2.105935573577880859e+00
-1.591907024383544922e+00
7.247814655303955078e+00
-1.187195301055908203e+00
5.340180397033691406e-01
4.054324626922607422e-01
-2.883857965469360352e+00
-3.329067230224609375e+00
4.089562892913818359e+00
-2.221306085586547852e+00
-2.716741561889648438e+00
5.634189248085021973e-01
-4.371489048004150391e+00
-2.030437469482421875e+00
7.045276761054992676e-01
-2.229820251464843750e+00
-2.730305671691894531e+00
-1.228769063949584961e+00
1.000865578651428223e+00
