-9.771817922592163086e-01
3.973511457443237305e+00
-2.437459945678710938e+00
1.129144787788391113e+00
-2.318180322647094727e+00
-2.047384977340698242e+00
-7.213342189788818359e-01
2.321460723876953125e+00
-1.896487712860107422e+00
2.204413414001464844e+00
-1.067848563194274902e+00
-1.928607225418090820e-01
-1.569381475448608398e+00
-4.815551340579986572e-01
2.057489871978759766e+00
-2.758077621459960938e+00
3.933905363082885742e-01
1.297166943550109863e+00
-2.712275028228759766e+00
-4.474283218383789062e+00
-5.719887256622314453e+00
1.837006926536560059e+00
-2.443303108215332031e+00
-4.925318717956542969e+00
-1.631992340087890625e+00
6.299433708190917969e-01
4.682506918907165527e-01
1.429600954055786133e+00
-2.529357671737670898e-01
1.420273065567016602e+00
-5.110908031463623047e+00
-1.169245123863220215e+00
-4.358273506164550781e+00
-3.200398385524749756e-01
3.236284732818603516e+00
-7.397503852844238281e-01
1.120075136423110962e-01
2.667030692100524902e-01
7.778100013732910156e+00
7.428112030029296875e-01
4.622699260711669922e+00
1.610108971595764160e+00
3.791205644607543945e+00
1.597702980041503906e+00
3.568374633789062500e+00
3.913067340850830078e+00
3.491490602493286133e+00
4.026595592498779297e+00
1.330323457717895508e+00
-4.192745685577392578e+00
4.317503571510314941e-01
3.730613231658935547e+00
-1.689753651618957520e+00
-2.197423934936523438e+00
9.021018147468566895e-01
-1.178831219673156738e+00
2.173910379409790039e+00
-5.661383628845214844e+00
-1.014683961868286133e+00
-1.051893591880798340e+00
1.981376051902770996e+00
6.612427830696105957e-01
7.800823450088500977e-01
7.690066099166870117e-01
-1.103153228759765625e-01
7.355419993400573730e-01
1.561845421791076660e+00
4.687627851963043213e-01
2.469300985336303711e+00
1.475720047950744629e+00
-1.399610042572021484e+00
8.996009230613708496e-01
9.736912846565246582e-01
3.847513675689697266e+00
5.737665653228759766e+00
4.125469207763671875e+00
6.567773818969726562e+00
7.526680469512939453e+00
5.050048828125000000e+00
3.497826159000396729e-01
3.254725933074951172e+00
-3.531197309494018555e-01
1.332767963409423828e+00
9.190852642059326172e-01
3.382541179656982422e+00
-8.706233501434326172e-01
1.125474929809570312e+00
2.346899747848510742e+00
5.659605979919433594e+00
-3.574908971786499023e+00
4.949299812316894531e+00
1.161405086517333984e+00
3.426191210746765137e-02
1.043324470520019531e+00
3.294038176536560059e-01
-7.749180793762207031e-01
1.097416520118713379e+00
-3.296217441558837891e+00
-1.151938676834106445e+00
-2.351243734359741211e+00
7.686985731124877930e-01
-2.162889003753662109e+00
-1.662932634353637695e+00
1.906786680221557617e+00
-1.871961712837219238e+00
-2.691970467567443848e-01
-2.160070419311523438e+00
3.024116516113281250e+00
2.818677186965942383e+00
3.789476156234741211e+00
-2.586343526840209961e+00
3.013623237609863281e+00
-5.877057909965515137e-01
1.959155917167663574e+00
-1.994799733161926270e+00
7.496929168701171875e-01
-3.264153957366943359e+00
3.873458862304687500e+00
-9.202851653099060059e-01
2.706580638885498047e+00
5.044666290283203125e+00
3.467046499252319336e+00
2.364995241165161133e+00
-3.923058509826660156e-02
2.260577678680419922e-01
5.612262248992919922e+00
2.041469573974609375e+00
-3.569857120513916016e+00
-2.479476928710937500e+00
-3.208596229553222656e+00
1.171532154083251953e+00
5.076366662979125977e-01
-3.180487871170043945e+00
1.282808184623718262e+00
-8.501465320587158203e-01
-3.041507720947265625e+00
3.084939479827880859e+00
-2.184151172637939453e+00
-7.729619741439819336e-01
-1.453194618225097656e+00
-1.434481859207153320e+00
4.435250759124755859e-01
-1.167823910713195801e+00
-1.038653969764709473e+00
-5.548614263534545898e-01
-1.597642898559570312e-01
-2.892872810363769531e+00
-6.099668741226196289e-01
-1.254632234573364258e+00
-1.048789024353027344e-01
-2.410308122634887695e-01
3.580597400665283203e+00
-3.413630008697509766e+00
-1.485553979873657227e+00
-2.148289680480957031e+00
-2.355997085571289062e+00
-1.860695600509643555e+00
-2.869819164276123047e+00
7.012055516242980957e-01
3.631634712219238281e+00
-3.186035156250000000e+00
1.968062520027160645e-01
2.413976192474365234e-01
2.030079811811447144e-01
1.836358785629272461e+00
2.420421600341796875e+00
2.342552661895751953e+00
1.692779660224914551e+00
3.443468093872070312e+00
2.056284189224243164e+00
2.766150951385498047e+00
2.939125299453735352e+00
5.168697357177734375e+00
4.966843605041503906e+00
-1.738306283950805664e+00
-8.325588703155517578e-02
1.476662755012512207e+00
2.629070043563842773e+00
3.352870702743530273e+00
-4.709020256996154785e-01
-1.261270284652709961e+00
5.093417644500732422e+00
4.228188037872314453e+00
3.451351165771484375e+00
2.389164924621582031e+00
3.240750789642333984e+00
-8.434559106826782227e-01
3.136090636253356934e-01
2.079671621322631836e+00
9.788329005241394043e-01
-2.648468494415283203e+00
4.253429889678955078e+00
-7.279061675071716309e-01
-1.490658402442932129e+00
-2.207555055618286133e+00
2.475858449935913086e+00
-2.901740789413452148e+00
7.992203235626220703e-01
5.172686576843261719e-01
-4.906757473945617676e-01
-3.005381345748901367e+00
-5.718369483947753906e-01
-9.697300195693969727e-01
4.931948781013488770e-01
-1.459842681884765625e+00
9.395751357078552246e-01
3.685607194900512695e+00
1.371925473213195801e+00
1.834732770919799805e+00
6.013522624969482422e+00
3.557568788528442383e+00
3.500767946243286133e+00
-7.102517485618591309e-01
2.699570894241333008e+00
1.131675124168395996e+00
2.661008834838867188e+00
6.757233142852783203e-01
-2.865785360336303711e-01
1.005519628524780273e+00
-1.177683472633361816e+00
-1.724772095680236816e+00
8.646258711814880371e-01
-7.898548841476440430e-01
-1.531863808631896973e+00
-2.442741394042968750e-02
2.428779125213623047e+00
-9.980989694595336914e-01
6.545205116271972656e-01
-3.081965923309326172e+00
-1.015138149261474609e+00
-3.987517118453979492e+00
-1.562826275825500488e+00
-1.588361024856567383e+00
-1.834941864013671875e+00
2.911313772201538086e+00
2.044768929481506348e-01
2.187834501266479492e+00
2.561361551284790039e+00
1.159699916839599609e+00
-2.719176054000854492e+00
1.912250518798828125e+00
4.776632785797119141e-01
3.863508999347686768e-01
-1.973111629486083984e-01
-2.414239406585693359e+00
1.773422211408615112e-01
8.417239189147949219e-01
1.114614009857177734e+00
-1.755749583244323730e+00
-1.750395298004150391e+00
-1.238614082336425781e+00
-2.351137399673461914e-01
2.503511309623718262e-01
-1.913030385971069336e+00
-5.474184751510620117e-01
2.504361152648925781e+00
-3.025620698928833008e+00
-2.853312253952026367e+00
-1.649195194244384766e+00
-3.182536125183105469e+00
-2.783591270446777344e+00
-2.620187044143676758e+00
2.402010440826416016e+00
-2.554558277130126953e+00
-1.457891941070556641e+00
2.656079232692718506e-01
-1.313914775848388672e+00
7.453391551971435547e-01
1.507421731948852539e-01
-4.155532121658325195e-01
-4.083107948303222656e+00
-3.689793646335601807e-01
2.724895477294921875e+00
5.465188503265380859e+00
3.009748220443725586e+00
-8.176478743553161621e-01
-1.476907134056091309e+00
2.574660062789916992e+00
1.265102267265319824e+00
1.620261967182159424e-01
2.758328199386596680e+00
2.107033967971801758e+00
1.772394895553588867e+00
1.985194206237792969e+00
5.923141241073608398e-01
1.659131407737731934e+00
-2.998622953891754150e-01
-3.219682693481445312e+00
1.205925703048706055e+00
-4.162615299224853516e+00
2.837361335754394531e+00
-2.726020336151123047e+00
2.424803018569946289e+00
-8.292937874794006348e-01
-3.323106288909912109e+00
-2.460201978683471680e+00
-2.117083311080932617e+00
-3.031520605087280273e+00
2.183134794235229492e+00
-1.788184046745300293e+00
-2.785583019256591797e+00
2.451961517333984375e+00
-1.913337707519531250e-01
-5.956575870513916016e-01
-6.716342568397521973e-01
-1.415586173534393311e-01
-2.760507822036743164e+00
2.144632816314697266e+00
-1.741586923599243164e+00
7.738925814628601074e-01
2.278689384460449219e+00
-5.788999795913696289e-01
-1.981725692749023438e+00
1.671023726463317871e+00
-1.078849792480468750e+00
-3.625335216522216797e+00
-4.033801078796386719e+00
-3.224179506301879883e+00
1.994033217430114746e+00
2.670366525650024414e+00
1.205889582633972168e-01
-7.781577110290527344e-01
-5.288296937942504883e-01
-7.598561048507690430e-01
-2.454480648040771484e+00
1.228066921234130859e+00
-1.805185794830322266e+00
3.819201231002807617e+00
6.176277399063110352e-01
7.721284031867980957e-01
4.865549802780151367e-01
1.081040978431701660e+00
-7.043391466140747070e-01
1.192261576652526855e+00
-3.348212718963623047e+00
-1.565118551254272461e+00
-1.489372134208679199e+00
-2.562771320343017578e+00
-1.762249708175659180e+00
9.433222413063049316e-01
2.174842834472656250e+00
8.898264169692993164e-01
-2.850300312042236328e+00
-4.106400012969970703e+00
-3.633425235748291016e+00
-5.857137203216552734e+00
-2.754802942276000977e+00
-1.867317318916320801e+00
-6.354396343231201172e-01
-1.320269584655761719e+00
-7.049888372421264648e-01
-2.462452411651611328e+00
4.146289825439453125e-01
-5.044773817062377930e-01
3.228688240051269531e+00
2.513670921325683594e-02
-1.198618113994598389e-01
1.190609574317932129e+00
-8.150501251220703125e-01
2.666666984558105469e+00
-3.167326748371124268e-01
-3.688598632812500000e+00
-3.035080909729003906e+00
1.144504189491271973e+00
-5.124586820602416992e-01
-2.590901136398315430e+00
-5.062959671020507812e+00
-5.425045013427734375e+00
-3.080701351165771484e+00
-2.088353395462036133e+00
-1.698910713195800781e+00
-3.082956790924072266e+00
-3.393551349639892578e+00
-2.444809675216674805e+00
-3.266919374465942383e+00
-5.154764175415039062e+00
-1.121767997741699219e+00
6.372464299201965332e-01
-3.067367553710937500e+00
-2.832250833511352539e+00
-2.161493062973022461e+00
-1.267974972724914551e+00
-1.022977590560913086e+00
-1.408625483512878418e+00
1.521233320236206055e-01
5.583788752555847168e-01
-6.132966279983520508e-01
4.065579175949096680e-01
-4.016110897064208984e+00
-7.660540342330932617e-01
2.666188240051269531e+00
-1.787339687347412109e+00
2.005473613739013672e+00
1.533499956130981445e+00
-7.105556726455688477e-01
-3.335983455181121826e-01
2.401349067687988281e+00
5.484222173690795898e-01
-1.790020227432250977e+00
-2.185362577438354492e-02
1.631991624832153320e+00
-2.848895549774169922e+00
1.869292616844177246e+00
-4.098389625549316406e+00
-3.674506425857543945e+00
-2.557269096374511719e+00
-1.337273120880126953e+00
-5.100459575653076172e+00
-2.597199201583862305e+00
1.651862859725952148e+00
-1.132909893989562988e+00
5.258912086486816406e+00
-2.985983371734619141e+00
-5.343400314450263977e-02
2.870604276657104492e+00
-1.103813648223876953e+00
-5.116784572601318359e-02
2.800880193710327148e+00
2.290691137313842773e-01
1.859426856040954590e+00
1.339219212532043457e+00
8.448268175125122070e-01
-2.327990531921386719e+00
-3.261704206466674805e+00
-1.245887279510498047e-01
7.879906892776489258e-01
1.202354669570922852e+00
1.657661497592926025e-01
-1.801635146141052246e+00
3.097627878189086914e+00
3.206199884414672852e+00
-1.159120678901672363e+00
-1.469968914985656738e+00
3.858975410461425781e+00
2.622805356979370117e+00
1.175382375717163086e+00
1.574723005294799805e+00
-1.716783046722412109e+00
-2.426208972930908203e+00
9.235660433769226074e-01
-9.798886775970458984e-01
-2.077728271484375000e+00
-1.696515083312988281e+00
4.680909633636474609e+00
-3.250655889511108398e+00
3.940560221672058105e-01
9.008278846740722656e-01
-1.561646223068237305e+00
-3.224588632583618164e+00
-2.942851066589355469e+00
-9.429413080215454102e-01
2.819366693496704102e+00
5.957463741302490234e+00
2.279340028762817383e-01
-3.397422075271606445e+00
-4.326524734497070312e-01
4.969760179519653320e-01
4.309387207031250000e+00
-5.143957734107971191e-01
5.702867031097412109e+00
2.180753350257873535e-01
1.593035578727722168e+00
-2.698572874069213867e-01
2.343720436096191406e+00
1.886536240577697754e+00
1.115733742713928223e+00
-3.826915740966796875e+00
-2.382910251617431641e+00
-2.616740465164184570e+00
-1.430874228477478027e+00
-1.704032301902770996e+00
-2.622830629348754883e+00
-1.143523454666137695e+00
8.521977066993713379e-01
5.295888423919677734e+00
-1.169571995735168457e+00
-3.133534908294677734e+00
-2.615361928939819336e+00
4.353061318397521973e-01
-1.367214083671569824e+00
-1.121206283569335938e+00
6.567812561988830566e-01
5.890723466873168945e-01
-1.654194116592407227e+00
-3.345666885375976562e+00
-1.534846723079681396e-01
-1.242999076843261719e+00
1.260540604591369629e+00
1.294875860214233398e+00
-1.413142681121826172e+00
2.257943630218505859e+00
-3.614925622940063477e+00
2.351478934288024902e-01
-1.755818367004394531e+00
2.645457684993743896e-01
7.938766479492187500e-01
6.403015553951263428e-02
-2.155687332153320312e+00
1.838181495666503906e+00
1.557017922401428223e+00
-2.743425130844116211e+00
1.201188206672668457e+00
3.108955144882202148e+00
-2.137194156646728516e+00
-7.361429333686828613e-01
-1.180189728736877441e+00
2.564774513244628906e+00
-1.367299437522888184e+00
-8.603631854057312012e-01
-1.525239944458007812e+00
-1.395945787429809570e+00
-2.163148880004882812e+00
-4.263659954071044922e+00
-1.453570604324340820e+00
1.263021111488342285e+00
2.663631439208984375e+00
-8.968476057052612305e-01
1.409798383712768555e+00
3.619834899902343750e+00
1.631793260574340820e+00
2.878386378288269043e-01
-3.296478986740112305e+00
5.480988025665283203e-01
-9.813251495361328125e-01
1.823132038116455078e-01
-8.591098785400390625e-01
2.034692764282226562e+00
-6.164644360542297363e-01
5.758955478668212891e-01
1.407761335372924805e+00
1.715660691261291504e+00
-1.070353463292121887e-01
-1.196440339088439941e+00
-3.657540678977966309e-02
-3.865327358245849609e+00
-4.567514896392822266e+00
1.243046283721923828e+00
-5.681646466255187988e-01
2.292991399765014648e+00
4.909122467041015625e+00
-1.965667366981506348e+00
4.413911402225494385e-01
-4.558016061782836914e-01
-1.499651074409484863e-01
-2.992572069168090820e+00
4.038781166076660156e+00
-1.317641139030456543e+00
-3.387112617492675781e+00
-2.085589408874511719e+00
3.087221860885620117e+00
-5.826248645782470703e+00
-2.092133760452270508e-01
4.627882003784179688e+00
1.401326179504394531e+00
-2.768076419830322266e+00
-2.573262453079223633e+00
2.084499120712280273e+00
1.586660623550415039e+00
-1.672101318836212158e-01
5.962780714035034180e-01
1.777497291564941406e+00
-3.375405311584472656e+00
2.602199316024780273e+00
-1.596832156181335449e+00
-2.947544813156127930e+00
-7.079080343246459961e-01
9.316130876541137695e-01
-1.119367361068725586e+00
2.158671140670776367e+00
-3.112723112106323242e+00
-3.396973013877868652e-03
-4.253376483917236328e+00
1.955169439315795898e+00
-6.275315284729003906e+00
2.545331120491027832e-01
-4.213236808776855469e+00
-2.250699520111083984e+00
3.442927122116088867e+00
-4.390533447265625000e+00
1.343584656715393066e-01
-1.169047474861145020e+00
-7.809878587722778320e-01
-3.135783195495605469e+00
-1.261089086532592773e+00
3.032279014587402344e+00
2.360758066177368164e+00
-5.279832839965820312e+00
3.237581253051757812e+00
4.439221382141113281e+00
-5.440795421600341797e-02
-1.353058099746704102e+00
7.730434417724609375e+00
-6.874367594718933105e-01
3.852227687835693359e+00
-2.157869637012481689e-01
-3.605269908905029297e+00
3.335581779479980469e+00
6.837532520294189453e-01
-1.501975297927856445e+00
-4.901981353759765625e-01
3.396105051040649414e+00
-3.595373034477233887e-01
-1.580891728401184082e+00
-2.989332199096679688e+00
-2.020918369293212891e+00
-7.060717940330505371e-01
1.450812339782714844e+00
6.734771132469177246e-01
3.499909877777099609e+00
-2.502742290496826172e+00
1.749593496322631836e+00
5.694287300109863281e+00
8.603885173797607422e-01
-9.596421122550964355e-01
3.636045217514038086e+00
1.955909013748168945e+00
5.039429187774658203e+00
3.839778184890747070e+00
-1.469666659832000732e-01
-5.410976409912109375e-01
2.838875293731689453e+00
-3.115648746490478516e+00
-2.136870622634887695e+00
3.148407936096191406e+00
-3.674109578132629395e-01
-1.981936931610107422e+00
-3.922206163406372070e+00
-5.265857219696044922e+00
-5.683923363685607910e-01
9.115923643112182617e-01
4.912080764770507812e-01
-1.123111248016357422e+00
-3.369990348815917969e+00
2.457700729370117188e+00
-2.248674631118774414e+00
2.089133024215698242e+00
3.521340131759643555e+00
8.845313191413879395e-01
4.084123611450195312e+00
5.574006080627441406e+00
-3.923320293426513672e+00
4.046426773071289062e+00
-1.519904136657714844e-01
2.764654159545898438e+00
-5.240750312805175781e-02
7.232704758644104004e-01
1.379186630249023438e+00
2.239921092987060547e+00
-2.607470989227294922e+00
-3.056180953979492188e+00
-2.372239828109741211e-01
-2.139464020729064941e-01
-1.688373208045959473e+00
-2.870431661605834961e+00
-2.818941116333007812e+00
4.459053993225097656e+00
1.805808693170547485e-01
-4.951698303222656250e+00
3.811201095581054688e+00
-1.581755161285400391e+00
1.323840498924255371e+00
-1.836249351501464844e+00
-1.968188047409057617e+00
-1.098453402519226074e+00
1.509112596511840820e+00
-3.373366832733154297e+00
-4.242002964019775391e+00
5.055503845214843750e-01
-1.312225103378295898e+00
1.212079048156738281e+00
-5.547086238861083984e+00
-3.618766069412231445e-01
3.920649051666259766e+00
-2.588279843330383301e-01
-2.638494491577148438e+00
-3.275822639465332031e+00
3.739147663116455078e+00
-1.086750626564025879e+00
6.424371004104614258e-01
1.738348960876464844e+00
1.105418324470520020e+00
-9.376132488250732422e-01
-2.507156610488891602e+00
-1.346560001373291016e+00
-3.534381389617919922e-01
-1.736046075820922852e-01
-4.630719184875488281e+00
-3.773921489715576172e+00
-2.513383030891418457e-01
1.319546937942504883e+00
-5.830207824707031250e+00
7.281610965728759766e-01
4.381611824035644531e+00
1.475197076797485352e-02
3.779825210571289062e+00
5.203530788421630859e-01
1.232106804847717285e+00
2.573172569274902344e+00
6.361814141273498535e-01
2.290858745574951172e+00
-1.633099079132080078e+00
5.497000217437744141e+00
1.446327686309814453e+00
-5.067746162414550781e+00
1.210625648498535156e+00
-2.218061447143554688e+00
-1.518119931221008301e+00
-7.368133068084716797e-01
1.561001062393188477e+00
1.333910584449768066e+00
1.065436601638793945e-01
8.617851734161376953e-01
-8.024072647094726562e-01
1.574219703674316406e+00
-6.878591775894165039e-01
-1.718626737594604492e+00
8.838359117507934570e-01
-2.544824361801147461e+00
5.135747194290161133e-01
-1.080613613128662109e+00
-3.349327802658081055e+00
4.183504104614257812e+00
4.800524711608886719e+00
5.370043754577636719e+00
-2.704978227615356445e+00
-7.706213593482971191e-01
1.663009524345397949e-01
3.880967617034912109e+00
1.028624534606933594e+00
-4.780888557434082031e-03
-2.058413028717041016e+00
2.910642623901367188e+00
-7.047665119171142578e-01
-5.367386341094970703e-01
-3.798274278640747070e+00
5.014915466308593750e+00
-1.421966791152954102e+00
-3.851964235305786133e+00
2.766185283660888672e+00
7.626818418502807617e-01
1.117402315139770508e-02
-1.663128137588500977e-01
-4.718018472194671631e-01
-1.485792398452758789e+00
-4.533105373382568359e+00
-2.115491867065429688e+00
1.870026350021362305e+00
1.219125032424926758e+00
6.606857776641845703e+00
1.086468696594238281e+00
4.462159574031829834e-01
4.390648305416107178e-01
1.615301728248596191e+00
3.984178304672241211e+00
-3.267214298248291016e+00
-1.422931075096130371e+00
-1.127392172813415527e+00
-4.566094875335693359e+00
-2.543234348297119141e+00
9.043077826499938965e-01
-2.069010496139526367e+00
3.882691264152526855e-01
-5.116224288940429688e-02
-1.881861567497253418e+00
-3.194933414459228516e+00
-4.849511146545410156e+00
-6.189268112182617188e+00
-4.663364887237548828e-01
1.305156111717224121e+00
6.836928844451904297e+00
-3.992196023464202881e-01
7.672247290611267090e-02
-2.220190167427062988e-01
-3.966269016265869141e+00
4.117134571075439453e+00
2.178199768066406250e+00
-3.159222602844238281e+00
1.329207181930541992e+00
2.595628798007965088e-01
-1.346626281738281250e+00
-3.798699855804443359e+00
7.671478986740112305e-01
-2.957321405410766602e-01
3.470372557640075684e-01
-1.929680347442626953e+00
3.105874061584472656e+00
-2.286226749420166016e+00
3.578227519989013672e+00
-3.590918540954589844e+00
1.814280509948730469e+00
2.087290287017822266e+00
-1.850365400314331055e+00
2.270279645919799805e+00
3.535800457000732422e+00
4.989452362060546875e+00
3.051135301589965820e+00
2.895819664001464844e+00
-9.514353275299072266e-01
-1.181919813156127930e+00
5.218948721885681152e-01
-1.858421802520751953e+00
3.578942060470581055e+00
-2.704923748970031738e-01
-1.832255959510803223e+00
-3.158298969268798828e+00
3.216540575027465820e+00
2.867134809494018555e+00
3.244163990020751953e+00
6.355906963348388672e+00
3.076501131057739258e+00
-9.083305597305297852e-01
-1.519479990005493164e+00
-2.671504497528076172e+00
-2.779577255249023438e+00
-3.563109874725341797e+00
3.840873241424560547e+00
2.231499671936035156e+00
-1.811484336853027344e+00
-2.035419464111328125e+00
-1.525035619735717773e+00
-4.935091972351074219e+00
1.707254052162170410e-01
1.726381063461303711e+00
2.930440425872802734e+00
5.948972702026367188e+00
-1.300636887550354004e+00
4.357703208923339844e+00
-2.870275974273681641e+00
-1.591088891029357910e+00
-1.047362089157104492e+00
-1.666952610015869141e+00
9.543766975402832031e-01
2.909257411956787109e-01
-6.285376071929931641e+00
1.612642765045166016e+00
-8.649654984474182129e-01
1.593586087226867676e+00
2.056823253631591797e+00
-2.379291057586669922e-01
-3.385866880416870117e+00
3.862221240997314453e-01
1.383642077445983887e+00
6.087667465209960938e+00
8.014363050460815430e-02
-3.343345880508422852e+00
3.331085443496704102e-01
-2.338165998458862305e+00
-5.634423255920410156e+00
-1.716722011566162109e+00
9.331446886062622070e-01
3.451336860656738281e+00
2.715972900390625000e+00
1.140154361724853516e+00
-3.615437984466552734e+00
3.685897290706634521e-01
-8.503862023353576660e-01
-6.401698589324951172e-01
-1.979213476181030273e+00
-5.707763433456420898e-01
-3.617700040340423584e-01
-2.135479927062988281e+00
1.248567581176757812e+00
-1.367233633995056152e+00
-3.778328418731689453e+00
5.640450716018676758e-01
-2.259825468063354492e-01
-3.532990217208862305e+00
-2.441085338592529297e+00
2.714169979095458984e+00
3.471601963043212891e+00
-4.379235744476318359e+00
-2.957444429397583008e+00
2.889056921005249023e+00
4.325491189956665039e-01
-6.345387458801269531e+00
-2.321378946304321289e+00
2.139059782028198242e+00
-4.727180480957031250e+00
-2.955720186233520508e+00
5.211954116821289062e+00
1.460972070693969727e+00
-1.314372420310974121e+00
2.882194519042968750e+00
2.866024494171142578e+00
-1.261449217796325684e+00
3.875898361206054688e+00
-2.753365755081176758e+00
1.992576599121093750e+00
-4.875225126743316650e-01
-1.146405220031738281e+00
4.840049266815185547e+00
-5.602119565010070801e-01
5.693493366241455078e+00
4.144528865814208984e+00
2.003686428070068359e+00
-2.953786611557006836e+00
1.710383296012878418e-01
5.970208048820495605e-01
-7.381327152252197266e-01
-2.138548135757446289e+00
4.433993697166442871e-01
-6.759873390197753906e+00
5.957996368408203125e+00
3.465840339660644531e+00
6.465764999389648438e+00
4.141278266906738281e+00
3.207437515258789062e+00
-1.602501153945922852e+00
-2.826471567153930664e+00
-2.380290031433105469e+00
1.100345373153686523e+00
3.782933473587036133e+00
-1.081375479698181152e+00
1.280467152595520020e+00
-3.615243434906005859e+00
-2.753632783889770508e+00
1.381320714950561523e+00
1.950882554054260254e+00
-1.920594811439514160e+00
-1.819229006767272949e+00
-3.427425861358642578e+00
3.616777181625366211e+00
-2.046202659606933594e+00
2.774980783462524414e+00
-1.097869157791137695e+00
2.591639518737792969e+00
-3.193935394287109375e+00
-2.096103429794311523e+00
-1.428286433219909668e+00
-1.102182745933532715e+00
-8.454261422157287598e-01
-1.263904809951782227e+00
1.566264867782592773e+00
-5.080338001251220703e+00
-3.575809001922607422e+00
-2.708831787109375000e+00
-2.211945056915283203e+00
-2.521167755126953125e+00
-8.551095724105834961e-01
-2.045777320861816406e+00
-1.967539668083190918e+00
-1.939434289932250977e+00
-1.246320843696594238e+00
-3.551592826843261719e+00
-3.685500621795654297e+00
-9.138926267623901367e-01
1.104349374771118164e+00
-2.676601409912109375e-01
-7.812523245811462402e-01
-2.268767356872558594e+00
2.641108274459838867e+00
1.084597945213317871e+00
-9.313998222351074219e-01
-2.145714759826660156e+00
2.762481451034545898e+00
-2.329190969467163086e+00
-4.614038467407226562e+00
-1.499308466911315918e+00
-1.465252161026000977e+00
5.482636094093322754e-01
-1.051359176635742188e+00
-2.863985538482666016e+00
-2.842689990997314453e+00
-4.991018772125244141e+00
-3.585927963256835938e+00
-5.175266742706298828e+00
4.118427038192749023e-01
-2.915834903717041016e+00
-9.728429913520812988e-01
-5.069722533226013184e-01
2.225830078125000000e+00
4.695673942565917969e+00
4.106532633304595947e-01
5.255375385284423828e+00
-2.139813899993896484e+00
9.849107265472412109e-01
-1.446048855781555176e+00
-1.307086706161499023e+00
2.135665655136108398e+00
-2.845762252807617188e+00
5.034791231155395508e-01
-1.339417695999145508e+00
-4.975045919418334961e-01
4.951517581939697266e+00
-1.801959753036499023e+00
-8.498871326446533203e-02
1.563354253768920898e+00
-2.893667221069335938e+00
-3.906813859939575195e+00
7.471340894699096680e-01
-1.438482999801635742e+00
-1.472751975059509277e+00
-8.622151613235473633e-02
-4.309660911560058594e+00
2.600712537765502930e+00
2.497432827949523926e-01
-1.565227627754211426e+00
-8.494425415992736816e-01
-1.277867197990417480e+00
8.666922450065612793e-01
