1.677476286888122559e+00
3.798690795898437500e+00
2.641991376876831055e+00
2.583019733428955078e+00
9.084579348564147949e-01
8.053851127624511719e-01
1.212991118431091309e+00
-5.104292631149291992e-01
-1.524430990219116211e+00
-6.238278746604919434e-01
-3.073167324066162109e+00
-1.915466785430908203e-01
-1.289487600326538086e+00
-2.698381662368774414e+00
2.715341091156005859e+00
-3.902641236782073975e-01
-1.443521022796630859e+00
2.694407701492309570e-01
-5.693378448486328125e-01
-3.377662181854248047e+00
-4.969338893890380859e+00
2.196929454803466797e-01
-7.716177701950073242e-01
-5.389617443084716797e+00
-6.242550015449523926e-01
-2.252021551132202148e+00
1.422170996665954590e-01
-3.102624416351318359e+00
-3.144219398498535156e+00
2.570092678070068359e-01
-4.962988376617431641e+00
1.084628701210021973e+00
-6.794641017913818359e-01
4.403043746948242188e+00
5.720500946044921875e+00
2.492196321487426758e+00
2.118756055831909180e+00
2.406629085540771484e+00
3.379648447036743164e+00
3.123211860656738281e+00
1.798120498657226562e+00
-4.632178843021392822e-01
-6.990975737571716309e-01
2.424459218978881836e+00
9.056975841522216797e-01
2.256906330585479736e-01
-2.007238268852233887e-01
4.674547195434570312e+00
7.629519701004028320e-02
-3.541707396507263184e-01
2.887889623641967773e+00
6.905224800109863281e+00
-3.355585098266601562e+00
-3.346082925796508789e+00
-1.171093344688415527e+00
8.495134115219116211e-01
-1.298474788665771484e+00
-5.797040462493896484e+00
-1.647025823593139648e+00
-8.191493749618530273e-01
-9.279665946960449219e-01
-5.237372875213623047e+00
-1.610089302062988281e+00
-4.593065738677978516e+00
6.159819364547729492e-01
1.703967928886413574e+00
1.892200589179992676e+00
-4.103525578975677490e-01
1.337043344974517822e-01
8.883090019226074219e-01
-3.604394912719726562e+00
4.136875152587890625e+00
6.388786435127258301e-01
4.833796024322509766e+00
6.404150485992431641e+00
3.001487553119659424e-01
6.906125545501708984e+00
3.016128063201904297e+00
5.407823085784912109e+00
1.341081619262695312e+00
2.585440635681152344e+00
-2.690035343170166016e+00
-5.632593035697937012e-01
-1.063438892364501953e+00
5.225056409835815430e-01
-3.535813331604003906e+00
1.520137190818786621e-01
-8.058114051818847656e-01
3.626120805740356445e+00
-1.770179510116577148e+00
2.979298830032348633e+00
-6.940601468086242676e-01
7.579070329666137695e-01
-9.262771606445312500e-01
4.257257461547851562e+00
-3.395263195037841797e+00
-1.470005989074707031e+00
-4.041546344757080078e+00
-2.397675752639770508e+00
-2.139913558959960938e+00
2.469177722930908203e+00
-1.153304457664489746e+00
-2.603800773620605469e+00
5.454213619232177734e-01
-4.472937583923339844e+00
-2.341315507888793945e+00
-3.378243446350097656e+00
7.656789779663085938e+00
5.083432674407958984e+00
5.475872039794921875e+00
-1.786644935607910156e+00
-2.167931795120239258e-01
5.682089328765869141e+00
-1.995970010757446289e-01
-1.617344021797180176e+00
7.826360702514648438e+00
-1.756082847714424133e-02
5.758421421051025391e+00
1.212418556213378906e+00
6.051398754119873047e+00
2.976127862930297852e+00
5.913267612457275391e+00
3.120643854141235352e+00
1.648163795471191406e-01
2.108126640319824219e+00
9.243645668029785156e+00
8.338891983032226562e+00
-1.998092889785766602e+00
-4.184356689453125000e+00
-2.658386707305908203e+00
2.833797931671142578e-01
-2.154993534088134766e+00
-2.289274930953979492e+00
-2.937096834182739258e+00
-1.635533571243286133e+00
-3.319152355194091797e+00
7.054439783096313477e-01
-1.047907829284667969e+00
-2.795883655548095703e+00
-4.179108142852783203e+00
-3.546853065490722656e+00
-2.788579463958740234e+00
-2.567987442016601562e+00
-2.540380716323852539e+00
-1.947870016098022461e+00
-2.428380250930786133e+00
-5.473366737365722656e+00
-9.096783399581909180e-01
1.491199374198913574e+00
7.546159029006958008e-01
-1.079267740249633789e+00
1.320728421211242676e+00
-1.943975567817687988e+00
-2.435476779937744141e+00
-3.180812358856201172e+00
-5.540406703948974609e+00
-9.977562427520751953e-01
-2.721942424774169922e+00
-8.771234154701232910e-01
7.361094951629638672e-01
-5.703234195709228516e+00
2.980409860610961914e-01
3.709410130977630615e-01
-3.907382488250732422e-03
-1.600458860397338867e+00
-1.715191602706909180e-01
-1.331746935844421387e+00
-1.067261457443237305e+00
2.635568380355834961e+00
-4.056247234344482422e+00
3.503767490386962891e+00
6.814965009689331055e-01
-1.357728123664855957e+00
1.357908844947814941e+00
1.696714758872985840e-02
-6.847436428070068359e-01
-2.633022785186767578e+00
-1.309782028198242188e+00
2.479171276092529297e+00
9.757649898529052734e-01
-1.887034773826599121e+00
2.090713024139404297e+00
5.200607180595397949e-01
7.801056504249572754e-01
3.990041017532348633e-01
2.256952047348022461e+00
1.097826719284057617e+00
3.985827565193176270e-01
-1.077993869781494141e+00
4.035683274269104004e-01
-2.610113382339477539e+00
-2.783591449260711670e-01
3.539434969425201416e-01
1.959320902824401855e+00
-2.494605064392089844e+00
3.119616031646728516e+00
-2.264993906021118164e+00
1.286139488220214844e-01
-6.253430247306823730e-01
3.073161840438842773e+00
-1.630728244781494141e+00
1.673513054847717285e-01
-3.707908868789672852e+00
5.968925952911376953e-01
-2.881654024124145508e+00
2.530346155166625977e+00
2.204982519149780273e+00
-9.994314610958099365e-02
1.663754224777221680e+00
1.795790195465087891e+00
-4.441486001014709473e-01
1.853239536285400391e+00
-1.904976487159729004e+00
3.352108478546142578e+00
-1.470905691385269165e-01
-2.528499841690063477e+00
8.591890335083007812e-02
-3.425576210021972656e+00
3.588426113128662109e-01
-3.275058269500732422e+00
-1.677322089672088623e-01
2.763833761215209961e+00
-7.217888236045837402e-01
-1.343364834785461426e+00
2.013061523437500000e+00
-6.363062858581542969e-01
-1.800799369812011719e-01
-1.284060120582580566e+00
4.130657315254211426e-01
-1.551119327545166016e+00
-2.962120771408081055e+00
-1.285152435302734375e+00
-3.921108245849609375e-01
-9.545186161994934082e-01
-5.366734862327575684e-01
1.525045633316040039e+00
-1.035908341407775879e+00
1.041229605674743652e+00
1.356882333755493164e+00
-2.781306743621826172e+00
-5.112879276275634766e-01
-2.124687194824218750e+00
-1.427373051643371582e+00
-1.453469514846801758e+00
-1.169319868087768555e+00
1.152124255895614624e-01
7.062815427780151367e-01
1.819895744323730469e+00
-5.401041507720947266e-01
2.256597042083740234e+00
-5.595382452011108398e-01
3.724886894226074219e+00
2.119784116744995117e+00
1.662290692329406738e-01
8.141821622848510742e-01
1.950986862182617188e+00
-7.317366600036621094e-01
-2.553434133529663086e+00
-6.056218147277832031e-01
-3.278318881988525391e+00
-1.495765447616577148e-01
-1.440043687820434570e+00
4.234086871147155762e-01
-1.394790530204772949e+00
1.877299249172210693e-01
1.007207155227661133e+00
3.727160096168518066e-01
1.966077208518981934e+00
1.842125773429870605e+00
1.739221096038818359e+00
-2.780782699584960938e+00
5.978744029998779297e-01
9.505209326744079590e-01
2.528699398040771484e+00
1.124871611595153809e+00
-1.330859422683715820e+00
-2.242530345916748047e+00
7.005530595779418945e-02
-9.533451795578002930e-01
-1.693616151809692383e+00
-7.741156816482543945e-01
2.940636396408081055e+00
2.351180076599121094e+00
1.754819631576538086e+00
5.186597108840942383e-01
3.071230411529541016e+00
-2.318064928054809570e+00
-5.101051330566406250e+00
-1.585677266120910645e-01
-3.461795806884765625e+00
2.196946620941162109e+00
-3.333667278289794922e+00
9.113323688507080078e-01
-2.147311210632324219e+00
-1.602110266685485840e+00
-1.955164909362792969e+00
-1.086199760437011719e+00
-2.175556659698486328e+00
-3.441374063491821289e+00
-2.451338291168212891e+00
-2.134464025497436523e+00
3.922718286514282227e+00
2.016876697540283203e+00
-5.767321586608886719e-01
1.454909563064575195e+00
5.908737182617187500e-01
6.967005729675292969e-01
2.612982273101806641e+00
3.292395830154418945e+00
3.955588102340698242e+00
4.585723400115966797e+00
2.925463914871215820e+00
1.779885172843933105e+00
-4.795770645141601562e-01
1.619765043258666992e+00
-1.556237459182739258e+00
-1.214504241943359375e-01
-6.071148514747619629e-01
1.036460995674133301e+00
2.606073141098022461e+00
-4.892659187316894531e-01
-8.587795495986938477e-01
-1.641819357872009277e+00
-8.738327026367187500e-02
-2.376249313354492188e+00
-1.133310317993164062e+00
3.891694545745849609e-02
5.575813770294189453e+00
2.636694908142089844e+00
3.229577302932739258e+00
-2.395731210708618164e+00
-4.684072494506835938e+00
-2.474125146865844727e+00
-1.592305898666381836e-01
-1.604058623313903809e+00
-4.373218536376953125e+00
-5.991475582122802734e+00
-3.997380733489990234e+00
-1.356060743331909180e+00
9.174862504005432129e-01
2.623182773590087891e+00
3.851026296615600586e+00
-3.440325260162353516e-01
-4.792017340660095215e-01
-9.689297080039978027e-01
-1.964509010314941406e+00
2.519457340240478516e-01
-5.657954812049865723e-01
-2.534135341644287109e+00
-1.529542207717895508e+00
-2.077288150787353516e+00
-3.519951343536376953e+00
-4.671844482421875000e+00
-4.112592697143554688e+00
-1.882959008216857910e-01
-3.138636112213134766e+00
-4.540105819702148438e+00
-1.578384757041931152e+00
-2.644247293472290039e+00
-2.193148374557495117e+00
2.254456579685211182e-01
-3.514098405838012695e+00
-4.411430358886718750e+00
2.487265825271606445e+00
-9.314211606979370117e-01
-1.729919910430908203e+00
-2.612390041351318359e+00
-5.673368930816650391e+00
-5.036986351013183594e+00
-3.696357250213623047e+00
-5.912051200866699219e+00
-4.856566429138183594e+00
-4.534051418304443359e+00
-6.521935939788818359e+00
-2.121291875839233398e+00
-7.075420856475830078e+00
-2.261754035949707031e+00
-2.926957368850708008e+00
-4.685239791870117188e+00
-1.849589586257934570e+00
-1.301408171653747559e+00
-3.608651161193847656e+00
-4.241452217102050781e+00
-6.988471746444702148e-01
-3.049009323120117188e+00
6.321722865104675293e-01
2.220958232879638672e+00
-3.368661999702453613e-01
-2.384051084518432617e+00
1.316201448440551758e+00
5.141130089759826660e-02
1.693452596664428711e+00
5.611621379852294922e+00
5.300584793090820312e+00
-1.178932428359985352e+00
-1.206986308097839355e-01
9.323917388916015625e+00
3.189754009246826172e+00
-1.451379299163818359e+00
-1.777309298515319824e+00
2.140466213226318359e+00
-1.349109888076782227e+00
1.414764881134033203e+00
-1.556208133697509766e-01
-4.484995603561401367e-01
1.977487564086914062e+00
3.859361410140991211e-01
-3.882965803146362305e+00
5.096846818923950195e-01
5.511456489562988281e+00
-8.221886157989501953e-01
6.739008426666259766e-01
-3.247377157211303711e+00
-2.291025072336196899e-01
1.419830560684204102e+00
1.066262841224670410e+00
-1.766149759292602539e+00
6.837810516357421875e+00
-4.691693782806396484e-01
1.543031930923461914e+00
-4.583896160125732422e+00
1.375070333480834961e+00
-3.253759443759918213e-01
-4.150921344757080078e+00
-2.398302316665649414e+00
1.984732031822204590e+00
3.672073602676391602e+00
-9.405114650726318359e-01
3.910374641418457031e+00
2.556489229202270508e+00
-4.726341068744659424e-01
-3.469054460525512695e+00
-6.995025277137756348e-01
1.176429867744445801e+00
2.053398609161376953e+00
4.295704841613769531e+00
-1.612016201019287109e+00
-4.382065534591674805e-01
-4.173522949218750000e+00
3.870397567749023438e+00
1.584577560424804688e-01
-2.621544599533081055e+00
1.334203481674194336e+00
-6.197133064270019531e-01
-2.230501174926757812e+00
8.685687780380249023e-01
1.355417490005493164e+00
-6.870090365409851074e-01
1.782582998275756836e+00
-1.838214397430419922e+00
2.911175251007080078e+00
3.264760076999664307e-01
1.899849891662597656e+00
-4.140627980232238770e-01
-3.349757909774780273e+00
-1.530033349990844727e+00
-2.939018964767456055e+00
-1.315397024154663086e-01
-1.295458674430847168e+00
2.087354183197021484e+00
-1.382183074951171875e+00
2.494198560714721680e+00
4.592445373535156250e+00
3.084401607513427734e+00
-1.699079871177673340e+00
2.955995798110961914e-01
-5.285662651062011719e+00
-2.615332365036010742e+00
-2.282138824462890625e+00
-6.552762389183044434e-01
5.490651607513427734e+00
-1.869925737380981445e+00
1.383824229240417480e+00
-1.268545389175415039e-01
1.732274293899536133e+00
-3.322017908096313477e+00
1.055561423301696777e+00
-3.969942808151245117e+00
1.445003271102905273e+00
-4.024898529052734375e+00
-1.211371660232543945e+00
1.230468451976776123e-01
-1.346431016921997070e+00
5.421092987060546875e+00
-3.020167112350463867e+00
-2.984866619110107422e+00
-5.002186298370361328e-01
2.946607589721679688e+00
-5.902928709983825684e-01
4.328651428222656250e-01
2.515020608901977539e+00
-5.546154499053955078e+00
-1.084700226783752441e-01
2.139045238494873047e+00
-2.691351473331451416e-01
3.407498359680175781e+00
3.294500350952148438e+00
1.400766968727111816e+00
2.414938449859619141e+00
-1.261159539222717285e+00
-2.597635030746459961e+00
2.659206390380859375e+00
2.403861999511718750e+00
-2.767399311065673828e+00
-3.907787561416625977e+00
-9.389639496803283691e-01
-2.430830001831054688e-01
-3.078539609909057617e+00
-3.012681722640991211e+00
-5.496080517768859863e-01
5.384361147880554199e-01
-4.784872233867645264e-01
-1.155592083930969238e+00
-5.220151543617248535e-01
-4.824220240116119385e-01
6.004980087280273438e+00
-1.966261267662048340e+00
9.688213467597961426e-01
4.118704319000244141e+00
-5.498772263526916504e-01
-1.673462510108947754e+00
-3.097930192947387695e+00
1.149806976318359375e+00
-1.241016864776611328e+00
-7.003992795944213867e-01
-2.145734548568725586e+00
-4.172168672084808350e-01
-1.618092894554138184e+00
-2.727571725845336914e+00
2.761948585510253906e+00
2.996384620666503906e+00
-2.556799888610839844e+00
9.068998098373413086e-01
5.709563493728637695e-01
-3.664445400238037109e+00
-5.945276737213134766e+00
-7.698454260826110840e-01
4.245285511016845703e+00
3.828259944915771484e+00
5.997140884399414062e+00
1.134136080741882324e+00
-8.450553417205810547e-01
-8.450392484664916992e-01
-1.857384085655212402e+00
-1.466663002967834473e+00
2.654353678226470947e-01
-2.507885217666625977e+00
-3.384510278701782227e+00
-1.588379502296447754e+00
3.638237476348876953e+00
-5.534226894378662109e+00
-9.149007797241210938e-01
6.897210121154785156e+00
-7.711706757545471191e-01
-2.334806203842163086e+00
-1.043913602828979492e+00
5.089802265167236328e+00
3.415388107299804688e+00
-4.382705986499786377e-01
-2.866906166076660156e+00
1.735448837280273438e-01
-3.765116453170776367e+00
4.256635665893554688e+00
-1.012968420982360840e-01
-3.177150964736938477e+00
-2.066701412200927734e+00
-3.060218572616577148e+00
-9.911715984344482422e-01
-4.191103577613830566e-01
-2.388582706451416016e+00
-8.979625701904296875e-01
-6.392220497131347656e+00
1.791736602783203125e+00
-8.094702720642089844e+00
2.563796281814575195e+00
-4.889412403106689453e+00
-7.058143615722656250e-01
-7.917507290840148926e-01
-2.854876279830932617e+00
5.962370634078979492e-01
1.608947873115539551e+00
-2.508586406707763672e+00
-2.351735115051269531e+00
-2.143907546997070312e+00
4.727059364318847656e+00
4.075677871704101562e+00
-4.504683971405029297e+00
-3.038927555084228516e+00
3.926222324371337891e+00
-1.663669824600219727e+00
-2.047527074813842773e+00
5.928749561309814453e+00
-3.858248472213745117e+00
9.614826440811157227e-01
-3.216122627258300781e+00
-2.680602312088012695e+00
4.765052199363708496e-01
-2.565225124359130859e+00
-8.083326816558837891e-01
3.090011477470397949e-01
-6.194379329681396484e-01
6.943510174751281738e-01
-1.626516938209533691e+00
1.002923846244812012e-01
-3.841479778289794922e+00
-8.599193692207336426e-01
9.395075440406799316e-01
1.504683017730712891e+00
2.440499782562255859e+00
-3.361504554748535156e+00
4.388199329376220703e+00
7.158428192138671875e+00
-1.712998628616333008e+00
-3.574476480484008789e+00
1.276176214218139648e+00
1.187074542045593262e+00
3.720614910125732422e+00
5.159339904785156250e-01
1.028246045112609863e+00
3.300050735473632812e+00
3.935747146606445312e-01
-1.650907278060913086e+00
-7.410506010055541992e-01
7.938703894615173340e-01
-1.075972318649291992e-01
-1.059227943420410156e+00
-4.167582511901855469e+00
-6.116767406463623047e+00
-1.403633475303649902e+00
-2.233200550079345703e+00
-2.377943754196166992e+00
5.036098957061767578e-01
2.009612321853637695e+00
-2.601835250854492188e+00
-3.696696758270263672e+00
-1.168678998947143555e-01
2.541830778121948242e+00
-1.262029767036437988e+00
1.667182922363281250e+00
3.459772825241088867e+00
-3.163791179656982422e+00
-1.838212847709655762e+00
-2.096032857894897461e+00
5.554849147796630859e+00
1.664266228675842285e+00
3.650309801101684570e+00
2.797173976898193359e+00
-2.645723819732666016e-01
-2.200328350067138672e+00
-3.390318393707275391e+00
-1.567291140556335449e+00
1.901111841201782227e+00
-2.198609828948974609e+00
-1.689537525177001953e+00
-5.302693843841552734e+00
2.886487483978271484e+00
-1.341313242912292480e+00
-1.303417980670928955e-01
6.778926849365234375e+00
1.151637434959411621e-01
1.784232407808303833e-01
-3.065614223480224609e+00
-2.543816804885864258e+00
1.263784527778625488e+00
2.710436344146728516e+00
-3.461565732955932617e+00
-1.785402297973632812e-01
1.817047715187072754e+00
1.867819190025329590e+00
-6.749039888381958008e-01
-1.987162590026855469e+00
-3.574699163436889648e+00
-9.015131741762161255e-03
-3.625705480575561523e+00
-3.061828851699829102e+00
-2.852352380752563477e+00
-1.385055780410766602e-01
4.880644083023071289e-01
6.438725590705871582e-01
-2.168533325195312500e+00
2.430653333663940430e+00
-3.848112106323242188e+00
3.036747932434082031e+00
-6.673594117164611816e-01
-6.737352013587951660e-01
-1.221486091613769531e+00
-5.281307220458984375e+00
-4.423847198486328125e-01
2.334790825843811035e-01
2.300221681594848633e+00
-1.760213136672973633e+00
3.096812963485717773e-01
3.287403583526611328e+00
6.648582816123962402e-01
1.173048734664916992e+00
-1.268627047538757324e+00
2.967687129974365234e+00
2.378746986389160156e+00
4.621191978454589844e+00
4.109189987182617188e+00
6.699286937713623047e+00
6.086984157562255859e+00
-7.156264781951904297e-02
-1.960967659950256348e+00
2.029880434274673462e-01
-2.346350431442260742e+00
4.576133191585540771e-01
-2.717375040054321289e+00
1.138316869735717773e+00
1.878668665885925293e+00
1.509371399879455566e+00
7.797354459762573242e-02
4.223409891128540039e-01
1.413435697555541992e+00
-4.170506954193115234e+00
1.761945486068725586e-01
2.865355491638183594e+00
-4.897646903991699219e+00
-2.723220586776733398e+00
-3.593861460685729980e-01
-3.427551031112670898e+00
5.696259021759033203e+00
5.194290161132812500e+00
6.358843803405761719e+00
2.133523464202880859e+00
2.367024660110473633e+00
-5.862814426422119141e+00
6.337321281433105469e+00
1.805587410926818848e-01
2.104582786560058594e+00
-5.130283236503601074e-01
5.517038345336914062e+00
-3.947839021682739258e+00
3.807070851325988770e-01
-4.069704055786132812e+00
7.757819175720214844e+00
2.306159019470214844e+00
-4.922785282135009766e+00
6.568583965301513672e+00
-1.885471463203430176e+00
-3.690335512161254883e+00
1.044146656990051270e+00
-1.797562122344970703e+00
-3.833155155181884766e+00
-8.203549385070800781e-01
-2.632341146469116211e+00
-7.365481257438659668e-01
-1.100072741508483887e+00
2.098244190216064453e+00
1.575348854064941406e+00
-6.199201941490173340e-02
-2.432760000228881836e-01
3.316962718963623047e-02
1.612404346466064453e+00
-2.312792062759399414e+00
-4.152151346206665039e-01
-1.498576700687408447e-01
-4.204491615295410156e+00
-2.813481330871582031e+00
-1.243927955627441406e+00
1.749502420425415039e-01
-1.920581340789794922e+00
7.810291647911071777e-02
-3.226566553115844727e+00
-2.375852584838867188e+00
-2.249214172363281250e+00
-2.286473751068115234e+00
-6.466087102890014648e-01
1.876265406608581543e+00
3.500957965850830078e+00
9.451153278350830078e-01
-8.953928947448730469e-01
-5.757343769073486328e-01
-2.463406085968017578e+00
6.830576658248901367e-01
6.658446788787841797e-02
-3.433754444122314453e+00
9.381651878356933594e-03
-2.808790683746337891e+00
-2.372336864471435547e+00
-2.675797462463378906e+00
-2.263010263442993164e+00
-7.328253984451293945e-01
2.666632652282714844e+00
-1.986810684204101562e+00
-9.150326251983642578e-02
-7.690410137176513672e+00
5.308441638946533203e+00
-3.073982477188110352e+00
2.312605142593383789e+00
1.439899325370788574e+00
-1.549786806106567383e+00
6.269438862800598145e-01
8.416701555252075195e-01
4.352369785308837891e+00
3.958330154418945312e+00
5.139184951782226562e+00
-4.014671325683593750e+00
-4.673696041107177734e+00
3.336279392242431641e-01
-4.368322372436523438e+00
4.957807540893554688e+00
1.244616508483886719e-02
-1.067077636718750000e+00
-1.417764663696289062e+00
2.664278507232666016e+00
2.456985473632812500e+00
2.550165891647338867e+00
6.017626762390136719e+00
1.106137037277221680e-01
-1.429774880409240723e+00
2.048927068710327148e+00
7.727371454238891602e-01
-4.274592876434326172e+00
-1.727859258651733398e+00
5.864220619201660156e+00
3.965349793434143066e-01
-3.523556709289550781e+00
1.359095931053161621e+00
1.262856245040893555e+00
-4.158689498901367188e+00
-6.560439109802246094e+00
5.832136869430541992e-01
-2.122653007507324219e+00
4.688807010650634766e+00
-4.155124187469482422e+00
1.888567566871643066e+00
1.537411451339721680e+00
3.029753684997558594e+00
-1.344229221343994141e+00
-5.839490890502929688e-01
-3.677842020988464355e-01
2.467201948165893555e+00
-2.886550903320312500e+00
1.063704967498779297e+00
-4.215505123138427734e-01
1.159089207649230957e+00
2.737421989440917969e-01
1.762633919715881348e+00
-2.976270914077758789e+00
4.722646236419677734e+00
3.468739748001098633e+00
3.515459299087524414e+00
6.952719390392303467e-02
-4.950101971626281738e-01
-4.195181131362915039e-01
3.191321492195129395e-01
-1.619120717048645020e+00
-2.797794103622436523e+00
-1.180433034896850586e-01
3.836981534957885742e+00
6.107788562774658203e+00
3.171835899353027344e+00
-2.490380287170410156e+00
3.968749284744262695e+00
-1.145008563995361328e+00
1.279288411140441895e+00
3.173075199127197266e+00
-2.158268690109252930e-01
-6.073228120803833008e-01
-3.826936721801757812e+00
2.531626820564270020e-02
1.359187602996826172e+00
-1.551803112030029297e+00
-2.067923069000244141e+00
8.710623979568481445e-01
-3.866228103637695312e+00
-1.226676344871520996e+00
5.368540763854980469e+00
1.659570813179016113e+00
-2.117619514465332031e+00
-1.867820382118225098e+00
2.898848295211791992e+00
1.449503451585769653e-01
-6.076203346252441406e+00
-5.554720759391784668e-02
5.643458962440490723e-01
-6.008176803588867188e+00
-3.294231653213500977e+00
6.892784118652343750e+00
1.235353231430053711e+00
-9.305939078330993652e-02
-8.255897164344787598e-01
5.311219692230224609e+00
6.609888076782226562e-01
6.525828361511230469e+00
1.021238565444946289e+00
-4.118139266967773438e+00
-1.055408358573913574e+00
-1.470602601766586304e-01
5.431923389434814453e+00
-2.626609325408935547e+00
9.722426414489746094e+00
-1.908730864524841309e+00
6.547982096672058105e-01
1.931379199028015137e+00
-5.487561225891113281e-03
2.319925546646118164e+00
-3.263463258743286133e+00
-2.044000625610351562e+00
2.729038715362548828e+00
-5.971164703369140625e+00
2.101687908172607422e+00
4.324438095092773438e+00
7.475772857666015625e+00
1.287399172782897949e+00
-8.950672149658203125e-01
6.649243235588073730e-01
2.067188262939453125e+00
2.151022434234619141e+00
9.122258424758911133e-01
7.320323467254638672e+00
-1.099266648292541504e+00
5.378839492797851562e+00
-2.993799209594726562e+00
-3.318727254867553711e+00
2.967208147048950195e+00
5.001896858215332031e+00
-1.288090109825134277e+00
-2.226666450500488281e+00
-8.634635210037231445e-01
5.301331043243408203e+00
8.705691695213317871e-01
2.467926740646362305e+00
4.874047040939331055e-01
2.445330381393432617e+00
-2.422707080841064453e+00
-1.918142199516296387e+00
-1.924110054969787598e+00
-1.645370721817016602e-01
-3.936776876449584961e+00
-4.478030204772949219e+00
-2.820228338241577148e+00
-3.600046157836914062e+00
-2.980722665786743164e+00
-3.873205661773681641e+00
-2.066293716430664062e+00
-3.118411540985107422e+00
1.714347004890441895e-01
8.731182813644409180e-01
-1.271796375513076782e-01
-1.690724134445190430e+00
-2.407263368368148804e-01
2.668590545654296875e-01
1.464713335037231445e+00
-1.293446898460388184e+00
3.906897783279418945e+00
-1.901893019676208496e-01
1.783785820007324219e+00
1.659137129783630371e+00
4.086742401123046875e+00
3.795063495635986328e+00
2.519743919372558594e+00
1.826573491096496582e+00
5.179672241210937500e+00
-2.138582468032836914e+00
-1.909060716629028320e+00
2.273013114929199219e+00
5.511551499366760254e-01
3.348090410232543945e+00
-4.296910762786865234e-01
-5.184725761413574219e+00
-2.059453964233398438e+00
-3.328191041946411133e+00
-4.426815509796142578e+00
-3.671831130981445312e+00
3.493384838104248047e+00
-3.343392848968505859e+00
-2.267454862594604492e-01
-1.508968353271484375e+00
2.597218990325927734e+00
2.746659278869628906e+00
-1.503247737884521484e+00
7.932748794555664062e+00
-5.154314041137695312e-01
2.293193340301513672e+00
-4.512828588485717773e-01
-1.542982816696166992e+00
3.930859565734863281e+00
-1.920127272605895996e+00
1.743676066398620605e+00
1.078885495662689209e-01
-3.283185958862304688e-01
9.838315963745117188e+00
6.472624540328979492e-01
3.378078460693359375e+00
4.683219194412231445e-01
-9.937262535095214844e-02
-1.321344614028930664e+00
3.489885091781616211e+00
2.073454141616821289e+00
2.138697624206542969e+00
-1.100248456001281738e+00
-4.198930740356445312e+00
-2.327754259109497070e+00
4.251773834228515625e+00
-2.706865310668945312e+00
-3.885968446731567383e+00
1.181027293205261230e+00
3.055696725845336914e+00
