-2.375233650207519531e+00
2.275940179824829102e+00
-1.543428421020507812e+00
-2.038608789443969727e+00
-2.464436769485473633e+00
1.686949610710144043e+00
1.164853453636169434e+00
3.424851417541503906e+00
6.415401697158813477e-01
4.372757911682128906e+00
-1.110673427581787109e+00
3.181942701339721680e-01
-1.921635508537292480e+00
-4.626754283905029297e+00
3.107253074645996094e+00
-2.940113544464111328e+00
-4.326890945434570312e+00
8.870438337326049805e-01
-2.673231363296508789e+00
-4.588006019592285156e+00
-3.728048563003540039e+00
1.288715958595275879e+00
-2.401273727416992188e+00
-6.905386447906494141e-01
1.776909530162811279e-01
-2.509355068206787109e+00
-5.917913913726806641e-01
6.015128493309020996e-01
-2.399341106414794922e+00
7.963783740997314453e-01
-1.086877465248107910e+00
1.246933698654174805e+00
-1.397492170333862305e+00
1.706727266311645508e+00
4.511026859283447266e+00
-1.660676717758178711e+00
7.712957859039306641e-01
-2.307466864585876465e-01
1.769573807716369629e+00
2.033602952957153320e+00
2.940240859985351562e+00
-4.898722469806671143e-01
3.916879177093505859e+00
3.046688437461853027e-01
-3.715554475784301758e-01
2.661719799041748047e+00
4.528974533081054688e+00
5.223035812377929688e+00
1.152692556381225586e+00
1.061532735824584961e+00
3.002014636993408203e+00
8.857456445693969727e-01
-3.186614513397216797e+00
-6.425186634063720703e+00
-2.882464408874511719e+00
-2.735495805740356445e+00
1.823993444442749023e+00
-6.848238945007324219e+00
-2.468388319015502930e+00
-1.178255677223205566e+00
-6.971832513809204102e-01
1.067267656326293945e-01
-3.067014217376708984e+00
-2.510801076889038086e+00
-1.363619804382324219e+00
8.753784298896789551e-01
-1.349535822868347168e+00
7.057867050170898438e-01
-8.787506818771362305e-01
-1.612033247947692871e+00
1.763822555541992188e+00
6.709858894348144531e+00
4.418478488922119141e+00
8.898765563964843750e+00
7.387069225311279297e+00
3.071560144424438477e+00
8.053677558898925781e+00
1.010041427612304688e+01
7.629828453063964844e+00
6.337090730667114258e-01
2.886281490325927734e+00
1.040884613990783691e+00
2.192240476608276367e+00
2.798628330230712891e+00
5.464210033416748047e+00
3.287270069122314453e-01
2.272355794906616211e+00
2.457950115203857422e+00
3.693151235580444336e+00
-2.729255199432373047e+00
1.235386848449707031e+00
-9.044191837310791016e-01
3.274575769901275635e-01
7.767874002456665039e-02
2.117624044418334961e+00
-1.202482104301452637e+00
4.042053222656250000e-01
-1.940869331359863281e+00
-2.429006099700927734e+00
-3.714494466781616211e+00
-7.201862335205078125e-02
-4.330212593078613281e+00
-4.922113418579101562e+00
-5.977411866188049316e-01
-4.715020358562469482e-01
-1.310746312141418457e+00
-4.235029220581054688e+00
5.716560363769531250e+00
2.102701187133789062e+00
1.077755212783813477e+00
-3.498270988464355469e+00
4.756959915161132812e+00
-8.833060860633850098e-01
-1.113498449325561523e+00
-1.523398280143737793e+00
1.684535384178161621e+00
-3.438149929046630859e+00
2.537768602371215820e+00
2.932908773422241211e+00
6.599180698394775391e+00
5.934049606323242188e+00
5.292147636413574219e+00
5.481304168701171875e+00
2.672672748565673828e+00
3.904471397399902344e+00
2.266065597534179688e+00
3.555363416671752930e+00
1.451142787933349609e+00
4.219201564788818359e+00
-2.791846990585327148e-01
-3.166516423225402832e-01
1.164612174034118652e+00
-3.417037487030029297e+00
-7.192276716232299805e-01
1.232158780097961426e+00
8.611862659454345703e-01
3.452778816223144531e+00
-2.732355833053588867e+00
2.786781549453735352e+00
1.778358221054077148e-02
-1.174196004867553711e+00
3.555708885192871094e+00
6.871156692504882812e-01
-1.978806614875793457e+00
1.961445569992065430e+00
-3.585780858993530273e+00
-1.357380390167236328e+00
6.719020009040832520e-02
-1.810300230979919434e+00
2.582842111587524414e-01
-1.804308593273162842e-01
1.375914216041564941e+00
-2.005289077758789062e+00
-3.490920543670654297e+00
-2.183706760406494141e+00
-4.476713657379150391e+00
-1.360203027725219727e+00
-2.054502725601196289e+00
-1.946024894714355469e+00
2.365081310272216797e+00
-1.717916488647460938e+00
-6.096283793449401855e-01
-7.545186877250671387e-01
-2.167603492736816406e+00
2.876722812652587891e+00
2.004901885986328125e+00
2.169655799865722656e+00
4.691413640975952148e-01
3.082141637802124023e+00
1.428305149078369141e+00
1.796299338340759277e+00
1.744761943817138672e+00
1.079619288444519043e+00
3.813505887985229492e+00
-2.753919839859008789e+00
8.523585796356201172e-01
-6.498910188674926758e-01
1.259014606475830078e+00
6.331810951232910156e-01
-2.399681806564331055e+00
-3.566806316375732422e+00
2.516610622406005859e+00
2.675054550170898438e+00
3.141266584396362305e+00
3.268444538116455078e+00
2.806156277656555176e-01
-1.532777190208435059e+00
-3.808364868164062500e-01
1.023165702819824219e+00
1.416420936584472656e+00
-3.234178781509399414e+00
2.923917055130004883e+00
-6.879803538322448730e-01
-2.826140403747558594e+00
-2.717401027679443359e+00
1.471359491348266602e+00
-1.672355890274047852e+00
1.016967415809631348e+00
-2.628793716430664062e+00
-7.185036540031433105e-01
-4.958388805389404297e+00
-3.245141267776489258e+00
-3.301258087158203125e+00
-7.247571349143981934e-01
-5.142682552337646484e+00
7.676342129707336426e-01
4.833720207214355469e+00
2.596882104873657227e+00
1.741275548934936523e+00
4.821880817413330078e+00
2.569393396377563477e+00
4.273704528808593750e+00
4.789871275424957275e-01
4.188827991485595703e+00
3.528274536132812500e+00
2.492211580276489258e+00
8.074899911880493164e-01
1.082959890365600586e+00
1.892988204956054688e+00
2.228224873542785645e-01
-2.035732030868530273e+00
3.245240688323974609e+00
-5.024316906929016113e-01
-2.797207832336425781e+00
2.724963426589965820e-02
-1.101364493370056152e+00
5.697605609893798828e-01
-2.221073210239410400e-01
-3.501647949218750000e+00
-5.723761320114135742e-01
-1.144447445869445801e+00
-2.972513437271118164e-01
1.277577877044677734e+00
-2.555227518081665039e+00
1.351129174232482910e+00
1.300074100494384766e+00
8.232892751693725586e-01
1.961018323898315430e+00
1.794265985488891602e+00
1.181315660476684570e+00
9.902869462966918945e-01
8.043828010559082031e-01
1.430154681205749512e+00
-1.056482911109924316e+00
-3.772585153579711914e+00
-2.149293899536132812e+00
1.522747755050659180e+00
1.460738897323608398e+00
-4.579365253448486328e-01
-2.080562829971313477e+00
-2.624058961868286133e+00
3.852156639099121094e+00
9.432242810726165771e-02
-1.377129077911376953e+00
-3.261776685714721680e+00
-9.023407697677612305e-01
-2.195719718933105469e+00
-1.670198321342468262e+00
-1.985680341720581055e+00
-5.808273792266845703e+00
-4.033798694610595703e+00
-4.121104240417480469e+00
-5.059320926666259766e-01
-2.359483957290649414e+00
6.582555770874023438e-01
-2.532003819942474365e-01
-1.630375146865844727e+00
2.950781822204589844e+00
-1.742970228195190430e+00
2.367632240056991577e-01
-3.196611642837524414e+00
1.191577553749084473e+00
6.562183856964111328e+00
4.456254482269287109e+00
3.121271133422851562e+00
-5.427315831184387207e-02
7.406669855117797852e-01
7.260146141052246094e-01
2.233403682708740234e+00
9.728708267211914062e-01
2.814782619476318359e+00
1.638576269149780273e+00
2.041272163391113281e+00
-9.616876840591430664e-01
-1.757295727729797363e+00
1.350063323974609375e+00
-1.396688342094421387e+00
-2.523491859436035156e+00
4.414634704589843750e+00
-1.485309123992919922e+00
2.653380393981933594e+00
-2.521321773529052734e+00
-5.264811515808105469e-01
5.319167137145996094e+00
-3.046527385711669922e+00
-3.466649532318115234e+00
-3.893841743469238281e+00
-3.814123868942260742e+00
2.010084390640258789e+00
3.142634034156799316e-02
4.431140899658203125e+00
3.220022201538085938e+00
4.773120403289794922e+00
5.577531814575195312e+00
5.564072608947753906e+00
2.235145568847656250e+00
1.672209739685058594e+00
8.848288536071777344e+00
3.105437994003295898e+00
1.716469526290893555e+00
5.266594409942626953e+00
8.109807968139648438e+00
6.018406867980957031e+00
4.658360958099365234e+00
1.304481506347656250e+00
3.672770023345947266e+00
1.716046094894409180e+00
5.890956878662109375e+00
4.665311336517333984e+00
8.817276954650878906e+00
6.851379394531250000e+00
-9.216228723526000977e-01
-9.306793212890625000e-01
8.589613437652587891e-02
6.315910816192626953e-01
1.976015329360961914e+00
-1.544274091720581055e-01
4.443172454833984375e+00
-5.453627705574035645e-01
-1.386883705854415894e-01
6.392255425453186035e-01
3.087823152542114258e+00
-3.174936294555664062e+00
-7.926461696624755859e-01
-3.138647317886352539e+00
-1.748370409011840820e+00
-3.021449565887451172e+00
-1.876834392547607422e+00
-7.930965423583984375e-01
3.328289747238159180e+00
4.535227298736572266e+00
8.800510168075561523e-01
-3.578264713287353516e+00
-5.057934522628784180e-01
-2.201211929321289062e+00
-4.405066490173339844e+00
-4.295498847961425781e+00
-2.490747213363647461e+00
-1.065837383270263672e+00
-1.903885126113891602e+00
-9.773744344711303711e-01
-2.420526742935180664e-01
2.207339048385620117e+00
2.568431854248046875e+00
6.526605606079101562e+00
5.850788116455078125e+00
2.694216370582580566e-01
-4.274846613407135010e-02
-2.110810756683349609e+00
-1.156419515609741211e+00
-1.154791831970214844e+00
-2.830136060714721680e+00
-1.051275730133056641e+00
2.036270618438720703e+00
1.942411541938781738e+00
3.497687876224517822e-01
-2.435554027557373047e+00
-2.516983032226562500e+00
-1.252249479293823242e+00
1.520971536636352539e+00
-9.927715659141540527e-01
1.259329438209533691e+00
1.950734376907348633e+00
-2.322624683380126953e+00
1.933254241943359375e+00
-1.802453398704528809e+00
2.137103080749511719e-01
3.265569448471069336e+00
-2.562948703765869141e+00
-9.027576446533203125e-01
-9.165810346603393555e-01
2.613593637943267822e-01
-1.112192749977111816e+00
1.438514232635498047e+00
-1.412527322769165039e+00
-1.440304756164550781e+00
-1.706700444221496582e+00
-1.723541975021362305e+00
-3.638182878494262695e+00
-2.035506486892700195e+00
9.746309518814086914e-01
-3.894834995269775391e+00
2.198884963989257812e+00
-2.178237438201904297e-01
-1.759781360626220703e+00
-5.612590909004211426e-01
2.639807701110839844e+00
4.154063463211059570e-01
-3.751360893249511719e+00
-1.921519875526428223e+00
-3.097204685211181641e+00
-2.307557106018066406e+00
4.936435818672180176e-01
-2.438386440277099609e+00
-2.017225742340087891e+00
-1.264252901077270508e+00
-2.422838926315307617e+00
6.608074903488159180e-02
-5.179634571075439453e+00
8.444873094558715820e-01
-1.166131943464279175e-01
4.704777717590332031e+00
-1.828438997268676758e+00
6.584497690200805664e-01
2.756132841110229492e+00
-2.538720846176147461e+00
4.982302486896514893e-01
1.716933965682983398e+00
-1.508314013481140137e+00
9.874129891395568848e-01
1.643455147743225098e+00
1.707252979278564453e+00
-1.661866426467895508e+00
-4.822015166282653809e-01
-3.931350708007812500e-01
-7.684743404388427734e-02
1.452966928482055664e+00
1.828444242477416992e+00
1.728394746780395508e+00
2.989995956420898438e+00
3.739073514938354492e+00
-1.147268176078796387e+00
-1.948532581329345703e+00
9.856483340263366699e-02
2.249148130416870117e+00
1.787484407424926758e+00
1.003863811492919922e+00
-3.160216212272644043e-01
-1.261956572532653809e+00
-2.021885156631469727e+00
1.430800676345825195e+00
-3.746350526809692383e+00
-4.747075080871582031e+00
4.234268188476562500e+00
-2.583593368530273438e+00
2.206710338592529297e+00
1.488592147827148438e+00
-1.811926603317260742e+00
-1.274535894393920898e+00
5.358922481536865234e-02
-1.373584508895874023e+00
9.011655449867248535e-01
6.050682544708251953e+00
-1.500720024108886719e+00
-5.561860561370849609e+00
3.167768478393554688e+00
1.629982233047485352e+00
-1.575629711151123047e+00
-7.720972895622253418e-01
4.622514724731445312e+00
1.743245720863342285e+00
-1.726551532745361328e+00
-8.492971658706665039e-01
3.163116693496704102e+00
1.559446573257446289e+00
-1.603787422180175781e+00
-3.205974578857421875e+00
-3.074485778808593750e+00
-3.530780076980590820e+00
1.971980333328247070e-01
1.552710294723510742e+00
-2.918445587158203125e+00
-2.704760551452636719e+00
-8.563673496246337891e-02
2.615110635757446289e+00
-3.612528324127197266e+00
3.076173067092895508e-01
-3.787450075149536133e+00
3.227508068084716797e-02
-5.668110370635986328e+00
7.313323020935058594e-02
1.853622436523437500e+00
3.505214691162109375e+00
-1.012134075164794922e+00
-6.183534622192382812e+00
5.883880853652954102e-01
2.654510736465454102e-02
3.490372657775878906e+00
-2.918600320816040039e+00
2.711769580841064453e+00
-6.761790513992309570e-01
-3.308676481246948242e+00
1.223542213439941406e+00
-4.383652210235595703e-01
2.331425905227661133e+00
-1.117302060127258301e+00
2.692471742630004883e+00
-2.202001571655273438e+00
-3.896688818931579590e-01
5.945134758949279785e-01
-1.563720107078552246e+00
-7.531671524047851562e-01
2.176762521266937256e-01
-2.038525819778442383e+00
-1.168333530426025391e+00
-5.895352959632873535e-01
-1.790141582489013672e+00
-1.836661100387573242e+00
-1.692551136016845703e+00
-3.113482952117919922e+00
1.274170637130737305e+00
-4.912943363189697266e+00
-2.622739553451538086e+00
-1.326391696929931641e+00
-1.492151021957397461e+00
2.975075244903564453e-01
2.598408699035644531e+00
3.652499675750732422e+00
-3.813971281051635742e-01
9.239149093627929688e-01
-1.138668537139892578e+00
-4.074862480163574219e+00
1.124498486518859863e+00
-2.898442745208740234e-01
-1.583935022354125977e+00
-2.633521080017089844e+00
6.285979747772216797e-01
1.531029462814331055e+00
3.362772464752197266e-01
-2.113815307617187500e+00
5.203960418701171875e+00
1.665918827056884766e+00
-2.096327066421508789e+00
4.019159793853759766e+00
-3.505328178405761719e+00
-5.678832530975341797e+00
2.065539121627807617e+00
9.652192592620849609e-01
2.497092962265014648e+00
4.220654010772705078e+00
-5.435459613800048828e-01
1.795170307159423828e+00
-2.435811758041381836e-01
-4.360173940658569336e-01
-1.295926451683044434e+00
2.560365676879882812e+00
-7.069084644317626953e-01
-9.095648527145385742e-01
6.257408857345581055e-02
1.431429147720336914e+00
-5.433951377868652344e+00
-3.344747543334960938e+00
5.386627316474914551e-01
1.031069040298461914e+00
-3.320628881454467773e+00
-1.239607036113739014e-01
2.106272459030151367e+00
-1.265616536140441895e+00
1.598709821701049805e-01
2.419438362121582031e+00
3.386867046356201172e-01
-2.621510028839111328e+00
3.685483694076538086e+00
-7.938568592071533203e-01
-3.206272363662719727e+00
-2.912906885147094727e+00
-2.248526096343994141e+00
4.425184726715087891e-01
-2.879770040512084961e+00
-4.600176811218261719e+00
1.717079877853393555e+00
-3.714848995208740234e+00
1.369118988513946533e-01
-4.934776306152343750e+00
-2.623909711837768555e-01
-3.938650131225585938e+00
-1.815139651298522949e+00
2.754337310791015625e+00
-1.807760477066040039e+00
-1.486503481864929199e-01
-1.852589011192321777e+00
-1.325299859046936035e+00
-4.117489814758300781e+00
-1.774960994720458984e+00
-5.480146408081054688e-01
2.135990381240844727e+00
-2.847951650619506836e+00
-6.755598783493041992e-01
1.719124466180801392e-01
-2.763365507125854492e+00
-3.016852855682373047e+00
6.076906681060791016e+00
-3.234047412872314453e+00
7.639424800872802734e-01
-7.503198385238647461e-01
-1.380781173706054688e+00
-1.015629053115844727e+00
-2.882385730743408203e+00
-3.128389120101928711e-01
2.232697486877441406e+00
1.335675954818725586e+00
-1.032454609870910645e+00
1.121680974960327148e+00
-1.479287862777709961e+00
1.218352437019348145e+00
2.418507814407348633e+00
7.590895891189575195e-01
-1.835334300994873047e-01
2.080152511596679688e+00
-8.636683225631713867e-01
6.185668706893920898e-01
2.971145868301391602e+00
-1.625330448150634766e+00
-2.379026412963867188e+00
-6.699421405792236328e-01
1.026323199272155762e+00
4.795773506164550781e+00
-8.939388394355773926e-01
-1.261771559715270996e+00
-2.400124818086624146e-01
-2.044323682785034180e-01
-2.969427347183227539e+00
-5.713126659393310547e-01
2.558288574218750000e+00
-1.739669799804687500e+00
-1.681450843811035156e+00
-2.434066534042358398e+00
-5.190884113311767578e+00
-3.043726444244384766e+00
-4.730733871459960938e+00
-8.240501284599304199e-01
-1.816314697265625000e+00
-2.074322700500488281e+00
5.457819104194641113e-01
-3.893380641937255859e+00
5.691605210304260254e-01
3.199209213256835938e+00
3.790337443351745605e-01
2.241512537002563477e+00
3.981472730636596680e+00
-5.124788284301757812e+00
1.993218064308166504e+00
-2.288928031921386719e+00
2.220767259597778320e+00
2.702259063720703125e+00
6.829369664192199707e-01
-1.154132723808288574e+00
2.129635810852050781e+00
1.588880419731140137e-01
-4.300048351287841797e+00
1.211390733718872070e+00
2.860811233520507812e+00
-5.899033546447753906e+00
-1.627320766448974609e+00
-4.143006801605224609e+00
6.251886487007141113e-02
-7.277966141700744629e-01
-6.566444396972656250e+00
6.238367080688476562e+00
-3.227729797363281250e+00
2.613381624221801758e+00
-4.014519214630126953e+00
2.072013318538665771e-01
-2.827427625656127930e+00
6.446933150291442871e-01
-2.818195819854736328e+00
-3.592266082763671875e+00
-2.547430992126464844e+00
-7.300247550010681152e-01
1.093454837799072266e+00
-3.297714233398437500e+00
-1.586212396621704102e+00
-7.295166850090026855e-01
-3.347780466079711914e+00
4.691866338253021240e-01
-2.698697090148925781e+00
3.219918727874755859e+00
1.324273824691772461e+00
-1.356633901596069336e-01
1.670606374740600586e+00
2.301502704620361328e+00
-1.324354410171508789e-01
-2.162746429443359375e+00
3.219033956527709961e+00
1.854915976524353027e+00
-1.293260216712951660e+00
-5.051524162292480469e+00
-4.142377853393554688e+00
4.527262687683105469e+00
7.834804058074951172e-01
-6.167385101318359375e+00
1.498669505119323730e+00
2.058756589889526367e+00
-6.109354496002197266e-01
-1.689560413360595703e+00
-4.164699316024780273e-01
-2.976585626602172852e-01
-1.322340965270996094e+00
6.444338560104370117e-01
1.888179540634155273e+00
2.033187866210937500e+00
5.387320995330810547e+00
1.619922637939453125e+00
-2.784255981445312500e+00
1.875571727752685547e+00
-1.738577485084533691e+00
-2.944213867187500000e+00
-1.408340573310852051e+00
2.681330204010009766e+00
1.816398620605468750e+00
9.378352761268615723e-01
3.113378286361694336e-01
3.910518586635589600e-01
2.934373021125793457e-01
-2.616545200347900391e+00
-2.415888071060180664e+00
2.348179817199707031e-01
-1.938683986663818359e+00
4.128214120864868164e-01
-1.116961479187011719e+00
-1.046024084091186523e+00
3.482542276382446289e+00
3.937070846557617188e+00
1.506204128265380859e+00
-3.765352725982666016e+00
2.225623369216918945e+00
-3.987731933593750000e+00
1.466549992561340332e+00
2.030411243438720703e+00
1.478293657302856445e+00
-3.311041116714477539e+00
3.431737899780273438e+00
-2.035138607025146484e+00
2.723721265792846680e+00
-3.160703182220458984e-01
-9.640218615531921387e-01
4.773285984992980957e-01
-7.934641838073730469e-02
2.017265558242797852e+00
-3.897432684898376465e-01
-9.847028851509094238e-01
4.839573204517364502e-01
-1.517589569091796875e+00
-5.946081161499023438e+00
-5.922841548919677734e+00
-1.937708377838134766e+00
4.820361137390136719e+00
5.724381446838378906e+00
7.635462284088134766e-01
-1.064727306365966797e+00
-1.019072234630584717e-01
-1.305174708366394043e+00
2.437981605529785156e+00
1.213154315948486328e+00
-1.628378868103027344e+00
-2.651248931884765625e+00
-5.215274095535278320e-01
-1.712064027786254883e+00
-1.334367275238037109e+00
3.098712682723999023e+00
-3.276250362396240234e-01
-6.554085016250610352e-01
-3.124153852462768555e+00
-1.577522158622741699e+00
-2.058280467987060547e+00
-7.889032363891601562e-01
-4.254645347595214844e+00
-1.066830754280090332e+00
4.797122478485107422e+00
5.140795230865478516e+00
2.262786149978637695e+00
1.803682208061218262e+00
-1.254538893699645996e+00
-2.739943742752075195e+00
2.447816610336303711e+00
3.905611634254455566e-01
-1.278520107269287109e+00
2.864723920822143555e+00
-2.782533466815948486e-01
-2.282727003097534180e+00
-4.215714931488037109e+00
-2.357546985149383545e-01
1.162039041519165039e+00
-1.259661316871643066e+00
-1.140257120132446289e+00
7.462403774261474609e-01
-3.005406379699707031e+00
1.740837335586547852e+00
-1.831146717071533203e+00
-6.907462477684020996e-01
-2.872530817985534668e-01
3.035200238227844238e-01
-2.707454204559326172e+00
-1.657030344009399414e+00
2.717756509780883789e+00
5.321065902709960938e+00
2.554836511611938477e+00
-1.300192356109619141e+00
-5.389471054077148438e-01
1.684196949005126953e+00
-2.370097637176513672e+00
7.431631088256835938e-01
-3.200256824493408203e-01
-3.242553949356079102e+00
-1.251120567321777344e+00
7.696559906005859375e+00
4.181640148162841797e-01
2.429630517959594727e+00
2.080077171325683594e+00
1.641922950744628906e+00
-2.724720239639282227e+00
5.546264350414276123e-02
-6.693196296691894531e-01
-2.169734001159667969e+00
-3.291072130203247070e+00
7.493970870971679688e+00
4.918062686920166016e-02
-5.147545814514160156e+00
-3.328192234039306641e-02
-8.882407546043395996e-01
-5.470755577087402344e+00
-1.657346963882446289e+00
7.912064790725708008e-01
-3.040365219116210938e+00
3.497075557708740234e+00
-1.629616022109985352e-01
1.642392516136169434e+00
-2.021689653396606445e+00
-4.289370775222778320e-01
-1.349296450614929199e+00
2.974673748016357422e+00
-1.508638978004455566e+00
-9.270244836807250977e-01
-4.139586925506591797e+00
-9.966872930526733398e-01
-2.310425996780395508e+00
1.299503445625305176e+00
-2.546855926513671875e+00
-1.478556632995605469e+00
-1.098715305328369141e+00
-6.628615260124206543e-01
2.320527076721191406e+00
3.682127714157104492e+00
2.707507610321044922e+00
1.389490365982055664e-01
5.824902057647705078e-01
2.363432645797729492e-01
-4.348127365112304688e+00
-1.251694798469543457e+00
-5.741150379180908203e-01
1.919785737991333008e+00
5.001294612884521484e+00
1.504045009613037109e+00
-2.895242929458618164e+00
-3.223635256290435791e-01
-1.585396528244018555e+00
-1.181403875350952148e+00
4.728747010231018066e-01
-4.111140727996826172e+00
-2.618279695510864258e+00
-4.306327819824218750e+00
-2.518619000911712646e-01
6.769156455993652344e-01
-1.957257986068725586e+00
-1.322933793067932129e+00
-2.106972455978393555e+00
-3.200094938278198242e+00
-1.150628685951232910e+00
5.712591171264648438e+00
5.821452140808105469e-01
-2.109295129776000977e+00
-2.140868663787841797e+00
4.693939208984375000e+00
-1.708802342414855957e+00
-5.826544761657714844e+00
-2.542663097381591797e+00
-4.239879131317138672e+00
-3.704942226409912109e+00
-2.198002815246582031e+00
7.350036501884460449e-01
-6.413054466247558594e-01
-1.719861328601837158e-01
-3.235067129135131836e+00
1.734599590301513672e+00
-2.958687543869018555e+00
2.997189998626708984e+00
-2.228222131729125977e+00
-3.926158189773559570e+00
-2.591592311859130859e+00
8.598805665969848633e-01
7.411627292633056641e+00
-8.359459042549133301e-02
5.856698989868164062e+00
1.401904344558715820e+00
3.540077209472656250e+00
-1.665901064872741699e+00
2.206190586090087891e+00
7.032178640365600586e-01
1.279780030250549316e+00
-1.063086628913879395e+00
2.274388670921325684e-01
-5.411787986755371094e+00
4.340769767761230469e+00
7.000309228897094727e-01
8.144576072692871094e+00
2.510543823242187500e+00
1.018875837326049805e+00
5.767988204956054688e+00
5.043663382530212402e-01
-2.497061967849731445e+00
9.062855243682861328e-01
4.492657661437988281e+00
-1.300879955291748047e+00
5.233024358749389648e-01
-4.497243404388427734e+00
-1.714744329452514648e+00
1.675825595855712891e+00
2.635533094406127930e+00
-1.245766162872314453e+00
-4.610586166381835938e-01
-2.298497438430786133e+00
6.793437004089355469e+00
-2.108022451400756836e+00
-1.252768039703369141e+00
-1.248276114463806152e+00
4.744599461555480957e-01
-4.496006488800048828e+00
-3.648439645767211914e+00
-1.719375252723693848e+00
-1.743112444877624512e+00
-2.606420278549194336e+00
-4.679217815399169922e+00
-4.357799053192138672e+00
-7.629376888275146484e+00
-4.732316970825195312e+00
-3.460053205490112305e+00
-3.212635993957519531e+00
9.163498878479003906e-01
1.306426763534545898e+00
4.407782554626464844e-01
-6.867355108261108398e-01
-4.769664287567138672e+00
-2.395633459091186523e+00
-1.640685081481933594e+00
-6.851571798324584961e-02
-1.940632224082946777e+00
2.447692155838012695e+00
-3.059419631958007812e+00
-1.786907315254211426e-01
-8.532990813255310059e-01
1.674486696720123291e-01
-8.780713677406311035e-01
-1.427671909332275391e-01
-3.325256109237670898e-01
4.422806262969970703e+00
-3.547629117965698242e+00
-3.398708820343017578e+00
-5.964903831481933594e-01
-1.454277634620666504e+00
2.821630239486694336e-02
-1.766065001487731934e+00
-6.865969181060791016e+00
-4.962954044342041016e+00
-4.913106441497802734e+00
-3.455392122268676758e+00
-5.333271503448486328e+00
9.798605442047119141e-01
-4.761453151702880859e+00
-9.658512473106384277e-01
-1.342000007629394531e+00
9.508359432220458984e-02
2.206207513809204102e-01
1.506422042846679688e+00
2.554100036621093750e+00
-2.599528789520263672e+00
3.021588087081909180e+00
-6.299325227737426758e-01
3.429231643676757812e-01
4.346924781799316406e+00
-4.293992519378662109e+00
8.268138170242309570e-01
1.415336370468139648e+00
-2.609351634979248047e+00
8.447760581970214844e+00
-7.594545483589172363e-01
1.596842169761657715e+00
3.529834032058715820e+00
-2.709666252136230469e+00
-3.106975257396697998e-01
5.667287349700927734e+00
-1.630427122116088867e+00
-3.312842369079589844e+00
-1.283255457878112793e+00
-3.825505018234252930e+00
-8.554809689521789551e-01
-4.399776458740234375e-02
-5.090254783630371094e+00
-3.919866085052490234e+00
8.139370679855346680e-01
2.231724977493286133e+00
