-2.830562591552734375e+00
2.384308099746704102e+00
4.618021011352539062e+00
2.518801689147949219e+00
4.597069263458251953e+00
5.218424320220947266e+00
4.914460182189941406e+00
8.335509300231933594e-01
-2.209808349609375000e+00
5.053678035736083984e+00
-6.961107850074768066e-01
1.390200138092041016e+00
-7.303116321563720703e-01
-2.388235569000244141e+00
3.055920600891113281e+00
-4.164606034755706787e-01
-2.216841936111450195e+00
2.026793479919433594e+00
-4.127773761749267578e+00
-1.326098322868347168e+00
-5.568491220474243164e-01
1.649762272834777832e+00
-4.743546485900878906e+00
-8.733148574829101562e-01
5.014686584472656250e-01
-1.011626482009887695e+00
-4.342493414878845215e-02
5.634324550628662109e-01
-1.801620721817016602e+00
-1.386787652969360352e+00
2.642860412597656250e-01
1.546740293502807617e+00
1.958394765853881836e+00
6.425832748413085938e+00
9.879360198974609375e+00
2.694023251533508301e-01
4.213066577911376953e+00
3.117239475250244141e-02
3.737680912017822266e+00
2.823777675628662109e+00
6.518683433532714844e+00
3.282309532165527344e+00
4.160400390625000000e+00
1.991610527038574219e+00
8.274933695793151855e-01
1.414199829101562500e+00
5.272521972656250000e+00
6.221961021423339844e+00
1.507223844528198242e+00
3.679981708526611328e+00
1.158521890640258789e+00
1.801789164543151855e+00
-3.427136421203613281e+00
-3.593322992324829102e+00
7.767294645309448242e-01
1.280287742614746094e+00
8.202974796295166016e-01
-3.224294185638427734e+00
6.508809328079223633e-01
3.459019660949707031e+00
1.480471253395080566e+00
1.234835386276245117e+00
1.109197854995727539e+00
-1.129437208175659180e+00
1.173918128013610840e+00
2.292701244354248047e+00
1.016406416893005371e-01
3.053089857101440430e+00
1.308355569839477539e+00
2.843513011932373047e+00
3.073521852493286133e+00
4.069560527801513672e+00
5.092272281646728516e+00
9.451866149902343750e+00
8.609722137451171875e+00
3.922114610671997070e+00
1.413053274154663086e+00
7.404397964477539062e+00
5.014064788818359375e+00
2.492808818817138672e+00
3.225464344024658203e+00
2.415683746337890625e+00
3.513833522796630859e+00
3.274972915649414062e+00
6.946144104003906250e+00
8.172317743301391602e-01
2.051779031753540039e+00
-5.491410493850708008e-01
2.629707336425781250e+00
-3.237481355667114258e+00
3.939200043678283691e-01
8.895916342735290527e-01
4.660930633544921875e+00
6.155294775962829590e-01
2.781504869461059570e+00
8.866192102432250977e-01
-1.613995194435119629e+00
3.242105245590209961e-01
1.050784111022949219e+00
-2.133905887603759766e+00
-1.126018524169921875e+00
-2.302644491195678711e+00
-2.315177679061889648e+00
8.870666623115539551e-01
-1.894349932670593262e+00
6.701516509056091309e-01
-1.918175458908081055e+00
6.649965286254882812e+00
-2.501007616519927979e-01
2.955069303512573242e+00
2.414822578430175781e-01
5.046232223510742188e+00
-1.605274915695190430e+00
1.288768649101257324e-01
-1.518046557903289795e-01
1.681161522865295410e+00
-4.835550308227539062e+00
3.355480194091796875e+00
3.185926437377929688e+00
1.529505014419555664e+00
2.288223743438720703e+00
3.727249622344970703e+00
3.070588827133178711e+00
2.735310077667236328e+00
3.745769023895263672e+00
1.549636244773864746e+00
4.941696166992187500e+00
2.563403844833374023e-01
2.737466335296630859e+00
-8.478437066078186035e-01
2.350595474243164062e+00
4.815614223480224609e+00
3.250285148620605469e+00
5.145344257354736328e+00
2.886619091033935547e+00
3.912948608398437500e+00
3.569933414459228516e+00
-4.453168392181396484e+00
6.455014228820800781e+00
2.035361528396606445e+00
5.372118949890136719e-01
7.243721961975097656e+00
3.505254745483398438e+00
-4.238402843475341797e-01
9.162760972976684570e-01
5.662515163421630859e-01
-1.188051700592041016e+00
3.743115186691284180e+00
1.818702340126037598e+00
2.665260314941406250e+00
-3.839496970176696777e-01
1.858295559883117676e+00
-3.994469165802001953e+00
-4.398672580718994141e+00
-9.543910622596740723e-01
-4.132205963134765625e+00
-2.932678937911987305e+00
-3.244782209396362305e+00
-3.240695238113403320e+00
6.576299667358398438e-02
-7.868473529815673828e-01
4.514456391334533691e-01
-1.435293197631835938e+00
-1.527822732925415039e+00
2.259904623031616211e+00
1.740966558456420898e+00
1.945813536643981934e+00
-7.293825149536132812e-01
2.448302030563354492e+00
1.011105060577392578e+00
1.417880296707153320e+00
1.120029687881469727e+00
2.987686395645141602e+00
1.840373635292053223e+00
-2.782229423522949219e+00
-1.286408901214599609e+00
9.568461179733276367e-01
2.588877081871032715e-01
1.650304317474365234e+00
-1.177565217018127441e+00
-1.777505397796630859e+00
1.165466785430908203e+00
-6.002330183982849121e-01
1.214458942413330078e+00
2.304643630981445312e+00
4.206908941268920898e-01
-2.712232828140258789e+00
-1.034234523773193359e+00
9.789724349975585938e-01
1.040190577507019043e+00
-3.918658971786499023e+00
-8.850616216659545898e-01
-1.872769594192504883e+00
-3.895616531372070312e+00
-3.901526689529418945e+00
-9.344234466552734375e-01
-1.371941924095153809e+00
-1.593210458755493164e+00
-4.397449493408203125e-01
-2.176780104637145996e-01
-3.272812128067016602e+00
-3.670824527740478516e+00
-1.381168246269226074e+00
-3.718296289443969727e-01
-5.298624515533447266e+00
1.519787311553955078e+00
-2.163994908332824707e-01
2.535158634185791016e+00
3.733510494232177734e+00
3.730169296264648438e+00
3.545915842056274414e+00
1.480448007583618164e+00
-2.082490921020507812e+00
1.726964712142944336e-01
-8.230453133583068848e-01
1.509215593338012695e+00
1.834586858749389648e-01
-1.235241174697875977e+00
-8.686345219612121582e-01
-2.018233060836791992e+00
-7.829684019088745117e-01
1.774955391883850098e-01
-6.831783056259155273e-02
-3.477869987487792969e+00
-4.204939842224121094e+00
-4.247575402259826660e-01
-1.430714607238769531e+00
4.380940794944763184e-01
-5.250526905059814453e+00
-4.104185104370117188e+00
-4.546315193176269531e+00
-2.636653661727905273e+00
3.082367777824401855e-02
-6.139150142669677734e+00
9.985401630401611328e-01
-1.468463659286499023e+00
-3.581310212612152100e-01
-7.585018277168273926e-01
6.193479150533676147e-02
-1.619307994842529297e+00
9.425255656242370605e-02
-4.004890918731689453e-01
-2.250235795974731445e+00
-8.297554850578308105e-01
-2.038586139678955078e+00
-3.148749351501464844e+00
-2.594036102294921875e+00
1.129744648933410645e-01
-2.143685340881347656e+00
-2.039147377014160156e+00
-8.110195994377136230e-01
6.469428539276123047e-01
-2.878068923950195312e+00
-2.344067573547363281e+00
-3.500472903251647949e-01
-5.024502277374267578e-01
-2.563565969467163086e+00
-1.289245843887329102e+00
-2.111122131347656250e+00
-4.216102123260498047e+00
-1.917179107666015625e+00
-4.164269924163818359e+00
-1.836593389511108398e+00
-2.565223217010498047e+00
-1.778364896774291992e+00
-8.532955050468444824e-01
-1.268676280975341797e+00
3.076327443122863770e-01
-4.718299865722656250e+00
-1.031611680984497070e+00
-5.789159774780273438e+00
-1.215790033340454102e+00
2.544468641281127930e+00
2.833957910537719727e+00
7.670416831970214844e-01
-2.946573734283447266e+00
-2.265329122543334961e+00
-1.470296740531921387e+00
-2.756864070892333984e+00
-4.406805992126464844e+00
-7.411204576492309570e-01
2.862302064895629883e+00
1.438090801239013672e+00
-4.920560717582702637e-01
3.079718351364135742e-02
3.829270005226135254e-01
1.154112815856933594e-01
-5.160017609596252441e-01
3.752151012420654297e+00
-2.129032135009765625e+00
3.202651500701904297e+00
-3.288476943969726562e+00
1.711269736289978027e+00
1.609755039215087891e+00
-2.393609523773193359e+00
-3.600858211517333984e+00
-1.909892559051513672e+00
-2.368229866027832031e+00
-6.060066223144531250e-01
-6.501003503799438477e-01
5.063873291015625000e+00
3.099059343338012695e+00
3.880807876586914062e+00
5.343337535858154297e+00
4.890837669372558594e+00
-8.930782079696655273e-01
-8.261128067970275879e-01
4.894062042236328125e+00
5.202796936035156250e+00
2.162761211395263672e+00
4.660330772399902344e+00
3.108066082000732422e+00
4.647960186004638672e+00
4.044017314910888672e+00
2.311675548553466797e-01
3.991239547729492188e+00
1.855267763137817383e+00
7.626204490661621094e-01
4.851846218109130859e+00
7.891555309295654297e+00
5.869818687438964844e+00
2.571112394332885742e+00
3.732898235321044922e+00
2.923935890197753906e+00
1.382829189300537109e+00
2.227681875228881836e+00
2.181510925292968750e+00
4.663080215454101562e+00
-3.812828302383422852e+00
-1.248916506767272949e+00
-1.102733135223388672e+00
-1.958920001983642578e+00
-4.182106018066406250e+00
-2.101167201995849609e+00
-1.734197616577148438e+00
-2.592191457748413086e+00
-3.319976329803466797e+00
-3.374032020568847656e+00
-2.338098049163818359e+00
2.292998552322387695e+00
4.556009769439697266e+00
-2.836160659790039062e-01
-4.461685180664062500e+00
2.907429933547973633e-01
-2.709668636322021484e+00
-5.172182321548461914e-01
5.109697580337524414e-01
1.656572818756103516e-01
-7.764146327972412109e-01
-1.756668925285339355e+00
9.973252415657043457e-01
-1.480815768241882324e+00
2.284221410751342773e+00
3.442378520965576172e+00
4.695240497589111328e+00
3.035395622253417969e+00
3.800505399703979492e-01
-9.747210741043090820e-01
-3.494154453277587891e+00
-2.611274242401123047e+00
7.302149385213851929e-02
-3.159083843231201172e+00
-3.374432563781738281e+00
1.237044692039489746e+00
2.112251996994018555e+00
-5.319963097572326660e-01
-3.214777708053588867e-01
-2.582537174224853516e+00
-2.326843738555908203e+00
1.095813214778900146e-01
-9.745294451713562012e-01
1.421606183052062988e+00
7.931194305419921875e-01
-4.279949188232421875e+00
-7.444398105144500732e-02
-2.095381975173950195e+00
2.273179531097412109e+00
-8.805873990058898926e-01
-5.907078742980957031e+00
-3.093069553375244141e+00
-3.155659914016723633e+00
-2.657511949539184570e+00
-1.969245553016662598e+00
7.391982078552246094e-01
-9.684681892395019531e-01
1.005223751068115234e+00
1.129592895507812500e+00
-3.663963556289672852e+00
-5.161450386047363281e+00
1.000889301300048828e+00
1.696912407875061035e+00
-1.321483612060546875e+00
4.840512752532958984e+00
-8.632171154022216797e-01
2.383623123168945312e+00
3.412891149520874023e+00
1.376363635063171387e+00
1.307308793067932129e+00
-2.049834251403808594e+00
-1.020133852958679199e+00
-1.192384839057922363e+00
-2.577857494354248047e+00
8.107589930295944214e-02
-2.479388236999511719e+00
-1.192149400711059570e+00
-1.227805018424987793e+00
-2.481812238693237305e+00
-1.694240093231201172e+00
-4.713094711303710938e+00
-4.196468830108642578e+00
-2.636793375015258789e+00
1.893573522567749023e+00
-2.389554500579833984e+00
1.057080745697021484e+00
-1.428834795951843262e-01
-2.038224697113037109e+00
4.923409223556518555e-02
1.518664836883544922e+00
-2.893663644790649414e-01
2.555289268493652344e+00
-9.001200199127197266e-01
1.165024638175964355e+00
-3.418084621429443359e+00
1.652175664901733398e+00
5.126601457595825195e-01
5.620471239089965820e-01
-3.001529932022094727e+00
6.090256571769714355e-02
1.510754346847534180e+00
-1.309078931808471680e-02
3.567666292190551758e+00
-1.967143058776855469e+00
-7.568153142929077148e-01
-7.873066067695617676e-01
3.330209255218505859e+00
1.195279359817504883e-01
2.517132282257080078e+00
6.129801869392395020e-01
-2.699928045272827148e+00
-2.880337238311767578e+00
-1.456100583076477051e+00
-3.700556039810180664e+00
-4.209585189819335938e+00
1.958629846572875977e+00
-3.782957077026367188e+00
2.384586572647094727e+00
1.610692739486694336e+00
-1.244746446609497070e+00
6.355799436569213867e-01
1.319523215293884277e+00
2.794879674911499023e-02
4.978450536727905273e-01
5.652385711669921875e+00
-2.175138950347900391e+00
-3.373035430908203125e+00
-5.243024826049804688e-01
7.200883388519287109e+00
6.451129913330078125e-01
-3.036170005798339844e+00
3.919990539550781250e+00
-6.191504001617431641e-01
2.572274804115295410e-01
-6.449397802352905273e-01
-7.901824712753295898e-01
2.981877326965332031e-01
-3.682313919067382812e+00
-3.999701976776123047e+00
-4.067344665527343750e+00
-5.215919017791748047e-01
-1.527915716171264648e+00
-2.285572052001953125e+00
-3.765239000320434570e+00
-3.651714324951171875e+00
-1.720678210258483887e+00
5.841572284698486328e-01
-1.796049475669860840e+00
-1.109418630599975586e+00
-5.300465583801269531e+00
-6.597197055816650391e-02
-3.459571123123168945e+00
-6.582849025726318359e-01
3.748163700103759766e+00
3.559588193893432617e+00
-2.992074966430664062e+00
-1.893688440322875977e+00
-1.338533282279968262e+00
-2.271491289138793945e-01
-1.025578975677490234e-01
-3.808766126632690430e+00
-5.891828536987304688e-01
-6.789475679397583008e-01
-3.769119262695312500e+00
2.529564619064331055e+00
9.389331936836242676e-01
-5.296678543090820312e-01
-1.292199850082397461e+00
2.048441886901855469e+00
4.189786911010742188e-01
-3.676842451095581055e-01
-1.739847660064697266e-02
-1.680527210235595703e+00
1.596009612083435059e+00
-3.298461437225341797e-03
7.361106872558593750e-01
-1.069547891616821289e+00
2.957352995872497559e-01
-5.263179540634155273e-01
-3.473609924316406250e+00
-2.226043462753295898e+00
-4.661249160766601562e+00
-2.328117132186889648e+00
-2.413516044616699219e-01
1.144096732139587402e+00
-2.179877281188964844e+00
1.617895126342773438e+00
4.123729705810546875e+00
-1.196714282035827637e+00
-5.119888782501220703e-01
4.373552799224853516e-01
-8.300898671150207520e-01
-1.942373156547546387e+00
-2.565752744674682617e+00
1.637686192989349365e-01
3.182933330535888672e-01
1.362006664276123047e-01
5.154757499694824219e-01
-3.565476834774017334e-01
-8.328328132629394531e-01
-4.956482052803039551e-01
1.214237451553344727e+00
4.827938079833984375e-01
-1.918509721755981445e+00
-1.446366310119628906e+00
3.362831830978393555e+00
-2.464137554168701172e+00
-4.489215850830078125e+00
-4.998981952667236328e-01
1.863806247711181641e+00
2.636828660964965820e+00
3.508284330368041992e+00
-1.338133215904235840e+00
-6.933724880218505859e-02
-1.955697536468505859e-01
-2.034076452255249023e-01
-3.028905868530273438e+00
3.579331874847412109e+00
-6.406724452972412109e-03
-2.899171829223632812e+00
-1.473242402076721191e+00
6.085479259490966797e+00
-6.763501644134521484e+00
-7.465169429779052734e-01
4.127070426940917969e+00
1.328202009201049805e+00
-9.467816352844238281e-01
-5.065125226974487305e-01
2.915367782115936279e-01
3.976283073425292969e+00
-1.766395866870880127e-01
7.933700084686279297e-01
-2.083456039428710938e+00
-1.958447694778442383e+00
3.980818986892700195e+00
-4.818975925445556641e-01
-1.506370902061462402e+00
-1.155750513076782227e+00
-1.259523868560791016e+00
-2.624454498291015625e+00
-2.085422277450561523e-01
-3.447214126586914062e+00
-3.577035069465637207e-01
-2.760578632354736328e+00
9.149707555770874023e-01
-5.744388580322265625e+00
-1.468674421310424805e+00
-1.936196804046630859e+00
-5.784953236579895020e-01
2.275490522384643555e+00
-9.182386398315429688e-01
-4.107970595359802246e-01
-3.154409408569335938e+00
1.753392219543457031e+00
-3.132520198822021484e+00
-1.332710385322570801e+00
6.001504659652709961e-01
2.415001392364501953e-01
-1.794698953628540039e+00
9.736227989196777344e-01
1.590110540390014648e+00
-3.058787345886230469e+00
-1.934712290763854980e+00
4.720643997192382812e+00
-3.456391572952270508e+00
4.651951789855957031e-02
1.260960698127746582e+00
1.124039053916931152e+00
1.721186399459838867e+00
8.914099931716918945e-01
1.137637138366699219e+00
1.893906235694885254e+00
2.326556444168090820e+00
-2.117238283157348633e+00
-4.220575094223022461e-01
-1.053905248641967773e+00
9.268916249275207520e-01
3.549916982650756836e+00
1.770966529846191406e+00
7.329316735267639160e-01
2.855269670486450195e+00
-2.196671962738037109e+00
1.853685140609741211e+00
2.600840806961059570e+00
3.128744363784790039e-01
-2.025071144104003906e+00
1.801998496055603027e+00
-1.938259899616241455e-01
2.231716156005859375e+00
2.492777347564697266e+00
1.203765273094177246e+00
1.485425591468811035e+00
2.628870010375976562e+00
-3.913623332977294922e+00
-2.572557449340820312e+00
4.583614826202392578e+00
-1.975022554397583008e-01
-2.440616607666015625e+00
-3.074046373367309570e+00
-4.384137153625488281e+00
-4.477874755859375000e+00
-2.466395378112792969e+00
-4.660311222076416016e+00
-1.991543769836425781e+00
-1.707463502883911133e+00
1.759320497512817383e+00
-2.858826875686645508e+00
-2.756038188934326172e+00
1.444152832031250000e+00
8.462652564048767090e-01
2.315227508544921875e+00
4.301826477050781250e+00
-3.466689109802246094e+00
-5.514952540397644043e-01
-4.144216060638427734e+00
3.076802730560302734e+00
-9.921979904174804688e-01
1.384327888488769531e+00
-1.600399136543273926e+00
-1.603872060775756836e+00
-4.009235858917236328e+00
-1.853217720985412598e+00
3.656554222106933594e-01
5.440728664398193359e-01
-4.685554504394531250e+00
-2.400433301925659180e+00
-4.558939933776855469e+00
6.203736066818237305e-01
-1.085900902748107910e+00
-6.441993236541748047e+00
6.306255817413330078e+00
-3.491615295410156250e+00
3.018836259841918945e+00
-2.202254056930541992e+00
-9.774048924446105957e-01
-1.335141539573669434e+00
-1.846136450767517090e-01
-3.208852291107177734e+00
-3.592845916748046875e+00
1.797966837882995605e+00
5.204733610153198242e-01
-2.546072006225585938e-03
-2.719229459762573242e+00
-4.299298763275146484e+00
2.366109848022460938e+00
-1.720539808273315430e+00
2.417472004890441895e-01
-3.122040510177612305e+00
2.388532638549804688e+00
8.464046716690063477e-01
9.540160298347473145e-01
1.886676311492919922e+00
6.096529960632324219e-01
-1.762378215789794922e-02
-1.268796324729919434e+00
1.607899308204650879e+00
2.706875085830688477e+00
-3.966779947280883789e+00
-5.725620269775390625e+00
-3.373139142990112305e+00
2.294431924819946289e-01
-1.219593524932861328e+00
-3.929964542388916016e+00
3.196944713592529297e+00
2.109781742095947266e+00
-1.250027418136596680e+00
-8.847376704216003418e-02
-4.527516365051269531e+00
9.034136533737182617e-01
-5.131670236587524414e-01
-9.461823105812072754e-02
3.628379344940185547e+00
6.168172359466552734e-01
8.949235916137695312e+00
-1.963801860809326172e+00
-2.207033634185791016e+00
-2.575341939926147461e+00
-1.251089572906494141e+00
-6.355717182159423828e-01
5.502691268920898438e-01
-4.897001981735229492e-01
-5.254371762275695801e-01
1.408582687377929688e+00
8.596935272216796875e-01
-2.076466321945190430e+00
-5.944550633430480957e-01
-2.956661701202392578e+00
6.692898273468017578e-02
-7.524263858795166016e-02
-1.163691759109497070e+00
-1.539342045783996582e+00
1.073816061019897461e+00
-5.618802070617675781e+00
6.975157737731933594e+00
2.476618051528930664e+00
3.123146295547485352e+00
-2.022760868072509766e+00
2.420373201370239258e+00
-4.263398647308349609e+00
7.848390340805053711e-01
1.622639536857604980e+00
-1.585969448089599609e+00
3.128897547721862793e-01
2.111130714416503906e+00
-2.346979230642318726e-01
1.941409349441528320e+00
-3.921444892883300781e+00
2.337464094161987305e+00
6.367744207382202148e-01
-1.381099939346313477e+00
1.640992760658264160e+00
-2.970242977142333984e+00
1.080855727195739746e-02
9.947987794876098633e-01
7.673724889755249023e-01
-5.555793285369873047e+00
-4.927461624145507812e+00
-2.985114574432373047e+00
1.260923862457275391e+00
2.709856033325195312e+00
1.324010610580444336e+00
1.868512749671936035e+00
2.135657072067260742e+00
3.344027101993560791e-01
7.249215245246887207e-02
-1.037710905075073242e-01
-1.899460792541503906e+00
-3.625942707061767578e+00
-1.405117213726043701e-01
-5.147051334381103516e+00
-2.129310369491577148e-01
-7.275424599647521973e-01
-2.669280052185058594e+00
-7.947084903717041016e-01
-2.436938047409057617e+00
-1.507835268974304199e+00
-1.652877092361450195e+00
1.523306846618652344e+00
-3.334272384643554688e+00
-2.410457611083984375e+00
1.143016576766967773e+00
1.384457230567932129e+00
6.373735666275024414e-01
-1.320424675941467285e-02
-6.884485483169555664e-01
-1.279590845108032227e+00
1.457281827926635742e+00
1.312380433082580566e+00
-1.053485631942749023e+00
2.105226039886474609e+00
-1.651398539543151855e+00
-2.440386295318603516e+00
-1.987901687622070312e+00
-3.304219961166381836e+00
9.339382052421569824e-01
-6.210142374038696289e-01
-2.066983461380004883e+00
1.892482995986938477e+00
-4.055538177490234375e+00
2.063372850418090820e+00
-5.858671188354492188e+00
-1.280482530593872070e+00
-1.467419266700744629e+00
1.805309772491455078e+00
6.106418967247009277e-01
1.180006623268127441e+00
3.802191019058227539e+00
6.067564487457275391e+00
3.516505002975463867e+00
-1.323276162147521973e-01
-1.396677017211914062e+00
2.582695484161376953e+00
-3.359524726867675781e+00
5.136333942413330078e+00
2.402243137359619141e+00
7.396260499954223633e-01
-7.815217375755310059e-01
3.453824281692504883e+00
7.121446728706359863e-01
-9.268791675567626953e-01
2.084753513336181641e+00
1.792492389678955078e+00
-4.056653499603271484e+00
-1.604850172996520996e+00
-6.418275237083435059e-01
-5.901433467864990234e+00
1.183768749237060547e+00
5.143581390380859375e+00
3.584319353103637695e-01
-1.386289238929748535e+00
1.728200912475585938e+00
-6.667186617851257324e-01
-4.296301364898681641e+00
2.366135597229003906e+00
-2.077125549316406250e+00
-5.598753690719604492e-01
2.976600170135498047e+00
1.813082456588745117e+00
-2.110695838928222656e+00
-2.557340621948242188e+00
7.215099930763244629e-01
-2.611360073089599609e+00
2.691400289535522461e+00
6.029818058013916016e-01
1.102127790451049805e+00
-5.036417961120605469e+00
-7.958124876022338867e-01
-3.540813922882080078e+00
-1.252462863922119141e-01
-1.392280459403991699e+00
9.839375019073486328e-01
-1.314719915390014648e+00
-4.121699929237365723e-01
3.996897697448730469e+00
4.690437793731689453e+00
-5.747571587562561035e-01
-3.038088679313659668e-01
1.009557247161865234e+00
8.634207844734191895e-01
-3.352150201797485352e+00
-1.295874595642089844e+00
3.061192512512207031e+00
3.162804603576660156e+00
2.724856853485107422e+00
1.444452762603759766e+00
-9.987027645111083984e-01
-8.060209751129150391e-01
-1.951616048812866211e+00
1.173862814903259277e+00
-8.370252251625061035e-01
1.644978165626525879e+00
3.457685708999633789e-01
-3.089757442474365234e+00
-8.772345781326293945e-01
1.577911257743835449e+00
3.369995355606079102e-01
-1.711910963058471680e+00
-1.724640369415283203e+00
-1.456267476081848145e+00
-1.665655612945556641e+00
2.858269214630126953e-01
5.715915560722351074e-01
-2.406157404184341431e-01
-7.946069836616516113e-01
1.135966181755065918e-01
1.569718867540359497e-01
-7.218758583068847656e+00
-2.172077417373657227e+00
-2.192908048629760742e+00
-4.579613208770751953e+00
-4.083797454833984375e+00
3.858246564865112305e+00
-1.432054042816162109e+00
-1.520822525024414062e+00
-2.455353498458862305e+00
1.021036386489868164e+00
-5.148780345916748047e-01
5.554476737976074219e+00
-1.327696084976196289e+00
4.150686264038085938e-01
-5.528872013092041016e-01
-7.205979228019714355e-01
4.704500198364257812e+00
-2.093942165374755859e+00
-4.736323952674865723e-01
1.837636232376098633e+00
4.619080543518066406e+00
3.788276612758636475e-01
5.085324048995971680e-01
-2.306354045867919922e-02
7.934734821319580078e-01
-1.847806274890899658e-01
-2.579633474349975586e+00
-5.007077217102050781e+00
3.710430860519409180e+00
2.662737369537353516e+00
6.295142173767089844e+00
3.082612514495849609e+00
-3.417038917541503906e-02
1.066883087158203125e+00
8.929511904716491699e-01
-3.332432031631469727e+00
-2.893973350524902344e+00
1.805852293968200684e+00
-5.178167819976806641e-01
3.209312856197357178e-01
-4.038261890411376953e+00
-7.516049146652221680e-01
4.521913051605224609e+00
3.979411840438842773e+00
-4.529003620147705078e+00
-2.161153316497802734e+00
-2.456194162368774414e+00
4.578053951263427734e+00
-4.171700954437255859e+00
-2.081315517425537109e+00
-3.841315746307373047e+00
-1.407544612884521484e+00
-6.190091609954833984e+00
-4.149145126342773438e+00
-1.382146000862121582e+00
-3.679183721542358398e-01
-3.313134431838989258e+00
-3.862841844558715820e+00
-3.502489805221557617e+00
-5.200532913208007812e+00
-4.834959030151367188e+00
-4.791679382324218750e+00
-3.237883090972900391e+00
-3.965125977993011475e-01
2.613057613372802734e+00
-3.056134462356567383e+00
-1.891821026802062988e+00
-2.489158153533935547e+00
-3.393899440765380859e+00
-3.540739059448242188e+00
-1.389304280281066895e+00
1.330968737602233887e-01
2.281220912933349609e+00
-2.126106500625610352e+00
-8.755266070365905762e-01
-1.268066644668579102e+00
2.697751760482788086e+00
1.635124921798706055e+00
-6.275377273559570312e-01
7.750104367733001709e-02
3.132050514221191406e+00
-3.486274719238281250e+00
-3.297000646591186523e+00
-1.325996637344360352e+00
6.728944182395935059e-01
-3.114559412002563477e+00
-1.516783356666564941e+00
-4.692549705505371094e+00
-4.704969406127929688e+00
-3.255386829376220703e+00
-3.331301689147949219e+00
-4.217984676361083984e+00
8.898974657058715820e-01
-1.697884321212768555e+00
-2.582216858863830566e-01
-1.742453098297119141e+00
1.010993123054504395e+00
5.196114540100097656e+00
2.608404636383056641e+00
3.523915290832519531e+00
-1.374064326286315918e+00
1.726555347442626953e+00
3.108584880828857422e-02
2.026238918304443359e+00
4.077551841735839844e+00
-2.026192188262939453e+00
2.850584983825683594e+00
8.353016376495361328e-01
-2.472578048706054688e+00
7.700897216796875000e+00
1.316249728202819824e+00
2.280544757843017578e+00
3.739638090133666992e+00
-5.637499094009399414e-01
-2.449922800064086914e+00
4.468033313751220703e+00
-1.755788326263427734e+00
-2.814471721649169922e+00
-1.268927812576293945e+00
-5.176256656646728516e+00
-2.598385334014892578e+00
-4.276070296764373779e-01
-2.809342145919799805e+00
-2.383795738220214844e+00
2.487148046493530273e+00
2.074784278869628906e+00
