-4.226058006286621094e+00
1.497833728790283203e+00
-1.036801338195800781e+00
6.101276874542236328e-01
-1.645453572273254395e+00
2.230726242065429688e+00
-1.547329723834991455e-01
3.217329025268554688e+00
5.155098438262939453e-01
6.022343158721923828e+00
-3.831422924995422363e-01
-1.339812278747558594e-01
-4.803290367126464844e+00
-2.852531671524047852e+00
3.851010322570800781e+00
-2.364389419555664062e+00
-2.776122331619262695e+00
7.422162294387817383e-01
-3.508471727371215820e+00
-3.445341587066650391e+00
-2.150693416595458984e+00
1.111593008041381836e+00
-1.853916525840759277e+00
-2.975592374801635742e+00
-4.576722681522369385e-01
-1.281111598014831543e+00
-5.136290192604064941e-01
5.555211901664733887e-01
-2.706532239913940430e+00
-1.545014500617980957e+00
-7.981884479522705078e-01
2.800500690937042236e-01
-2.516598224639892578e+00
9.720136523246765137e-01
4.174088478088378906e+00
-2.122542858123779297e+00
-1.795650959014892578e+00
-9.524768590927124023e-02
-1.273066043853759766e+00
9.238506555557250977e-01
2.492406129837036133e+00
-1.783495306968688965e+00
2.866482973098754883e+00
9.193834662437438965e-01
-4.246223926544189453e+00
2.735697329044342041e-01
2.640832662582397461e+00
7.074138164520263672e+00
5.595201849937438965e-01
1.018003225326538086e+00
2.078175783157348633e+00
3.492692947387695312e+00
-3.724532604217529297e+00
-3.141879081726074219e+00
-3.809525012969970703e+00
-3.130861043930053711e+00
-1.359359025955200195e+00
-5.551497459411621094e+00
-2.746215105056762695e+00
-1.410970568656921387e+00
-1.537181854248046875e+00
-2.796769618988037109e+00
-3.561308145523071289e+00
-3.836853027343750000e+00
6.648750305175781250e-01
1.413346827030181885e-01
-2.921698808670043945e+00
-9.933171272277832031e-01
-1.659377455711364746e+00
2.655243873596191406e+00
4.767638206481933594e+00
6.933600902557373047e+00
9.170328140258789062e+00
1.095410442352294922e+01
9.827371597290039062e+00
7.366973876953125000e+00
6.101697921752929688e+00
7.843577384948730469e+00
7.656361579895019531e+00
1.628538608551025391e+00
1.405050635337829590e+00
-7.519445419311523438e-01
-8.775089979171752930e-01
2.813516139984130859e+00
2.962616920471191406e+00
-1.559312105178833008e+00
1.136929512023925781e+00
1.373481512069702148e+00
1.876486778259277344e+00
-3.828398942947387695e+00
2.734129190444946289e+00
-3.837311267852783203e-02
2.508861541748046875e+00
-1.501999497413635254e-01
6.376671195030212402e-01
-8.663404583930969238e-01
1.786671280860900879e-01
-2.394976854324340820e+00
-2.561536788940429688e+00
-2.706177711486816406e+00
2.361568450927734375e+00
-3.938658475875854492e+00
-5.733130931854248047e+00
-3.767696142196655273e+00
-3.052902221679687500e+00
-8.562344908714294434e-01
-3.507307529449462891e+00
4.272984027862548828e+00
2.948380231857299805e+00
7.572798132896423340e-01
-6.021317958831787109e+00
4.162619590759277344e+00
-3.259127736091613770e-01
-1.284799098968505859e+00
-9.643785953521728516e-01
6.944454908370971680e-01
-3.820497751235961914e+00
2.418738126754760742e+00
2.935404777526855469e+00
5.917439460754394531e+00
6.055178642272949219e+00
8.156267166137695312e+00
4.479351520538330078e+00
4.740265369415283203e+00
3.849843978881835938e+00
2.221302986145019531e+00
5.582773208618164062e+00
-1.066278934478759766e+00
5.174065828323364258e-01
-1.587172746658325195e+00
1.595100164413452148e+00
5.638120174407958984e-01
-1.229466915130615234e+00
-1.400316238403320312e+00
-1.167116045951843262e+00
1.230079054832458496e+00
2.270037174224853516e+00
-2.866481304168701172e+00
2.452366590499877930e+00
8.567804694175720215e-01
-1.079574584960937500e+00
1.898004651069641113e+00
2.465966224670410156e+00
-1.277957916259765625e+00
-4.187435507774353027e-01
-2.125122785568237305e+00
-1.646331548690795898e+00
1.384299874305725098e+00
-1.460915684700012207e+00
-2.559349060058593750e+00
-3.491427898406982422e+00
3.653717517852783203e+00
-9.202191829681396484e-01
-3.897309541702270508e+00
-7.275959253311157227e-01
-5.291444778442382812e+00
-1.968119382858276367e+00
-2.350085496902465820e+00
1.043981015682220459e-01
2.568651676177978516e+00
-2.126119136810302734e+00
8.633437752723693848e-01
-2.976846694946289062e-02
1.906089544296264648e+00
4.517703533172607422e+00
4.189882278442382812e+00
2.439002513885498047e+00
1.860054850578308105e+00
4.124586105346679688e+00
-1.181445121765136719e-01
4.170794486999511719e+00
3.500283718109130859e+00
2.130477190017700195e+00
4.561642169952392578e+00
-8.753518462181091309e-01
1.818975687026977539e+00
3.752367496490478516e-01
2.422512769699096680e+00
3.063534021377563477e+00
-4.200785160064697266e-01
-8.128386735916137695e-01
1.464092493057250977e+00
1.567017555236816406e+00
1.888854503631591797e+00
2.669135808944702148e+00
2.369201183319091797e-01
-2.740608215332031250e+00
-3.810684680938720703e-01
1.571534395217895508e+00
2.498342752456665039e+00
-3.904436111450195312e+00
1.873479604721069336e+00
-1.759025573730468750e+00
-2.672315597534179688e+00
-2.377084255218505859e+00
2.476486682891845703e+00
4.032025337219238281e-01
1.624046444892883301e+00
4.037297964096069336e-01
6.419625878334045410e-02
-1.860414147377014160e+00
-2.165932178497314453e+00
-1.942338228225708008e+00
2.982882857322692871e-01
-5.687012672424316406e+00
7.427844405174255371e-01
1.192420959472656250e+00
1.449303150177001953e+00
4.675732135772705078e+00
4.979329586029052734e+00
3.398958444595336914e+00
3.539320707321166992e+00
1.769687771797180176e+00
8.576584458351135254e-01
2.121020317077636719e+00
1.052044153213500977e+00
4.762492179870605469e-01
1.229920983314514160e-01
-1.578351736068725586e+00
-2.292780399322509766e+00
-2.367558002471923828e+00
6.987438797950744629e-01
1.785764575004577637e+00
-7.901176214218139648e-01
-1.909301042556762695e+00
6.492601633071899414e-01
8.893781900405883789e-02
1.179116010665893555e+00
-4.679929733276367188e+00
-2.133837938308715820e-01
-1.006616830825805664e+00
-3.630825281143188477e-01
2.359483480453491211e+00
-3.084063291549682617e+00
1.003591120243072510e-01
2.226503372192382812e+00
2.242643356323242188e+00
1.089513301849365234e+00
3.626163959503173828e+00
1.084422945976257324e+00
3.807152211666107178e-01
2.120883941650390625e+00
-6.381899118423461914e-01
-2.584074735641479492e-01
-2.139806747436523438e+00
-3.439685702323913574e-02
1.936289310455322266e+00
2.445202827453613281e+00
1.162468552589416504e+00
-1.878760308027267456e-01
1.131186127662658691e+00
5.616148471832275391e+00
-1.144952774047851562e+00
-1.474577903747558594e+00
1.444426894187927246e+00
2.137720108032226562e+00
-1.478715419769287109e+00
-8.520388603210449219e-01
-1.046708106994628906e+00
-4.181018352508544922e+00
-3.609445095062255859e+00
-1.192735791206359863e+00
2.336638212203979492e+00
-2.941635608673095703e+00
-5.088214874267578125e-01
-9.289014339447021484e-01
-2.914460182189941406e+00
2.139545440673828125e+00
-1.145805716514587402e+00
2.997760295867919922e+00
-1.395059466361999512e+00
1.885162591934204102e+00
4.117221355438232422e+00
2.667179822921752930e+00
-1.256851077079772949e+00
3.774445950984954834e-01
-4.099678993225097656e-01
-1.571714758872985840e+00
-1.009225010871887207e+00
-1.314604282379150391e+00
1.555220842361450195e+00
2.521992921829223633e+00
2.061292648315429688e+00
-1.757262706756591797e+00
4.828846156597137451e-01
1.129204630851745605e+00
-3.447863578796386719e+00
-2.131183147430419922e+00
7.655422091484069824e-01
-1.183902263641357422e+00
1.883189916610717773e+00
-3.876714229583740234e+00
-4.768390953540802002e-01
1.279653787612915039e+00
-4.144689083099365234e+00
-3.560864686965942383e+00
-1.034619808197021484e+00
-3.613711595535278320e+00
-2.333810329437255859e+00
-1.993628621101379395e+00
4.904346942901611328e+00
1.114261984825134277e+00
5.822470664978027344e+00
1.175173377990722656e+01
6.581818103790283203e+00
2.673583507537841797e+00
5.885484695434570312e+00
8.661707878112792969e+00
7.145425796508789062e+00
3.282391309738159180e+00
5.646622180938720703e+00
9.209442138671875000e+00
9.880036354064941406e+00
2.762891769409179688e+00
2.382926225662231445e+00
4.258798599243164062e+00
5.784136772155761719e+00
5.689176559448242188e+00
7.848859786987304688e+00
6.138941764831542969e+00
3.582144975662231445e+00
1.397071599960327148e+00
-9.633651971817016602e-01
3.182702064514160156e+00
2.199844121932983398e-01
3.031224489212036133e+00
1.257779717445373535e+00
6.612328052520751953e+00
-9.436843395233154297e-01
1.435735344886779785e+00
-2.487770557403564453e+00
-1.189114928245544434e+00
-3.120310306549072266e+00
-1.826021432876586914e+00
-3.128144741058349609e+00
-3.331694602966308594e+00
-5.578286170959472656e+00
-4.972774982452392578e+00
-1.313887596130371094e+00
2.796388387680053711e+00
2.790438652038574219e+00
4.577186107635498047e-01
-2.786572217941284180e+00
7.929658889770507812e-02
-2.129049062728881836e+00
4.133575558662414551e-01
1.341284394264221191e+00
-4.099509716033935547e-01
5.911277532577514648e-01
1.307867050170898438e+00
2.921539306640625000e+00
1.839326620101928711e-01
3.482218265533447266e+00
3.578161716461181641e+00
6.716324806213378906e+00
2.945896148681640625e+00
-2.148643255233764648e+00
-2.254227638244628906e+00
-3.505169153213500977e+00
-2.141504526138305664e+00
-5.150880217552185059e-01
-5.679880619049072266e+00
-1.988570928573608398e+00
-5.257900953292846680e-01
-5.207965373992919922e-01
-1.749856233596801758e+00
-4.181659698486328125e+00
-2.279582262039184570e+00
-2.305380582809448242e+00
-5.316072702407836914e-01
-1.618834257125854492e+00
1.083823442459106445e-01
1.796368598937988281e+00
-3.662132024765014648e+00
3.538678407669067383e+00
-3.724220037460327148e+00
1.261026859283447266e+00
1.678632020950317383e+00
-3.751298427581787109e+00
-1.558513998985290527e+00
-1.047723054885864258e+00
-5.433639287948608398e-01
-1.972149968147277832e+00
-1.038745045661926270e+00
-1.158483982086181641e+00
3.455227613449096680e-02
8.807746171951293945e-01
-2.926983356475830078e+00
-3.364595890045166016e+00
-2.364351034164428711e+00
-3.595113277435302734e+00
-2.824827194213867188e+00
5.120649814605712891e+00
7.225036621093750000e-03
-1.100393533706665039e+00
-6.741830706596374512e-01
3.292109966278076172e+00
7.717120647430419922e-01
-1.274580001831054688e+00
-3.537134647369384766e+00
-4.514100551605224609e+00
-1.977556347846984863e-01
-1.562094807624816895e+00
-2.042288541793823242e+00
1.008608102798461914e+00
-3.517842292785644531e+00
-3.839824914932250977e+00
-1.181145548820495605e+00
-4.719161987304687500e+00
5.697938799858093262e-02
-6.849116086959838867e-01
3.728424549102783203e+00
-2.402127027511596680e+00
-3.139578580856323242e+00
2.049777984619140625e+00
-1.293873310089111328e+00
-2.000107765197753906e+00
1.041460871696472168e+00
4.055512547492980957e-01
3.519704580307006836e+00
-1.495243906974792480e+00
1.461678028106689453e+00
-2.685946702957153320e+00
-1.908018589019775391e+00
-2.930849790573120117e+00
-2.076732158660888672e+00
-2.200407505035400391e+00
-1.544458746910095215e+00
5.758543968200683594e+00
2.175419330596923828e+00
2.309632778167724609e+00
8.322551846504211426e-02
-1.937380552291870117e+00
1.109901189804077148e+00
3.165420889854431152e-01
3.890221416950225830e-01
-3.420388102531433105e-01
-2.212235212326049805e+00
-8.232080936431884766e-02
-2.459355831146240234e+00
-2.390397787094116211e-01
-8.017390966415405273e-01
-4.654288291931152344e+00
2.349748849868774414e+00
-1.216148734092712402e-01
1.136335372924804688e+00
1.452725172042846680e+00
9.000500440597534180e-01
-1.078025937080383301e+00
-2.406620502471923828e+00
1.307380437850952148e+00
1.724836826324462891e+00
2.548973083496093750e+00
-1.983534574508666992e+00
-4.110505104064941406e+00
1.348424673080444336e+00
2.524326562881469727e+00
-1.627226591110229492e+00
-1.425549626350402832e+00
5.233552932739257812e+00
5.599924325942993164e-01
-8.951961994171142578e-03
-6.720110177993774414e-01
4.443366527557373047e+00
2.072027683258056641e+00
-2.632025718688964844e+00
-5.969407081604003906e+00
-3.391304492950439453e+00
-3.813875436782836914e+00
2.409163713455200195e-01
1.585118055343627930e+00
-3.261315107345581055e+00
-2.643363475799560547e+00
2.056621789932250977e+00
6.426526308059692383e-01
-2.245492219924926758e+00
-2.611112594604492188e-02
-1.659593462944030762e+00
-1.303250432014465332e+00
-3.382078170776367188e+00
-1.978902578353881836e+00
-5.265891551971435547e-02
2.587880849838256836e+00
-2.641432046890258789e+00
-5.597370147705078125e+00
-6.106827259063720703e-01
-2.700058519840240479e-01
3.258953571319580078e+00
-3.312978267669677734e+00
3.130372047424316406e+00
6.216384768486022949e-01
-9.906588792800903320e-01
9.460574388504028320e-02
-1.250506639480590820e+00
9.016207456588745117e-01
8.091886043548583984e-01
-7.387639284133911133e-01
-4.219201087951660156e+00
4.972459077835083008e-01
2.620755732059478760e-01
-2.641894578933715820e+00
-1.387684464454650879e+00
2.765390157699584961e+00
-1.269938051700592041e-01
5.904750227928161621e-01
3.956368207931518555e+00
-1.419020414352416992e+00
3.422533273696899414e-01
-2.493147373199462891e+00
-1.867669820785522461e+00
-2.647879123687744141e+00
-3.296654701232910156e+00
2.024140655994415283e-01
-3.326876401901245117e+00
1.199138611555099487e-01
2.234152793884277344e+00
3.965566873550415039e+00
2.994264602661132812e+00
1.578185200691223145e+00
3.948632478713989258e-01
1.699613690376281738e+00
-1.291164040565490723e+00
8.677377700805664062e-01
-8.571469783782958984e-01
-2.463419437408447266e+00
-1.728337407112121582e+00
3.458536565303802490e-01
-7.019512653350830078e-01
-5.647563338279724121e-01
-2.027450561523437500e+00
1.080726146697998047e+00
-1.289075732231140137e+00
1.257699251174926758e+00
2.026396274566650391e+00
-1.044891119003295898e+00
-5.560712814331054688e+00
-3.306726694107055664e+00
6.125996112823486328e+00
2.494889497756958008e+00
3.143911838531494141e+00
-9.929221868515014648e-01
3.076633930206298828e+00
9.060492515563964844e-01
-4.723833084106445312e+00
-3.781926631927490234e+00
3.844352483749389648e+00
-5.147243738174438477e-01
-3.078013181686401367e+00
6.588594913482666016e-01
3.554492473602294922e+00
-4.005586624145507812e+00
-2.734637260437011719e+00
7.311453223228454590e-01
-7.381809353828430176e-01
-2.362409591674804688e+00
-1.047345519065856934e+00
1.973345160484313965e+00
-3.185488224029541016e+00
-1.664217233657836914e+00
4.435883522033691406e+00
1.611814022064208984e+00
-5.345749855041503906e-02
2.974495410919189453e+00
-1.328865766525268555e+00
-1.828447699546813965e+00
-2.196166038513183594e+00
-1.754490613937377930e+00
3.373918533325195312e-01
-4.005533218383789062e+00
-1.192893981933593750e+00
2.518409729003906250e+00
-2.850424528121948242e+00
1.651350498199462891e+00
-2.972419977188110352e+00
1.011651754379272461e-01
-1.682051897048950195e+00
-1.126012086868286133e+00
1.038062095642089844e+00
-2.733220338821411133e+00
-4.696936607360839844e-01
-1.764495015144348145e+00
-1.366344332695007324e+00
-2.375717163085937500e+00
-3.360633373260498047e+00
2.160773277282714844e+00
1.437197327613830566e-01
-3.647632360458374023e+00
-1.237112283706665039e-01
3.614336490631103516e+00
-3.941655874252319336e+00
-1.405758738517761230e+00
1.252912282943725586e+00
-3.490928411483764648e+00
-2.066910266876220703e-03
1.795088052749633789e+00
2.875879287719726562e+00
-2.364593505859375000e+00
-3.608710765838623047e+00
5.801508426666259766e-01
2.247512102127075195e+00
5.278691291809082031e+00
-3.092350482940673828e+00
-4.913869857788085938e+00
1.061009526252746582e+00
-1.086961865425109863e+00
2.674591541290283203e+00
-3.154855966567993164e-02
-1.901239395141601562e+00
1.012138962745666504e+00
-1.503804326057434082e+00
2.124514102935791016e+00
2.047933340072631836e+00
1.757578134536743164e+00
-2.503985166549682617e+00
-3.434949636459350586e+00
-1.397461414337158203e+00
5.518921375274658203e+00
2.339328527450561523e-01
4.585990309715270996e-02
6.780270934104919434e-01
-8.683320283889770508e-01
-8.299093246459960938e-01
-9.054878950119018555e-01
2.091665029525756836e+00
1.245784163475036621e-01
-2.583429336547851562e+00
-4.662998199462890625e+00
-6.597984790802001953e+00
-4.006241798400878906e+00
-5.482194423675537109e+00
2.324403524398803711e-01
-1.066267490386962891e-02
-2.042583942413330078e+00
5.932971239089965820e-01
-2.312311172485351562e+00
1.892609834671020508e+00
2.166300773620605469e+00
1.165329933166503906e+00
3.413873672485351562e+00
6.854640483856201172e+00
-5.640120029449462891e+00
1.505377739667892456e-01
-4.478013038635253906e+00
3.541477680206298828e+00
2.931897640228271484e+00
-1.240200757980346680e+00
-2.158970832824707031e+00
2.295896530151367188e+00
-2.315004825592041016e+00
-6.437182903289794922e+00
-5.989015102386474609e-03
2.074791431427001953e+00
-5.691504001617431641e+00
-1.601818203926086426e-01
-3.531708240509033203e+00
-2.053400039672851562e+00
-2.985346317291259766e+00
-5.787595272064208984e+00
4.940942287445068359e+00
-5.317799091339111328e+00
1.053733825683593750e+00
-3.246360778808593750e+00
-1.231266975402832031e+00
-2.191506862640380859e+00
-6.039951443672180176e-01
-4.263127803802490234e+00
-4.740964889526367188e+00
-3.073395490646362305e+00
-1.905243754386901855e+00
9.492261409759521484e-01
-3.546416997909545898e+00
-9.047345817089080811e-02
2.235379934310913086e+00
-3.788681268692016602e+00
1.284770607948303223e+00
-3.751559257507324219e-01
7.249470233917236328e+00
2.957832813262939453e-02
9.499111175537109375e-01
7.403972148895263672e-01
6.998248696327209473e-01
-5.439032316207885742e-01
-2.354606389999389648e+00
1.062490940093994141e+00
1.477557778358459473e+00
-1.945978641510009766e+00
-3.274567842483520508e+00
-3.588507890701293945e+00
1.106601238250732422e+00
-1.357455492019653320e+00
-4.013055562973022461e-01
1.766531586647033691e+00
3.381245851516723633e+00
-2.361596345901489258e+00
1.003387928009033203e+00
-1.406601905822753906e+00
-1.560833334922790527e+00
-2.838565587997436523e+00
3.344728648662567139e-01
1.584238290786743164e+00
1.618842840194702148e+00
6.579047679901123047e+00
-1.990559339523315430e+00
-1.274609684944152832e+00
9.908877015113830566e-01
-1.673792719841003418e+00
5.456067323684692383e-01
-1.342399239540100098e+00
-2.022628545761108398e+00
-5.167379379272460938e-01
-3.946539163589477539e-01
-3.365296125411987305e-01
-1.525699377059936523e+00
1.191052436828613281e+00
-4.467216968536376953e+00
-3.948371887207031250e+00
-1.125653147697448730e+00
-1.736483335494995117e+00
4.296687841415405273e-01
-6.478015780448913574e-01
-9.966639876365661621e-01
2.239067554473876953e+00
3.817200422286987305e+00
1.543499708175659180e+00
-3.741055488586425781e+00
3.103842973709106445e+00
-3.794255971908569336e+00
3.040658235549926758e-01
2.595966815948486328e+00
4.540555000305175781e+00
4.985848069190979004e-01
1.731132507324218750e+00
-2.599865436553955078e+00
2.261965274810791016e-01
-3.452103614807128906e+00
1.483214616775512695e+00
-6.357777118682861328e-01
2.418356537818908691e-01
-4.264727830886840820e-01
-2.539630174636840820e+00
-1.256998062133789062e+00
-2.132564783096313477e+00
-1.712283849716186523e+00
-7.487328529357910156e+00
-5.008679866790771484e+00
-2.202097892761230469e+00
2.101464509963989258e+00
1.864152789115905762e+00
1.384514808654785156e+00
1.784332692623138428e-01
4.438077807426452637e-01
-1.878955006599426270e+00
3.961065292358398438e+00
9.096308052539825439e-02
1.926349699497222900e-01
-3.624126195907592773e+00
-2.195092439651489258e+00
-4.901346206665039062e+00
2.083135843276977539e-01
3.761052489280700684e-01
-1.106363296508789062e+00
-7.029187679290771484e-01
-4.745556712150573730e-01
-3.970329046249389648e+00
-1.779390573501586914e+00
1.409976720809936523e+00
-2.461142539978027344e+00
3.449109196662902832e-01
-3.315986990928649902e-01
3.640190601348876953e+00
5.019490242004394531e+00
-2.174465894699096680e+00
-8.951586484909057617e-01
-1.584424495697021484e+00
5.454890727996826172e+00
-8.065280318260192871e-01
-1.393727064132690430e+00
-3.629634380340576172e-01
-3.141678810119628906e+00
-1.297398567199707031e+00
-5.015482902526855469e+00
-3.460803031921386719e+00
1.714470744132995605e+00
-2.175623893737792969e+00
-2.169403553009033203e+00
2.136087417602539062e+00
-3.294317722320556641e+00
-1.229416370391845703e+00
3.531299531459808350e-01
-1.488199472427368164e+00
4.266839027404785156e+00
6.259504318237304688e+00
6.300321817398071289e-01
-6.569323539733886719e-01
5.028889179229736328e-01
6.257798671722412109e+00
3.281038522720336914e+00
-1.272416353225708008e+00
-5.777680873870849609e-01
1.369498372077941895e+00
-3.813321352005004883e+00
3.521615982055664062e+00
2.495089054107666016e+00
-2.484471797943115234e-01
-1.715773105621337891e+00
4.294605731964111328e+00
2.157524108886718750e+00
-2.187391519546508789e-01
3.011544227600097656e+00
2.069293975830078125e+00
-2.633118152618408203e+00
1.478268027305603027e+00
-2.648344337940216064e-01
-1.665805339813232422e+00
-1.745014071464538574e+00
8.023174285888671875e+00
4.346799254417419434e-01
-5.092528820037841797e+00
6.920172572135925293e-01
-5.954483151435852051e-02
-4.670700073242187500e+00
2.942461967468261719e+00
-1.266032457351684570e+00
-1.330833435058593750e+00
-1.940740346908569336e-01
-2.923177480697631836e-01
3.318337440490722656e+00
-2.984466552734375000e+00
4.576465606689453125e+00
-1.298773527145385742e+00
2.315860748291015625e+00
1.655754685401916504e+00
-1.878421783447265625e+00
-4.595284461975097656e+00
-2.667972087860107422e+00
-3.561730861663818359e+00
3.343856811523437500e+00
1.237653613090515137e+00
3.683435201644897461e+00
2.199653983116149902e-01
-2.938179492950439453e+00
3.730080127716064453e+00
2.867429733276367188e+00
2.956134557723999023e+00
1.478437423706054688e+00
7.923249006271362305e-01
2.650860548019409180e-01
-3.705739021301269531e+00
-3.116320133209228516e+00
1.743332028388977051e+00
2.249096393585205078e+00
2.322214365005493164e+00
2.438458919525146484e+00
-4.760607719421386719e+00
-1.440058469772338867e+00
3.232359886169433594e-03
3.747433423995971680e-01
5.351436734199523926e-01
-2.657052040100097656e+00
-2.860144138336181641e+00
-2.550200939178466797e+00
-3.521153926849365234e+00
-1.436221241950988770e+00
-3.896270751953125000e+00
-3.056738674640655518e-01
-2.734676361083984375e+00
-5.625778436660766602e-02
-4.834482669830322266e-01
1.247051358222961426e+00
3.927044868469238281e-01
2.731898427009582520e-01
-2.242578506469726562e+00
2.286728858947753906e+00
-1.602519750595092773e+00
-7.042950630187988281e+00
-4.683849811553955078e+00
-2.143933296203613281e+00
-3.923370838165283203e+00
-2.484212398529052734e+00
3.825200557708740234e+00
-2.629292011260986328e+00
-1.673382222652435303e-01
-8.853777050971984863e-01
-1.321293830871582031e+00
-1.714950323104858398e+00
2.821484088897705078e+00
1.265674114227294922e+00
-4.002730846405029297e+00
-1.986357450485229492e+00
-1.158932685852050781e+00
3.220882415771484375e+00
-2.200537919998168945e-02
2.629375934600830078e+00
-2.244435548782348633e-01
2.627371072769165039e+00
4.558781981468200684e-01
-1.115079641342163086e+00
1.349126696586608887e-01
8.599992394447326660e-01
-2.158577144145965576e-01
-1.464722156524658203e+00
-1.992408752441406250e+00
3.700534343719482422e+00
1.797808408737182617e+00
6.345131874084472656e+00
1.180279254913330078e+00
-1.932805299758911133e+00
3.178812503814697266e+00
2.905927896499633789e+00
-1.145758867263793945e+00
-1.413555383682250977e+00
2.825725078582763672e+00
4.509670138359069824e-01
-1.130160450935363770e+00
-6.666201114654541016e+00
2.198652982711791992e+00
2.744990110397338867e+00
2.487930297851562500e+00
-1.677826642990112305e+00
-7.931154966354370117e-01
-2.766091585159301758e+00
4.321882247924804688e+00
1.815484046936035156e+00
-4.447616636753082275e-01
-8.225305080413818359e-01
1.284097433090209961e+00
-3.139955520629882812e+00
-5.285003662109375000e+00
-9.659262001514434814e-02
1.652888536453247070e+00
-3.222432374954223633e+00
-4.115074157714843750e+00
-2.031970262527465820e+00
-4.134977817535400391e+00
-3.064347028732299805e+00
-1.818126082420349121e+00
-3.413523674011230469e+00
-5.156812071800231934e-02
1.529760837554931641e+00
-2.262294292449951172e+00
-1.968181967735290527e+00
-4.165173530578613281e+00
-2.204383134841918945e+00
-2.621271848678588867e+00
9.066044092178344727e-01
1.162364482879638672e+00
3.360971689224243164e+00
-3.299680352210998535e-01
-1.602211236953735352e+00
-1.677906274795532227e+00
2.994653701782226562e+00
5.069869160652160645e-01
6.040378808975219727e-01
1.308922052383422852e+00
3.792671680450439453e+00
-3.641259193420410156e+00
-4.570864677429199219e+00
-2.270895957946777344e+00
-1.341083168983459473e+00
1.369235515594482422e+00
4.468641281127929688e-01
-5.228715419769287109e+00
-3.293068170547485352e+00
-4.162252426147460938e+00
-5.248837947845458984e+00
-2.658066272735595703e+00
1.266826868057250977e+00
-1.018645524978637695e+00
1.061863422393798828e+00
1.880486488342285156e+00
1.644974470138549805e+00
6.828531026840209961e-01
-1.599198818206787109e+00
3.761839866638183594e+00
-1.907176256179809570e+00
1.884835362434387207e+00
-3.666436672210693359e+00
1.502254962921142578e+00
2.710385799407958984e+00
-2.754581451416015625e+00
2.374443531036376953e+00
-1.022891998291015625e-01
-4.029748916625976562e+00
9.343111991882324219e+00
1.137047648429870605e+00
4.055783748626708984e+00
3.141287088394165039e+00
4.294267892837524414e-01
-2.637300252914428711e+00
4.256551265716552734e+00
-1.936772346496582031e+00
-2.173718929290771484e+00
-1.310516595840454102e+00
-4.597150802612304688e+00
5.938112735748291016e-01
-2.718641757965087891e+00
-5.615776062011718750e+00
-4.656262874603271484e+00
1.289495468139648438e+00
-1.219288706779479980e+00
