-3.351049423217773438e+00
1.566613554954528809e+00
-1.297380208969116211e+00
-7.864923477172851562e-01
-5.697176456451416016e-01
-1.341893315315246582e+00
5.557698011398315430e-01
3.405878067016601562e+00
6.665320396423339844e-01
7.146507740020751953e+00
9.411418437957763672e-01
8.764779567718505859e-01
-1.852281689643859863e-01
-3.592717647552490234e+00
3.681860923767089844e+00
-1.343926787376403809e+00
-1.815832614898681641e+00
6.932634115219116211e-01
-9.271817207336425781e-01
-3.482281208038330078e+00
-2.445887327194213867e+00
-2.527368068695068359e+00
-2.746428966522216797e+00
-2.411334276199340820e+00
-1.681254744529724121e+00
2.249105870723724365e-01
7.742663621902465820e-01
9.833653271198272705e-02
-4.505638778209686279e-02
4.927240610122680664e-01
1.016344308853149414e+00
2.175434827804565430e+00
2.189320802688598633e+00
3.433301210403442383e+00
6.067410469055175781e+00
-9.063899517059326172e-01
2.485996246337890625e+00
2.097265005111694336e+00
6.861328125000000000e+00
6.102101325988769531e+00
6.717413425445556641e+00
5.643621444702148438e+00
5.949345588684082031e+00
3.491073369979858398e+00
1.835611343383789062e+00
6.898159980773925781e+00
7.559282302856445312e+00
8.315331459045410156e+00
6.157834529876708984e+00
4.051368236541748047e+00
6.171810626983642578e+00
3.979512214660644531e+00
-3.147074699401855469e+00
-4.071768283843994141e+00
-7.934974431991577148e-01
-6.264333724975585938e-01
1.477688312530517578e+00
-4.174713611602783203e+00
6.772048473358154297e-01
1.559448719024658203e+00
-2.651752233505249023e-01
1.959683895111083984e-01
-1.369839310646057129e-01
9.659743309020996094e-01
1.006522178649902344e-01
1.825466632843017578e+00
1.756780028343200684e+00
3.485883474349975586e+00
3.000492095947265625e+00
-5.488397479057312012e-01
-4.746130704879760742e-01
5.240329742431640625e+00
1.787700653076171875e+00
3.852484226226806641e+00
4.038794040679931641e+00
1.764569878578186035e+00
3.253092050552368164e+00
4.184642314910888672e+00
3.810841083526611328e+00
2.823081314563751221e-01
6.149546146392822266e+00
3.271203517913818359e+00
3.312173843383789062e+00
3.563218116760253906e+00
6.349153041839599609e+00
7.507951259613037109e-01
4.004577159881591797e+00
-8.142837285995483398e-01
3.582387208938598633e+00
-4.367706775665283203e+00
3.625827074050903320e+00
9.355643391609191895e-01
5.387980937957763672e-01
-4.470705986022949219e-02
1.016399860382080078e+00
3.958269357681274414e-01
1.591344475746154785e-01
-1.806721210479736328e+00
1.046425104141235352e+00
8.803682327270507812e-01
5.019365549087524414e-01
-2.214920997619628906e+00
-2.290744781494140625e+00
-5.141131877899169922e-01
-2.483145952224731445e+00
-1.676115989685058594e-01
-4.303206443786621094e+00
3.560012340545654297e+00
2.147065401077270508e+00
2.069963932037353516e+00
-5.921578407287597656e+00
4.116295337677001953e+00
2.335746765136718750e+00
-2.123787254095077515e-01
-2.022731065750122070e+00
5.591380596160888672e-02
-4.021863937377929688e+00
4.919616222381591797e+00
2.683867931365966797e+00
5.275465965270996094e+00
5.102970123291015625e+00
7.023223876953125000e+00
6.975510597229003906e+00
4.546886920928955078e+00
4.657976627349853516e+00
4.151290893554687500e+00
4.096774101257324219e+00
-3.068106412887573242e+00
8.417946100234985352e-01
2.215073704719543457e-01
1.222745895385742188e+00
6.510869264602661133e-01
-9.420192837715148926e-01
1.956079840660095215e+00
2.151412487030029297e+00
3.797781467437744141e-01
4.449561595916748047e+00
-2.447492599487304688e+00
2.455691576004028320e+00
1.022460699081420898e+00
-9.974946379661560059e-01
1.694450974464416504e+00
5.010198354721069336e-01
-1.103470802307128906e+00
-1.149720668792724609e+00
-1.564351558685302734e+00
-2.947931766510009766e+00
3.746819257736206055e+00
1.360714077949523926e+00
1.853372931480407715e+00
2.056145966053009033e-01
2.722426891326904297e+00
-1.037304162979125977e+00
-2.432749748229980469e+00
5.451703667640686035e-01
-2.330479860305786133e+00
-9.694718122482299805e-01
-3.277890920639038086e+00
-2.611816644668579102e+00
3.709777355194091797e+00
-9.597394466400146484e-01
1.544886589050292969e+00
-8.229309916496276855e-01
7.429615855216979980e-01
2.125846147537231445e+00
2.775310993194580078e+00
-2.404353320598602295e-01
3.666899204254150391e-01
3.068104028701782227e+00
1.303263425827026367e+00
2.064428806304931641e+00
3.490544080734252930e+00
3.202812671661376953e+00
2.313664913177490234e+00
-1.880470633506774902e+00
7.130544185638427734e-01
2.270654201507568359e+00
1.813657522201538086e+00
2.449738025665283203e+00
1.436201333999633789e+00
-5.299649238586425781e-01
1.866941690444946289e+00
2.350347518920898438e+00
2.019322156906127930e+00
2.419478416442871094e+00
-1.069339513778686523e-01
-3.600177288055419922e+00
3.455930948257446289e-01
9.805577993392944336e-01
1.758233904838562012e+00
-2.140394926071166992e+00
2.504225254058837891e+00
-1.444340229034423828e+00
-3.160768032073974609e+00
-2.760851383209228516e+00
4.746337413787841797e+00
-1.516541957855224609e+00
-1.000871777534484863e+00
-1.982667326927185059e+00
-2.593861222267150879e-01
-3.062731742858886719e+00
-3.645025014877319336e+00
-1.811885118484497070e+00
-2.144589662551879883e+00
-2.065049171447753906e+00
2.458590984344482422e+00
4.237038135528564453e+00
4.904312610626220703e+00
1.984761118888854980e+00
5.360514640808105469e+00
3.107595443725585938e+00
5.123393535614013672e+00
3.618237257003784180e+00
2.930239439010620117e+00
6.680741310119628906e-01
2.014054059982299805e+00
1.074436545372009277e+00
-7.077360153198242188e-01
1.253998041152954102e+00
4.659768640995025635e-01
6.504588127136230469e-01
1.728158235549926758e+00
1.008368968963623047e+00
-2.739048004150390625e+00
-3.719783544540405273e+00
-3.014735877513885498e-01
1.838586926460266113e-01
-2.046977043151855469e+00
-1.947345256805419922e+00
7.272259593009948730e-01
-2.669501066207885742e+00
-7.987598180770874023e-01
4.244591295719146729e-01
-1.413876056671142578e+00
1.178502082824707031e+00
-1.764181375503540039e+00
1.134350419044494629e+00
-1.769161224365234375e-01
1.746688961982727051e+00
-6.005907058715820312e-01
-1.942045927047729492e+00
1.153900027275085449e+00
1.692515254020690918e+00
8.496602177619934082e-01
-2.849577903747558594e+00
-1.803797841072082520e+00
2.547116994857788086e+00
-9.901344776153564453e-03
-1.738063454627990723e+00
-7.675983905792236328e-01
-2.869433641433715820e+00
6.008932590484619141e+00
-3.891695737838745117e-01
-1.827814579010009766e+00
1.118930697441101074e+00
1.222809553146362305e+00
-1.291190862655639648e+00
-1.629111051559448242e+00
-1.808883905410766602e+00
-4.501888751983642578e+00
-3.364342689514160156e+00
-2.646147489547729492e+00
-8.681800365447998047e-01
-4.584805965423583984e+00
-7.204312086105346680e-01
1.943410277366638184e+00
1.408689260482788086e+00
3.471564769744873047e+00
-8.200857043266296387e-01
1.023047119379043579e-01
-4.334236145019531250e+00
-6.679600477218627930e-01
1.782866477966308594e+00
2.094165802001953125e+00
-3.228096961975097656e-01
5.214593410491943359e-01
5.053231716156005859e-01
-4.069993019104003906e+00
-3.523311138153076172e+00
-2.989945411682128906e+00
-4.100367546081542969e+00
4.402368545532226562e+00
2.845123529434204102e+00
-2.314651012420654297e-02
-4.245983064174652100e-01
1.855092763900756836e+00
-2.222392559051513672e+00
-2.446897029876708984e+00
3.278996944427490234e+00
-2.857316434383392334e-01
3.037795066833496094e+00
-3.195932865142822266e+00
2.646220624446868896e-01
3.494895458221435547e+00
-2.087840318679809570e+00
-2.630441188812255859e+00
1.682356119155883789e+00
-3.413065433502197266e+00
1.377270698547363281e+00
-1.123078227043151855e+00
5.323139429092407227e-01
2.360474824905395508e+00
1.089340090751647949e+00
1.453866958618164062e+00
1.724972009658813477e+00
2.583354711532592773e-02
1.510129451751708984e+00
6.761934280395507812e+00
2.954229593276977539e+00
1.106712102890014648e+00
2.606056690216064453e+00
5.569600105285644531e+00
3.900087594985961914e+00
-1.686433553695678711e-01
-6.702321171760559082e-01
3.403969705104827881e-01
1.275720357894897461e+00
1.965949296951293945e+00
2.915654659271240234e+00
7.236485958099365234e+00
2.643405675888061523e+00
-1.995581746101379395e+00
-3.674239635467529297e+00
-3.351612091064453125e-01
-4.149204254150390625e+00
-1.566048741340637207e+00
-4.046858787536621094e+00
7.406332015991210938e+00
8.729414343833923340e-01
9.314982295036315918e-01
-2.499370813369750977e+00
-1.175881266593933105e+00
-5.308398723602294922e+00
-2.021760463714599609e+00
-2.146450281143188477e+00
-3.046085357666015625e+00
-4.290714263916015625e+00
-3.242244005203247070e+00
-4.540508270263671875e+00
-7.818167805671691895e-01
3.205496311187744141e+00
-8.288347125053405762e-01
-5.281708717346191406e+00
-4.700032234191894531e+00
-2.151415824890136719e+00
-6.241690158843994141e+00
-3.736605167388916016e+00
-5.362733840942382812e+00
-1.722651004791259766e+00
-1.894307971000671387e+00
-7.624357938766479492e-02
-2.303495168685913086e+00
-9.855022430419921875e-01
-3.259835243225097656e-01
4.749644279479980469e+00
1.662799954414367676e+00
3.025761246681213379e-01
-1.158263683319091797e+00
-2.564487457275390625e+00
1.871182471513748169e-01
1.216036200523376465e+00
-4.170623302459716797e+00
-1.814499139785766602e+00
2.168833494186401367e+00
3.564995825290679932e-01
-1.289974927902221680e+00
-3.177815914154052734e+00
-2.796877861022949219e+00
-1.870238423347473145e+00
2.475435256958007812e+00
-2.931486606597900391e+00
-1.586125135421752930e+00
-2.589047908782958984e+00
-2.351162195205688477e+00
-5.498335957527160645e-01
-2.315268516540527344e+00
4.025173187255859375e-02
5.392062664031982422e+00
-2.713927745819091797e+00
-3.039721846580505371e-01
2.336860001087188721e-01
-3.180325925350189209e-01
-5.495927929878234863e-01
1.942880034446716309e+00
-2.768750190734863281e-01
1.004107236862182617e+00
-9.050474166870117188e-01
-2.531978130340576172e+00
-3.600738048553466797e+00
4.384338259696960449e-01
2.041692018508911133e+00
-2.027676582336425781e+00
1.121478199958801270e+00
-3.896498680114746094e-02
1.288526058197021484e-01
3.508953332901000977e+00
3.115295410156250000e+00
1.882838845252990723e+00
-6.391317844390869141e-01
1.179392099380493164e+00
-6.316546797752380371e-01
-1.078408479690551758e+00
-6.607856750488281250e-01
-2.956902265548706055e+00
-2.366510152816772461e+00
-4.106942176818847656e+00
-3.795010566711425781e+00
-2.441780090332031250e+00
-6.478743076324462891e+00
8.427376747131347656e-01
-2.718278884887695312e+00
1.610403895378112793e+00
-2.612945318222045898e+00
-1.326226711273193359e+00
-4.362633824348449707e-01
-1.426685810089111328e+00
1.746894121170043945e+00
-1.511291146278381348e+00
1.697464227676391602e+00
3.094377994537353516e+00
-1.119467020034790039e+00
3.142513751983642578e+00
-1.540322184562683105e+00
-2.753239631652832031e+00
-2.617652177810668945e+00
-2.559355735778808594e+00
7.997196316719055176e-01
2.102815628051757812e+00
-1.185056447982788086e+00
2.774320542812347412e-01
-4.554095566272735596e-01
-1.495402932167053223e+00
-1.477410793304443359e+00
2.595696449279785156e+00
4.300273895263671875e+00
2.557179689407348633e+00
-1.488512039184570312e+00
-2.098739385604858398e+00
-1.722340822219848633e+00
-4.208711624145507812e+00
8.438943624496459961e-01
-5.746794700622558594e+00
-3.056925058364868164e+00
3.174263954162597656e+00
-1.942741155624389648e+00
1.369328022003173828e+00
1.709366679191589355e+00
3.770631253719329834e-01
-1.916927576065063477e+00
-2.379626274108886719e+00
-4.768601655960083008e-01
-1.046900272369384766e+00
5.972948074340820312e+00
2.556798458099365234e-01
-6.488384723663330078e+00
-1.397833824157714844e+00
5.150126218795776367e-01
-5.308523178100585938e-01
-1.535389423370361328e+00
6.378219127655029297e+00
4.538679718971252441e-01
-2.468747377395629883e+00
1.576103448867797852e+00
1.502293944358825684e+00
-8.753470182418823242e-01
-2.442676305770874023e+00
-3.928627014160156250e+00
-3.313245296478271484e+00
-2.647409200668334961e+00
-3.363061428070068359e+00
1.485762119293212891e+00
-1.066506385803222656e+00
-4.273703098297119141e+00
-7.664972543716430664e-02
2.479257583618164062e+00
-2.645286798477172852e+00
-6.122053861618041992e-01
-4.903887748718261719e+00
8.794026374816894531e-01
-7.068377017974853516e+00
-7.127732038497924805e-01
2.155003786087036133e+00
3.096301555633544922e+00
-2.710535049438476562e+00
-2.873461723327636719e+00
1.545457839965820312e-01
-2.680672645568847656e+00
3.330979824066162109e+00
-7.076886296272277832e-01
9.206783771514892578e-01
-2.273742675781250000e+00
-1.824826359748840332e+00
-9.319791793823242188e-01
-7.819136977195739746e-01
3.577170670032501221e-01
3.943623602390289307e-02
2.294623851776123047e+00
-2.691789627075195312e+00
6.651355028152465820e-01
1.441896796226501465e+00
-1.308050632476806641e+00
-6.436387300491333008e-01
9.083693623542785645e-01
-3.996612548828125000e+00
-2.755525112152099609e+00
-1.932302474975585938e+00
8.991795778274536133e-01
-1.474440097808837891e+00
-4.417366385459899902e-01
-3.131173849105834961e+00
1.039920568466186523e+00
-2.628736019134521484e+00
-7.452611923217773438e-01
-2.028020858764648438e+00
-2.279339313507080078e+00
1.024796843528747559e+00
2.379492223262786865e-01
2.782479286193847656e+00
1.104831814765930176e+00
3.002924919128417969e-01
1.457010507583618164e-01
-3.289780855178833008e+00
1.768340826034545898e+00
4.865226745605468750e-01
-1.581655383110046387e+00
-1.940473198890686035e+00
8.659831285476684570e-01
3.830467760562896729e-01
3.413468122482299805e+00
2.350135803222656250e+00
2.732585430145263672e+00
2.525445222854614258e+00
-5.531043410301208496e-01
2.830464601516723633e+00
-2.181244850158691406e+00
-5.199330329895019531e+00
1.777243018150329590e-01
9.568738937377929688e-01
7.115014791488647461e-01
3.513811826705932617e+00
-1.776524066925048828e+00
-5.814684033393859863e-01
-2.598626613616943359e-01
1.425494313240051270e+00
-1.435221552848815918e+00
7.249063253402709961e-01
-1.093238472938537598e+00
-3.099005699157714844e+00
-2.147431135177612305e+00
4.210161685943603516e+00
-5.452846050262451172e+00
2.170161008834838867e-01
1.292912125587463379e+00
-1.988876581192016602e+00
-2.957492589950561523e+00
-2.611981868743896484e+00
-3.015419721603393555e+00
2.432535171508789062e+00
1.536154747009277344e+00
8.067994117736816406e-01
-7.548072338104248047e-01
-1.767724752426147461e+00
2.417024850845336914e+00
1.259261846542358398e+00
-1.485896229743957520e+00
-2.601515769958496094e+00
-1.681465506553649902e-01
1.185368299484252930e-01
-2.028788328170776367e+00
-4.517617225646972656e+00
3.114438652992248535e-01
-1.981813549995422363e+00
6.047013998031616211e-01
-6.317308425903320312e+00
-9.632316231727600098e-01
-3.254087686538696289e+00
1.287682652473449707e+00
8.479855060577392578e-01
-2.109487295150756836e+00
8.054375648498535156e-04
-2.871505737304687500e+00
-4.363260269165039062e+00
-1.391520857810974121e+00
-1.880020618438720703e+00
-1.594507694244384766e+00
2.876544237136840820e+00
-4.567174911499023438e+00
2.343204975128173828e+00
-1.540221214294433594e+00
1.998349428176879883e+00
-5.229113996028900146e-02
7.526522159576416016e+00
1.116262793540954590e+00
-4.082831144332885742e-01
2.152358293533325195e+00
-3.334738731384277344e+00
-1.120354413986206055e+00
-2.848189830780029297e+00
-2.037534713745117188e+00
1.314471960067749023e-01
-4.661142826080322266e-02
-2.019496202468872070e+00
-5.905082076787948608e-02
-2.437498569488525391e+00
8.879874348640441895e-01
1.020987331867218018e-02
9.146757721900939941e-01
-1.995028257369995117e-01
3.057652950286865234e+00
-2.205443859100341797e+00
1.731694579124450684e+00
2.802455663681030273e+00
-2.721025943756103516e-01
-1.674930334091186523e+00
1.966892242431640625e+00
2.123038291931152344e+00
5.165090560913085938e+00
1.498736381530761719e+00
3.777572214603424072e-01
7.812063395977020264e-02
8.125552535057067871e-01
-4.969923496246337891e+00
-1.833540439605712891e+00
4.255186557769775391e+00
-2.541490197181701660e-01
-2.036504030227661133e+00
-3.326943635940551758e+00
-4.701545715332031250e+00
-2.094474792480468750e+00
-3.655780792236328125e+00
-3.002523183822631836e+00
2.008258819580078125e+00
-3.964842796325683594e+00
1.322040796279907227e+00
-3.504615306854248047e+00
5.667889714241027832e-01
1.718485593795776367e+00
-1.333364129066467285e+00
3.619565248489379883e+00
4.320636272430419922e+00
-6.687941551208496094e+00
4.287786006927490234e+00
-3.933534860610961914e+00
1.988261461257934570e+00
-8.374440670013427734e-02
9.338995814323425293e-01
-2.019986629486083984e+00
1.084560990333557129e+00
-3.237015724182128906e+00
-4.371444225311279297e+00
2.663493633270263672e+00
4.096127510070800781e+00
-3.124707698822021484e+00
-4.849331378936767578e+00
-4.477707386016845703e+00
4.394249439239501953e+00
-2.182105302810668945e+00
-6.031994342803955078e+00
7.376009464263916016e+00
-2.976120471954345703e+00
-9.785556793212890625e-01
-4.942119121551513672e+00
-1.073099613189697266e+00
-1.558876037597656250e+00
1.883668422698974609e+00
-5.147490501403808594e+00
-2.960072517395019531e+00
1.687819957733154297e+00
1.072665452957153320e-01
-6.990721821784973145e-02
-5.743208885192871094e+00
2.768480777740478516e-01
-1.349890828132629395e+00
-1.452044010162353516e+00
8.052676916122436523e-02
-1.907104730606079102e+00
3.769096374511718750e+00
2.400757074356079102e-01
1.723627805709838867e+00
4.383481144905090332e-01
3.211675643920898438e+00
1.278514266014099121e-01
-2.197988033294677734e+00
1.910656809806823730e+00
1.144676685333251953e+00
-5.736045837402343750e-01
-5.198802947998046875e+00
-3.693504095077514648e+00
1.279126644134521484e+00
-1.538128614425659180e+00
-7.194672584533691406e+00
1.298662066459655762e+00
3.214369773864746094e+00
-2.168627977371215820e-01
6.246743202209472656e-01
-3.721916675567626953e+00
1.681883811950683594e+00
1.677675247192382812e+00
-1.206934452056884766e-03
2.112103998661041260e-01
4.498861789703369141e+00
1.430360555648803711e+00
1.472611188888549805e+00
-2.443649768829345703e+00
-3.379516601562500000e-01
-2.389357089996337891e+00
-2.211518764495849609e+00
-5.957285165786743164e-01
-2.834874391555786133e-01
1.442190647125244141e+00
1.491403579711914062e+00
2.272797107696533203e+00
-3.424787521362304688e-02
1.574722528457641602e+00
-3.659906387329101562e+00
-3.505536079406738281e+00
1.090606451034545898e+00
-3.570157289505004883e+00
7.053318023681640625e-01
-3.618750810623168945e+00
-2.157116174697875977e+00
6.809443473815917969e+00
3.739312887191772461e+00
1.375771284103393555e+00
-2.203943967819213867e+00
9.632918834686279297e-01
-4.279615402221679688e+00
9.652773141860961914e-01
2.444592714309692383e-01
1.215669631958007812e+00
-3.939153552055358887e-01
3.284662723541259766e+00
-5.295007228851318359e-01
2.342728376388549805e+00
-3.038537502288818359e+00
5.219452381134033203e-01
-5.569735169410705566e-01
-1.699158430099487305e+00
-6.690196990966796875e-01
5.832155346870422363e-01
1.916974782943725586e+00
1.759944915771484375e+00
8.811744451522827148e-01
-4.554535865783691406e+00
-4.009322643280029297e+00
-1.280450582504272461e+00
9.153404235839843750e-01
6.318050622940063477e-01
4.361812472343444824e-01
8.318805098533630371e-01
1.727102041244506836e+00
-3.928327083587646484e+00
2.630630970001220703e+00
4.960249662399291992e-01
-1.363373279571533203e+00
-4.271985054016113281e+00
-1.274466037750244141e+00
-5.977488040924072266e+00
7.182688117027282715e-01
3.530107736587524414e-01
-5.237398147583007812e-01
7.825884819030761719e-01
-2.581862449645996094e+00
-1.586147665977478027e+00
-2.792245864868164062e+00
2.482616156339645386e-01
-1.484413623809814453e+00
2.869091987609863281e+00
9.585602879524230957e-01
5.658893585205078125e+00
-6.978052854537963867e-01
-1.180085539817810059e-02
-2.930471897125244141e-01
-1.044169902801513672e+00
1.837341308593750000e+00
-1.694137305021286011e-01
-2.223386764526367188e+00
4.160755872726440430e-02
3.595216870307922363e-01
-3.352506160736083984e+00
-2.802276134490966797e+00
-2.051669120788574219e+00
4.057243347167968750e+00
7.903282046318054199e-01
-1.333842515945434570e+00
3.429756164550781250e+00
-2.093945264816284180e+00
-2.158492326736450195e+00
-4.287222385406494141e+00
-9.445342421531677246e-01
1.536298632621765137e+00
-6.935149431228637695e-02
7.732443809509277344e-01
2.953869104385375977e-01
3.106022357940673828e+00
4.472634792327880859e+00
3.246378421783447266e+00
8.104095458984375000e-01
-1.324510335922241211e+00
1.198141574859619141e-01
-1.876206398010253906e+00
2.604817390441894531e+00
-6.553972959518432617e-01
-3.519543886184692383e+00
5.282330513000488281e-02
3.799631357192993164e+00
4.624032497406005859e+00
-1.536467432975769043e+00
1.873541712760925293e+00
-9.112955927848815918e-01
-1.754862070083618164e+00
1.903145760297775269e-01
-4.824928343296051025e-01
-3.639626026153564453e+00
-3.957694292068481445e+00
4.727238178253173828e+00
1.270737886428833008e+00
-6.129496574401855469e+00
-1.034822821617126465e+00
6.562888622283935547e-03
-5.020303726196289062e+00
-1.232315778732299805e+00
8.653646707534790039e-01
-1.029795169830322266e+00
3.364933490753173828e+00
9.899204373359680176e-01
5.468774795532226562e+00
-4.066256523132324219e+00
8.168438673019409180e-01
-3.974460363388061523e+00
6.079860925674438477e-01
-4.155883193016052246e-01
5.525104999542236328e-01
-4.633847713470458984e+00
-2.382068634033203125e+00
-2.132981777191162109e+00
1.129944443702697754e+00
-1.278696894645690918e+00
-1.489801406860351562e-01
4.452019929885864258e-02
-8.350738883018493652e-01
3.754047870635986328e+00
4.217916488647460938e+00
7.630177140235900879e-01
-1.611184120178222656e+00
1.003133773803710938e+00
-3.213741183280944824e-01
-4.191789150238037109e+00
-8.744875192642211914e-01
6.295024156570434570e-01
3.426918029785156250e+00
9.328855872154235840e-01
2.375938892364501953e+00
-3.924832582473754883e+00
5.921131372451782227e-01
-1.327556848526000977e+00
-1.063276529312133789e+00
1.786679744720458984e+00
-2.440473556518554688e+00
-2.080780506134033203e+00
-1.889719963073730469e+00
1.124343872070312500e-01
7.803326845169067383e-01
-3.196804523468017578e+00
-2.358714342117309570e+00
-1.509358167648315430e+00
-3.560545682907104492e+00
-2.517916440963745117e+00
4.434775352478027344e+00
-7.150917053222656250e-01
-2.065258264541625977e+00
-1.987364649772644043e+00
2.009093523025512695e+00
-8.834025263786315918e-01
-5.850870132446289062e+00
-2.296439647674560547e+00
-3.134595632553100586e+00
-3.337465763092041016e+00
-1.643903255462646484e+00
2.577320098876953125e+00
1.680601835250854492e-01
-2.850414216518402100e-01
4.865974485874176025e-01
1.512942790985107422e+00
-3.103151082992553711e+00
4.720529556274414062e+00
-7.097308039665222168e-01
-1.292844057083129883e+00
-1.758735775947570801e+00
-1.429532051086425781e+00
5.567068099975585938e+00
-1.442402124404907227e+00
3.862554550170898438e+00
1.410967707633972168e+00
1.141900897026062012e+00
-2.733263969421386719e+00
1.168214559555053711e+00
3.460533618927001953e+00
-7.008452415466308594e-01
1.031980872154235840e+00
-5.532088279724121094e-01
-3.872227430343627930e+00
5.121634483337402344e+00
2.699268817901611328e+00
4.082491874694824219e+00
2.818121910095214844e+00
1.592158317565917969e+00
2.979561328887939453e+00
3.838510811328887939e-02
-3.716015100479125977e+00
-1.618539094924926758e-01
1.972279548645019531e+00
-1.289673805236816406e+00
6.865127682685852051e-01
-5.025507450103759766e+00
-1.981877326965332031e+00
2.863023281097412109e+00
2.366343021392822266e+00
-1.274421066045761108e-02
-1.900049090385437012e+00
-4.778200626373291016e+00
6.908226966857910156e+00
-1.641501188278198242e-01
-1.301784038543701172e+00
-2.613932132720947266e+00
8.884730935096740723e-01
-4.914483547210693359e+00
-5.791037082672119141e+00
-2.504683732986450195e+00
1.073894143104553223e+00
-2.924695730209350586e+00
-5.983628749847412109e+00
-3.014830589294433594e+00
-6.991461277008056641e+00
-4.579474449157714844e+00
-2.331783533096313477e+00
-3.161277770996093750e-01
1.207801818847656250e+00
3.018776416778564453e+00
6.045706272125244141e-01
1.647305607795715332e+00
-1.984523534774780273e+00
5.428254604339599609e-01
6.955804824829101562e-01
-1.030457019805908203e+00
-1.941512823104858398e-01
9.788193106651306152e-01
-2.234407186508178711e+00
1.017162322998046875e+00
-3.025943517684936523e+00
2.017299652099609375e+00
1.453360795974731445e+00
3.649054050445556641e+00
1.505575180053710938e-01
3.940454006195068359e+00
-9.808480143547058105e-01
-3.056399106979370117e+00
-7.913841009140014648e-01
-4.165975093841552734e+00
1.284401178359985352e+00
-2.032736301422119141e+00
-5.299124240875244141e+00
-3.872151851654052734e+00
-5.035142421722412109e+00
-3.120535373687744141e+00
-3.003418922424316406e+00
4.262183308601379395e-01
-4.308421134948730469e+00
-9.040269255638122559e-01
-1.401176691055297852e+00
-7.560002803802490234e-02
1.339689254760742188e+00
1.778232097625732422e+00
3.679821491241455078e+00
-2.798032283782958984e+00
4.241943836212158203e+00
-1.029003500938415527e+00
-1.113550662994384766e-01
2.669021368026733398e+00
-2.530291080474853516e+00
-1.472589373588562012e-01
-1.026890277862548828e+00
-4.074828147888183594e+00
6.720620155334472656e+00
2.903339266777038574e-01
4.764175415039062500e-01
2.231284379959106445e+00
4.388220906257629395e-01
-3.103702306747436523e+00
3.439856529235839844e+00
-3.628418922424316406e+00
-2.840816020965576172e+00
-2.658576369285583496e-01
-4.569366455078125000e+00
-2.612350881099700928e-01
-2.394241571426391602e+00
-5.459762096405029297e+00
-2.978097677230834961e+00
2.643192291259765625e+00
4.057671070098876953e+00
