2.287246227264404297e+00
6.551124572753906250e+00
4.881067872047424316e-01
3.006787300109863281e-01
4.412002563476562500e-01
-2.560493946075439453e-01
1.531789183616638184e+00
-1.915143370628356934e+00
-2.458720684051513672e+00
-4.611059427261352539e-01
4.438316822052001953e-02
-3.500678539276123047e-01
-2.179681062698364258e+00
-7.660242319107055664e-01
4.675516486167907715e-01
-2.241770982742309570e+00
-7.632504105567932129e-01
7.722166776657104492e-01
-1.424705982208251953e-02
-2.377275943756103516e+00
-5.916411399841308594e+00
-8.297976851463317871e-01
-1.800786256790161133e+00
-2.342103481292724609e+00
1.160858571529388428e-01
-1.569450497627258301e+00
-3.862258911132812500e+00
-3.426638364791870117e+00
-1.959347367286682129e+00
-3.420519530773162842e-01
-4.815097153186798096e-01
3.200291097164154053e-01
-2.826182603836059570e+00
2.692639231681823730e-01
1.417171835899353027e+00
-1.251802325248718262e+00
-9.043532013893127441e-01
1.702769994735717773e+00
-9.046329259872436523e-01
4.884529411792755127e-01
-2.403636455535888672e+00
-3.308370828628540039e+00
-2.660596609115600586e+00
-3.495491743087768555e-01
-2.180964946746826172e+00
-7.686184048652648926e-01
-1.761497020721435547e+00
-3.190709054470062256e-01
1.779033541679382324e-01
-2.406536579132080078e+00
7.395011186599731445e-02
-7.256403565406799316e-01
-5.255037546157836914e-01
1.029882907867431641e+00
-9.039375782012939453e-01
2.178280353546142578e+00
3.356701433658599854e-01
-4.494151115417480469e+00
5.191296935081481934e-01
-4.262351989746093750e-01
2.501144886016845703e+00
6.363835334777832031e-01
3.597041606903076172e+00
-8.292502164840698242e-01
-1.302448511123657227e-01
1.702633380889892578e+00
-1.219113111495971680e+00
-2.050316333770751953e+00
-7.166393995285034180e-01
-1.788566112518310547e+00
-4.742379188537597656e+00
6.987095475196838379e-01
-2.077698707580566406e-01
-1.536587595939636230e+00
1.432001829147338867e+00
-1.911818742752075195e+00
2.382055521011352539e+00
1.084039449691772461e+00
-1.795325875282287598e+00
-1.546004414558410645e+00
-2.110468864440917969e+00
-1.174855351448059082e+00
-1.165951013565063477e+00
-3.255781173706054688e+00
4.072689533233642578e+00
-2.788386344909667969e+00
-1.890238285064697266e+00
8.167370557785034180e-01
4.558667182922363281e+00
2.615159034729003906e+00
1.530489683151245117e+00
4.827624559402465820e-02
-1.488049328327178955e-01
-1.210489749908447266e+00
-1.096070408821105957e-01
-2.982194900512695312e+00
1.668306231498718262e+00
-1.109944701194763184e+00
-8.966593742370605469e-01
-8.420475721359252930e-01
-1.705257177352905273e+00
1.080097913742065430e+00
-3.041775703430175781e+00
-1.121484637260437012e-01
-1.763497710227966309e+00
7.155755162239074707e-01
-1.478579521179199219e+00
5.825558662414550781e+00
4.747729778289794922e+00
4.487027168273925781e+00
-1.447636365890502930e+00
-2.128996849060058594e+00
2.833924531936645508e+00
-2.368457615375518799e-01
-4.586853504180908203e+00
9.966436624526977539e-01
-1.027814030647277832e+00
4.241069793701171875e+00
-2.914434671401977539e-01
8.765101432800292969e-01
-1.961670160293579102e+00
-2.279997825622558594e+00
-1.951759815216064453e+00
-1.672531604766845703e+00
-7.653714418411254883e-01
1.055227160453796387e+00
8.071051836013793945e-01
-1.235518813133239746e+00
-3.315598964691162109e+00
7.943056225776672363e-01
1.198861598968505859e+00
3.162460327148437500e-01
2.574934244155883789e+00
-1.327690362930297852e+00
-2.132446765899658203e+00
-2.253359556198120117e+00
-8.147072196006774902e-01
-1.030134320259094238e+00
-2.910532951354980469e-01
-1.208617210388183594e+00
1.709127187728881836e+00
-2.293669939041137695e+00
-1.917935132980346680e+00
-2.241819381713867188e+00
-3.988872766494750977e-01
-2.603817939758300781e+00
-4.795152664184570312e+00
-1.541440010070800781e+00
1.009337306022644043e+00
3.576420307159423828e+00
1.095088243484497070e+00
4.795878231525421143e-01
-1.530544638633728027e+00
-1.994926929473876953e+00
-1.450336217880249023e+00
-1.753184795379638672e+00
1.585499048233032227e-01
-1.081399202346801758e+00
-1.436990022659301758e+00
-2.612033843994140625e+00
-1.523938655853271484e+00
-5.706831216812133789e-01
2.311736345291137695e+00
-4.402384161949157715e-01
-4.587031602859497070e-01
-1.193737149238586426e+00
-1.310883164405822754e-01
-2.851332187652587891e+00
-3.015196323394775391e+00
-3.179842948913574219e+00
7.883963584899902344e-01
-8.402773737907409668e-01
-8.802943229675292969e-01
-1.525610566139221191e+00
-3.250061273574829102e+00
-2.779422521591186523e+00
-3.267544746398925781e+00
-1.161624908447265625e+00
-5.113149285316467285e-01
-1.972978234291076660e+00
-1.202448129653930664e+00
-7.555466890335083008e-01
-4.397107958793640137e-01
-4.513421952724456787e-01
-3.043542385101318359e+00
-4.626693725585937500e-01
-1.394690871238708496e+00
-1.335897445678710938e+00
-6.376547813415527344e-01
-4.180995821952819824e-01
-3.557356119155883789e+00
-2.521848201751708984e+00
-9.798638224601745605e-01
6.376657485961914062e-01
-3.113335847854614258e+00
-5.834007263183593750e-01
-1.959338545799255371e+00
-2.362225294113159180e+00
-2.528778076171875000e+00
5.738997459411621094e-02
-8.809522390365600586e-01
-1.181418895721435547e+00
-4.047708511352539062e-01
5.470056533813476562e-01
5.082180500030517578e-01
3.862520456314086914e-01
-7.804560661315917969e-01
1.413663029670715332e+00
4.246656000614166260e-01
5.480064749717712402e-01
-1.080337047576904297e+00
-1.064082622528076172e+00
1.850185036659240723e+00
6.277999281883239746e-01
-6.130431890487670898e-01
5.043755471706390381e-02
8.848150968551635742e-01
2.612599611282348633e+00
1.559509038925170898e+00
-8.395224809646606445e-01
-2.875396251678466797e+00
2.119366168975830078e+00
4.419609308242797852e-01
1.138820290565490723e+00
-7.314649820327758789e-01
-3.879035115242004395e-01
-4.957719445228576660e-01
3.245046734809875488e-01
-1.580237150192260742e+00
2.306074142456054688e+00
-8.192750215530395508e-01
1.715291380882263184e+00
7.286954522132873535e-01
-3.401627540588378906e-01
1.190216779708862305e+00
-2.433810830116271973e-01
-3.270045757293701172e+00
-7.775205373764038086e-02
8.922671079635620117e-01
7.995891571044921875e-02
8.952218294143676758e-02
1.382898569107055664e+00
-2.003609836101531982e-01
-1.257318019866943359e+00
-8.417150974273681641e-01
1.792812943458557129e+00
-9.047372937202453613e-01
4.479179859161376953e+00
-2.970631718635559082e-01
2.078584194183349609e+00
1.225609779357910156e+00
2.579512596130371094e+00
-5.224226117134094238e-01
-1.992130875587463379e-01
2.172565221786499023e+00
2.221455335617065430e+00
-3.927143812179565430e-01
5.290904045104980469e-01
-1.115983843803405762e+00
-1.511409044265747070e+00
-1.936803460121154785e-01
-1.860545992851257324e+00
-2.093408584594726562e+00
1.334685325622558594e+00
2.561866521835327148e+00
-2.366946935653686523e-01
-5.625231862068176270e-01
-2.725176811218261719e-01
-3.176842212677001953e+00
-1.425474286079406738e+00
-2.606361627578735352e+00
6.975391507148742676e-02
-1.645344257354736328e+00
-1.025714159011840820e+00
-4.565958976745605469e-01
-2.266828775405883789e+00
-3.076623201370239258e+00
1.737585067749023438e-01
-2.894985675811767578e+00
-4.962089061737060547e-01
-2.869196653366088867e+00
5.257479548454284668e-01
1.833605766296386719e+00
1.697086572647094727e+00
1.546555161476135254e+00
-2.504235744476318359e+00
-7.713736891746520996e-01
-3.922475337982177734e+00
-8.554240465164184570e-01
-2.761536121368408203e+00
1.835088968276977539e+00
-1.467813491821289062e+00
4.054907798767089844e+00
-3.910650253295898438e+00
-9.148977994918823242e-01
-6.523650288581848145e-01
6.212040781974792480e-01
1.011861205101013184e+00
-6.791473388671875000e+00
-3.556279659271240234e+00
-3.348301410675048828e+00
-2.211097240447998047e+00
-5.072765350341796875e+00
-3.319319725036621094e+00
-6.255704402923583984e+00
-2.700656890869140625e+00
-1.775008320808410645e+00
-3.024607181549072266e+00
-6.086773872375488281e-01
1.901964187622070312e+00
6.954276561737060547e-01
-1.759115099906921387e+00
-1.498625397682189941e+00
-7.566776275634765625e-01
4.415306746959686279e-01
-1.249793529510498047e+00
-1.987112760543823242e+00
-4.196510791778564453e+00
-2.652826786041259766e+00
-1.648670136928558350e-01
-3.492004394531250000e+00
-4.890021085739135742e-01
-3.566064357757568359e+00
1.262025833129882812e-01
-3.380344867706298828e+00
-1.946969628334045410e+00
-2.573078632354736328e+00
1.562451839447021484e+00
-6.048859953880310059e-01
-2.361450910568237305e+00
1.603835105895996094e+00
-3.444086313247680664e+00
-9.966595768928527832e-01
2.588322401046752930e+00
1.470261573791503906e+00
-4.453258991241455078e+00
-3.502673625946044922e+00
-1.394396543502807617e+00
5.044449567794799805e-01
-1.880141019821166992e+00
3.150079250335693359e+00
7.321131229400634766e-01
-1.676960229873657227e+00
-2.796785354614257812e+00
1.542410612106323242e+00
5.852789282798767090e-01
1.105928540229797363e+00
-1.466997623443603516e+00
-4.484176635742187500e+00
-3.557605743408203125e+00
-4.408128261566162109e+00
-1.833472728729248047e+00
-2.807093620300292969e+00
-3.608804225921630859e+00
-2.604350447654724121e-01
-1.175475597381591797e+00
-3.329282283782958984e+00
-1.947077631950378418e+00
-4.838263392448425293e-01
-8.380025625228881836e-01
4.934700429439544678e-01
1.313855886459350586e+00
-2.447739601135253906e+00
-1.532602071762084961e+00
7.315907478332519531e-01
4.478969275951385498e-01
-8.576923012733459473e-01
-2.275711297988891602e+00
-1.506525635719299316e+00
-2.187252521514892578e+00
-1.017946958541870117e+00
-8.666551113128662109e-01
-3.342811822891235352e+00
-2.244895935058593750e+00
1.638998389244079590e+00
3.166207373142242432e-01
-4.771471023559570312e-03
-1.395352602005004883e+00
-1.413806796073913574e+00
1.545312643051147461e+00
3.115722537040710449e-02
-4.864639416337013245e-02
-5.746560096740722656e-01
1.075595736503601074e+00
1.484142541885375977e+00
3.579802274703979492e+00
-1.017004549503326416e-01
1.604843616485595703e+00
3.325867652893066406e-02
-4.299899935722351074e-01
-6.728246808052062988e-02
1.000272989273071289e+00
4.001137256622314453e+00
3.844705820083618164e+00
-2.145849227905273438e+00
-2.721567153930664062e-01
5.033309459686279297e+00
-2.137718796730041504e-01
5.802114963531494141e+00
-1.790989637374877930e-01
-2.594261646270751953e+00
-4.642322063446044922e-01
1.243012309074401855e+00
-3.544176578521728516e+00
-1.133926153182983398e+00
2.132424831390380859e+00
-1.891136914491653442e-01
-3.601746559143066406e-01
-2.968120098114013672e+00
2.105810642242431641e+00
1.562247514724731445e+00
3.889268159866333008e+00
4.353989362716674805e-01
3.141919970512390137e-01
2.348817110061645508e+00
1.518977880477905273e+00
-1.643386363983154297e+00
6.649542331695556641e+00
1.332613706588745117e+00
2.858249664306640625e+00
4.555805623531341553e-01
-2.149426937103271484e-01
1.266542375087738037e-01
-3.384998083114624023e+00
3.931024074554443359e+00
2.150820255279541016e+00
7.196841835975646973e-01
4.827717542648315430e-01
2.179992794990539551e-01
2.485997676849365234e+00
-1.131525158882141113e+00
-1.781260371208190918e+00
-2.507973194122314453e+00
2.736603975296020508e+00
2.096844911575317383e-01
9.119778871536254883e-02
-5.017561316490173340e-01
1.738542079925537109e+00
-3.363547086715698242e+00
-3.272716701030731201e-01
1.476503610610961914e-01
-7.156289815902709961e-01
-1.445389032363891602e+00
3.351367473602294922e+00
2.247669219970703125e+00
1.539390087127685547e+00
-1.450693607330322266e-02
5.022652626037597656e+00
2.101312279701232910e-01
-5.142478942871093750e-01
3.055800676345825195e+00
7.380635142326354980e-01
-4.113420844078063965e-01
-1.597257614135742188e+00
-8.451769351959228516e-01
1.049073219299316406e+00
-3.048813104629516602e+00
2.721588850021362305e+00
7.358972430229187012e-01
1.115832686424255371e+00
9.387111663818359375e-01
-6.558451652526855469e-01
3.307615995407104492e+00
5.328799486160278320e-01
2.786618232727050781e+00
-3.906543552875518799e-01
-3.738352775573730469e+00
-1.211685061454772949e+00
-1.872601985931396484e+00
2.167226076126098633e-01
8.397371768951416016e-01
-4.912965774536132812e+00
-2.011110782623291016e+00
-4.317889213562011719e-01
1.700684547424316406e+00
-2.000576496124267578e+00
1.672148585319519043e+00
-2.199841022491455078e+00
1.999772787094116211e-01
-2.082513570785522461e+00
4.561744332313537598e-01
-3.229907751083374023e-01
-9.439022541046142578e-01
2.280393838882446289e+00
-2.502229690551757812e+00
2.268411397933959961e+00
-9.342737197875976562e-01
2.054148197174072266e+00
1.271837472915649414e+00
3.908324241638183594e-02
-1.016622781753540039e-02
-3.981675863265991211e+00
-3.200045824050903320e-01
-2.014223575592041016e+00
1.025144577026367188e+00
-1.513772964477539062e+00
2.639355659484863281e+00
1.763515353202819824e+00
1.264660120010375977e+00
-3.153370857238769531e+00
-1.052403330802917480e+00
2.890739917755126953e+00
2.066381216049194336e+00
-8.174163103103637695e-02
3.022503852844238281e+00
-1.113829612731933594e+00
2.437346935272216797e+00
1.257015317678451538e-01
-3.419427275657653809e-01
3.900394678115844727e+00
-6.054453849792480469e-01
-7.330309152603149414e-01
-2.985376119613647461e+00
-4.000905156135559082e-01
-1.072050571441650391e+00
1.180132746696472168e+00
-2.781723499298095703e+00
-1.990274667739868164e+00
5.496062755584716797e+00
1.093207955360412598e+00
2.357546329498291016e+00
-1.132359623908996582e+00
1.088374018669128418e+00
6.970224976539611816e-01
-3.693172454833984375e+00
-1.030869126319885254e+00
-9.008995294570922852e-01
-5.151600837707519531e-01
-2.060169696807861328e+00
2.171201705932617188e+00
1.994377255439758301e+00
8.774380385875701904e-02
1.871176838874816895e+00
1.345941305160522461e+00
-2.519233703613281250e+00
-3.636891841888427734e+00
-5.829641819000244141e-01
2.909841537475585938e-01
2.992223799228668213e-01
2.780220985412597656e+00
-2.586551189422607422e+00
3.235148429870605469e+00
3.652686119079589844e+00
3.390602469444274902e-01
-1.495141386985778809e+00
-1.082770943641662598e+00
2.987213373184204102e+00
-3.352430820465087891e+00
-3.152290344238281250e+00
3.489634990692138672e+00
-6.462898254394531250e+00
7.979747653007507324e-01
2.670613288879394531e+00
-2.291022539138793945e+00
-4.408148765563964844e+00
-1.329951524734497070e+00
6.224728107452392578e+00
2.083268404006958008e+00
8.968963623046875000e-01
-1.019374728202819824e-01
3.162590980529785156e+00
-1.491453766822814941e+00
3.527741193771362305e+00
-1.197372078895568848e+00
-9.800026416778564453e-01
1.947347879409790039e+00
-1.451807618141174316e+00
-7.711061239242553711e-01
1.075898408889770508e+00
1.380282163619995117e+00
-1.129683405160903931e-01
-4.149258613586425781e+00
2.591585397720336914e+00
-8.550292253494262695e-01
1.329686045646667480e-01
-6.823732256889343262e-01
-2.493409156799316406e+00
2.959044456481933594e+00
2.092434644699096680e+00
-1.605603456497192383e+00
3.363975524902343750e+00
-1.470611691474914551e-01
-1.604213833808898926e+00
-2.506803989410400391e+00
3.368449926376342773e+00
4.015079498291015625e+00
-5.300527572631835938e+00
-5.156074762344360352e-01
1.541046619415283203e+00
2.126707077026367188e+00
-1.455270290374755859e+00
8.781576156616210938e+00
6.947636604309082031e-01
2.611010074615478516e+00
-1.284552097320556641e+00
-2.692342519760131836e+00
2.061050534248352051e-01
-3.018901348114013672e+00
8.229399919509887695e-01
1.583481073379516602e+00
-1.481909275054931641e+00
1.294283151626586914e+00
-3.616864681243896484e-01
-3.081882953643798828e+00
4.616038501262664795e-02
2.527753353118896484e+00
2.685053110122680664e+00
-2.927744388580322266e-02
4.373623847961425781e+00
-2.073664188385009766e+00
4.663408279418945312e+00
1.317848682403564453e+01
-2.145641803741455078e+00
7.390681505203247070e-01
6.069534778594970703e+00
-2.179294526576995850e-01
3.811867713928222656e+00
1.712342262268066406e+00
-6.498419046401977539e-01
2.315886974334716797e+00
5.022671699523925781e+00
1.820450901985168457e+00
-5.040822923183441162e-02
-1.791975736618041992e+00
-2.727793693542480469e+00
-2.542691707611083984e+00
-1.286849737167358398e+00
-5.473267078399658203e+00
1.033045530319213867e+00
-1.379208564758300781e+00
-1.064553260803222656e+00
-3.438222408294677734e-02
8.595757484436035156e-01
1.488621234893798828e+00
-1.172967195510864258e+00
5.953233838081359863e-01
2.045282363891601562e+00
9.955438971519470215e-01
2.844395637512207031e+00
5.444861888885498047e+00
7.416971325874328613e-01
3.462959289550781250e+00
3.295193314552307129e-01
2.902915954589843750e+00
-5.956580638885498047e-01
5.112660408020019531e+00
4.494639396667480469e+00
-5.182216763496398926e-01
-4.579248428344726562e+00
-2.947154045104980469e+00
-2.028556466102600098e-01
-2.162806391716003418e-01
-6.577631235122680664e-01
6.716004014015197754e-01
2.403836965560913086e+00
2.009165287017822266e+00
1.211353421211242676e+00
-3.537991285324096680e+00
1.322993934154510498e-01
9.147767424583435059e-01
7.993640899658203125e-01
-3.255842685699462891e+00
-2.448124289512634277e-01
-1.270229578018188477e+00
4.988851070404052734e+00
-9.958348870277404785e-01
-1.725715279579162598e+00
-7.938668727874755859e-01
1.091374278068542480e+00
3.964437484741210938e+00
-1.769906282424926758e-01
6.153535842895507812e-01
1.077906847000122070e+00
5.671768188476562500e-01
-5.740889549255371094e+00
-7.094053626060485840e-01
-8.408042788505554199e-01
-2.747404575347900391e-02
-2.373805046081542969e+00
7.871395945549011230e-01
-1.357716321945190430e-01
-6.045328378677368164e-01
1.275748491287231445e+00
4.188422560691833496e-01
1.036013484001159668e+00
5.041695237159729004e-01
-2.922786474227905273e+00
-1.186210989952087402e+00
-3.304613232612609863e-01
1.717344522476196289e-01
-1.127152442932128906e+00
3.824048340320587158e-01
3.335737705230712891e+00
4.718933701515197754e-01
-2.613258123397827148e+00
8.572040796279907227e-01
4.777005672454833984e+00
2.339422941207885742e+00
6.403779387474060059e-01
4.663025856018066406e+00
9.623591899871826172e-01
6.098479747772216797e+00
-1.800027370452880859e+00
1.010641217231750488e+00
1.735826134681701660e+00
-2.092735767364501953e+00
2.564455986022949219e+00
4.391506612300872803e-01
-2.098237514495849609e+00
3.238822460174560547e+00
1.356209158897399902e+00
-5.804710388183593750e-01
-1.485818862915039062e+00
-1.111722946166992188e+00
3.402508258819580078e+00
-3.114143610000610352e+00
3.144964218139648438e+00
-5.722292900085449219e+00
-2.083696603775024414e+00
-1.332427859306335449e-01
-1.763914346694946289e+00
6.761384963989257812e+00
2.690706729888916016e+00
3.363938093185424805e+00
1.101650118827819824e+00
-9.036548137664794922e-01
-5.000456333160400391e+00
3.721773147583007812e+00
1.520204424858093262e+00
-3.980263710021972656e+00
-3.278088569641113281e-01
3.303954601287841797e+00
-1.128007650375366211e+00
7.627776265144348145e-01
-2.574042797088623047e+00
2.953715324401855469e+00
-4.247303009033203125e-01
1.476161479949951172e+00
2.600380897521972656e+00
-5.145627260208129883e-01
-9.991067051887512207e-01
4.817234992980957031e+00
1.069207549095153809e+00
-1.400719881057739258e-01
-4.505328178405761719e+00
-2.162324428558349609e+00
2.228054761886596680e+00
2.449755191802978516e+00
1.887277722358703613e+00
3.519125461578369141e+00
9.384692192077636719e+00
5.536830425262451172e-01
-1.911314427852630615e-01
2.034613847732543945e+00
-3.428357362747192383e+00
-9.122420549392700195e-01
2.119258642196655273e+00
-7.588371038436889648e-01
4.482004940509796143e-01
1.359476685523986816e+00
-3.112330436706542969e-01
1.500532388687133789e+00
8.192096352577209473e-01
-2.358722448348999023e+00
-5.122613310813903809e-01
-1.605731129646301270e+00
-2.890634298324584961e+00
7.285379171371459961e-01
5.176374912261962891e+00
7.661800384521484375e-01
3.933528363704681396e-01
-1.432086348533630371e+00
1.000694155693054199e+00
-1.585071086883544922e+00
-5.139352679252624512e-01
6.192141056060791016e+00
7.060720920562744141e-01
-2.597530841827392578e+00
-2.125634193420410156e+00
-1.971863150596618652e+00
-3.469694614410400391e+00
-7.844536304473876953e-01
3.598302364349365234e+00
4.384678006172180176e-01
-1.194257259368896484e+00
-1.272166848182678223e+00
-2.322805881500244141e+00
3.079998493194580078e+00
9.279769659042358398e-01
2.282614469528198242e+00
-2.666962146759033203e+00
-1.075472831726074219e+00
2.750454187393188477e+00
1.690953731536865234e+00
8.312476158142089844e+00
2.366369485855102539e+00
-1.132702231407165527e-01
9.874436855316162109e-01
-3.804208278656005859e+00
9.211001396179199219e-01
2.690317630767822266e+00
3.630398273468017578e+00
-1.613126039505004883e+00
-2.243167400360107422e+00
-1.622762680053710938e+00
1.663502454757690430e+00
4.338121891021728516e+00
9.754338264465332031e-01
2.337892770767211914e+00
-2.226386785507202148e+00
-2.647894859313964844e+00
-2.281289339065551758e+00
-6.874554753303527832e-01
-1.437261343002319336e+00
-1.927735328674316406e+00
4.621569633483886719e+00
1.278522729873657227e+00
-1.880969285964965820e+00
1.882962703704833984e+00
2.428873777389526367e+00
-4.227726459503173828e+00
-3.813958883285522461e+00
1.259441852569580078e+00
3.977888822555541992e-01
3.997232913970947266e+00
-1.733671545982360840e+00
2.867914915084838867e+00
-2.814348220825195312e+00
1.296292781829833984e+00
-1.067590713500976562e+00
-3.610993862152099609e+00
1.312950849533081055e+00
2.111575365066528320e+00
-1.428361415863037109e+00
1.424671411514282227e-01
-1.676102042198181152e+00
2.392065048217773438e+00
2.162297248840332031e+00
7.696416378021240234e-01
2.215917706489562988e-01
1.864031076431274414e+00
3.325775384902954102e+00
5.756114006042480469e+00
3.537010192871093750e+00
-1.609482049942016602e+00
1.371780991554260254e+00
-4.238404631614685059e-01
-4.959467887878417969e+00
-6.714066267013549805e-01
1.048172473907470703e+00
1.284699290990829468e-01
4.736558437347412109e+00
1.495521068572998047e+00
-7.270460128784179688e-01
4.871429920196533203e+00
1.739456415176391602e+00
-6.032557010650634766e+00
-2.411307096481323242e-01
1.473313808441162109e+00
-1.056933045387268066e+00
1.068256139755249023e+00
1.389874935150146484e+00
3.238562047481536865e-01
4.728164672851562500e-01
-2.405470311641693115e-01
4.282459259033203125e+00
-3.078449010848999023e+00
-1.650187611579895020e+00
6.106367111206054688e+00
1.707759648561477661e-01
2.746874094009399414e-01
-2.057876586914062500e+00
4.053317904472351074e-01
-2.381187677383422852e+00
-5.197307586669921875e+00
1.176378011703491211e+00
1.414856195449829102e+00
-4.315515995025634766e+00
-3.020993471145629883e+00
6.260083198547363281e+00
2.568008899688720703e+00
-1.856586217880249023e+00
3.655572414398193359e+00
2.510187387466430664e+00
-1.081322908401489258e+00
5.528710365295410156e+00
1.791682004928588867e+00
-1.737538337707519531e+00
-2.366332113742828369e-01
1.188502907752990723e+00
5.830718874931335449e-01
-3.076885223388671875e+00
4.118328571319580078e+00
2.535336017608642578e+00
1.505105853080749512e+00
-1.814817190170288086e-01
-1.302223801612854004e-01
9.298817515373229980e-01
1.199002981185913086e+00
4.911319315433502197e-01
1.790604591369628906e-01
-2.760624170303344727e+00
1.291556835174560547e+00
1.926293849945068359e+00
6.224404335021972656e+00
3.996531009674072266e+00
3.199998140335083008e+00
-1.243549346923828125e+00
-3.135718405246734619e-02
-1.109147310256958008e+00
-2.151363611221313477e+00
2.886626482009887695e+00
-1.270878195762634277e+00
1.662159562110900879e+00
-2.862311840057373047e+00
-4.424107074737548828e-01
3.717640876770019531e+00
7.508747100830078125e+00
1.532227158546447754e+00
1.443295240402221680e+00
-4.002587795257568359e+00
4.347972393035888672e+00
2.694123268127441406e+00
-1.674700379371643066e+00
-1.924822807312011719e+00
3.228571265935897827e-02
-2.745686531066894531e+00
-1.941612362861633301e-01
-1.931786894798278809e+00
2.172886610031127930e+00
-2.137021780014038086e+00
-2.432868242263793945e+00
-5.050939321517944336e-02
-3.182670593261718750e+00
-4.181602478027343750e+00
-3.993875503540039062e+00
8.240813612937927246e-01
-1.526744008064270020e+00
8.882898092269897461e-02
-4.933702468872070312e+00
-6.010863304138183594e+00
-3.430941343307495117e+00
-3.780458688735961914e+00
-3.710250377655029297e+00
-3.988423347473144531e-01
-8.025406599044799805e-01
1.616460084915161133e-01
1.674847602844238281e+00
-2.903473138809204102e+00
-5.831518769264221191e-01
6.163784861564636230e-01
-4.907292723655700684e-01
4.399947524070739746e-01
-2.156856775283813477e+00
5.314568281173706055e-01
-1.606273531913757324e+00
-2.158216714859008789e+00
-3.356901407241821289e+00
-2.002150535583496094e+00
-1.917097568511962891e+00
-2.108629226684570312e+00
-2.720397233963012695e+00
-5.800141334533691406e+00
-1.129415988922119141e+00
-4.672662734985351562e+00
-6.731673717498779297e+00
2.546077728271484375e+00
-9.637481570243835449e-01
3.206957817077636719e+00
-1.347512006759643555e+00
4.500715732574462891e-01
5.351951122283935547e+00
1.110087513923645020e+00
7.817838191986083984e+00
-7.491862773895263672e-01
3.000249385833740234e+00
1.882252097129821777e-01
9.264486432075500488e-01
5.498569011688232422e+00
1.758352756500244141e+00
3.934064626693725586e+00
1.398153066635131836e+00
4.414999961853027344e+00
4.488354206085205078e+00
2.750968933105468750e-02
2.392315626144409180e+00
-1.121564269065856934e+00
1.108368873596191406e+00
-1.362018704414367676e+00
-1.105823636054992676e+00
-6.431307792663574219e-01
1.105507910251617432e-01
5.609508156776428223e-01
-2.816398859024047852e+00
-4.042813301086425781e+00
-9.692763686180114746e-01
-1.325717210769653320e+00
-2.101011037826538086e+00
-7.108169794082641602e-01
3.169550418853759766e+00
