-4.894182682037353516e-01
2.752537250518798828e+00
-6.880423545837402344e+00
-2.576977729797363281e+00
-8.684651851654052734e-01
-2.755245685577392578e+00
-1.579434752464294434e+00
-2.639760494232177734e+00
-3.457935333251953125e+00
3.908999919891357422e+00
6.671646833419799805e-01
1.047791719436645508e+00
2.551806926727294922e+00
6.273585557937622070e-01
2.708822250366210938e+00
-5.066627264022827148e-01
9.308618307113647461e-01
2.124442100524902344e+00
3.803425550460815430e+00
-2.422823190689086914e+00
-2.872735261917114258e+00
1.807487010955810547e+00
4.508914470672607422e+00
3.576331734657287598e-01
-5.879440903663635254e-02
-1.741594552993774414e+00
-1.522963523864746094e+00
-1.009161353111267090e+00
-2.311666250228881836e+00
-2.915081024169921875e+00
-3.647279977798461914e+00
-9.203685522079467773e-01
-5.325613021850585938e+00
-1.010047197341918945e+00
-1.652432233095169067e-01
-7.093989849090576172e-01
-1.019089698791503906e+00
-2.549736261367797852e+00
2.075369358062744141e+00
-7.595543861389160156e-01
-8.407893776893615723e-01
-1.782867789268493652e+00
2.605615854263305664e-01
-8.616375923156738281e-01
1.023932814598083496e+00
8.045814037322998047e-01
-2.825797200202941895e-01
2.897978305816650391e+00
-4.802756905555725098e-01
-4.786441922187805176e-01
2.497163295745849609e+00
1.523733139038085938e-02
-7.916439771652221680e-01
-2.626925230026245117e+00
-2.006011962890625000e+00
3.647612035274505615e-01
-2.627743244171142578e+00
-3.744102716445922852e+00
1.567971229553222656e+00
-4.327316284179687500e-01
8.718910813331604004e-01
3.110007643699645996e-01
9.437742233276367188e-01
1.348336815834045410e+00
3.685528755187988281e+00
3.755261898040771484e+00
3.007447004318237305e+00
-1.168334841728210449e+00
3.248865842819213867e+00
-2.435539364814758301e-01
3.650559186935424805e-01
-1.999336123466491699e+00
-7.832782268524169922e-01
4.319407939910888672e-01
2.323807239532470703e+00
-2.951971054077148438e+00
7.141344547271728516e-01
1.380961894989013672e+00
7.204509973526000977e-01
1.358875870704650879e+00
1.534052491188049316e+00
-1.742750048637390137e+00
1.199108362197875977e+00
7.892417907714843750e-02
3.541283607482910156e+00
-6.033635139465332031e-02
1.376026153564453125e+00
-8.592293262481689453e-01
2.093067646026611328e+00
2.505986452102661133e+00
3.628722906112670898e+00
2.875001192092895508e+00
2.362906694412231445e+00
1.328933715820312500e+00
4.030529499053955078e+00
-1.679391145706176758e+00
4.770070075988769531e+00
-2.737020969390869141e+00
-8.248567581176757812e-02
-7.557427883148193359e-02
-3.773565292358398438e+00
1.182923078536987305e+00
-1.253617048263549805e+00
2.206045866012573242e+00
-2.783617734909057617e+00
-1.895500183105468750e+00
4.437588453292846680e-01
1.453402042388916016e+00
1.781409502029418945e+00
1.877506494522094727e+00
-4.275483608245849609e+00
3.211041450500488281e+00
1.194835305213928223e-01
-2.927089691162109375e+00
-4.963946819305419922e+00
9.060602188110351562e-01
-1.012426495552062988e+00
1.123134613037109375e+00
-6.893413662910461426e-01
-1.367095708847045898e+00
-1.722620248794555664e+00
2.266911983489990234e+00
2.455693483352661133e+00
-2.694851160049438477e-01
1.112857580184936523e+00
-2.850594520568847656e+00
-2.140246391296386719e+00
-3.325832486152648926e-01
-1.163463473320007324e+00
-7.111495137214660645e-01
1.853033304214477539e-01
9.284698963165283203e-01
1.187948465347290039e+00
8.291280269622802734e-01
-1.233490705490112305e-01
1.281563401222229004e+00
-9.606391787528991699e-01
-1.203897476196289062e+00
1.330574750900268555e+00
-2.065578222274780273e+00
5.161507129669189453e-01
-7.409815788269042969e-01
5.885436534881591797e-01
-1.301212430000305176e+00
5.363717079162597656e-01
-1.782502651214599609e+00
-4.039037704467773438e+00
-4.166372776031494141e+00
5.828070640563964844e-02
-8.486437797546386719e-02
-1.302435100078582764e-01
1.384791970252990723e+00
-1.631459355354309082e+00
-1.231078624725341797e+00
-7.734357118606567383e-01
-4.048869609832763672e+00
-1.361947417259216309e+00
-1.226036190986633301e+00
1.601469039916992188e+00
6.018714904785156250e-01
-1.074773073196411133e+00
-8.183327317237854004e-01
-1.513798236846923828e+00
-2.523727655410766602e+00
-2.309179306030273438e+00
-2.237648010253906250e+00
-4.908474683761596680e-01
-8.973511457443237305e-01
-1.154584407806396484e+00
-1.374509572982788086e+00
-6.257894635200500488e-01
1.903434514999389648e+00
-3.321492671966552734e-01
2.161756515502929688e+00
-3.687940835952758789e+00
-4.088997542858123779e-01
-9.873338341712951660e-01
-2.917745113372802734e-01
-1.455041766166687012e-01
-5.519128441810607910e-01
-4.666050910949707031e+00
1.936977863311767578e+00
4.273369312286376953e-01
-6.673702597618103027e-02
-1.940411448478698730e+00
3.206618309020996094e+00
-1.141475439071655273e+00
4.843232333660125732e-01
2.337315559387207031e+00
1.603795140981674194e-01
-1.713541507720947266e+00
-1.042576670646667480e+00
-7.906998991966247559e-01
-2.505390644073486328e-01
-4.129601001739501953e+00
-6.219748258590698242e-01
-2.646708011627197266e+00
1.874864101409912109e+00
-2.284736871719360352e+00
3.348144590854644775e-01
-3.006758451461791992e+00
-1.501414537429809570e+00
-2.514579534530639648e+00
-1.158031225204467773e+00
-1.415050983428955078e+00
-3.703130781650543213e-01
-3.625625371932983398e-02
-1.446520447731018066e+00
-3.164302408695220947e-01
-1.126248240470886230e-01
6.636565327644348145e-01
1.581673622131347656e+00
-2.110507965087890625e+00
9.400090575218200684e-01
-1.663456082344055176e+00
1.763377308845520020e+00
-1.488713622093200684e-01
-4.127826690673828125e-01
7.947951555252075195e-02
-1.379642486572265625e+00
-2.416763067245483398e+00
5.421833395957946777e-01
9.598684310913085938e-01
-1.074504733085632324e+00
-4.400066852569580078e+00
-3.770088672637939453e+00
-1.927613735198974609e+00
-8.916314840316772461e-01
-1.452799320220947266e+00
-7.955280542373657227e-01
-1.928500533103942871e+00
-1.927976012229919434e+00
-1.620534658432006836e+00
-3.734979629516601562e-01
-2.209324240684509277e-01
-4.745670318603515625e+00
-2.759301424026489258e+00
1.461818456649780273e+00
3.018240034580230713e-01
-3.122981309890747070e+00
-1.596727609634399414e+00
-1.847872614860534668e+00
-1.676648855209350586e-03
-2.384847402572631836e+00
-5.730813980102539062e+00
2.204019576311111450e-01
-1.540780305862426758e+00
-1.484056711196899414e+00
-1.224385380744934082e+00
-2.351075649261474609e+00
-3.109567880630493164e+00
-1.026285529136657715e+00
-1.764560580253601074e+00
-1.950136184692382812e+00
-2.840670645236968994e-01
-1.688125014305114746e+00
-2.843319416046142578e+00
-1.446815967559814453e+00
-2.450834751129150391e+00
-3.428602457046508789e+00
-3.667302131652832031e+00
-4.924507141113281250e+00
-7.528312206268310547e-01
-2.338804006576538086e+00
-2.591744661331176758e-01
-1.049428105354309082e+00
-1.242413282394409180e+00
-8.676327466964721680e-01
-1.094472527503967285e+00
1.086303353309631348e+00
-3.749983310699462891e+00
-7.062599062919616699e-01
2.116821765899658203e+00
-2.360174357891082764e-01
-1.665765047073364258e-02
-1.453093647956848145e+00
-2.007143974304199219e+00
1.517614603042602539e+00
-6.764900088310241699e-01
2.473200261592864990e-01
-4.041880369186401367e-03
3.029796123504638672e+00
1.172075986862182617e+00
2.214437246322631836e+00
-1.433461308479309082e+00
-1.459005594253540039e+00
3.960554599761962891e-01
-1.039556026458740234e+00
7.054679989814758301e-01
-2.673825979232788086e+00
5.075036287307739258e-01
-1.247486829757690430e+00
1.027551174163818359e+00
2.922965288162231445e-01
9.269304275512695312e-01
3.697195768356323242e+00
6.645571589469909668e-01
4.015252292156219482e-01
-8.541020154953002930e-01
-2.908359050750732422e+00
-9.306826591491699219e-01
-7.710113525390625000e-01
-1.181181430816650391e+00
1.442475557327270508e+00
-8.361653685569763184e-01
-2.144333839416503906e+00
-3.864132165908813477e+00
-4.020050466060638428e-01
1.105661630630493164e+00
1.166549205780029297e+00
3.291441917419433594e+00
1.530096530914306641e-01
-3.316726684570312500e-01
3.714894294738769531e+00
8.211654424667358398e-01
7.457698583602905273e-01
-2.147638320922851562e+00
-3.382299423217773438e+00
8.816012144088745117e-01
2.761523485183715820e+00
-8.839273452758789062e-01
8.453774452209472656e-02
1.327335834503173828e-02
3.807356834411621094e+00
-5.044811367988586426e-01
3.810753822326660156e-01
-2.517388820648193359e+00
-1.146810173988342285e+00
4.193004369735717773e-01
2.754556417465209961e+00
1.037546157836914062e+00
1.350880384445190430e+00
1.363689064979553223e+00
-3.182255625724792480e-01
8.017169237136840820e-01
-1.717000722885131836e+00
-3.805529475212097168e-01
-1.289328575134277344e+00
-1.735841155052185059e+00
2.668171525001525879e-01
4.229699611663818359e+00
1.007658720016479492e+00
8.645880818367004395e-01
1.225702643394470215e+00
2.886528968811035156e-01
5.267729163169860840e-01
3.442777872085571289e+00
-6.831403374671936035e-01
1.535004973411560059e-01
-3.104645609855651855e-01
3.695386648178100586e-01
-4.356944561004638672e-01
-7.980998158454895020e-01
9.276272058486938477e-01
8.969382047653198242e-01
-2.580558061599731445e-01
4.024131894111633301e-01
2.373369693756103516e+00
1.429324030876159668e+00
-3.593332171440124512e-01
6.354590058326721191e-01
2.144713163375854492e+00
-9.676966667175292969e-01
-1.960413098335266113e+00
-6.994197368621826172e-01
-3.667547702789306641e-01
-1.894819736480712891e+00
-2.213603258132934570e+00
-3.279834032058715820e+00
-1.399162888526916504e+00
-3.951840162277221680e+00
-2.528460264205932617e+00
-3.046583890914916992e+00
-3.270683050155639648e+00
-1.243521213531494141e+00
-1.278239369392395020e+00
1.090153574943542480e+00
-1.069557309150695801e+00
2.317929863929748535e-01
2.343676686286926270e-01
-1.943010807037353516e+00
1.110061645507812500e+00
-1.595743417739868164e+00
1.214655995368957520e+00
-4.236149787902832031e-01
2.458267450332641602e+00
2.849675655364990234e+00
2.071896076202392578e+00
2.880672216415405273e-01
-1.203363180160522461e+00
-1.558674454689025879e+00
-9.754961133003234863e-01
2.101118564605712891e+00
2.642083168029785156e-01
-2.036326408386230469e+00
9.163898229598999023e-02
4.726411342620849609e+00
-1.405602455139160156e+00
1.556632041931152344e+00
-3.783860206604003906e-01
-1.165844917297363281e+00
-1.872046470642089844e+00
-5.659987926483154297e-01
2.857559919357299805e-01
-7.090358138084411621e-01
3.137589931488037109e+00
2.905087172985076904e-01
-1.244335651397705078e+00
-2.497814893722534180e-01
2.066029071807861328e+00
8.535737395286560059e-01
2.289586305618286133e+00
-9.473112821578979492e-01
-1.839483618736267090e+00
2.044558286666870117e+00
1.920969963073730469e+00
-3.705238580703735352e+00
4.375815391540527344e+00
6.222397089004516602e-01
-1.152719259262084961e-01
-3.094759702682495117e+00
6.247521638870239258e-01
-4.177649974822998047e+00
-3.058381557464599609e+00
-1.872135400772094727e+00
5.059883594512939453e+00
2.842932343482971191e-01
2.808272123336791992e+00
6.864511966705322266e-01
4.123013615608215332e-01
8.962095379829406738e-01
-2.317539930343627930e+00
8.772186636924743652e-01
4.284234523773193359e+00
8.819032669067382812e+00
1.233830451965332031e+00
1.694362163543701172e+00
2.274056911468505859e+00
-1.613791942596435547e+00
-7.622297406196594238e-01
-3.789860248565673828e+00
-1.625806570053100586e+00
-5.379013419151306152e-01
5.453518390655517578e+00
3.183296203613281250e+00
-3.829026222229003906e-02
2.856895923614501953e+00
5.439808368682861328e-01
2.597045898437500000e+00
2.001859664916992188e+00
3.957340121269226074e-01
2.168205976486206055e+00
6.842802166938781738e-01
-7.493193745613098145e-01
-2.168718099594116211e+00
-8.148105144500732422e-01
-1.927499294281005859e+00
-7.746284008026123047e-01
2.952232360839843750e+00
-3.574315905570983887e-01
-1.915682435035705566e+00
-1.275532484054565430e+00
3.773588895797729492e+00
1.794172048568725586e+00
2.083561182022094727e+00
-3.776456713676452637e-01
-2.857218265533447266e+00
-5.108310699462890625e+00
-4.732000350952148438e+00
9.067929983139038086e-01
-2.850601673126220703e-01
2.338597059249877930e+00
1.576015353202819824e-01
-1.596074700355529785e+00
2.209259986877441406e+00
-1.430109620094299316e+00
-5.845625400543212891e-01
-5.582013130187988281e+00
1.392967343330383301e+00
-3.840448141098022461e+00
-8.575444221496582031e-01
4.635188579559326172e-01
-4.402379989624023438e+00
3.567414283752441406e+00
-4.763900041580200195e-01
-2.850239753723144531e+00
-2.548222303390502930e+00
2.491435050964355469e+00
1.637765645980834961e+00
3.643361568450927734e+00
1.378400325775146484e+00
-2.501312017440795898e+00
2.134919881820678711e+00
4.897872805595397949e-01
-9.428128004074096680e-01
-2.127931267023086548e-01
4.294772446155548096e-01
1.535227894783020020e+00
9.965877532958984375e-01
6.428594589233398438e-01
2.291749477386474609e+00
1.671630620956420898e+00
6.320754289627075195e-01
2.846047282218933105e-01
6.945564746856689453e-01
-1.814196944236755371e+00
3.693964719772338867e+00
-4.113086700439453125e+00
-2.200556516647338867e+00
-8.640391230583190918e-01
1.331607103347778320e+00
-1.382726907730102539e+00
-5.940267086029052734e+00
-2.494822025299072266e+00
-1.506591796875000000e+00
-1.143515586853027344e+00
-1.101372241973876953e+00
4.900320053100585938e+00
1.156278371810913086e+00
1.491093635559082031e+00
1.248849749565124512e+00
-3.139827013015747070e+00
4.687497317790985107e-01
-1.354790449142456055e+00
-1.608138561248779297e+00
-5.911729931831359863e-01
-9.268008470535278320e-01
-8.372486829757690430e-01
-4.236549377441406250e+00
-6.537621021270751953e-01
4.822825908660888672e+00
-2.110037088394165039e+00
1.998292207717895508e+00
5.932415962219238281e+00
-5.053971290588378906e+00
-6.449909687042236328e+00
1.342068195343017578e+00
4.836688041687011719e-01
2.216629266738891602e+00
7.783051490783691406e+00
1.708137631416320801e+00
-3.085099697113037109e+00
-2.424044609069824219e-01
-1.486043095588684082e+00
-2.169090032577514648e+00
-1.607253909111022949e+00
-3.585673809051513672e+00
-7.164106369018554688e-01
-2.847508907318115234e+00
7.715460777282714844e+00
-6.724954128265380859e+00
2.152637481689453125e+00
4.305694580078125000e+00
1.770395040512084961e-01
1.803665876388549805e+00
-2.449980974197387695e+00
6.389891624450683594e+00
3.533027648925781250e+00
-4.014340937137603760e-01
2.476467043161392212e-01
-1.342959880828857422e+00
-1.493531107902526855e+00
3.669990301132202148e+00
-1.455419778823852539e+00
6.826121807098388672e-01
2.812802076339721680e+00
-2.252820968627929688e+00
-2.312939643859863281e+00
-1.094733357429504395e+00
-2.671013116836547852e+00
-2.750728845596313477e+00
-3.385200977325439453e+00
4.392117023468017578e+00
-6.169885396957397461e-01
-1.340077400207519531e+00
6.711775064468383789e-02
-2.860984563827514648e+00
-3.968116044998168945e-01
-1.630568742752075195e+00
3.165501654148101807e-01
5.162487983703613281e+00
-3.012024879455566406e+00
-1.825396418571472168e+00
-1.188690423965454102e+00
4.320628643035888672e+00
-2.056628942489624023e+00
4.969120621681213379e-01
-3.938723802566528320e-01
3.723116636276245117e+00
-3.749644041061401367e+00
-1.816070795059204102e+00
8.971661567687988281e+00
-2.758233070373535156e+00
-1.850525379180908203e+00
-7.016209959983825684e-01
2.948912143707275391e+00
-1.086028218269348145e-01
-1.147227644920349121e+00
-6.961198449134826660e-01
7.850797176361083984e-01
2.222333431243896484e+00
2.527817249298095703e+00
-4.898353576660156250e+00
6.195687055587768555e-01
-4.344395160675048828e+00
-1.117036104202270508e+00
-9.996302723884582520e-01
-1.543886661529541016e+00
4.973897933959960938e-01
-1.047617912292480469e+00
2.215254306793212891e+00
1.031970882415771484e+01
1.156366348266601562e+00
-7.550448179244995117e-01
2.021101266145706177e-01
-1.864033937454223633e+00
3.847834110260009766e+00
1.432524919509887695e-01
9.185618162155151367e-01
2.702681779861450195e+00
-6.317747831344604492e-01
1.718369126319885254e+00
-2.495192766189575195e+00
1.149701833724975586e+00
-1.369330763816833496e+00
-6.723278164863586426e-01
-2.091067075729370117e+00
-3.739784240722656250e+00
1.154600858688354492e+00
-1.490233182907104492e+00
-1.317523241043090820e+00
1.750853538513183594e+00
-1.375717878341674805e+00
-1.408063769340515137e+00
-1.239218473434448242e+00
-3.876756906509399414e+00
4.980020523071289062e+00
2.520369052886962891e+00
-1.176911950111389160e+00
5.163033604621887207e-01
-1.262439191341400146e-01
-2.409170866012573242e+00
-3.921581506729125977e+00
-4.361223280429840088e-01
7.635760307312011719e-02
5.303565502166748047e+00
4.125260353088378906e+00
2.130640983581542969e+00
-2.619448184967041016e+00
-1.724964261054992676e+00
-3.566946983337402344e+00
-3.857847452163696289e-01
-7.076443433761596680e-01
-8.519710898399353027e-01
2.701726853847503662e-01
1.667816042900085449e+00
2.360730648040771484e+00
2.789341509342193604e-01
4.153107643127441406e+00
9.682492613792419434e-01
3.339855909347534180e+00
-5.533494353294372559e-01
-1.801442384719848633e+00
3.653288841247558594e+00
1.188190698623657227e+00
1.817315340042114258e+00
-1.149029254913330078e+00
7.307097315788269043e-02
2.502238750457763672e-01
2.698865890502929688e+00
-1.087574839591979980e+00
1.884744167327880859e+00
2.111296415328979492e+00
-3.705372571945190430e+00
-2.943092584609985352e+00
-9.980065822601318359e-01
-1.515493869781494141e+00
-4.837204217910766602e-01
-2.062430381774902344e+00
2.192184209823608398e+00
1.540812253952026367e-01
-1.584633827209472656e+00
1.383619785308837891e+00
-1.116918563842773438e+00
-3.918058395385742188e+00
-1.656464576721191406e+00
-4.692745208740234375e+00
-2.788359403610229492e+00
8.118546605110168457e-01
-1.829211115837097168e+00
2.528061866760253906e-01
-5.652155280113220215e-01
2.910966873168945312e+00
2.512699365615844727e-02
7.417669296264648438e-01
6.835768222808837891e-01
3.662762641906738281e+00
-1.446084976196289062e+00
3.824892520904541016e+00
4.658763408660888672e-01
4.949656009674072266e+00
7.604526519775390625e+00
-2.304091930389404297e+00
4.104779720306396484e+00
6.719347834587097168e-01
3.481373786926269531e-01
1.751156687736511230e+00
-8.274909257888793945e-01
-1.221292018890380859e+00
3.721940040588378906e+00
-3.323212638497352600e-02
2.959764003753662109e-02
7.804012298583984375e-02
-1.300000429153442383e+00
-3.295068740844726562e-01
-2.394249916076660156e+00
6.962587356567382812e+00
-2.824749469757080078e+00
2.918323040008544922e+00
-2.671618461608886719e+00
-4.855437278747558594e+00
8.460348129272460938e+00
-2.322366237640380859e-01
-2.000377178192138672e+00
1.635972142219543457e+00
1.479703068733215332e+00
-5.157132625579833984e+00
6.261583566665649414e-01
6.121572256088256836e-01
1.128148078918457031e+00
1.707320451736450195e+00
6.748204827308654785e-01
-3.703637719154357910e-01
2.650020122528076172e+00
-4.385778427124023438e+00
4.735770225524902344e+00
-2.521315813064575195e+00
-1.084944725036621094e+00
8.215241432189941406e+00
5.184676051139831543e-01
-4.446449279785156250e+00
6.139168739318847656e+00
-1.475386023521423340e+00
2.440395832061767578e+00
-1.000936388969421387e+00
-5.460372447967529297e+00
3.274311423301696777e-01
1.979126095771789551e+00
4.588730812072753906e+00
2.091763019561767578e+00
3.922058343887329102e+00
-6.489232778549194336e-01
-8.405287265777587891e-01
8.747754693031311035e-01
-2.045412778854370117e+00
1.686421036720275879e-01
2.537380933761596680e+00
-1.009160995483398438e+00
-2.071363925933837891e+00
-1.548500537872314453e+00
-2.373753070831298828e+00
-1.019442558288574219e+00
5.400422215461730957e-01
-5.995497226715087891e+00
-1.831877708435058594e+00
1.368349432945251465e+00
-3.914136409759521484e+00
-3.109045028686523438e+00
2.164632797241210938e+00
4.292637825012207031e+00
-1.883499979972839355e+00
-3.926885366439819336e+00
3.539327144622802734e+00
5.541068315505981445e-01
5.255829095840454102e-01
3.168012619018554688e+00
-1.158130645751953125e+00
1.099561572074890137e+00
-4.502942562103271484e-01
-8.658666014671325684e-01
-2.474531173706054688e+00
1.614782512187957764e-01
2.234027862548828125e+00
-2.565264225006103516e+00
-5.299277305603027344e+00
-6.256043910980224609e-01
-2.804857492446899414e+00
3.018322706222534180e+00
-3.870256900787353516e+00
2.954602241516113281e+00
2.963232994079589844e-01
1.128606557846069336e+00
2.616390228271484375e+00
1.622793316841125488e+00
4.373889446258544922e+00
1.075802445411682129e+00
-1.051054596900939941e+00
-4.397195577621459961e-02
-2.355382919311523438e+00
1.451568126678466797e+00
-1.590323925018310547e+00
-9.127439260482788086e-01
1.724139451980590820e-01
-1.503515362739562988e+00
1.239093065261840820e+00
-3.925249576568603516e-01
6.134074926376342773e-01
6.296119689941406250e-01
-5.699657201766967773e-01
-4.734044075012207031e-01
-4.461828231811523438e+00
-1.720817923545837402e+00
-8.876979351043701172e-01
-2.276253461837768555e+00
-3.497846126556396484e-01
3.568042755126953125e+00
-1.252608299255371094e+00
-1.192875385284423828e+00
-8.750178813934326172e-01
-4.691395759582519531e+00
-1.240400791168212891e+00
-3.311007916927337646e-01
1.530593991279602051e+00
-1.564719438552856445e+00
7.172234535217285156e+00
4.595688819885253906e+00
6.075522303581237793e-01
-2.788207769393920898e+00
3.138750791549682617e-01
-9.389752745628356934e-01
-1.083800911903381348e+00
1.922828197479248047e+00
1.399107217788696289e+00
-6.010832190513610840e-01
-3.958630561828613281e-01
-8.227998018264770508e-01
7.049932479858398438e-01
-3.494018316268920898e-01
-1.983175754547119141e+00
1.508292436599731445e+00
2.687763690948486328e+00
3.545706272125244141e-01
2.144469976425170898e+00
1.674660682678222656e+00
-1.210404634475708008e+00
-2.218848705291748047e+00
-9.786542654037475586e-01
-4.165111780166625977e-01
-3.153885841369628906e+00
-1.521916151046752930e+00
7.746551036834716797e-01
3.025482416152954102e+00
-1.746886253356933594e+00
1.572945237159729004e+00
-5.657094717025756836e-01
1.172179698944091797e+00
1.816729664802551270e+00
4.756992459297180176e-01
3.375501155853271484e+00
-1.212036848068237305e+00
-1.181462764739990234e+00
2.645894885063171387e-02
-2.214436054229736328e+00
2.141169071197509766e+00
9.951609373092651367e-01
-4.986101388931274414e-01
1.410028934478759766e+00
1.793797612190246582e+00
6.914753913879394531e+00
-2.233496189117431641e+00
2.706252574920654297e+00
-1.513388633728027344e+00
1.347822189331054688e+00
1.238948822021484375e+00
-3.824160337448120117e+00
-1.831060409545898438e+00
4.002618789672851562e-02
-2.873227894306182861e-01
-5.546060562133789062e+00
2.324755430221557617e+00
-6.697320938110351562e-02
-1.996345758438110352e+00
-2.668303966522216797e+00
9.833813667297363281e+00
-1.684217691421508789e+00
3.284091234207153320e+00
-2.164746522903442383e+00
2.007958412170410156e+00
9.623738527297973633e-01
-3.231268167495727539e+00
3.469729661941528320e+00
-3.862544059753417969e+00
2.520124435424804688e+00
3.922252655029296875e+00
-1.531090140342712402e-01
1.433956384658813477e+00
-1.391810178756713867e+00
-2.311721801757812500e+00
-9.678852558135986328e-01
-1.593244373798370361e-01
2.395562648773193359e+00
-4.342189788818359375e+00
3.519261121749877930e+00
-1.785486221313476562e+00
6.507815361022949219e+00
1.340466737747192383e+00
9.820150136947631836e-01
-9.037193655967712402e-01
8.989053368568420410e-01
-1.549633502960205078e+00
-1.174140214920043945e+00
5.407304286956787109e+00
6.244542121887207031e+00
5.757859706878662109e+00
-1.906282901763916016e+00
2.141287326812744141e+00
3.720908164978027344e+00
3.415244817733764648e+00
2.698852777481079102e+00
3.695827007293701172e+00
-9.116902947425842285e-02
4.764979839324951172e+00
1.634327173233032227e+00
2.724707424640655518e-01
-1.199965834617614746e+00
3.579130887985229492e+00
-4.394448757171630859e+00
-3.104684114456176758e+00
-3.044452190399169922e+00
-2.255261898040771484e+00
-3.822607755661010742e+00
-5.342344284057617188e+00
3.405395150184631348e-01
-4.877861976623535156e+00
-3.424671411514282227e+00
-3.502120018005371094e+00
2.671882510185241699e-01
-5.127655267715454102e-01
-5.487060546875000000e-01
-3.438250541687011719e+00
-3.327528953552246094e+00
-3.576265811920166016e+00
-1.641813397407531738e+00
-1.642157077789306641e+00
7.730252742767333984e-01
-3.498325347900390625e+00
2.439504623413085938e+00
-1.258080959320068359e+00
-2.543167591094970703e+00
-2.210491180419921875e+00
3.089523613452911377e-01
-8.925344347953796387e-01
-2.070666790008544922e+00
-1.529042720794677734e+00
-2.305948734283447266e+00
-3.548491239547729492e+00
-4.663928985595703125e+00
-2.896190881729125977e+00
2.322150707244873047e+00
-6.336500644683837891e-01
-4.377610683441162109e+00
-4.580494880676269531e+00
-2.154660224914550781e+00
-2.999884366989135742e+00
-2.910820722579956055e+00
-3.134933471679687500e+00
4.460064888000488281e+00
-5.700873851776123047e+00
3.321675062179565430e-01
-1.991575241088867188e+00
4.396231174468994141e+00
4.972394704818725586e-01
2.837644577026367188e+00
7.949076175689697266e+00
-5.199933052062988281e-01
7.168091297149658203e+00
2.919497489929199219e+00
4.358135223388671875e+00
3.860521316528320312e+00
3.075347423553466797e+00
3.465288877487182617e+00
-1.109511375427246094e+00
7.663785219192504883e-01
5.452193260192871094e+00
6.312983036041259766e+00
4.856516838073730469e+00
-1.149019002914428711e+00
3.172653675079345703e+00
2.977568209171295166e-01
4.210432052612304688e+00
1.362559318542480469e+00
2.639106273651123047e+00
5.012982487678527832e-01
-1.168459177017211914e+00
-4.339195489883422852e-01
1.930649757385253906e+00
1.229594469070434570e+00
-1.505500555038452148e+00
6.397072076797485352e-01
1.534534215927124023e+00
