3.054220080375671387e-01
2.653006792068481445e+00
-8.173910379409790039e-01
1.310773491859436035e+00
1.948261976242065430e+00
8.982681035995483398e-01
2.565319776535034180e+00
-1.958862900733947754e+00
-1.881083846092224121e+00
-4.256683588027954102e-01
9.738147258758544922e-02
-4.115498065948486328e-02
-1.584824621677398682e-01
-1.415061473846435547e+00
2.121063947677612305e+00
-3.022163391113281250e+00
-1.239201068878173828e+00
-6.013289690017700195e-01
-3.315568864345550537e-01
-2.557788610458374023e+00
-4.156271457672119141e+00
4.958426952362060547e-01
1.718209147453308105e+00
-1.001568078994750977e+00
5.116724967956542969e-02
-3.553356647491455078e+00
-6.223360300064086914e-01
-2.165555715560913086e+00
-2.272193193435668945e+00
-1.015693902969360352e+00
-1.269811987876892090e+00
-1.402505487203598022e-01
-3.339668273925781250e+00
3.111713528633117676e-01
8.003932237625122070e-01
-1.107596039772033691e+00
-3.255665779113769531e+00
-2.094498872756958008e+00
4.570328891277313232e-01
2.571312487125396729e-01
6.091872453689575195e-01
-1.740011334419250488e+00
-2.985097885131835938e+00
-1.354695081710815430e+00
-6.493176221847534180e-01
3.990179598331451416e-01
5.155877470970153809e-01
7.616311311721801758e-02
1.747786283493041992e+00
-3.365641832351684570e-01
3.396833896636962891e+00
-1.026703119277954102e+00
-3.671543598175048828e-01
-4.233381748199462891e+00
-1.107730031013488770e+00
2.051272392272949219e+00
-2.992333889007568359e+00
-5.831907272338867188e+00
1.761130809783935547e+00
-1.939186692237854004e+00
-5.719811916351318359e-01
1.157892107963562012e+00
5.593330264091491699e-01
-2.482047796249389648e+00
1.429244637489318848e+00
1.307308793067932129e+00
9.752642512321472168e-01
3.529816567897796631e-01
-1.180423021316528320e+00
-1.508948087692260742e+00
-4.484608650207519531e+00
-2.063335418701171875e+00
-1.518681287765502930e+00
6.067995354533195496e-02
2.239876031875610352e+00
-2.379970312118530273e+00
2.333395957946777344e+00
1.183229684829711914e+00
1.572957396507263184e+00
-7.606238126754760742e-01
9.047278165817260742e-01
-3.055930733680725098e-01
-2.981259226799011230e-01
-3.903627395629882812e-02
2.525613307952880859e+00
-1.728196620941162109e+00
-1.538292169570922852e-01
-1.254363775253295898e+00
2.351146459579467773e+00
3.743595361709594727e+00
1.449522256851196289e+00
-1.999970197677612305e+00
3.958711326122283936e-01
-8.579358458518981934e-01
1.227413177490234375e+00
-3.203501701354980469e+00
1.519104123115539551e+00
-4.812098741531372070e-01
-3.488031148910522461e+00
2.073426485061645508e+00
8.066221475601196289e-01
1.721852064132690430e+00
-3.782481193542480469e+00
1.442360162734985352e+00
-3.384208202362060547e+00
-2.708439111709594727e+00
-4.588931798934936523e-03
4.228579998016357422e+00
3.254997014999389648e+00
6.544557094573974609e+00
3.691119551658630371e-01
-2.526050090789794922e+00
2.113219022750854492e+00
6.010341644287109375e-01
-2.700792074203491211e+00
3.038182258605957031e+00
-1.472287058830261230e+00
5.560860157012939453e+00
9.346398115158081055e-01
-9.006877541542053223e-01
-3.250859498977661133e+00
1.169448137283325195e+00
6.362993121147155762e-01
-1.835714340209960938e+00
8.038163185119628906e-02
3.205028533935546875e+00
-1.492678165435791016e+00
1.309898138046264648e+00
-1.288038015365600586e+00
1.227523565292358398e+00
3.975589752197265625e+00
-1.618973731994628906e+00
2.273590803146362305e+00
-3.888754844665527344e-01
9.960809946060180664e-01
-4.654575586318969727e-01
-1.670833587646484375e+00
-2.273105621337890625e+00
-7.102252244949340820e-01
-2.307079076766967773e+00
-3.459968566894531250e-01
-2.414032220840454102e+00
-3.489640951156616211e-01
-2.322781085968017578e+00
2.133668184280395508e+00
-5.890038013458251953e-01
-3.340223312377929688e+00
-4.739352166652679443e-01
-8.419813513755798340e-01
2.970486640930175781e+00
-7.095075845718383789e-01
2.473908662796020508e-01
-3.018563270568847656e+00
-3.060763835906982422e+00
-5.685812473297119141e+00
-1.882237195968627930e+00
1.334125041961669922e+00
2.871942520141601562e-02
-4.953075051307678223e-01
1.868252635002136230e+00
1.351629257202148438e+00
1.357723116874694824e+00
1.639689922332763672e+00
-9.079942703247070312e-01
-1.235689878463745117e+00
-2.098453044891357422e+00
1.723801255226135254e+00
1.087720751762390137e+00
2.893276214599609375e+00
1.923453330993652344e+00
4.031857967376708984e+00
8.583596348762512207e-02
3.229738712310791016e+00
4.350561141967773438e+00
-2.384472370147705078e+00
1.742584109306335449e-01
1.342763781547546387e+00
4.204416573047637939e-01
3.786734819412231445e+00
2.872302569448947906e-02
4.875650405883789062e-01
3.529191493988037109e+00
-3.569452166557312012e-01
5.091895580291748047e+00
1.407800316810607910e+00
3.246074676513671875e+00
-1.062235701829195023e-02
-1.492514610290527344e+00
4.487506389617919922e+00
3.943977117538452148e+00
3.643709659576416016e+00
2.083753585815429688e+00
1.679649353027343750e+00
-1.223713159561157227e+00
3.488144576549530029e-01
-4.911221861839294434e-01
-1.177489235997200012e-01
5.604581832885742188e+00
2.679863452911376953e+00
3.808046579360961914e+00
-1.157720088958740234e+00
-4.509206861257553101e-02
3.557714700698852539e+00
4.078116416931152344e+00
-4.596073031425476074e-01
5.664448142051696777e-01
2.560062646865844727e+00
1.338364958763122559e+00
9.173380136489868164e-01
2.495748758316040039e+00
1.791212558746337891e+00
2.362671852111816406e+00
3.244571447372436523e+00
2.071322441101074219e+00
1.883662045001983643e-01
2.190699100494384766e+00
2.975311756134033203e+00
1.071063280105590820e+00
8.124734759330749512e-01
5.752620697021484375e-01
-1.951715588569641113e+00
4.222703456878662109e+00
2.242537975311279297e+00
1.085031867027282715e+00
-1.289843797683715820e+00
-1.008826017379760742e+00
3.946660041809082031e+00
-5.128787159919738770e-01
3.580546140670776367e+00
2.978417396545410156e+00
-2.923194408416748047e+00
-1.634042263031005859e+00
-1.581388235092163086e+00
3.845314264297485352e+00
1.095377922058105469e+00
-2.190611839294433594e+00
-1.316533684730529785e+00
1.549901962280273438e+00
3.080908656120300293e-01
-1.667890548706054688e+00
1.470410823822021484e-01
7.462111711502075195e-01
2.113468170166015625e+00
1.172982692718505859e+00
-3.455440521240234375e+00
4.081636667251586914e-01
3.748930454254150391e+00
4.916056632995605469e+00
1.974346876144409180e+00
2.412648677825927734e+00
-4.649504423141479492e-01
4.934045314788818359e+00
-2.494355916976928711e+00
7.557721734046936035e-01
-1.407841801643371582e+00
1.402289867401123047e+00
-8.374695777893066406e-01
2.230357170104980469e+00
1.719414710998535156e+00
-4.373751640319824219e+00
-1.851721763610839844e+00
-3.469239473342895508e+00
-2.412449598312377930e+00
-3.477874040603637695e+00
1.714548587799072266e+00
1.596017956733703613e+00
5.748681426048278809e-01
6.170271873474121094e+00
-6.535518169403076172e-01
1.608750462532043457e+00
-3.155852556228637695e-01
-5.339412689208984375e-01
9.211228489875793457e-01
1.370641112327575684e+00
8.583133220672607422e-01
-3.587107896804809570e+00
-2.566955327987670898e+00
-2.282502412796020508e+00
-2.697002887725830078e+00
-1.090540409088134766e+00
-4.121738910675048828e+00
4.666208624839782715e-01
-3.613693416118621826e-01
-1.406560659408569336e+00
-3.602996587753295898e+00
-2.643418788909912109e+00
-9.437945485115051270e-02
-4.140130043029785156e+00
-2.774479687213897705e-01
-1.746490240097045898e+00
1.446215391159057617e+00
-4.367970466613769531e+00
2.367842674255371094e+00
-8.400167226791381836e-01
1.539515018463134766e+00
7.384986877441406250e-01
4.181410312652587891e+00
-1.889082670211791992e+00
-4.744715690612792969e+00
-6.074789047241210938e+00
-4.787671566009521484e+00
1.012981534004211426e+00
-2.862713098526000977e+00
-2.062420845031738281e+00
-1.771350622177124023e+00
-2.375693798065185547e+00
-2.153171539306640625e+00
-2.016771435737609863e-01
-2.627228498458862305e-01
2.000169754028320312e+00
4.734145641326904297e+00
-9.696221351623535156e-01
-3.497464418411254883e+00
3.438713550567626953e-01
-3.544381260871887207e-01
-1.871767878532409668e+00
-4.081469058990478516e+00
-4.066397666931152344e+00
-2.180747509002685547e+00
-1.804857492446899414e+00
-3.923990011215209961e+00
-1.042473912239074707e+00
-2.766960144042968750e+00
1.454069614410400391e-01
-4.083570003509521484e+00
-1.320509195327758789e+00
-5.407112598419189453e+00
2.750488758087158203e+00
-1.488648653030395508e+00
2.571875572204589844e+00
-1.154289245605468750e+00
-1.906229496002197266e+00
2.342534065246582031e-01
8.672773241996765137e-01
-2.605657100677490234e+00
-2.356170415878295898e+00
-2.933687686920166016e+00
-2.699996948242187500e+00
-2.770068645477294922e+00
2.729728937149047852e+00
4.766787528991699219e+00
3.196564197540283203e+00
3.784222126007080078e+00
7.539848089218139648e-01
1.913975715637207031e+00
3.169317960739135742e+00
2.426405191421508789e+00
5.043831825256347656e+00
2.268348217010498047e+00
-4.881260991096496582e-01
-7.020172476768493652e-01
-5.033716559410095215e-01
-3.663531780242919922e+00
-1.748958110809326172e+00
9.383550882339477539e-01
-2.011598587036132812e+00
-2.341632604598999023e+00
-1.558565974235534668e+00
4.116567373275756836e-01
-1.644253730773925781e+00
-1.375451683998107910e+00
-5.697403550148010254e-01
-4.003849506378173828e+00
-4.431851387023925781e+00
-1.225807547569274902e+00
-7.784284353256225586e-01
-1.565382480621337891e+00
-5.008088588714599609e+00
-4.589243888854980469e+00
-2.402932405471801758e+00
-3.104246377944946289e+00
-3.955194473266601562e+00
-5.787981510162353516e+00
-5.316614151000976562e+00
-3.866307258605957031e+00
-4.296992301940917969e+00
-5.535989403724670410e-01
-2.531940460205078125e+00
-2.939049720764160156e+00
-2.196717739105224609e+00
-2.794799327850341797e+00
-1.804214835166931152e+00
-2.989041328430175781e+00
-6.397643089294433594e-01
-1.489218235015869141e+00
3.586542844772338867e+00
2.298809051513671875e+00
9.446668624877929688e-01
-1.804383993148803711e-01
3.552263975143432617e-02
1.557868480682373047e+00
2.429004669189453125e+00
4.084662914276123047e+00
4.993215560913085938e+00
2.207224607467651367e+00
7.694755196571350098e-01
7.441520214080810547e+00
1.912950396537780762e+00
3.081080675125122070e+00
-3.912994861602783203e-01
-4.147425174713134766e+00
-2.557521820068359375e+00
1.566706657409667969e+00
-2.331344842910766602e+00
1.689982175827026367e+00
2.569773674011230469e+00
-3.687671899795532227e+00
-6.636261940002441406e-01
-1.227162361145019531e+00
2.469403028488159180e+00
5.591245651245117188e+00
2.635303735733032227e-01
-3.043195962905883789e+00
1.219616383314132690e-01
2.770448207855224609e+00
1.479997634887695312e+00
-1.624428033828735352e+00
4.904632091522216797e+00
-2.971151351928710938e+00
9.879129528999328613e-01
-2.153138399124145508e+00
2.085286378860473633e-01
-8.812272548675537109e-01
-2.461707353591918945e+00
2.728402137756347656e+00
4.412137031555175781e+00
2.439834475517272949e-01
1.658025026321411133e+00
9.113615751266479492e-01
3.107117414474487305e+00
-1.874768257141113281e+00
-1.424792885780334473e+00
-9.592518806457519531e-01
4.664365768432617188e+00
3.315204858779907227e+00
2.777275800704956055e+00
1.046967506408691406e+00
4.745247960090637207e-01
-2.514312744140625000e+00
-2.883701086044311523e+00
-3.489694118499755859e+00
-3.337600231170654297e-01
-1.658051967620849609e+00
4.127135753631591797e+00
2.420508265495300293e-01
-5.414177775382995605e-01
2.931366443634033203e+00
1.278754353523254395e+00
3.727763652801513672e+00
1.425388455390930176e-02
2.263744115829467773e+00
-1.268270254135131836e+00
1.547430038452148438e+00
-1.861315488815307617e+00
-2.627510547637939453e+00
-2.634074687957763672e+00
-3.688468456268310547e+00
3.885731697082519531e-01
-8.566413819789886475e-02
-2.957451939582824707e-01
-4.798790812492370605e-02
-4.852088689804077148e-01
-6.626707911491394043e-01
8.288063406944274902e-01
1.771820664405822754e+00
3.657700419425964355e-01
-3.784820079803466797e+00
8.498041629791259766e-01
-2.050866842269897461e+00
-2.572292804718017578e+00
-8.546457290649414062e-01
-2.123228311538696289e+00
2.176094532012939453e+00
-3.285181045532226562e+00
6.083643436431884766e+00
1.232676148414611816e+00
2.364774703979492188e+00
-7.351317405700683594e+00
1.770749568939208984e+00
-4.387840747833251953e+00
2.321643829345703125e+00
-8.297588825225830078e-01
-1.774064421653747559e+00
2.531768083572387695e+00
-2.163178443908691406e+00
-3.971558570861816406e+00
1.829252958297729492e+00
9.119458198547363281e-01
9.378821849822998047e-01
5.226570963859558105e-01
2.036176919937133789e+00
-3.156177282333374023e+00
4.716736078262329102e-01
-1.335350275039672852e+00
-2.549591541290283203e+00
1.276857972145080566e+00
1.865275144577026367e+00
-2.381327152252197266e-01
1.723424673080444336e+00
-1.640674591064453125e+00
-1.457500606775283813e-01
-1.123682618141174316e+00
3.737014055252075195e+00
-2.561013460159301758e+00
2.223554849624633789e+00
1.043413043022155762e+00
-4.477763175964355469e-02
-1.809120625257492065e-01
-5.314570069313049316e-01
-3.816291689872741699e-01
-9.442525506019592285e-01
-1.928863406181335449e+00
-6.430956840515136719e+00
1.606641530990600586e+00
-2.374853372573852539e+00
1.503674268722534180e+00
-2.555230855941772461e+00
9.165896773338317871e-01
4.764544963836669922e+00
6.676797866821289062e-01
-1.424760222434997559e-01
-5.623443424701690674e-02
7.794561982154846191e-01
-1.296339750289916992e+00
-8.288761973381042480e-01
-3.171792924404144287e-01
1.764532923698425293e-01
-1.758780121803283691e+00
-4.679072856903076172e+00
2.563170909881591797e+00
3.856323003768920898e+00
-3.619322478771209717e-01
-3.254420280456542969e+00
6.214941978454589844e+00
-2.480741024017333984e+00
-7.651334762573242188e+00
5.556601285934448242e-02
4.613275051116943359e+00
1.932685971260070801e+00
2.927149534225463867e+00
-3.710212707519531250e+00
-2.218610763549804688e+00
4.134793877601623535e-01
-3.573353886604309082e-01
-2.587471723556518555e+00
-5.675432682037353516e-01
-2.555440664291381836e+00
-3.162777423858642578e+00
-2.066865921020507812e+00
7.165114879608154297e+00
-5.966436862945556641e+00
-2.362344503402709961e+00
3.052205562591552734e+00
6.636339426040649414e-01
-1.111006021499633789e+00
-1.567674040794372559e+00
6.240091800689697266e+00
3.901902675628662109e+00
-8.231217861175537109e-01
-2.253398418426513672e+00
6.708834171295166016e-01
-2.175370216369628906e+00
4.231729984283447266e+00
-1.184128522872924805e+00
9.850020408630371094e-01
2.800335168838500977e+00
-3.172444581985473633e+00
-5.120800971984863281e+00
3.587616920471191406e+00
-5.235860347747802734e-01
5.272969603538513184e-01
-5.366265296936035156e+00
1.737376213073730469e+00
-3.175991773605346680e+00
-6.290050148963928223e-01
-1.886486530303955078e+00
-3.618380069732666016e+00
-1.269147157669067383e+00
-9.223535656929016113e-02
-5.077230930328369141e-01
6.266661167144775391e+00
-5.366634368896484375e+00
-2.596304893493652344e+00
-3.270558118820190430e+00
9.316858053207397461e-01
4.127203941345214844e+00
-2.768101692199707031e+00
-4.165352582931518555e-01
9.481167197227478027e-01
2.168018341064453125e+00
7.020252943038940430e-01
3.881349563598632812e+00
-1.927041292190551758e+00
1.558085083961486816e+00
-3.309558391571044922e+00
-2.670944213867187500e+00
1.806396007537841797e+00
-7.647637128829956055e-01
2.492222547531127930e+00
3.970330238342285156e+00
-2.149465084075927734e-01
1.609177827835083008e+00
-1.028654456138610840e+00
-1.857769489288330078e-01
-4.620712757110595703e+00
2.204986095428466797e+00
-2.039062261581420898e+00
-3.282887220382690430e+00
8.691639900207519531e-01
-1.569516181945800781e+00
2.774222373962402344e+00
8.477938652038574219e+00
-2.085809707641601562e-01
3.198520839214324951e-02
1.774989724159240723e+00
-1.806466341018676758e+00
4.918979167938232422e+00
3.690459430217742920e-01
-1.620119690895080566e+00
2.319824457168579102e+00
4.262374401092529297e+00
-5.214865803718566895e-01
-1.527846813201904297e+00
-4.218131065368652344e+00
-4.283758163452148438e+00
-3.082724094390869141e+00
-3.915159463882446289e+00
-5.689952373504638672e+00
-3.517556190490722656e-02
-2.305022716522216797e+00
-2.159483432769775391e+00
-1.593736886978149414e+00
-5.149902105331420898e-01
2.004971504211425781e-01
1.061303690075874329e-01
-2.387199878692626953e+00
6.908979415893554688e+00
5.880661010742187500e+00
3.363735675811767578e+00
3.519701719284057617e+00
-5.182476043701171875e+00
7.516889572143554688e-01
8.628786802291870117e-01
1.732805252075195312e+00
-1.976831436157226562e+00
4.505707740783691406e+00
4.845884799957275391e+00
2.608053207397460938e+00
-1.022843360900878906e+00
-2.412635803222656250e+00
1.346533656120300293e+00
2.640118837356567383e+00
-2.829356670379638672e+00
1.466306924819946289e+00
-1.321205615997314453e+00
1.619083046913146973e+00
-1.102608084678649902e+00
-2.644323110580444336e+00
5.535745143890380859e+00
-1.254562735557556152e-01
2.370442628860473633e+00
-4.084053516387939453e+00
-2.994812250137329102e+00
2.959261894226074219e+00
4.203060626983642578e+00
-6.568602323532104492e-01
-1.815564036369323730e+00
-1.557645916938781738e+00
2.239742279052734375e+00
-2.728369832038879395e-01
-5.823581218719482422e-01
4.992469549179077148e-01
8.405500650405883789e-01
-2.506942033767700195e+00
-3.944113731384277344e+00
2.537057995796203613e-01
1.619406044483184814e-01
-4.839965820312500000e+00
8.598270416259765625e-01
-1.394388079643249512e-02
2.779412269592285156e-02
-2.043499469757080078e+00
-9.199033975601196289e-01
-1.128543138504028320e+00
8.417667746543884277e-01
-2.043286085128784180e+00
-3.195957899093627930e+00
-4.083264350891113281e+00
1.579451084136962891e+00
-7.985498309135437012e-01
-2.689428329467773438e-01
1.233921527862548828e+00
2.587698698043823242e+00
3.124058246612548828e-02
-3.005551815032958984e+00
3.625350952148437500e+00
-2.502238750457763672e-02
4.864451289176940918e-01
1.664128661155700684e+00
2.078734874725341797e+00
2.616797685623168945e+00
6.861439704895019531e+00
-1.401259183883666992e+00
-3.321430683135986328e-01
2.074370622634887695e+00
7.625468969345092773e-01
4.242301583290100098e-01
3.163529336452484131e-01
-1.624298572540283203e+00
3.172352313995361328e+00
-1.352178335189819336e+00
-8.142338991165161133e-01
-2.015080451965332031e-01
-1.932697057723999023e+00
-3.310933113098144531e+00
-4.508358955383300781e+00
4.731886863708496094e+00
-1.726657152175903320e+00
8.165535330772399902e-02
2.918180823326110840e-01
-4.742940902709960938e+00
8.398451805114746094e+00
1.684754610061645508e+00
1.047038078308105469e+00
-3.263482332229614258e+00
1.496266365051269531e+00
-5.170960903167724609e+00
2.836717605590820312e+00
1.929081082344055176e+00
-1.145430088043212891e+00
3.424796342849731445e+00
3.396193027496337891e+00
-9.735553264617919922e-01
2.224032402038574219e+00
-2.995311498641967773e+00
5.049919128417968750e+00
-1.451361417770385742e+00
-4.080326080322265625e+00
2.614409923553466797e+00
1.703396320343017578e+00
-1.342172145843505859e+00
2.473371028900146484e+00
-1.215116739273071289e+00
8.431816101074218750e-02
-4.344589233398437500e+00
-6.222198009490966797e+00
3.796905279159545898e-01
-1.702391982078552246e+00
4.790699005126953125e+00
1.097817540168762207e+00
2.742398023605346680e+00
-8.506926894187927246e-01
-1.288674473762512207e+00
1.520529389381408691e+00
-1.522214412689208984e+00
-4.353567957878112793e-01
4.809736907482147217e-01
7.390648126602172852e-02
-2.294996500015258789e+00
2.239448308944702148e+00
-3.285905122756958008e-01
-1.403307676315307617e+00
-2.314409732818603516e+00
-6.150481700897216797e-01
-9.995884299278259277e-01
-2.636221408843994141e+00
-2.103405475616455078e+00
-4.788434505462646484e-02
2.661962270736694336e+00
3.302552223205566406e+00
-1.940758824348449707e+00
-1.226829588413238525e-01
2.172575950622558594e+00
-1.856778621673583984e+00
-2.456364393234252930e+00
7.892080545425415039e-01
4.946137070655822754e-01
-2.230355024337768555e+00
-1.168451309204101562e+00
-1.356115341186523438e-01
-3.287119388580322266e+00
8.025740385055541992e-01
3.355565071105957031e+00
-3.875838279724121094e+00
-5.218251943588256836e-01
-1.170296192169189453e+00
6.995010972023010254e-01
9.371750354766845703e-01
-2.237526655197143555e+00
2.392725467681884766e+00
-3.539964675903320312e+00
-4.200410246849060059e-01
4.063066005706787109e+00
1.715673506259918213e-01
7.362529754638671875e+00
4.547040939331054688e+00
3.964886188507080078e+00
-2.074290275573730469e+00
-3.255743026733398438e+00
2.155937671661376953e+00
-2.671718597412109375e+00
1.395361423492431641e+00
4.943883895874023438e+00
2.277172803878784180e+00
-3.920552253723144531e+00
1.803282737731933594e+00
5.344845771789550781e+00
1.688949704170227051e+00
1.650381088256835938e-02
-1.810867190361022949e-01
-3.879994869232177734e+00
1.980773657560348511e-01
-1.619587659835815430e+00
-3.695431709289550781e+00
-8.375995755195617676e-01
3.769062519073486328e+00
-1.069965839385986328e+00
-2.872593879699707031e+00
8.798063993453979492e-01
-6.348484158515930176e-01
-1.970200300216674805e+00
-3.289798974990844727e+00
-8.032205700874328613e-02
-2.448883533477783203e+00
6.358927726745605469e+00
6.401926875114440918e-01
-1.350727081298828125e+00
-2.033869743347167969e+00
3.267531394958496094e-01
-3.334228396415710449e-01
-4.263182640075683594e+00
5.624852180480957031e-01
5.418071746826171875e-01
-3.883627653121948242e+00
3.283646106719970703e-01
-2.237122297286987305e+00
1.915531635284423828e+00
3.990436077117919922e+00
1.028734683990478516e+00
5.460482835769653320e-01
1.847543001174926758e+00
1.931815862655639648e+00
2.748163223266601562e+00
3.099573135375976562e+00
1.795909881591796875e+00
-1.455410838127136230e+00
-1.200353384017944336e+00
-1.736878752708435059e+00
-3.278832435607910156e+00
-3.786910176277160645e-01
3.009250640869140625e+00
5.409893035888671875e+00
1.663035154342651367e+00
-1.121393322944641113e+00
2.805486917495727539e+00
4.201288223266601562e-01
-1.668239474296569824e+00
-2.313724279403686523e+00
3.761517047882080078e+00
1.970476061105728149e-01
-2.749135494232177734e+00
-2.411102294921875000e+00
1.309023022651672363e+00
-7.899342775344848633e-01
-2.001848220825195312e+00
1.582977533340454102e+00
5.932036638259887695e-01
-1.423667430877685547e+00
4.161740303039550781e+00
1.051333546638488770e+00
-7.501772046089172363e-01
-1.979794740676879883e+00
-6.876569986343383789e-02
-9.919926524162292480e-01
-3.339556694030761719e+00
9.600731730461120605e-02
9.395697116851806641e-01
-3.704447507858276367e+00
-4.648311138153076172e+00
3.017134428024291992e+00
2.127299308776855469e+00
-1.778508901596069336e+00
1.472520589828491211e+00
2.019738197326660156e+00
-2.680769205093383789e+00
3.916353702545166016e+00
7.994546294212341309e-01
-1.954572677612304688e+00
-6.796665191650390625e-01
9.752022027969360352e-01
3.593639135360717773e+00
-4.697095394134521484e+00
3.548099517822265625e+00
4.003300189971923828e+00
5.105321407318115234e-01
2.878096818923950195e+00
1.041814804077148438e+00
-3.488747119903564453e+00
-3.354271650314331055e-01
-2.070452272891998291e-01
3.274845123291015625e+00
-3.945261001586914062e+00
5.793136358261108398e-01
-1.585420846939086914e+00
6.369941711425781250e+00
1.849786043167114258e+00
-1.855683326721191406e-02
-3.573140621185302734e+00
2.919887542724609375e+00
-3.984349012374877930e+00
-7.857002615928649902e-01
5.699392318725585938e+00
2.781827211380004883e+00
3.240339279174804688e+00
-2.055744647979736328e+00
-6.982979774475097656e-01
6.297768592834472656e+00
9.370264410972595215e-01
1.895609736442565918e+00
1.667332887649536133e+00
1.519296288490295410e+00
3.229191780090332031e+00
5.235767960548400879e-01
-7.384549379348754883e-01
-5.085238456726074219e+00
-1.079931497573852539e+00
-4.778302669525146484e+00
-2.313380002975463867e+00
-3.546494960784912109e+00
-4.441492557525634766e-01
-4.019473552703857422e+00
-4.350009441375732422e+00
-4.694629311561584473e-01
-4.662764072418212891e+00
-4.532887458801269531e+00
-4.558822631835937500e+00
-9.945803880691528320e-01
-3.657694339752197266e+00
-5.558571815490722656e-01
-3.253576278686523438e+00
-5.635679244995117188e+00
-5.578666687011718750e+00
-2.106682538986206055e+00
-3.458311796188354492e+00
7.622984647750854492e-01
-4.565555572509765625e+00
2.864079475402832031e+00
7.721552848815917969e-01
-2.905309200286865234e-01
-3.843904256820678711e+00
1.277282714843750000e+00
-6.837580800056457520e-01
-1.299041509628295898e+00
-3.057710170745849609e+00
4.495280385017395020e-01
-1.815247535705566406e+00
-2.883398771286010742e+00
-1.526825428009033203e+00
1.863213658332824707e+00
-7.977008819580078125e-01
-4.010861396789550781e+00
-3.337686777114868164e+00
-3.551737308502197266e+00
-4.940419197082519531e+00
-4.109758377075195312e+00
-3.608932495117187500e+00
2.270882606506347656e+00
-3.770308256149291992e+00
4.306241869926452637e-01
-2.496347904205322266e+00
4.802715778350830078e+00
2.834443569183349609e+00
-8.575187325477600098e-01
9.742192268371582031e+00
3.235612869262695312e+00
5.000241756439208984e+00
4.268848896026611328e-02
3.191311597824096680e+00
3.795051574707031250e+00
3.060015678405761719e+00
1.151191234588623047e+00
-1.365831613540649414e+00
-3.167384266853332520e-01
7.015324592590332031e+00
2.979541540145874023e+00
1.909151077270507812e+00
-2.178079128265380859e+00
-2.739543676376342773e+00
-8.246049880981445312e-01
3.144865274429321289e+00
-2.205941677093505859e+00
2.512643337249755859e+00
-9.851413965225219727e-02
-1.617940783500671387e+00
-4.157281875610351562e+00
1.021770000457763672e+00
-8.888701200485229492e-01
6.215854287147521973e-01
-1.322639822959899902e+00
1.494394183158874512e+00
