6.158826351165771484e-01
2.393498420715332031e+00
-8.806197047233581543e-01
6.015762090682983398e-01
1.311872601509094238e+00
-1.616866588592529297e+00
8.140822649002075195e-01
-3.530667781829833984e+00
-3.508646965026855469e+00
1.281136393547058105e+00
-2.362544536590576172e-01
-1.378620028495788574e+00
-1.671112895011901855e+00
-5.567385554313659668e-01
3.122987270355224609e+00
-6.225620508193969727e-01
-4.859928131103515625e+00
7.635487318038940430e-01
-3.762969970703125000e-01
-7.720181941986083984e-01
-4.261442661285400391e+00
-1.481240630149841309e+00
-4.512791156768798828e+00
-1.534016728401184082e+00
2.645143032073974609e+00
-3.070010423660278320e+00
-4.362165927886962891e-04
-1.398380398750305176e+00
-8.901880979537963867e-01
-3.584562063217163086e+00
-3.354750871658325195e+00
-7.008254528045654297e-01
-2.964348316192626953e+00
3.054346442222595215e-01
1.891014575958251953e+00
-1.573931455612182617e+00
1.118166565895080566e+00
-1.211804986000061035e+00
1.176526188850402832e+00
2.628206968307495117e+00
4.947270154953002930e-01
-2.127521991729736328e+00
4.795269966125488281e+00
5.415709972381591797e+00
9.778040647506713867e-01
-5.481700301170349121e-01
1.145793080329895020e+00
6.390068531036376953e+00
2.614893674850463867e+00
-8.579579591751098633e-01
1.897477507591247559e+00
1.926811575889587402e+00
-4.107415676116943359e-02
2.131847739219665527e-01
2.739801406860351562e+00
2.225491285324096680e+00
4.272367477416992188e+00
-8.569524288177490234e-01
1.198911666870117188e+00
1.394718408584594727e+00
2.052595615386962891e+00
3.519510746002197266e+00
2.855920314788818359e+00
1.417362809181213379e+00
3.214684486389160156e+00
4.330478191375732422e+00
6.092994689941406250e+00
3.773081064224243164e+00
4.889032363891601562e+00
1.347047448158264160e+00
-4.524682521820068359e+00
-2.277839660644531250e+00
-2.634592056274414062e+00
-3.145645856857299805e+00
-1.919527769088745117e+00
-1.339348554611206055e+00
-1.583363771438598633e+00
-2.566944599151611328e+00
-1.277349293231964111e-01
-4.067364335060119629e-02
1.821419119834899902e+00
-1.626907110214233398e+00
-2.005560547113418579e-01
-4.027745723724365234e-01
2.011620998382568359e+00
-4.338818550109863281e+00
-1.613356351852416992e+00
7.211004495620727539e-01
5.072954177856445312e+00
-1.274412870407104492e+00
1.454475641250610352e+00
-9.298049807548522949e-01
7.006709575653076172e-01
-1.537045240402221680e+00
3.160707950592041016e+00
-1.553689956665039062e+00
2.211236953735351562e+00
2.167983055114746094e-01
-2.180581092834472656e-01
-4.169017076492309570e-01
-2.828000783920288086e-01
2.300947427749633789e+00
-4.945500850677490234e+00
2.686850309371948242e+00
-6.825340986251831055e-01
-1.575572371482849121e+00
-2.979688644409179688e-01
2.197647571563720703e+00
1.131664156913757324e+00
5.675159931182861328e+00
-2.964770495891571045e-01
2.107270717620849609e+00
-4.909772276878356934e-01
-7.696774005889892578e-01
-3.486963808536529541e-01
-7.049950361251831055e-01
-4.170643091201782227e-01
2.840346574783325195e+00
-1.085184335708618164e+00
-1.001544713973999023e+00
-3.110193490982055664e+00
-2.316774845123291016e+00
-1.323651194572448730e+00
-4.985392570495605469e+00
-2.927052021026611328e+00
5.798658132553100586e-01
-9.360206127166748047e-01
-2.494510412216186523e+00
3.673737049102783203e-01
5.373455882072448730e-01
-6.366953849792480469e-01
3.235571384429931641e-01
1.268422842025756836e+00
-1.413307309150695801e+00
-1.476963520050048828e+00
-3.354561805725097656e+00
-1.608259081840515137e-01
-2.271840095520019531e+00
-1.532749414443969727e+00
-1.825488805770874023e+00
-2.405914783477783203e+00
4.251636266708374023e-01
-5.621675848960876465e-01
-1.398004889488220215e+00
3.808202028274536133e+00
1.347921848297119141e+00
-3.027635097503662109e+00
2.601518154144287109e+00
3.207495689392089844e+00
1.862697720527648926e+00
1.507848650217056274e-01
-1.295644044876098633e-01
-4.862586021423339844e+00
6.065135002136230469e-01
-1.504465579986572266e+00
-1.543080568313598633e+00
-1.624779701232910156e+00
-2.073905467987060547e+00
-5.843293070793151855e-01
2.171742200851440430e+00
-5.939739227294921875e+00
1.311957597732543945e+00
3.466611146926879883e+00
-1.512979626655578613e+00
4.053947925567626953e+00
2.935042381286621094e+00
2.664175987243652344e+00
3.863344192504882812e-01
1.292463421821594238e+00
-5.113873481750488281e-01
8.230898380279541016e-01
2.098225831985473633e+00
3.678840994834899902e-01
1.619189500808715820e+00
-5.144289135932922363e-01
-1.794057369232177734e+00
9.184516668319702148e-01
1.113177776336669922e+00
3.884887933731079102e+00
6.975284814834594727e-01
7.582172155380249023e-01
3.340497493743896484e+00
-1.041812747716903687e-01
4.524324417114257812e+00
-1.931930184364318848e+00
2.571316719055175781e+00
-2.215000629425048828e+00
1.538052797317504883e+00
1.153728485107421875e+00
7.414492964744567871e-01
1.692301511764526367e+00
-1.435182809829711914e+00
-8.709158301353454590e-01
-1.435698568820953369e-01
-1.728062748908996582e+00
6.661061048507690430e-01
-5.353649854660034180e-01
1.480020880699157715e+00
6.511374711990356445e-01
1.666865348815917969e+00
1.243781805038452148e+00
1.779193639755249023e+00
-8.594586849212646484e-01
2.065172195434570312e+00
2.853804230690002441e-01
8.426436781883239746e-01
2.806611537933349609e+00
-1.590815067291259766e+00
4.396154880523681641e+00
2.849896430969238281e+00
4.320254325866699219e+00
2.810913562774658203e+00
7.318731546401977539e-01
-9.066925644874572754e-01
-4.803855717182159424e-01
1.762950420379638672e+00
8.033744096755981445e-01
2.177572250366210938e+00
-4.007900953292846680e-01
-3.871989548206329346e-01
-2.905693531036376953e+00
-1.005681753158569336e+00
-5.133184194564819336e-01
1.919099092483520508e+00
-1.813665509223937988e+00
-2.613510131835937500e+00
1.584347963333129883e+00
-1.159571528434753418e+00
-9.757508635520935059e-01
2.558702468872070312e+00
-3.321110010147094727e+00
1.015498161315917969e+00
1.230762243270874023e+00
2.317663729190826416e-01
3.365264177322387695e+00
-1.979805231094360352e+00
-1.297740265727043152e-02
2.675152778625488281e+00
4.717607498168945312e+00
-1.106097817420959473e+00
2.196328878402709961e+00
2.274690151214599609e+00
1.712802171707153320e+00
1.534905910491943359e+00
1.318885684013366699e-01
1.553787112236022949e+00
1.825333356857299805e+00
2.538641214370727539e+00
2.350961446762084961e+00
-1.124037742614746094e+00
-1.414881944656372070e+00
1.145168662071228027e+00
-4.783406257629394531e-01
-7.716581821441650391e-01
5.572592258453369141e+00
-5.617020130157470703e-01
1.831593871116638184e+00
-1.083977460861206055e+00
-3.198593556880950928e-01
-2.144929170608520508e+00
-1.273400068283081055e+00
-1.052512884140014648e+00
-1.342092275619506836e+00
-9.476265311241149902e-02
2.556825160980224609e+00
7.922358512878417969e-01
-3.484813690185546875e+00
-1.521284461021423340e+00
-3.740687370300292969e+00
-1.967813372611999512e+00
-4.610835552215576172e+00
-4.397223949432373047e+00
-5.450153350830078125e-01
-1.207971811294555664e+00
-5.729813575744628906e+00
-5.573689937591552734e+00
-5.170552730560302734e+00
-2.785875082015991211e+00
-4.547237396240234375e+00
7.403087615966796875e-01
-3.047123908996582031e+00
2.073454618453979492e+00
3.052053451538085938e-01
-3.907801806926727295e-01
-2.174551248550415039e+00
-6.942691802978515625e-01
4.487777948379516602e-01
-4.389622211456298828e+00
-1.002581238746643066e+00
-1.255405426025390625e+00
-7.468352317810058594e-01
-2.848063945770263672e+00
1.380131483078002930e+00
-9.521816968917846680e-01
-2.175333976745605469e+00
5.769754648208618164e-01
-6.644626259803771973e-01
-2.297429800033569336e+00
-7.805625796318054199e-01
-4.348880290985107422e+00
-1.904867887496948242e+00
1.935358285903930664e+00
-9.423266053199768066e-01
-7.187405824661254883e-01
-1.045116662979125977e+00
-2.362706422805786133e+00
-2.536478519439697266e+00
1.750993847846984863e+00
4.380055665969848633e-01
1.298820257186889648e+00
2.767281532287597656e+00
-1.604977846145629883e+00
-3.474982738494873047e+00
1.570169925689697266e-01
-1.899567127227783203e+00
-2.010807991027832031e+00
-1.049208164215087891e+00
3.768789768218994141e-01
8.432285785675048828e-01
3.178323745727539062e+00
4.486382007598876953e-01
3.228490591049194336e+00
1.295074105262756348e+00
1.196256518363952637e+00
-8.574951291084289551e-01
6.882696151733398438e-01
6.898432970046997070e-01
-1.108979105949401855e+00
-2.366856038570404053e-01
4.523440301418304443e-01
2.438894510269165039e+00
-2.924937307834625244e-01
2.723258733749389648e-01
3.254028558731079102e+00
-5.091163158416748047e+00
-3.256451129913330078e+00
6.752233505249023438e-01
-1.487383961677551270e+00
3.281444787979125977e+00
3.739525675773620605e-01
1.418945789337158203e+00
-6.964820623397827148e-01
-2.528541088104248047e+00
5.890797376632690430e-01
-8.253765106201171875e-01
1.767954826354980469e+00
1.840035319328308105e+00
-9.474730491638183594e-02
1.698516488075256348e+00
-9.461535215377807617e-01
-1.671124458312988281e+00
-3.565948009490966797e+00
-5.447243690490722656e+00
-4.771746635437011719e+00
1.411097645759582520e+00
-2.975030183792114258e+00
-1.708393573760986328e+00
2.729919433593750000e+00
1.605506092309951782e-01
-1.925301253795623779e-01
4.395596086978912354e-01
-2.679863572120666504e-01
-2.603981018066406250e+00
-9.467808604240417480e-01
-1.050259590148925781e+00
-1.637897253036499023e+00
-1.167806386947631836e+00
-1.958566904067993164e+00
-2.309040546417236328e+00
-1.511360704898834229e-01
-2.221964836120605469e+00
-3.191795349121093750e+00
-6.625923633575439453e+00
-2.744804143905639648e+00
-2.729467153549194336e+00
-2.480685472488403320e+00
-5.492275357246398926e-01
-2.497876882553100586e+00
-1.960810065269470215e+00
-1.913995742797851562e+00
-2.985410928726196289e+00
-2.276909112930297852e+00
-2.978482723236083984e+00
-1.926231861114501953e+00
-7.938557267189025879e-01
4.714088916778564453e+00
4.203011512756347656e+00
-2.292460680007934570e+00
-1.420899629592895508e+00
-1.695825099945068359e+00
4.476465582847595215e-01
-1.591692566871643066e-01
6.337462902069091797e+00
4.842272758483886719e+00
-8.562080860137939453e-01
-1.424779295921325684e-01
2.991947174072265625e+00
2.271100521087646484e+00
-1.514606952667236328e+00
-3.971461057662963867e-01
3.766124248504638672e-01
-2.017389535903930664e+00
1.128497600555419922e+00
-2.765316009521484375e+00
-1.611241221427917480e+00
4.334155082702636719e+00
-2.720519065856933594e+00
-3.786057472229003906e+00
4.876064062118530273e-01
3.298957347869873047e+00
7.561196684837341309e-01
-6.621162295341491699e-01
-1.509682893753051758e+00
-2.455125570297241211e+00
3.316115617752075195e+00
6.925178170204162598e-01
-2.703223943710327148e+00
5.407733917236328125e+00
-1.541971564292907715e+00
4.236278533935546875e+00
-1.462239325046539307e-01
-7.715158462524414062e-01
-6.392756700515747070e-01
-2.458736419677734375e+00
2.059860229492187500e-01
4.467614173889160156e+00
1.892065763473510742e+00
1.361721634864807129e+00
2.757146954536437988e-02
3.359061717987060547e+00
-1.638765573501586914e+00
1.668089866638183594e+00
-7.091829180717468262e-01
1.650808334350585938e+00
4.669792175292968750e+00
3.056680440902709961e+00
1.207852363586425781e+00
9.588124155998229980e-01
-2.091133832931518555e+00
1.881174325942993164e+00
-1.678975224494934082e+00
1.375231742858886719e-01
-1.740807771682739258e+00
6.648143291473388672e+00
-1.074936151504516602e+00
-9.071102738380432129e-01
3.787770271301269531e-01
2.601810932159423828e+00
-1.421197414398193359e+00
2.095005035400390625e+00
1.261051416397094727e+00
4.537159204483032227e-02
4.576591968536376953e+00
-1.336047887802124023e+00
-4.600493431091308594e+00
1.956528782844543457e+00
-1.773120164871215820e+00
4.388361454010009766e+00
-8.658716082572937012e-01
-1.096207380294799805e+00
5.080500841140747070e-01
-2.492904901504516602e+00
1.681939244270324707e+00
3.860820293426513672e+00
2.232020378112792969e+00
-4.650605201721191406e+00
-3.250318527221679688e+00
-6.086609363555908203e+00
-6.161050796508789062e+00
-1.832078099250793457e+00
4.477823972702026367e-01
-1.741249203681945801e+00
1.607440114021301270e+00
-3.774421811103820801e-01
7.302819728851318359e+00
2.708261646330356598e-02
-1.463848948478698730e+00
-2.178754091262817383e+00
9.309399127960205078e-01
-2.954523563385009766e+00
-1.045471906661987305e+00
1.395983815193176270e+00
-8.682692050933837891e-01
-9.050856828689575195e-01
-3.223504543304443359e+00
-1.373563289642333984e+00
-1.282619714736938477e+00
4.417148113250732422e+00
9.218961596488952637e-01
2.174875736236572266e+00
4.020372390747070312e+00
-2.936486959457397461e+00
-1.961071491241455078e-01
-1.412945508956909180e+00
-1.749746680259704590e+00
-1.090590000152587891e+00
3.288454055786132812e+00
9.907884597778320312e-01
1.990809917449951172e+00
-8.329524993896484375e-01
-2.372706651687622070e+00
3.464579582214355469e+00
1.989453315734863281e+00
-6.619014143943786621e-01
2.641255855560302734e+00
-7.867513298988342285e-01
4.052289724349975586e-01
-9.969603419303894043e-01
-3.581509351730346680e+00
-2.033767223358154297e+00
4.386839270591735840e-01
-2.399967014789581299e-01
-4.544909954071044922e+00
-1.862694501876831055e+00
3.239291191101074219e+00
1.867253303527832031e+00
2.182243585586547852e+00
-6.349430680274963379e-01
3.824151515960693359e+00
1.113224029541015625e-02
6.769393682479858398e-01
-2.358033418655395508e+00
2.200210988521575928e-01
-1.050673723220825195e+00
-2.214569330215454102e+00
-7.296452522277832031e-01
-2.953380107879638672e+00
-1.743585348129272461e+00
-3.567602872848510742e+00
1.295923471450805664e+00
1.247864961624145508e-01
-7.511498332023620605e-01
-1.536899924278259277e+00
5.471481323242187500e+00
-5.003742694854736328e+00
-5.811350822448730469e+00
-3.065820932388305664e-01
3.449566841125488281e+00
-6.985126733779907227e-01
2.761714935302734375e+00
4.525176286697387695e-01
-4.487442970275878906e-01
4.031080603599548340e-01
-8.014215230941772461e-01
-1.013593435287475586e+00
3.110241651535034180e+00
-3.439797401428222656e+00
-4.431982040405273438e-01
-3.147399902343750000e+00
4.398329257965087891e+00
-5.005081176757812500e+00
1.457548975944519043e+00
3.253849506378173828e+00
-1.346422195434570312e+00
1.257179737091064453e+00
-1.341818213462829590e+00
6.460118293762207031e-01
3.872330665588378906e+00
-4.962814152240753174e-01
-5.843730568885803223e-01
3.147813558578491211e+00
-4.769514083862304688e+00
4.632374763488769531e+00
-1.409382462501525879e+00
-1.959044337272644043e+00
2.106214523315429688e+00
-1.195749878883361816e+00
-2.068409919738769531e+00
2.398576974868774414e+00
-1.293888807296752930e+00
4.429309368133544922e+00
-5.992577552795410156e+00
6.000723838806152344e-01
-4.462790489196777344e+00
4.262694716453552246e-01
-4.108563899993896484e+00
-4.517289161682128906e+00
-1.399426221847534180e+00
-2.996362447738647461e+00
-1.141577959060668945e+00
1.620139181613922119e-01
-3.130936026573181152e-01
-3.488373279571533203e+00
-1.998924255371093750e+00
7.919647216796875000e+00
4.326356887817382812e+00
-2.397152185440063477e+00
9.201549291610717773e-01
6.539340496063232422e+00
-1.040146708488464355e+00
-1.188017845153808594e+00
5.445274353027343750e+00
-8.970459103584289551e-01
2.607687950134277344e+00
-1.966743350028991699e+00
-1.354205250740051270e+00
2.264541149139404297e+00
-2.243722438812255859e+00
-5.319525003433227539e-01
4.522629737854003906e+00
8.865658044815063477e-01
-5.607798099517822266e-01
-1.713923811912536621e+00
-2.322791576385498047e+00
-1.355608820915222168e+00
5.378090143203735352e-01
-2.851959466934204102e+00
-4.786900281906127930e-01
2.870401620864868164e+00
-1.371342301368713379e+00
3.410866737365722656e+00
7.867811203002929688e+00
2.864068746566772461e-01
-3.836668252944946289e+00
2.649152517318725586e+00
2.560177445411682129e-01
4.915692329406738281e+00
2.015325069427490234e+00
5.967491865158081055e-01
7.848778963088989258e-01
1.684076786041259766e+00
-1.316915273666381836e+00
4.367076754570007324e-01
4.405702352523803711e-01
-2.062539577484130859e+00
-3.218809366226196289e-01
7.266615629196166992e-01
-7.110669612884521484e+00
1.751464843750000000e+00
-1.418486118316650391e+00
-1.269122362136840820e-01
1.470258712768554688e+00
2.626428604125976562e+00
1.976206302642822266e-01
-3.094713985919952393e-01
4.363260865211486816e-01
9.526596069335937500e-01
8.639343380928039551e-01
9.863045215606689453e-01
1.904482126235961914e+00
-2.398103952407836914e+00
1.739610075950622559e+00
-2.395655363798141479e-01
4.502296447753906250e+00
-1.660747528076171875e-01
7.065716385841369629e-01
1.398719549179077148e+00
1.162778258323669434e+00
-4.193989753723144531e+00
1.444302916526794434e+00
-1.541496157646179199e+00
-1.849999666213989258e+00
-9.469072818756103516e-01
-1.531448364257812500e+00
-2.888226509094238281e+00
4.568247795104980469e-01
-1.186474204063415527e+00
-2.121570348739624023e+00
1.270786476135253906e+01
1.014852046966552734e+00
1.835439801216125488e+00
2.802131175994873047e-01
-2.426211118698120117e+00
1.989450752735137939e-01
-1.595089197158813477e+00
-3.734404802322387695e+00
-1.247522950172424316e+00
8.628252744674682617e-01
-6.990070343017578125e-01
1.543146848678588867e+00
-3.679914712905883789e+00
-2.094626575708389282e-01
4.248220920562744141e+00
-2.106814622879028320e+00
-1.430566072463989258e+00
-1.986333847045898438e+00
1.368184685707092285e+00
-1.454681038856506348e+00
1.425288677215576172e+00
6.425741910934448242e-01
2.389822006225585938e+00
-1.722861051559448242e+00
-2.127640724182128906e+00
-7.602751851081848145e-01
-2.713199138641357422e+00
-1.831647515296936035e+00
2.628654539585113525e-01
-2.591939926147460938e+00
-1.535739183425903320e+00
-9.361815452575683594e-02
-3.460907936096191406e-02
4.030019283294677734e+00
2.579883575439453125e+00
2.219326019287109375e+00
1.728347539901733398e+00
-2.866303920745849609e+00
1.859453439712524414e+00
5.652816295623779297e-01
-1.499287247657775879e+00
1.394641399383544922e+00
3.651765823364257812e+00
9.128878593444824219e+00
-4.446653842926025391e+00
-4.168932914733886719e+00
3.641322255134582520e-03
-2.969918489456176758e+00
-4.272282600402832031e+00
3.910024464130401611e-01
-2.567917108535766602e+00
2.646249294281005859e+00
2.072165250778198242e+00
9.759135842323303223e-01
7.076550126075744629e-01
-2.494447946548461914e+00
2.646670103073120117e+00
-1.074168205261230469e+00
1.032843828201293945e+00
-2.958980560302734375e+00
-1.636173605918884277e+00
1.527186632156372070e+00
-1.889562606811523438e+00
2.547551870346069336e+00
3.476148128509521484e+00
2.899253129959106445e+00
1.487509131431579590e+00
-6.723057627677917480e-01
-2.059439182281494141e+00
2.529815673828125000e+00
3.050521850585937500e+00
-6.573565602302551270e-01
-8.437716960906982422e-02
2.852417945861816406e+00
-1.713210105895996094e+00
-8.443487882614135742e-01
-6.360464096069335938e+00
8.049349784851074219e+00
-1.678123235702514648e+00
-3.933901071548461914e+00
1.840972542762756348e+00
6.847489476203918457e-01
-3.533693313598632812e+00
3.611892700195312500e+00
-2.270996332168579102e+00
-1.673254728317260742e+00
-1.119617819786071777e+00
-2.147692918777465820e+00
4.861640453338623047e+00
9.291430711746215820e-01
4.351382255554199219e+00
2.460198104381561279e-01
1.101150155067443848e+00
-2.666105508804321289e+00
2.642083168029785156e-02
6.395596265792846680e-01
-1.449609279632568359e+00
2.116608142852783203e+00
1.382542490959167480e+00
-3.205436229705810547e+00
-1.012779712677001953e+00
3.806107640266418457e-01
-2.435438156127929688e+00
1.375913500785827637e+00
-4.185286045074462891e+00
-3.443663835525512695e+00
-3.554750919342041016e+00
-1.070457458496093750e+00
-4.440814971923828125e+00
-1.101055026054382324e+00
8.576796650886535645e-01
3.182494640350341797e-01
9.341176748275756836e-01
-3.550244331359863281e+00
3.078941822052001953e+00
-4.221520423889160156e+00
1.852895736694335938e+00
3.196389675140380859e+00
-1.567177772521972656e+00
-2.525891542434692383e+00
-6.168551921844482422e+00
-1.181519031524658203e+00
-2.009908199310302734e+00
-1.835707783699035645e+00
-1.526210427284240723e+00
1.551615476608276367e+00
1.535016417503356934e+00
-9.040532112121582031e-01
-4.404780387878417969e+00
4.611015319824218750e+00
-3.804476261138916016e+00
1.286893486976623535e-01
-1.077782034873962402e+00
9.540488719940185547e-01
6.244128704071044922e+00
1.284877777099609375e+00
1.481158733367919922e+00
6.806431770324707031e+00
8.860652923583984375e+00
1.235209822654724121e+00
-2.287008523941040039e+00
-3.687227249145507812e+00
-5.234336376190185547e+00
1.429057598114013672e+00
1.127756834030151367e-01
1.840157508850097656e-01
-4.385337352752685547e+00
2.648768663406372070e+00
6.923747062683105469e+00
2.652694702148437500e+00
5.369087696075439453e+00
1.333505153656005859e+00
-4.737343788146972656e+00
-7.766083478927612305e-01
1.288954019546508789e+00
-7.829440236091613770e-01
1.313802242279052734e+00
3.656095266342163086e-01
7.497110366821289062e+00
-3.146851301193237305e+00
-1.576338887214660645e+00
-1.479246616363525391e+00
-4.352322816848754883e-01
-1.670198082923889160e+00
2.154113531112670898e+00
1.290324091911315918e+00
7.238210201263427734e+00
9.279590845108032227e-01
1.821272253990173340e+00
-4.801331043243408203e+00
3.494493484497070312e+00
-3.624441623687744141e+00
-4.615906715393066406e+00
-7.885491847991943359e-01
1.356027603149414062e+00
-1.358437538146972656e+00
-1.718192696571350098e+00
1.014144778251647949e+00
2.787245273590087891e+00
1.514235377311706543e+00
1.174749612808227539e+00
-1.369240760803222656e+00
3.886228799819946289e+00
4.357028961181640625e+00
1.135508060455322266e+00
-4.798312187194824219e-01
-3.090656399726867676e-01
1.121667623519897461e-01
-7.810470461845397949e-01
-2.712660074234008789e+00
-1.925848484039306641e+00
-1.159064888954162598e+00
2.801709413528442383e+00
1.804128289222717285e+00
-1.629572510719299316e-01
-3.281074166297912598e-01
-8.216751813888549805e-01
2.397461652755737305e+00
1.411112189292907715e+00
-8.244808316230773926e-01
5.376458168029785156e-03
-2.211374521255493164e+00
-2.691247463226318359e+00
-1.026581227779388428e-01
-6.210699081420898438e-01
1.469758391380310059e+00
-2.725522756576538086e+00
1.008164048194885254e+00
-1.830335378646850586e+00
-1.375995874404907227e+00
2.763612270355224609e-01
-1.432380318641662598e+00
-4.547876417636871338e-01
-1.239978075027465820e+00
1.392833709716796875e+00
-1.960147857666015625e+00
-3.587736606597900391e+00
-2.505947113037109375e+00
1.506476163864135742e+00
-4.940070152282714844e+00
-4.681015491485595703e+00
4.827981948852539062e+00
2.633705377578735352e+00
-3.440317869186401367e+00
1.283138990402221680e+00
2.331172466278076172e+00
-2.583333969116210938e+00
5.953904151916503906e+00
-2.426070451736450195e+00
-1.587559700012207031e+00
-1.807223796844482422e+00
6.857869029045104980e-02
1.602946400642395020e+00
-1.363746166229248047e+00
4.557385444641113281e+00
3.109183788299560547e+00
1.114863276481628418e+00
5.969747304916381836e-01
-3.750122308731079102e+00
6.094905138015747070e-01
3.347851634025573730e-01
-2.626308202743530273e+00
1.701480388641357422e+00
-5.088429450988769531e+00
1.021526098251342773e+00
-1.497534513473510742e-01
4.748123168945312500e+00
5.664698481559753418e-01
3.335938692092895508e+00
-3.748143196105957031e+00
4.502044320106506348e-01
-3.713722467422485352e+00
1.431009769439697266e-01
7.714897155761718750e+00
2.244453430175781250e+00
2.429205656051635742e+00
-1.941671848297119141e+00
1.643528461456298828e+00
1.674600243568420410e+00
1.951928496360778809e+00
1.048544764518737793e+00
4.933040142059326172e-01
-1.550006270408630371e+00
5.418545722961425781e+00
-1.372915983200073242e+00
-6.496664285659790039e-01
-1.886264204978942871e+00
2.604053020477294922e-01
-4.943495273590087891e+00
-2.519806623458862305e-01
-1.184999227523803711e+00
1.321551561355590820e+00
-4.735539436340332031e+00
-5.981104373931884766e-01
-1.158779859542846680e-02
-2.756130933761596680e+00
-1.803620100021362305e+00
-5.913153648376464844e+00
-3.378460407257080078e+00
-4.887953698635101318e-01
-1.648988842964172363e+00
-4.351047039031982422e+00
-4.338910579681396484e+00
-5.380334854125976562e+00
-4.443848133087158203e+00
-5.205811977386474609e+00
-3.043717861175537109e+00
-5.892434120178222656e-01
-1.253836631774902344e+00
1.262326002120971680e+00
8.302041888236999512e-01
-1.111192464828491211e+00
9.632322788238525391e-01
-3.388218283653259277e-01
-2.011538505554199219e+00
-1.615875482559204102e+00
-1.320910453796386719e+00
-1.817749381065368652e+00
-3.642725706100463867e+00
-3.772598505020141602e+00
2.436922073364257812e+00
-1.295785188674926758e+00
-1.028951406478881836e+00
-3.957433462142944336e+00
-3.233628511428833008e+00
-2.616918802261352539e+00
-4.667249679565429688e+00
-3.915876388549804688e+00
-4.878653287887573242e-01
-2.321997880935668945e+00
9.062055945396423340e-01
-2.376248359680175781e+00
6.075217723846435547e+00
2.609120607376098633e+00
1.688249349594116211e+00
9.434353828430175781e+00
-7.031340003013610840e-01
3.027369737625122070e+00
2.381219387054443359e+00
1.002378702163696289e+00
2.345897197723388672e+00
3.608735203742980957e-01
3.204434156417846680e+00
2.804369926452636719e+00
-2.439063549041748047e+00
4.397240638732910156e+00
2.625447034835815430e+00
-2.024960517883300781e-02
-1.750706911087036133e+00
-1.889749765396118164e+00
-4.988888263702392578e+00
-3.195931762456893921e-02
-2.708524942398071289e+00
1.959362983703613281e+00
1.996933817863464355e-01
-1.085010528564453125e+00
-1.827804446220397949e+00
-1.938760995864868164e+00
-3.485149443149566650e-01
-1.418897390365600586e+00
-2.102970123291015625e+00
1.413130044937133789e+00
