-5.253267288208007812e-01
9.952759146690368652e-01
-4.541059017181396484e+00
-2.456480979919433594e+00
-3.205823421478271484e+00
-4.460767269134521484e+00
-2.342880725860595703e+00
-1.557487487792968750e+00
-4.646387100219726562e+00
1.716031670570373535e+00
-1.427755475044250488e+00
-1.100315093994140625e+00
-3.161562681198120117e+00
-1.898972511291503906e+00
-2.342427670955657959e-01
-3.573203325271606445e+00
-1.571930408477783203e+00
3.342512845993041992e-01
-1.192101478576660156e+00
-4.921882629394531250e+00
-5.830998897552490234e+00
-4.870471358299255371e-01
2.368587017059326172e+00
-1.890532016754150391e+00
-2.737923860549926758e+00
-3.467079401016235352e+00
-4.064070701599121094e+00
1.905038207769393921e-02
-3.193724632263183594e+00
-3.437614202499389648e+00
-6.812757492065429688e+00
-2.652857065200805664e+00
-8.581947326660156250e+00
-1.211385369300842285e+00
-1.027865767478942871e+00
-3.349795579910278320e+00
-5.450112342834472656e+00
-4.040074348449707031e+00
1.826063096523284912e-01
2.141629695892333984e+00
-6.774616837501525879e-01
-3.666152477264404297e+00
-1.684196949005126953e+00
1.766381859779357910e-01
-5.080223083496093750e-01
-2.385310649871826172e+00
-7.762389183044433594e-01
9.432687759399414062e-01
6.402413249015808105e-01
-3.051130533218383789e+00
1.411825895309448242e+00
9.492737054824829102e-01
-3.515289306640625000e+00
-5.208417892456054688e+00
-4.414408206939697266e+00
-1.058383941650390625e+00
-2.403705358505249023e+00
-6.672477722167968750e+00
-1.520989894866943359e+00
-1.170113682746887207e+00
-1.281665325164794922e+00
-2.323091030120849609e+00
-1.579999685287475586e+00
-2.031026601791381836e+00
1.992710590362548828e+00
3.815018177032470703e+00
-9.178805351257324219e-01
-1.467635869979858398e+00
-3.150842189788818359e+00
7.559791803359985352e-01
-5.233750343322753906e+00
-1.997477531433105469e+00
-4.791668355464935303e-01
-1.410391449928283691e+00
1.822711467742919922e+00
-4.770998954772949219e+00
1.683592081069946289e+00
-1.337415933609008789e+00
-1.568339169025421143e-01
-4.625421464443206787e-01
-1.897175073623657227e+00
-3.235313892364501953e+00
-2.091262787580490112e-01
-3.248913049697875977e+00
-2.790776491165161133e-01
-4.564738750457763672e+00
4.372553825378417969e-01
-1.369734287261962891e+00
2.080140829086303711e+00
-1.544546365737915039e+00
2.068650484085083008e+00
1.340929746627807617e+00
-5.215927362442016602e-01
-3.267112493515014648e+00
7.853495478630065918e-01
-2.634754657745361328e+00
-5.406650304794311523e-01
-5.049881935119628906e+00
-2.482635974884033203e+00
-3.185269117355346680e+00
-2.803658485412597656e+00
4.973301887512207031e+00
-4.838955402374267578e+00
-2.032848834991455078e+00
-4.984506607055664062e+00
-4.747839570045471191e-01
-4.545615673065185547e+00
-6.696868538856506348e-01
1.759235739707946777e+00
2.592560052871704102e+00
-6.326350688934326172e+00
5.238574743270874023e-01
-1.828541755676269531e+00
-3.695407390594482422e+00
-4.682255268096923828e+00
-1.503048539161682129e+00
-2.479197740554809570e+00
-1.054418087005615234e-01
-1.540325641632080078e+00
-1.542503237724304199e-01
-1.052172422409057617e+00
2.517489433288574219e+00
1.169682025909423828e+00
-6.682698726654052734e-01
1.000339984893798828e+00
-1.702946066856384277e+00
-1.629091978073120117e+00
-7.942898273468017578e-01
-5.490161776542663574e-01
1.662584543228149414e-01
-1.243331551551818848e+00
-3.574230670928955078e-01
-3.486208319664001465e-01
-2.446965932846069336e+00
-8.184523582458496094e-01
-1.120337843894958496e-01
-4.004625320434570312e+00
-2.907937049865722656e+00
-2.151789188385009766e+00
-3.032271385192871094e+00
-1.427379608154296875e+00
-2.336186647415161133e+00
-2.017035484313964844e-01
-1.060755848884582520e+00
4.418182373046875000e-01
-1.960020899772644043e+00
-4.241113662719726562e+00
-2.358723163604736328e+00
-6.498059630393981934e-01
-1.116404294967651367e+00
-2.449013710021972656e+00
-6.216055154800415039e-01
-2.533895015716552734e+00
-2.013322353363037109e+00
-2.231049299240112305e+00
-5.387758255004882812e+00
-1.939335823059082031e+00
-2.268251180648803711e+00
-2.731438159942626953e+00
5.277729988098144531e+00
-3.335423946380615234e+00
-1.027256608009338379e+00
6.862715482711791992e-01
2.484880924224853516e+00
4.275506734848022461e-01
1.393940806388854980e+00
-5.945959091186523438e-01
1.493374228477478027e+00
3.954771518707275391e+00
-9.116804003715515137e-01
3.902124881744384766e+00
-4.306679964065551758e-02
2.101824998855590820e+00
2.859096050262451172e+00
-1.056180596351623535e+00
3.991743326187133789e-01
-6.271020174026489258e-01
2.498057603836059570e+00
3.450450897216796875e+00
1.345864892005920410e+00
-4.464596748352050781e+00
3.045819282531738281e+00
5.713763833045959473e-01
3.135759115219116211e+00
1.347369432449340820e+00
2.284636497497558594e-01
-2.178598642349243164e+00
-2.806693553924560547e+00
1.624336957931518555e+00
2.759105682373046875e+00
-1.707377433776855469e+00
1.660056352615356445e+00
-1.699237823486328125e+00
-2.838948249816894531e+00
-2.560610055923461914e+00
-1.914215207099914551e+00
-3.466448545455932617e+00
2.749093294143676758e+00
-1.045775890350341797e+00
7.494608759880065918e-01
-4.044591426849365234e+00
-1.156931161880493164e+00
-8.744660615921020508e-01
5.297611355781555176e-01
-1.262516975402832031e+00
9.612603783607482910e-01
4.358720779418945312e+00
1.896868824958801270e+00
3.697493553161621094e+00
3.165920019149780273e+00
2.150346994400024414e+00
3.797550678253173828e+00
8.742672204971313477e-01
1.721332550048828125e+00
4.240982830524444580e-01
5.375157296657562256e-02
1.845493316650390625e-01
-2.855986595153808594e+00
-6.576585769653320312e-02
-2.547521591186523438e+00
-1.930254101753234863e+00
2.605219125747680664e+00
3.521199226379394531e+00
4.802685976028442383e-01
1.981618404388427734e+00
-1.037686586380004883e+00
9.743188023567199707e-01
6.880134940147399902e-01
2.086458683013916016e+00
1.014787435531616211e+00
-3.917980790138244629e-01
1.854875206947326660e+00
-7.176786065101623535e-01
1.196148633956909180e+00
3.061236619949340820e+00
-2.754236221313476562e+00
7.322337627410888672e-01
2.576113462448120117e+00
1.723188281059265137e+00
-2.248228192329406738e-01
2.502599477767944336e+00
1.779853701591491699e+00
-1.003852605819702148e+00
2.220529317855834961e-02
-5.409439802169799805e-01
-4.031274616718292236e-01
1.864056348800659180e+00
2.906274318695068359e+00
1.101156353950500488e+00
4.883043467998504639e-02
-1.995456695556640625e+00
3.307769298553466797e+00
-1.947009563446044922e+00
4.026474356651306152e-01
1.613992452621459961e-02
2.880811214447021484e+00
8.530128002166748047e-01
4.134392738342285156e-01
-8.946248888969421387e-01
-2.012696504592895508e+00
-1.228492498397827148e+00
-2.910952568054199219e+00
1.859678030014038086e-01
-1.574519634246826172e+00
-8.143792748451232910e-01
-6.585605740547180176e-01
-1.624755263328552246e+00
4.154079437255859375e+00
5.442221164703369141e-01
3.585287094116210938e+00
4.349781572818756104e-01
1.159546613693237305e+00
3.691676378250122070e+00
1.909231305122375488e+00
1.607229471206665039e+00
-6.069225668907165527e-01
-3.127358436584472656e+00
3.155012369155883789e+00
-8.578835129737854004e-01
1.803908824920654297e+00
4.117322266101837158e-01
2.823292613029479980e-01
9.032245278358459473e-01
-6.475080251693725586e-01
-4.575141429901123047e+00
-2.257078170776367188e+00
-1.588460683822631836e+00
-3.438540458679199219e+00
-8.867936730384826660e-01
-8.978530168533325195e-01
1.172384619712829590e+00
1.106105804443359375e+00
3.582182407379150391e+00
9.656744003295898438e-01
-8.788064122200012207e-02
4.567588269710540771e-01
7.562529444694519043e-01
-2.750802755355834961e+00
-1.472809165716171265e-01
-5.809557914733886719e+00
-3.710661172866821289e+00
-3.532629966735839844e+00
-2.581615924835205078e+00
-1.434163331985473633e+00
-3.355694293975830078e+00
-4.758111953735351562e+00
-6.929470062255859375e+00
-3.122360229492187500e+00
-5.623842477798461914e-01
-1.326945543289184570e+00
-1.248355269432067871e+00
1.333825588226318359e-01
-2.024098157882690430e+00
-1.669775247573852539e-01
-5.788308978080749512e-01
-1.945298075675964355e+00
-3.231472969055175781e+00
-1.780406832695007324e+00
-7.266643047332763672e-01
3.242443323135375977e+00
-2.892300128936767578e+00
-2.683145999908447266e-01
-1.288422822952270508e+00
2.122803211212158203e+00
-2.074389219284057617e+00
3.305268287658691406e-01
-4.112065792083740234e+00
1.137523889541625977e+00
-3.824194073677062988e-01
5.590907931327819824e-01
-1.665713548660278320e+00
-9.038606882095336914e-01
-1.052239656448364258e+00
-6.736148595809936523e-01
-3.588888883590698242e+00
-5.175261974334716797e+00
-1.132842302322387695e+00
-3.002628326416015625e+00
-1.154739141464233398e+00
2.966790199279785156e+00
3.087180614471435547e+00
2.119231700897216797e+00
2.560114860534667969e+00
-2.129157781600952148e+00
-3.971176147460937500e-01
2.204679250717163086e+00
2.319915294647216797e+00
2.549533367156982422e+00
3.601136684417724609e+00
3.764206409454345703e+00
1.252286911010742188e+00
5.259922742843627930e-01
2.322721481323242188e-02
-1.447135210037231445e+00
4.858717441558837891e+00
1.451429009437561035e+00
-1.502956390380859375e+00
8.356064558029174805e-01
-8.278621435165405273e-01
-3.866273164749145508e+00
-1.568327307701110840e+00
-2.917921304702758789e+00
-4.977834224700927734e+00
-2.018391132354736328e+00
-3.812893152236938477e+00
-2.458056211471557617e+00
-4.680039882659912109e+00
-5.007033348083496094e+00
-5.486411571502685547e+00
-3.732197523117065430e+00
-4.905606746673583984e+00
-4.524961948394775391e+00
-2.945610046386718750e+00
-5.465660095214843750e+00
-3.218499898910522461e+00
-5.519816398620605469e+00
-1.115433931350708008e+00
-2.550552368164062500e+00
-2.136648654937744141e+00
-4.400775432586669922e+00
-5.295937657356262207e-01
-2.565816402435302734e+00
-3.521648168563842773e+00
-1.579416155815124512e+00
-2.421978473663330078e+00
5.208763599395751953e+00
6.396110057830810547e+00
6.823576688766479492e-01
-1.694293737411499023e+00
-4.191523075103759766e+00
-2.370512008666992188e+00
4.654394388198852539e-01
2.557280540466308594e+00
2.332852840423583984e+00
-2.497651100158691406e+00
-1.760520219802856445e+00
3.849928379058837891e+00
-1.327970743179321289e+00
7.287971973419189453e-01
4.580858349800109863e-01
-3.483104228973388672e+00
-3.218001127243041992e-01
-1.413043379783630371e+00
-2.010991573333740234e+00
-8.233757615089416504e-01
3.281308650970458984e+00
-9.564567208290100098e-01
-1.034567117691040039e+00
4.419882297515869141e+00
3.878950357437133789e+00
1.933536291122436523e+00
3.710114240646362305e+00
1.018075346946716309e-01
-2.441300898790359497e-01
9.535644054412841797e-01
1.025053024291992188e+00
-4.642410755157470703e+00
2.644858598709106445e+00
6.849089860916137695e-01
3.071956634521484375e+00
-1.193589925765991211e+00
5.807909369468688965e-01
-3.584316968917846680e+00
-1.755755424499511719e+00
4.118943214416503906e+00
8.884821891784667969e+00
2.356947660446166992e+00
3.827536106109619141e+00
2.724016189575195312e+00
1.831923425197601318e-01
-2.629657268524169922e+00
-4.353137612342834473e-01
3.433420062065124512e-01
3.266312122344970703e+00
6.674087524414062500e+00
3.356844425201416016e+00
4.847404479980468750e+00
1.924308776855468750e+00
-1.845361232757568359e+00
8.284460902214050293e-01
-1.001173377037048340e+00
-1.125040650367736816e-01
1.259609937667846680e+00
4.510621547698974609e+00
1.696034669876098633e+00
-8.968922495841979980e-01
2.089823722839355469e+00
4.085732460021972656e+00
1.394275426864624023e-01
3.183331966400146484e+00
3.906661748886108398e+00
-1.784554123878479004e-02
-1.809171736240386963e-01
1.240731954574584961e+00
4.461757838726043701e-01
-8.557384014129638672e-01
-5.708640813827514648e-01
-2.314968109130859375e-01
2.605297327041625977e+00
2.653665542602539062e-01
2.352138996124267578e+00
-3.308956146240234375e+00
2.540757894515991211e+00
2.252621412277221680e+00
4.071987867355346680e-01
4.849786460399627686e-01
-2.254716634750366211e+00
-4.893704891204833984e+00
-1.230881214141845703e-01
-1.280839920043945312e+00
-1.552236437797546387e+00
1.939901828765869141e+00
2.485585212707519531e+00
-9.637541770935058594e-01
6.351282119750976562e+00
1.238020300865173340e+00
9.549711942672729492e-01
-3.512466669082641602e+00
2.168835163116455078e+00
-1.910843968391418457e+00
2.754009366035461426e-01
-6.810016632080078125e-01
-2.177377462387084961e+00
5.931353569030761719e+00
1.339547872543334961e+00
-4.173387527465820312e+00
-3.863313198089599609e-01
1.999110460281372070e+00
1.116851806640625000e+00
6.791605949401855469e+00
6.641650795936584473e-01
-1.978239297866821289e+00
-2.535287380218505859e+00
-1.567379474639892578e+00
-5.472806096076965332e-01
-1.064412236213684082e+00
3.519625186920166016e+00
4.951477527618408203e+00
3.290762662887573242e+00
-1.736866950988769531e+00
3.841258287429809570e+00
3.158265113830566406e+00
3.813552856445312500e+00
-1.096443891525268555e+00
2.967790663242340088e-01
-1.863802671432495117e+00
3.343644142150878906e-01
-4.693004131317138672e+00
-4.789211153984069824e-01
1.799059629440307617e+00
2.306217670440673828e+00
-1.180216073989868164e+00
-3.938780069351196289e+00
-1.266833543777465820e+00
-1.576635837554931641e+00
-7.397713065147399902e-01
3.957608461380004883e+00
4.121000289916992188e+00
1.095209121704101562e-01
2.385307312011718750e+00
3.419851779937744141e+00
-1.389967799186706543e+00
-3.668324053287506104e-01
4.793498516082763672e-01
-3.077641963958740234e+00
1.907509088516235352e+00
-1.742874979972839355e+00
-2.313715964555740356e-01
-2.220944404602050781e+00
-1.255432009696960449e+00
4.665064811706542969e+00
3.344671428203582764e-01
1.918832421302795410e+00
5.306777954101562500e+00
-6.450778961181640625e+00
-5.582626819610595703e+00
9.548230767250061035e-01
7.694591045379638672e+00
5.451653480529785156e+00
6.155084609985351562e+00
1.934824347496032715e+00
-2.718145847320556641e+00
1.096270799636840820e+00
-4.235147476196289062e+00
-4.187431633472442627e-01
3.744075596332550049e-01
-4.287052154541015625e+00
-8.278872966766357422e-01
-1.093663930892944336e+00
8.121303558349609375e+00
-7.540326118469238281e+00
2.457487583160400391e-01
1.988732695579528809e+00
1.251800298690795898e+00
-8.434349298477172852e-01
-2.121347337961196899e-01
3.803410053253173828e+00
2.225512504577636719e+00
1.864866495132446289e+00
1.869997024536132812e+00
5.965772867202758789e-01
-1.805403828620910645e-01
4.114661216735839844e+00
-4.624107480049133301e-01
-4.997900724411010742e-01
4.432735443115234375e+00
-1.214874625205993652e+00
-3.681191682815551758e+00
1.547865509986877441e+00
4.833881855010986328e-01
-3.783181667327880859e+00
-2.261610031127929688e+00
2.891668975353240967e-01
-3.254046916961669922e+00
-1.238550186157226562e+00
-2.825268030166625977e+00
-1.961663722991943359e+00
-1.377138137817382812e+00
-2.604554414749145508e+00
4.005887508392333984e+00
4.592820167541503906e+00
-2.461967945098876953e+00
5.190455913543701172e-02
-1.817808389663696289e+00
1.070431232452392578e+00
2.991244792938232422e+00
2.515676975250244141e+00
2.463547706604003906e+00
4.170596122741699219e+00
-7.666206359863281250e-01
-1.195608139038085938e+00
6.232418537139892578e+00
-4.972754478454589844e+00
-8.018777370452880859e-01
-3.427861332893371582e-01
7.269102334976196289e-01
3.632801771163940430e+00
-2.082938194274902344e+00
-9.690201282501220703e-02
1.514248967170715332e+00
1.092360734939575195e+00
1.020538330078125000e+00
-2.664944648742675781e+00
2.250040531158447266e+00
-3.231367349624633789e+00
-1.836271524429321289e+00
-2.138210773468017578e+00
-2.455835103988647461e+00
6.903223991394042969e-01
2.224486827850341797e+00
4.022787094116210938e+00
1.088502883911132812e+01
2.435879945755004883e+00
-4.477982044219970703e+00
-1.522840023040771484e+00
-1.446920752525329590e+00
2.824458837509155273e+00
2.474184751510620117e+00
-9.073892831802368164e-01
5.747133493423461914e-01
5.009618997573852539e-01
4.352991282939910889e-01
-1.320098042488098145e-01
-1.646665573120117188e+00
6.009865403175354004e-01
1.809564232826232910e+00
-3.740920782089233398e+00
-4.487531185150146484e+00
1.310490131378173828e+00
-2.707560062408447266e+00
-1.797638893127441406e+00
-8.080086708068847656e-01
-4.291901588439941406e-01
-7.652493715286254883e-01
2.285452365875244141e+00
-7.335013747215270996e-01
3.441251993179321289e+00
5.572362899780273438e+00
3.733662664890289307e-01
2.590767621994018555e+00
1.016903877258300781e+00
-2.887839078903198242e+00
6.916169524192810059e-01
-1.414932608604431152e+00
-3.009772300720214844e-01
5.738728523254394531e+00
4.578833580017089844e+00
4.167341232299804688e+00
-4.280171394348144531e+00
-1.155225872993469238e+00
-4.846666336059570312e+00
1.101394146680831909e-01
1.398391246795654297e+00
3.040824174880981445e+00
-1.403862833976745605e+00
3.617064952850341797e+00
3.220973968505859375e+00
1.896018981933593750e+00
5.320292472839355469e+00
-3.465403079986572266e+00
3.212810516357421875e+00
-1.161368846893310547e+00
-1.696884393692016602e+00
4.738718032836914062e+00
2.460767507553100586e+00
-7.103739380836486816e-01
-1.665926337242126465e+00
-2.313411474227905273e+00
2.301639556884765625e+00
1.914579868316650391e+00
-3.649539232254028320e+00
4.570167064666748047e+00
5.960799694061279297e+00
-3.909350156784057617e+00
-5.110396385192871094e+00
3.228729486465454102e+00
7.908167839050292969e-01
-6.008046865463256836e-01
-2.202488422393798828e+00
-1.714695215225219727e+00
-7.597323656082153320e-01
5.143038630485534668e-01
-8.538821935653686523e-01
-7.770546078681945801e-01
-4.044649124145507812e+00
5.797731876373291016e-02
-2.882979154586791992e+00
-1.699606418609619141e+00
-3.179651737213134766e+00
2.176278829574584961e+00
1.453485012054443359e+00
-2.659554004669189453e+00
4.356064796447753906e+00
3.064913749694824219e+00
3.112584114074707031e+00
-4.755282402038574219e-02
2.135858058929443359e+00
-1.425284385681152344e+00
5.529317855834960938e+00
3.966403722763061523e+00
1.530548095703125000e+00
5.241702079772949219e+00
-2.632215023040771484e+00
2.931585311889648438e+00
3.254685401916503906e+00
9.229873418807983398e-01
3.909296989440917969e+00
-1.553710103034973145e-01
-3.136689901351928711e+00
3.412779331207275391e+00
-5.715515613555908203e-01
-1.619075655937194824e+00
-1.637584924697875977e+00
-3.401048183441162109e-01
-4.880327224731445312e+00
-5.425417900085449219e+00
8.139139175415039062e+00
-2.832247257232666016e+00
3.508862018585205078e+00
-3.524494171142578125e+00
-1.030787229537963867e+00
5.531960487365722656e+00
1.055916428565979004e+00
1.857687711715698242e+00
2.229751586914062500e+00
-8.422536253929138184e-01
-4.769875049591064453e+00
3.398720264434814453e+00
3.532768726348876953e+00
7.411770820617675781e-01
2.508364439010620117e+00
1.358400702476501465e+00
-2.444954395294189453e+00
3.982819318771362305e-01
-3.842411041259765625e+00
6.002234935760498047e+00
-2.910900592803955078e+00
-2.713814735412597656e+00
2.894797801971435547e+00
-3.029219210147857666e-01
-5.112627029418945312e+00
2.719701766967773438e+00
-2.335944414138793945e+00
2.538462638854980469e+00
-1.114386200904846191e+00
-3.773572206497192383e+00
-3.314309716224670410e-01
1.623569369316101074e+00
3.393760681152343750e+00
-1.339988946914672852e+00
3.057789325714111328e+00
6.669199466705322266e-01
8.308126926422119141e-01
-3.891640901565551758e-01
-4.956293106079101562e+00
3.118728160858154297e+00
2.192627906799316406e+00
1.650638699531555176e+00
-3.386168241500854492e+00
7.963586449623107910e-01
-2.682519674301147461e+00
-1.265331268310546875e+00
3.747951745986938477e+00
-4.440907478332519531e+00
-8.008704781532287598e-01
1.109693527221679688e+00
-4.543725013732910156e+00
1.775670051574707031e-01
1.993625521659851074e+00
6.940363883972167969e+00
2.841233730316162109e+00
-1.600806117057800293e+00
1.531867265701293945e+00
-2.727148056030273438e+00
1.817715644836425781e+00
5.105863094329833984e+00
-1.293683648109436035e-01
-5.287337303161621094e-02
-1.390257120132446289e+00
3.109191894531250000e+00
-1.763987302780151367e+00
9.286750555038452148e-01
2.494065761566162109e+00
-2.706481933593750000e+00
-2.088917970657348633e+00
1.555008172988891602e+00
-3.780998706817626953e+00
2.414007425308227539e+00
-2.320463061332702637e-01
2.229245901107788086e+00
2.115820407867431641e+00
2.399542331695556641e-01
5.706145763397216797e+00
-9.595959186553955078e-01
4.038674354553222656e+00
6.865529060363769531e+00
1.953995943069458008e+00
3.735861778259277344e-01
-1.859345197677612305e+00
2.852614402770996094e+00
-4.012638092041015625e+00
-1.166261196136474609e+00
3.650773525238037109e+00
2.075824022293090820e+00
-3.345177412033081055e+00
1.373417139053344727e+00
4.516852855682373047e+00
3.344462156295776367e+00
-2.448775172233581543e-01
-7.631227374076843262e-02
-1.713993310928344727e+00
-1.442765146493911743e-01
-1.928104639053344727e+00
-1.366139650344848633e+00
1.245776414871215820e+00
2.565087080001831055e+00
-2.049938440322875977e+00
-3.539454340934753418e-01
-3.064105033874511719e+00
-1.000890970230102539e+00
6.286057233810424805e-01
1.370923042297363281e+00
3.027954578399658203e+00
-3.068818569183349609e+00
5.551430702209472656e+00
4.710049152374267578e+00
-3.251086175441741943e-01
-3.516312599182128906e+00
8.637201786041259766e-02
-7.126581072807312012e-01
-1.575242996215820312e+00
-4.513472318649291992e-03
1.397551774978637695e+00
-1.336894512176513672e+00
-9.021437168121337891e-02
1.133366346359252930e+00
2.573991060256958008e+00
4.120463848114013672e+00
-2.650220394134521484e-01
2.380767107009887695e+00
3.392408609390258789e+00
3.719678640365600586e+00
2.879556417465209961e+00
5.894214630126953125e+00
-1.123210430145263672e+00
-4.703072309494018555e-01
-2.904280185699462891e+00
-2.620265483856201172e+00
-5.297756195068359375e+00
-1.907240152359008789e+00
-3.065488636493682861e-01
5.469624996185302734e+00
-4.364616394042968750e+00
2.850954771041870117e+00
2.980167388916015625e+00
6.622405052185058594e-01
2.304850816726684570e-01
7.558243870735168457e-01
3.925032615661621094e+00
-2.660269737243652344e+00
-2.964447736740112305e+00
-3.904183149337768555e+00
-6.897612810134887695e-01
1.521512269973754883e+00
5.019280910491943359e-01
2.737749218940734863e-01
2.097339630126953125e-01
5.939720869064331055e-01
4.844233512878417969e+00
-2.603963017463684082e-02
-3.140607833862304688e+00
-8.859173059463500977e-01
3.367829561233520508e+00
2.900515317916870117e+00
-2.109600305557250977e+00
-7.925300598144531250e-01
1.435752153396606445e+00
-3.147214651107788086e-02
-5.046751976013183594e+00
4.389493465423583984e+00
-8.538343906402587891e-01
1.980960726737976074e+00
-1.715772628784179688e+00
3.666796207427978516e+00
1.143859863281250000e+00
3.133417367935180664e+00
5.598554015159606934e-01
1.043590545654296875e+00
2.992071866989135742e+00
-7.155026793479919434e-01
3.856909513473510742e+00
-2.676582336425781250e+00
5.069213390350341797e+00
4.386566638946533203e+00
1.037418127059936523e+00
-2.763696312904357910e-01
-2.472812175750732422e+00
-1.286236882209777832e+00
5.737819671630859375e-01
-1.782668113708496094e+00
4.703450202941894531e+00
-4.882837295532226562e+00
-5.115840435028076172e-01
-2.007831096649169922e+00
4.855348587036132812e+00
3.110808849334716797e+00
-1.277956962585449219e+00
2.852297425270080566e-01
2.870327234268188477e+00
-4.170306682586669922e+00
-1.282066106796264648e-01
4.714495658874511719e+00
7.163462638854980469e+00
6.331881999969482422e+00
1.130805015563964844e-01
4.785010814666748047e+00
5.449451446533203125e+00
2.584934949874877930e+00
5.116336822509765625e+00
3.949576377868652344e+00
-4.370298087596893311e-01
7.278753280639648438e+00
2.237007856369018555e+00
-5.499601364135742188e-01
-6.145921349525451660e-01
2.780740976333618164e+00
-4.155366420745849609e+00
-4.916651248931884766e+00
-3.244089126586914062e+00
-3.826193809509277344e+00
-4.902261734008789062e+00
-5.182954788208007812e+00
-3.273462533950805664e+00
-3.857592582702636719e+00
3.482964634895324707e-02
-5.594495296478271484e+00
-1.707939743995666504e+00
-3.727270603179931641e+00
-3.762165546417236328e+00
-2.079495191574096680e+00
-3.457490444183349609e+00
-6.463912487030029297e+00
-1.262073278427124023e+00
-2.796507358551025391e+00
-1.195987105369567871e+00
-5.547200202941894531e+00
2.307735681533813477e+00
6.664090752601623535e-01
-3.637438774108886719e+00
-3.363663434982299805e+00
1.285940408706665039e+00
-4.341210722923278809e-01
-1.738428473472595215e+00
-3.506371021270751953e+00
-2.209561824798583984e+00
-1.529749274253845215e+00
-3.766434907913208008e+00
-3.692218065261840820e+00
2.025874614715576172e+00
1.563168525695800781e+00
-4.031938076019287109e+00
-3.927926778793334961e+00
-3.221640825271606445e+00
-4.804370403289794922e+00
-6.432843208312988281e+00
-2.985218465328216553e-01
3.239177227020263672e+00
-6.257229804992675781e+00
-2.034265995025634766e+00
-4.046947956085205078e+00
6.541201591491699219e+00
1.091533422470092773e+00
4.827591419219970703e+00
7.428850173950195312e+00
1.532937049865722656e+00
1.076982498168945312e+01
3.859255313873291016e+00
4.938977241516113281e+00
5.625802993774414062e+00
4.313016414642333984e+00
2.215039014816284180e+00
-1.716275453567504883e+00
2.869567394256591797e+00
4.786725997924804688e+00
4.619693756103515625e+00
3.371875286102294922e+00
-2.795342206954956055e+00
2.121370315551757812e+00
-3.246092557907104492e+00
1.770150780677795410e+00
-3.588936328887939453e+00
1.277822375297546387e+00
-1.406294822692871094e+00
-1.445742130279541016e+00
-5.259838104248046875e-01
-2.785314798355102539e+00
-1.722538113594055176e+00
-5.061053037643432617e-01
-1.943946242332458496e+00
-1.387742757797241211e-01
