8.508702516555786133e-01
3.971372365951538086e+00
-2.841619014739990234e+00
-3.529408931732177734e+00
-1.761592626571655273e+00
-4.105913162231445312e+00
-2.543874263763427734e+00
-7.242212295532226562e-01
-2.240537643432617188e+00
4.483658313751220703e+00
-1.606815457344055176e+00
-2.776531219482421875e+00
-7.418622970581054688e-01
-1.012067437171936035e+00
1.962986588478088379e-01
-3.848793745040893555e+00
-4.432101249694824219e+00
8.095952272415161133e-01
1.394475460052490234e+00
-3.846374988555908203e+00
-4.478059768676757812e+00
8.151751160621643066e-01
3.691041946411132812e+00
-1.708458900451660156e+00
-1.364576935768127441e+00
-4.008467674255371094e+00
-2.629842042922973633e+00
-1.575699090957641602e+00
-4.891862869262695312e-01
-1.507906794548034668e+00
-3.592113256454467773e+00
-1.122339844703674316e+00
-5.577790260314941406e+00
-3.250212430953979492e+00
-1.664717644453048706e-01
-1.075309157371520996e+00
-1.709253549575805664e+00
-3.751416921615600586e+00
1.765276432037353516e+00
-7.824487686157226562e-01
-1.126068949699401855e+00
-1.059386968612670898e+00
-1.268895268440246582e-01
-1.622782707214355469e+00
8.132131695747375488e-01
-5.447980165481567383e-01
-1.403935313224792480e+00
-1.181504607200622559e+00
-9.920069575309753418e-01
-1.749831795692443848e+00
2.832931756973266602e+00
-1.823154211044311523e+00
2.132797241210937500e-02
-3.804520368576049805e+00
-2.627552986145019531e+00
-1.886147499084472656e+00
-2.914251327514648438e+00
-5.966043472290039062e+00
-3.801591396331787109e-01
-2.944139003753662109e+00
1.819186449050903320e+00
-1.537172675132751465e+00
2.392363071441650391e+00
-9.874423742294311523e-01
2.881365537643432617e+00
8.943387269973754883e-01
1.260152816772460938e+00
-1.565346240997314453e+00
-4.617202281951904297e-02
-5.178087949752807617e-02
-4.855578422546386719e+00
-4.744917750358581543e-01
-4.295077800750732422e+00
-3.235767602920532227e+00
1.109099090099334717e-01
-4.325371742248535156e+00
1.198941230773925781e+00
7.937365770339965820e-02
-1.117803096771240234e+00
4.166830480098724365e-01
1.185586094856262207e+00
-4.763479709625244141e+00
1.331808716058731079e-01
-3.081085681915283203e-01
2.039029121398925781e+00
-3.211713314056396484e+00
2.458302497863769531e+00
-3.291124820709228516e+00
2.297803401947021484e+00
-1.748018264770507812e-01
-1.134893178939819336e+00
1.362458467483520508e+00
2.368795573711395264e-01
-2.308843851089477539e+00
-7.887455821037292480e-01
-4.319410324096679688e+00
2.420038700103759766e+00
-2.958023786544799805e+00
9.404063224792480469e-02
-6.450593471527099609e-02
-1.814748167991638184e+00
4.253659248352050781e-01
-2.763312339782714844e+00
1.792070418596267700e-01
-1.010698199272155762e+00
-2.374614238739013672e+00
3.185284137725830078e-01
-9.722085297107696533e-02
8.696425557136535645e-01
1.564440488815307617e+00
-2.393862962722778320e+00
-1.279202342033386230e+00
-4.384963035583496094e+00
-3.357731103897094727e+00
-4.028901576995849609e+00
1.791755795478820801e+00
-5.484784245491027832e-01
3.538813114166259766e+00
-2.125348091125488281e+00
-4.539959430694580078e+00
-1.937179565429687500e+00
-2.534237504005432129e-01
-6.995918229222297668e-03
-2.250524044036865234e+00
-1.420714020729064941e+00
-4.565751552581787109e+00
-2.512206315994262695e+00
6.754065155982971191e-01
-1.054667472839355469e+00
1.643883466720581055e+00
1.375409603118896484e+00
2.130264282226562500e+00
2.783957481384277344e+00
3.785087347030639648e+00
1.405081391334533691e+00
-6.828556656837463379e-01
-1.332991361618041992e+00
-2.115883827209472656e-01
2.157504081726074219e+00
-2.679318666458129883e+00
7.978010177612304688e-01
3.125077486038208008e-01
5.401123762130737305e-01
-1.383279323577880859e+00
-2.426629066467285156e-01
-2.453821182250976562e+00
-5.544970512390136719e+00
-2.697683572769165039e+00
-6.448349952697753906e-01
-1.688796281814575195e-01
-2.048748731613159180e+00
3.856888115406036377e-01
-1.759631872177124023e+00
-2.216566562652587891e+00
-2.716307640075683594e+00
-4.372949123382568359e+00
-1.874176263809204102e-01
1.414917945861816406e+00
-2.464040815830230713e-01
-1.477383375167846680e-01
-5.329543352127075195e-02
-2.098721504211425781e+00
-6.119131445884704590e-01
-3.305845022201538086e+00
-1.850031256675720215e+00
-1.502848267555236816e+00
-1.034507989883422852e+00
-3.762042522430419922e-01
7.473784685134887695e-01
-4.945857524871826172e-01
4.616732597351074219e-01
1.678672790527343750e+00
4.172571182250976562e+00
3.179227828979492188e+00
-2.914308547973632812e+00
-1.904552221298217773e+00
2.554917335510253906e+00
1.696146130561828613e-01
1.295355677604675293e+00
-2.528361082077026367e+00
-3.979961633682250977e+00
7.938373088836669922e-01
-2.310122966766357422e+00
-2.421181201934814453e+00
-3.677957057952880859e+00
2.691401004791259766e+00
-6.418901681900024414e-01
-3.298604726791381836e+00
5.641509890556335449e-01
-1.572848916053771973e+00
-3.118001937866210938e+00
-3.577872753143310547e+00
-2.701889872550964355e-01
-8.258444070816040039e-02
-2.282665491104125977e+00
-1.477596759796142578e+00
-4.537890911102294922e+00
-1.639678478240966797e+00
-4.669028282165527344e+00
-2.539128661155700684e-01
-3.541480541229248047e+00
-1.117107868194580078e+00
-3.602113485336303711e+00
-8.080404400825500488e-01
8.309998512268066406e-01
-1.256905317306518555e+00
-9.157443046569824219e-01
7.854920029640197754e-01
-5.367813110351562500e-01
-2.537335753440856934e-01
-2.499050140380859375e+00
1.787526011466979980e+00
-1.370265960693359375e+00
2.785850763320922852e-01
-2.465677976608276367e+00
2.500796318054199219e+00
-7.828146219253540039e-02
3.982266187667846680e-01
-1.382627964019775391e+00
-1.704664707183837891e+00
-3.188256978988647461e+00
1.616091728210449219e+00
1.422193408012390137e+00
-1.461445689201354980e+00
-2.590902090072631836e+00
-1.942266941070556641e+00
-1.991869449615478516e+00
8.157794475555419922e-01
3.078935742378234863e-01
-3.004780054092407227e+00
-1.892573684453964233e-01
5.827283859252929688e-01
1.111602544784545898e+00
-1.306438922882080078e+00
-7.857765555381774902e-01
-3.334004402160644531e+00
-5.209987640380859375e+00
1.013171911239624023e+00
1.354321956634521484e+00
-2.719882249832153320e+00
7.855763435363769531e-01
-1.855951666831970215e+00
-1.302690625190734863e+00
-2.606638193130493164e+00
-3.304754972457885742e+00
6.000420451164245605e-02
-2.563333511352539062e-01
-5.661603212356567383e-01
1.730251312255859375e+00
-2.028924971818923950e-01
3.223831653594970703e-01
-4.939949214458465576e-01
-2.221709489822387695e+00
2.532738685607910156e+00
1.826735436916351318e-01
2.345883846282958984e-02
-2.765902996063232422e+00
-1.848324060440063477e+00
-1.609742283821105957e+00
-2.112400054931640625e+00
-2.789878606796264648e+00
-3.632930755615234375e+00
-3.723547935485839844e+00
4.628980755805969238e-01
1.553373098373413086e+00
3.291153311729431152e-01
-2.447858810424804688e+00
1.332094669342041016e+00
-1.951673984527587891e+00
2.469501256942749023e+00
-1.040966153144836426e+00
-5.196863412857055664e-01
3.178921937942504883e+00
2.558464288711547852e+00
2.259612798690795898e+00
-8.234113454818725586e-03
-3.287522554397583008e+00
2.559020519256591797e+00
9.165863990783691406e-01
1.041383743286132812e+00
2.036041915416717529e-01
3.069151401519775391e+00
6.164170742034912109e+00
1.570949792861938477e+00
3.699021041393280029e-01
1.503098726272583008e+00
2.283689022064208984e+00
-2.576744556427001953e-01
5.631570219993591309e-01
-1.899578094482421875e+00
2.672370433807373047e+00
-5.652999281883239746e-01
6.041798591613769531e+00
3.642662763595581055e-01
1.616366028785705566e+00
1.709020376205444336e+00
1.891111731529235840e-01
2.334397137165069580e-01
-1.712502002716064453e+00
-4.033538818359375000e+00
-4.987111091613769531e+00
-1.124001026153564453e+00
-4.618668556213378906e+00
-3.230509281158447266e+00
-2.615307807922363281e+00
-3.533551692962646484e+00
-3.275973558425903320e+00
-3.517752170562744141e+00
-1.680260658264160156e+00
-1.175488710403442383e+00
4.553566932678222656e+00
-2.497722148895263672e+00
-3.545202016830444336e+00
5.825032591819763184e-01
9.278874397277832031e-01
-2.842908382415771484e+00
-3.160810470581054688e+00
-4.112343788146972656e+00
-3.220463752746582031e+00
-3.774989247322082520e-01
-3.378226518630981445e+00
-2.397207975387573242e+00
-2.527900218963623047e+00
3.717294931411743164e-01
-2.840104341506958008e+00
-1.958663463592529297e+00
-5.213187694549560547e+00
-2.231619358062744141e+00
-3.608262062072753906e+00
1.389999270439147949e+00
1.659158706665039062e+00
1.199760437011718750e+00
4.274664402008056641e+00
9.329962730407714844e-01
-1.723670959472656250e+00
-1.293908834457397461e+00
-2.305258750915527344e+00
-2.750240862369537354e-01
-1.375963211059570312e+00
4.360332965850830078e+00
6.255463123321533203e+00
2.454399824142456055e+00
2.407702922821044922e+00
4.545718431472778320e-02
-4.259348511695861816e-01
-5.465410947799682617e-01
3.064993143081665039e+00
-2.351378500461578369e-01
-2.802526652812957764e-01
4.929765164852142334e-01
-6.002371311187744141e-01
1.252518892288208008e-01
2.010806322097778320e+00
1.411335825920104980e+00
8.507272005081176758e-01
-1.322615385055541992e+00
-2.571862339973449707e-01
2.402291536331176758e+00
2.949979305267333984e-01
-2.280121088027954102e+00
2.758022397756576538e-02
1.841002225875854492e+00
-2.534275054931640625e+00
-4.370659589767456055e-01
-3.423069477081298828e+00
-2.368867397308349609e+00
-4.904100418090820312e+00
-6.769976139068603516e+00
-2.733601093292236328e+00
-3.271451234817504883e+00
-4.124447822570800781e+00
4.538425207138061523e-01
-4.060462474822998047e+00
-5.302726268768310547e+00
-1.376340746879577637e+00
-3.099053621292114258e+00
7.409591674804687500e-01
-3.293234109878540039e+00
-1.818732857704162598e+00
-1.890714168548583984e+00
-2.183901548385620117e+00
-1.033969879150390625e+00
-2.201971054077148438e+00
-1.129553318023681641e+00
-5.855226516723632812e-01
-1.013357043266296387e-01
4.757995605468750000e-01
2.477021932601928711e+00
-8.124526143074035645e-01
1.281312227249145508e+00
-3.428133964538574219e+00
2.259753227233886719e+00
8.116794824600219727e-01
1.419586896896362305e+00
-9.117100834846496582e-01
1.156268596649169922e+00
2.912858963012695312e+00
-2.654346942901611328e+00
8.693776130676269531e-01
1.227705717086791992e+00
-4.012448787689208984e+00
-2.305877804756164551e-01
-2.804029226303100586e+00
-1.541355609893798828e+00
2.423382520675659180e+00
2.597970962524414062e+00
3.250436186790466309e-01
4.527327120304107666e-01
2.435989379882812500e+00
2.264474630355834961e+00
6.122545719146728516e+00
2.566788196563720703e+00
-1.070866584777832031e-01
-2.653069734573364258e+00
2.333487987518310547e+00
3.122387647628784180e+00
-2.509443759918212891e+00
7.046978950500488281e+00
-1.093199849128723145e+00
3.661677598953247070e+00
-3.450716733932495117e+00
1.211650609970092773e+00
-2.181113958358764648e+00
-2.328903675079345703e+00
4.704132080078125000e+00
7.277455806732177734e+00
-2.408233642578125000e+00
2.080883741378784180e+00
3.068419456481933594e+00
4.389393806457519531e+00
-1.852308392524719238e+00
-2.688966989517211914e-01
-3.648919343948364258e+00
4.887740135192871094e+00
9.058034896850585938e+00
5.469300746917724609e+00
7.040050983428955078e+00
2.463616132736206055e+00
-8.518360853195190430e-01
-2.831764936447143555e+00
-4.027159214019775391e+00
1.007305145263671875e+00
-2.203375577926635742e+00
7.222164630889892578e+00
2.194361925125122070e+00
-1.052383661270141602e+00
1.252263188362121582e+00
1.252202093601226807e-01
1.609348058700561523e+00
4.033575534820556641e+00
-7.688319683074951172e-02
-2.815793991088867188e+00
5.394864678382873535e-01
5.067523717880249023e-01
-7.979347705841064453e-01
2.014997005462646484e-01
-4.288547515869140625e+00
-8.983347415924072266e-01
7.925553917884826660e-01
1.204891443252563477e+00
2.203841924667358398e+00
-8.719975948333740234e-01
4.909759521484375000e+00
1.441321611404418945e+00
-3.285859823226928711e-01
1.639982938766479492e+00
-3.576099395751953125e+00
-2.129607439041137695e+00
3.681172132492065430e-01
-6.300138235092163086e-01
1.276857256889343262e-01
-6.831955909729003906e-01
-1.129970669746398926e+00
-3.549317836761474609e+00
5.922632694244384766e+00
1.440602540969848633e+00
5.575885772705078125e+00
-5.391530036926269531e+00
4.541606903076171875e+00
-2.708364725112915039e+00
6.689663529396057129e-01
3.644825935363769531e+00
-2.448821067810058594e+00
3.920624256134033203e+00
-1.221953988075256348e+00
-3.506815910339355469e+00
-3.965247154235839844e+00
2.050174951553344727e+00
4.373145103454589844e-02
6.122816562652587891e+00
-3.007239818572998047e+00
-3.682225227355957031e+00
1.299762725830078125e+00
-7.839159369468688965e-01
-2.298953533172607422e+00
-6.361849308013916016e-01
8.719410896301269531e-01
2.492928028106689453e+00
2.359900951385498047e+00
-2.186350584030151367e+00
3.543425798416137695e-01
1.469986200332641602e+00
-1.541920423507690430e+00
-2.452916860580444336e+00
2.687555789947509766e+00
-1.031534194946289062e+00
-1.592134237289428711e-01
-3.872193336486816406e+00
-1.692593097686767578e+00
3.913805007934570312e+00
2.625128269195556641e+00
-4.225251674652099609e+00
-7.793934822082519531e+00
-2.766757726669311523e+00
-1.829999208450317383e+00
-1.566758155822753906e+00
3.030808925628662109e+00
4.114566326141357422e+00
2.174254417419433594e+00
3.454937934875488281e+00
4.308732986450195312e+00
-2.587936818599700928e-01
-1.877038002014160156e+00
-2.278053522109985352e+00
-5.688929557800292969e+00
-1.147514343261718750e+00
-1.206554174423217773e+00
-1.451294779777526855e+00
-3.216164112091064453e+00
1.921326637268066406e+00
2.228084087371826172e+00
-1.451170802116394043e+00
5.917116999626159668e-01
9.461540222167968750e+00
-3.355328559875488281e+00
-8.214373588562011719e+00
2.081921577453613281e+00
2.317324638366699219e+00
3.797174453735351562e+00
1.026523494720458984e+01
5.381953716278076172e-01
-2.425286293029785156e+00
2.168974876403808594e+00
7.807441949844360352e-01
-7.836430668830871582e-01
-1.271970272064208984e+00
-4.824791431427001953e+00
-1.501849770545959473e+00
-2.508632659912109375e+00
9.290513992309570312e+00
-7.642469406127929688e+00
7.464091181755065918e-01
6.657896041870117188e+00
1.697915494441986084e-01
1.538153886795043945e+00
-1.863431334495544434e+00
7.416478157043457031e+00
2.075880050659179688e+00
-1.697346687316894531e+00
6.994053125381469727e-01
6.060169935226440430e-01
-2.750170946121215820e+00
7.420648097991943359e+00
-8.424333333969116211e-01
4.892585277557373047e-01
8.176064491271972656e+00
-6.054305076599121094e+00
3.556735515594482422e-01
2.814594507217407227e+00
-5.370494127273559570e-01
-1.315743476152420044e-01
-6.401000022888183594e+00
4.092077255249023438e+00
-9.736077785491943359e-01
-9.736621379852294922e-02
1.768686532974243164e+00
-3.396213054656982422e+00
-8.161926269531250000e-01
-3.735405921936035156e+00
2.296388626098632812e+00
8.022526741027832031e+00
-2.867699623107910156e+00
-1.751994490623474121e+00
-2.962663173675537109e+00
6.051442623138427734e-01
1.257241249084472656e+00
9.819918870925903320e-02
7.574170231819152832e-01
5.224586963653564453e+00
1.550109148025512695e+00
-1.437213659286499023e+00
8.343540191650390625e+00
-3.181025505065917969e+00
1.408501386642456055e+00
-5.572580337524414062e+00
2.363172054290771484e+00
2.584558427333831787e-01
-3.627451419830322266e+00
1.790844678878784180e+00
6.747776985168457031e+00
-1.505091667175292969e+00
1.092747688293457031e+00
-2.190822839736938477e+00
5.048047304153442383e-01
-4.061331272125244141e+00
-3.975833058357238770e-01
6.826800107955932617e-01
-2.045735836029052734e+00
1.093496441841125488e+00
7.497975230216979980e-02
1.249344587326049805e+00
1.379740142822265625e+01
-1.376060128211975098e+00
-6.338049173355102539e-01
1.155360460281372070e+00
-2.717321634292602539e+00
9.640711545944213867e-01
1.881032228469848633e+00
2.160548448562622070e+00
2.540397405624389648e+00
3.474782466888427734e+00
1.610673189163208008e+00
-2.177949428558349609e+00
-2.639876365661621094e+00
-5.117608308792114258e-01
6.092563867568969727e-01
-2.075222730636596680e+00
-4.128293991088867188e+00
1.289516448974609375e+00
1.466119289398193359e-01
-1.233448505401611328e+00
4.989839494228363037e-01
3.984140157699584961e-01
-3.458517789840698242e-01
1.603014707565307617e+00
-4.287694454193115234e+00
3.254422903060913086e+00
3.390941858291625977e+00
1.914107561111450195e+00
3.921612977981567383e+00
-4.807960391044616699e-01
2.327425926923751831e-01
1.105817317962646484e+00
1.673784017562866211e+00
7.604398727416992188e-01
2.646461248397827148e+00
3.302457332611083984e+00
4.433552265167236328e+00
-2.250403404235839844e+00
-3.324257850646972656e+00
-5.154881000518798828e+00
1.893400907516479492e+00
-1.051619172096252441e+00
1.336435794830322266e+00
1.427557706832885742e+00
2.108335494995117188e+00
1.815236330032348633e+00
-1.625088453292846680e+00
6.407605648040771484e+00
2.659945249557495117e+00
3.491476774215698242e+00
-1.968103408813476562e+00
6.425632238388061523e-01
3.438646793365478516e+00
4.897201538085937500e+00
1.154327154159545898e+00
-2.549059391021728516e+00
-6.854656934738159180e-01
2.793274879455566406e+00
6.342289447784423828e+00
6.705302000045776367e-02
1.551478743553161621e+00
5.730166435241699219e-01
-3.061224937438964844e+00
-1.891638994216918945e+00
1.905629396438598633e+00
-1.570218443870544434e+00
-7.809017896652221680e-01
-1.273496747016906738e+00
-1.885184049606323242e+00
1.689421415328979492e+00
7.562744617462158203e-02
-1.362586021423339844e-02
-3.916593313217163086e+00
-5.118121147155761719e+00
-2.103249549865722656e+00
-4.543543815612792969e+00
-2.272123813629150391e+00
1.309262990951538086e+00
-3.737956285476684570e-01
2.191419601440429688e-01
2.550019621849060059e-01
5.395686149597167969e+00
1.027151823043823242e+00
-3.937740623950958252e-01
2.387754917144775391e+00
5.424958705902099609e+00
-9.416598081588745117e-01
6.208476543426513672e+00
2.941979646682739258e+00
6.263441085815429688e+00
3.719149112701416016e+00
-1.813105344772338867e+00
2.362739086151123047e+00
3.677376270294189453e+00
-1.960778236389160156e+00
5.031774640083312988e-01
-9.035718441009521484e-02
-1.167843341827392578e+00
5.243193626403808594e+00
-2.685866653919219971e-01
5.351856350898742676e-01
-3.389080762863159180e-01
-2.092965245246887207e-01
-4.044489383697509766e+00
-5.330869674682617188e+00
5.015919685363769531e+00
-3.334663867950439453e+00
4.494523704051971436e-01
-2.770220041275024414e+00
-2.157914876937866211e+00
6.860737800598144531e+00
-3.768467903137207031e-01
-7.588803768157958984e-02
-2.846565246582031250e-01
-1.027777910232543945e+00
-4.104301452636718750e+00
2.542830467224121094e+00
2.300723075866699219e+00
-1.402620553970336914e+00
1.544397830963134766e+00
3.653848767280578613e-01
-4.952846467494964600e-02
9.190016388893127441e-01
-4.213911056518554688e+00
9.203818321228027344e+00
-1.797250270843505859e+00
-2.921709537506103516e+00
3.046179056167602539e+00
3.679865226149559021e-02
-4.854852199554443359e+00
1.026696205139160156e+01
-1.357989907264709473e+00
1.453383326530456543e+00
-3.309984445571899414e+00
-1.972587823867797852e+00
1.391747236251831055e+00
9.211537837982177734e-01
2.731750965118408203e+00
3.292930364608764648e+00
6.957349300384521484e+00
4.507510960102081299e-01
3.759063184261322021e-01
1.872075200080871582e+00
-3.049528837203979492e+00
1.879219532012939453e+00
2.849370718002319336e+00
1.991270422935485840e+00
-2.619136333465576172e+00
5.959569662809371948e-02
-2.335204601287841797e+00
-2.236239910125732422e+00
-4.034231901168823242e-01
-4.699525356292724609e+00
-2.503768444061279297e+00
-1.725788116455078125e+00
-2.288869142532348633e+00
-2.967402458190917969e+00
2.384689807891845703e+00
4.821163654327392578e+00
-5.768691301345825195e-01
-2.256548643112182617e+00
4.478333950042724609e+00
-9.551298618316650391e-02
-1.056339025497436523e+00
3.897154808044433594e+00
-1.865822315216064453e+00
-3.794155359268188477e+00
-1.350495100021362305e+00
2.289556503295898438e+00
-2.475115060806274414e+00
1.732188344001770020e+00
5.090996742248535156e+00
-2.342995643615722656e+00
-5.340233802795410156e+00
-3.448687791824340820e-01
-1.441652417182922363e+00
1.972801983356475830e-01
1.212918877601623535e+00
5.381832122802734375e+00
3.695879459381103516e+00
2.967938184738159180e+00
2.241772651672363281e+00
2.952494382858276367e+00
8.748791694641113281e+00
9.527125358581542969e-01
2.054502010345458984e+00
-2.380812168121337891e-01
-1.603514909744262695e+00
1.434962391853332520e+00
7.163852453231811523e-02
8.099732398986816406e-01
2.232057094573974609e+00
1.775122404098510742e+00
-4.962846636772155762e-01
1.546536386013031006e-01
4.006690979003906250e+00
1.165987730026245117e+00
-3.621829748153686523e-01
1.520955085754394531e+00
-3.467162847518920898e+00
-3.644305229187011719e+00
-1.637803554534912109e+00
-1.206602454185485840e-01
3.258653640747070312e+00
1.919901609420776367e+00
1.872241497039794922e+00
-1.891742706298828125e+00
-2.301619052886962891e+00
-1.330235242843627930e+00
-2.364456653594970703e-02
8.631408214569091797e-02
4.004077434539794922e+00
-1.472449302673339844e+00
7.912358760833740234e+00
4.008067131042480469e+00
-2.494568586349487305e+00
-5.260086536407470703e+00
4.562295675277709961e-01
4.814026355743408203e-01
-3.377304077148437500e+00
1.496088147163391113e+00
3.256957530975341797e-01
-2.868505239486694336e+00
6.355565786361694336e-01
-1.474392652511596680e+00
1.641300678253173828e+00
4.476931571960449219e+00
4.769566655158996582e-01
1.182192564010620117e+00
5.415457725524902344e+00
3.437880277633666992e+00
-8.764927983283996582e-01
2.224789381027221680e+00
5.376517772674560547e-01
1.863633632659912109e+00
-2.165217399597167969e+00
-6.071022748947143555e-01
-4.316624164581298828e+00
-2.161778926849365234e+00
-8.401247262954711914e-01
2.899458169937133789e+00
-1.143281936645507812e+00
4.091657638549804688e+00
4.196615219116210938e+00
7.112276554107666016e-01
2.071270942687988281e-01
1.997457265853881836e+00
4.576448440551757812e+00
-3.683582544326782227e+00
-1.277345657348632812e+00
2.803221464157104492e+00
-9.661211967468261719e-01
-1.725159883499145508e-01
1.662160515785217285e+00
1.448667287826538086e+00
8.297491073608398438e-01
2.584428310394287109e+00
5.138236045837402344e+00
-1.958404183387756348e+00
-1.273472666740417480e+00
-1.345565319061279297e-01
3.223954200744628906e+00
2.045365810394287109e+00
-1.701552391052246094e+00
-1.759486079216003418e+00
4.088775634765625000e+00
-1.005819201469421387e+00
-3.404241800308227539e+00
2.405457496643066406e+00
1.195797443389892578e+00
2.055359363555908203e+00
-4.159336090087890625e-01
5.122706413269042969e+00
-9.832178354263305664e-01
4.841014862060546875e+00
-1.043650031089782715e+00
1.232685327529907227e+00
4.215111732482910156e+00
-2.085808992385864258e+00
1.642304062843322754e+00
-3.008635520935058594e+00
9.574558138847351074e-01
6.745967864990234375e+00
-3.927258253097534180e-01
9.731906652450561523e-02
9.996658563613891602e-01
7.727447748184204102e-01
-2.175871133804321289e-01
-3.360843956470489502e-01
3.902567386627197266e+00
-4.397899627685546875e+00
-5.222539901733398438e-01
-3.433268070220947266e-01
1.029761505126953125e+01
1.007817983627319336e+00
-4.598511457443237305e-01
-2.075034141540527344e+00
1.011024355888366699e+00
-2.408307790756225586e+00
-2.392018437385559082e-01
9.166927337646484375e+00
4.589489936828613281e+00
5.352745056152343750e+00
-8.506415486335754395e-01
1.798982381820678711e+00
7.428497791290283203e+00
6.562570571899414062e+00
1.690762758255004883e+00
2.468908309936523438e+00
-1.838233590126037598e+00
8.542652130126953125e+00
3.349100112915039062e+00
-2.295427083969116211e+00
-3.399252414703369141e+00
3.064216852188110352e+00
-2.842193126678466797e+00
-3.080877065658569336e-01
-4.292814731597900391e+00
-7.907940149307250977e-01
-2.948417663574218750e+00
-4.872353553771972656e+00
-1.765105009078979492e+00
-3.160293102264404297e+00
-2.193431854248046875e+00
-7.174075603485107422e+00
6.794513463973999023e-01
-4.806570053100585938e+00
-1.974298834800720215e+00
-3.868213891983032227e+00
-3.105987310409545898e+00
-7.997983455657958984e+00
-3.803953409194946289e+00
-4.262890815734863281e+00
-2.768162012100219727e+00
-8.001195907592773438e+00
1.393912792205810547e+00
-9.221703410148620605e-01
-4.630822658538818359e+00
-2.505260705947875977e+00
1.805429160594940186e-01
9.643006324768066406e-02
-1.990793347358703613e+00
-2.843352079391479492e+00
-7.144094109535217285e-01
-2.234016418457031250e+00
-4.701362133026123047e+00
-4.452850341796875000e+00
3.596883296966552734e+00
-1.408162832260131836e+00
-3.159041881561279297e+00
-3.845809221267700195e+00
-3.133739233016967773e+00
-3.542266845703125000e+00
-4.877426147460937500e+00
-2.031052827835083008e+00
3.829012870788574219e+00
-4.536625385284423828e+00
5.384749174118041992e-02
-2.306647896766662598e-01
2.014436244964599609e+00
2.599204063415527344e+00
2.758786916732788086e+00
6.264047145843505859e+00
1.450436472892761230e+00
8.439708709716796875e+00
9.431856870651245117e-01
4.370727062225341797e+00
5.886220455169677734e+00
2.947861671447753906e+00
1.112506747245788574e+00
8.650293350219726562e-01
1.167545795440673828e+00
3.939715862274169922e+00
3.671375989913940430e+00
2.152901172637939453e+00
-3.182920694351196289e+00
1.462570667266845703e+00
-2.224805116653442383e+00
1.663354873657226562e+00
-1.460999965667724609e+00
1.105823040008544922e+00
-6.925421357154846191e-01
-2.174136161804199219e+00
-5.023411750793457031e+00
-2.707528591156005859e+00
-8.709566593170166016e-01
-2.511702060699462891e+00
9.441492557525634766e-01
3.506794452667236328e+00
