-6.659069061279296875e-01
1.387240767478942871e+00
-4.761112213134765625e+00
-3.355476379394531250e+00
-9.231536388397216797e-01
-4.334887027740478516e+00
-2.447554111480712891e+00
-2.181533575057983398e+00
-1.119328618049621582e+00
3.178183078765869141e+00
2.195571660995483398e-01
4.564824104309082031e-01
-2.876618802547454834e-01
-2.867705821990966797e-01
1.488300323486328125e+00
-2.610941171646118164e+00
-2.148920536041259766e+00
5.489503145217895508e-01
5.654010176658630371e-01
-3.315861701965332031e+00
-4.236059188842773438e+00
7.673462033271789551e-01
1.675509810447692871e+00
1.246626973152160645e+00
-1.484062075614929199e+00
-6.959196329116821289e-01
-1.797596454620361328e+00
6.295145750045776367e-01
-2.127477645874023438e+00
-2.094341039657592773e+00
-3.572853088378906250e+00
7.140760421752929688e-01
-3.196329355239868164e+00
-2.214136838912963867e+00
-1.452537775039672852e+00
-2.815202951431274414e+00
-1.600040078163146973e+00
-4.240290641784667969e+00
2.593485116958618164e+00
-5.189349651336669922e-01
6.424348354339599609e-01
-2.052695751190185547e+00
1.452797889709472656e+00
-2.344360589981079102e+00
2.228488445281982422e+00
4.130032658576965332e-01
-3.327280879020690918e-01
2.483345031738281250e+00
-8.967397809028625488e-01
-2.332623481750488281e+00
8.167349696159362793e-01
-1.202704191207885742e+00
-6.044203042984008789e-01
-2.973843097686767578e+00
-1.266966223716735840e+00
1.624297976493835449e+00
-3.208185195922851562e+00
-5.166399002075195312e+00
-1.785465478897094727e+00
-2.068823814392089844e+00
1.817973375320434570e+00
-4.068470001220703125e-02
5.038920640945434570e-01
-6.812697052955627441e-01
1.665929794311523438e+00
6.190527677536010742e-01
2.259332418441772461e+00
-7.193474769592285156e-01
1.826750874519348145e+00
-2.711129188537597656e-02
-3.739430904388427734e+00
-2.640435934066772461e+00
-2.491558790206909180e+00
-1.401430845260620117e+00
-3.747233450412750244e-01
-5.045516014099121094e+00
-2.780306041240692139e-01
1.764819025993347168e-01
-1.685003638267517090e+00
-2.033550977706909180e+00
8.054143190383911133e-01
-3.203223705291748047e+00
-1.441768407821655273e+00
-1.646189689636230469e-01
3.245274543762207031e+00
-1.425391197204589844e+00
1.010615229606628418e+00
-2.702553510665893555e+00
1.714129209518432617e+00
-1.020371675491333008e+00
6.301286816596984863e-01
-1.133649945259094238e-01
5.549079179763793945e-01
-3.056524276733398438e+00
2.391314744949340820e+00
-3.953782081604003906e+00
3.300428390502929688e-01
-8.428798317909240723e-01
-1.713440060615539551e+00
9.634704589843750000e-01
-1.654965043067932129e+00
5.822198390960693359e-01
-3.074751853942871094e+00
-5.281283855438232422e-01
-2.976372718811035156e+00
-2.209475994110107422e+00
5.630501508712768555e-01
-1.267013788223266602e+00
1.780350208282470703e+00
2.263683557510375977e+00
-5.057704925537109375e+00
4.565432071685791016e-01
-1.702131748199462891e+00
-1.600437164306640625e+00
-4.250763893127441406e+00
5.068099498748779297e-01
-1.365350008010864258e+00
8.636188507080078125e-01
-2.521860361099243164e+00
-2.873813629150390625e+00
-2.578068971633911133e+00
-1.268247842788696289e+00
-2.819145441055297852e+00
-4.273281097412109375e+00
-3.467528343200683594e+00
-3.747984886169433594e+00
-4.213241577148437500e+00
9.448472857475280762e-01
-5.843053460121154785e-01
1.973315000534057617e+00
-1.601513624191284180e-01
-1.276887893676757812e+00
2.273138999938964844e+00
-9.375486522912979126e-02
-7.272672653198242188e-01
-7.000542879104614258e-01
-2.208249092102050781e+00
-6.057600378990173340e-01
1.857166051864624023e+00
-3.084341049194335938e+00
1.255784273147583008e+00
4.670668840408325195e-01
-1.503801345825195312e+00
-3.387894630432128906e-01
2.884536504745483398e+00
-1.639288902282714844e+00
-2.728318691253662109e+00
-3.303990125656127930e+00
-2.154264450073242188e-01
-2.311459541320800781e+00
-8.422036767005920410e-01
1.315244138240814209e-01
-2.533132791519165039e+00
-7.002554535865783691e-01
-6.740193963050842285e-01
-4.104082584381103516e+00
1.159409761428833008e+00
-1.225771903991699219e+00
-3.759501576423645020e-01
2.635566711425781250e+00
-7.109321355819702148e-01
-2.858985960483551025e-02
-1.922017931938171387e-01
-2.694806814193725586e+00
-1.958449602127075195e+00
-1.144879102706909180e+00
-2.154189109802246094e+00
-2.585919380187988281e+00
6.505291461944580078e-01
-1.348857402801513672e+00
-2.923243522644042969e+00
-4.099957346916198730e-01
-1.045752167701721191e+00
-1.835754662752151489e-01
-3.923858642578125000e+00
-1.328366041183471680e+00
-4.253271818161010742e-01
-1.140190839767456055e+00
5.821977257728576660e-01
1.135296449065208435e-01
-3.807934761047363281e+00
1.086420536041259766e+00
-2.943687438964843750e-01
-6.639887094497680664e-01
-2.664863586425781250e+00
2.017157793045043945e+00
-6.740373969078063965e-01
-2.697206974029541016e+00
6.990193128585815430e-01
-1.343381404876708984e+00
-2.506919145584106445e+00
-1.364242553710937500e+00
3.551682233810424805e-01
-1.286009788513183594e+00
-3.447894334793090820e+00
-6.946897506713867188e-01
-3.444332122802734375e+00
3.978255987167358398e-01
-5.236410617828369141e+00
8.678938150405883789e-01
-3.324087858200073242e+00
-8.973342776298522949e-01
-2.249828100204467773e+00
4.009592533111572266e-02
3.143124580383300781e-01
2.740466594696044922e-02
-5.554838776588439941e-01
-8.374706506729125977e-01
6.888146400451660156e-01
-2.646439671516418457e-01
-2.569380044937133789e+00
4.346157312393188477e-01
-2.911777973175048828e+00
1.226095557212829590e-01
-1.622324824333190918e+00
7.487275004386901855e-01
3.225740194320678711e-01
-3.148689270019531250e-01
-5.320786237716674805e-01
-1.834566116333007812e+00
-2.383569717407226562e+00
2.227403640747070312e+00
1.058320164680480957e+00
1.881963610649108887e-01
-2.855631589889526367e+00
-2.620859384536743164e+00
1.722444295883178711e+00
6.595793962478637695e-01
-8.372961282730102539e-01
-1.851224154233932495e-02
-7.334789037704467773e-01
-1.577433943748474121e-02
-9.911748766899108887e-01
8.808192014694213867e-01
1.773633956909179688e-01
-3.843525886535644531e+00
-3.934137821197509766e+00
2.192915916442871094e+00
1.779662728309631348e+00
-1.434841632843017578e+00
7.168744802474975586e-01
-8.777068853378295898e-01
-1.372198462486267090e+00
-1.164429903030395508e+00
-3.845123767852783203e+00
-4.581267535686492920e-01
-1.277298808097839355e+00
4.709187150001525879e-01
-8.176228404045104980e-01
-6.424071788787841797e-01
-1.826279163360595703e+00
-3.852050602436065674e-01
-3.059045314788818359e+00
-1.602309226989746094e+00
1.173995018005371094e+00
4.494749307632446289e-01
3.464192450046539307e-01
-5.546417236328125000e-01
-8.043138980865478516e-01
-1.772592544555664062e+00
-1.535188436508178711e+00
-3.029719352722167969e+00
-2.029675483703613281e+00
-3.237541615962982178e-01
1.562507152557373047e+00
-1.570435285568237305e+00
-2.104063272476196289e+00
-9.023003578186035156e-01
-2.632313728332519531e+00
1.216842651367187500e+00
-3.511634588241577148e+00
-4.728641211986541748e-01
1.879087984561920166e-01
-7.517459392547607422e-01
-6.134448051452636719e-01
-1.650897860527038574e+00
-2.625554084777832031e+00
-1.076791644096374512e+00
-2.589686393737792969e+00
6.363372802734375000e-01
-1.409241437911987305e+00
2.292089223861694336e+00
1.141879796981811523e+00
1.065956115722656250e+00
-1.528780817985534668e+00
-9.215192794799804688e-01
-2.040569305419921875e+00
-2.190744161605834961e+00
4.354835152626037598e-01
-6.467344760894775391e-01
2.855856418609619141e-01
-1.625021219253540039e+00
1.433555960655212402e+00
9.358543157577514648e-01
1.603711843490600586e-01
1.164700984954833984e+00
8.480183482170104980e-01
-2.074531078338623047e+00
-3.171022415161132812e+00
-5.225043296813964844e+00
-2.016292810440063477e+00
3.410651683807373047e-01
-1.930208802223205566e+00
-6.243808865547180176e-01
-1.977292299270629883e-01
-2.932221412658691406e+00
-3.901042222976684570e+00
-6.569112539291381836e-01
-1.398040294647216797e+00
-1.387118577957153320e+00
2.240952014923095703e+00
-1.299823999404907227e+00
-1.810348987579345703e+00
-1.415556669235229492e+00
4.615787565708160400e-01
-2.690349102020263672e+00
-3.928825139999389648e+00
-8.478006720542907715e-01
-1.619370579719543457e+00
-1.109905242919921875e+00
-4.129108428955078125e+00
-5.043220520019531250e-02
5.721179246902465820e-01
-5.312659740447998047e-01
-2.185017108917236328e+00
-2.258519172668457031e+00
-3.481623172760009766e+00
-2.013249158859252930e+00
-2.107676982879638672e+00
8.742222189903259277e-01
1.866499662399291992e+00
3.006632030010223389e-01
1.867072701454162598e+00
1.251408696174621582e+00
-7.716360688209533691e-01
-7.772692441940307617e-01
6.162847280502319336e-01
-2.981273174285888672e+00
5.604271888732910156e-01
3.605492830276489258e+00
4.073435306549072266e+00
4.275002777576446533e-01
1.501528501510620117e+00
-3.961609601974487305e-01
-1.283545613288879395e+00
3.037591457366943359e+00
3.167896747589111328e+00
2.673301219940185547e+00
1.815918684005737305e-01
-1.881797611713409424e-01
-3.906255364418029785e-01
7.803484201431274414e-01
-1.855854749679565430e+00
6.067278385162353516e-01
2.104375362396240234e+00
-7.257297039031982422e-01
-2.077096462249755859e+00
3.974800705909729004e-01
-3.849895000457763672e-01
-2.128017902374267578e+00
-2.610944271087646484e+00
9.161292314529418945e-01
-1.205821275711059570e+00
-3.984152078628540039e+00
-2.040143013000488281e+00
-1.527175426483154297e+00
-2.098087310791015625e+00
-4.074073791503906250e+00
-1.986801266670227051e+00
-1.661912083625793457e+00
-4.593630790710449219e+00
-5.001560688018798828e+00
-3.179082393646240234e+00
-4.393427371978759766e+00
-5.523232817649841309e-01
-3.570308923721313477e+00
-4.561237990856170654e-01
-2.162179231643676758e+00
-1.805726885795593262e+00
-1.233021140098571777e+00
-2.191168069839477539e+00
-2.699447572231292725e-01
-2.414821386337280273e+00
2.668139934539794922e-01
-4.927185773849487305e-01
5.726123452186584473e-01
2.207376480102539062e+00
1.306746482849121094e+00
1.192053794860839844e+00
-1.126165866851806641e+00
-3.337177515029907227e+00
2.293631792068481445e+00
1.817372679710388184e+00
1.156370401382446289e+00
-2.557888984680175781e+00
-1.430267453193664551e+00
2.137909412384033203e+00
-1.290103077888488770e+00
2.219461679458618164e+00
2.027840614318847656e+00
-3.832271099090576172e+00
-2.037541389465332031e+00
-1.168741464614868164e+00
2.663344144821166992e-02
2.300495862960815430e+00
4.183708190917968750e+00
-2.545092821121215820e+00
3.591760158538818359e+00
1.055457234382629395e+00
1.849982291460037231e-01
6.645746827125549316e-01
1.872328877449035645e+00
7.395407557487487793e-01
-2.962704420089721680e+00
4.715865612030029297e+00
3.188744068145751953e+00
-5.131613731384277344e+00
3.981179237365722656e+00
-8.108273744583129883e-01
1.682976722717285156e+00
-3.546226739883422852e+00
-8.696620464324951172e-01
-1.365189194679260254e+00
-5.278769135475158691e-01
3.913919925689697266e+00
7.728542804718017578e+00
1.078725099563598633e+00
1.069069981575012207e+00
2.980562210083007812e+00
1.986587643623352051e+00
-2.808262109756469727e+00
5.075984001159667969e-01
-4.120252609252929688e+00
3.947466611862182617e+00
7.455653190612792969e+00
4.132561206817626953e+00
2.496556997299194336e+00
1.217896699905395508e+00
7.567581534385681152e-02
-7.559464573860168457e-01
-3.258981227874755859e+00
-1.350650072097778320e+00
9.882454872131347656e-01
7.207372665405273438e+00
1.021892189979553223e+00
-1.708900928497314453e+00
1.536145925521850586e+00
2.068205356597900391e+00
7.792216539382934570e-01
2.733819484710693359e+00
3.268077373504638672e+00
-1.823249816894531250e+00
-5.629450082778930664e-01
-1.708845853805541992e+00
-7.571759223937988281e-01
-1.420201778411865234e+00
-2.750182628631591797e+00
-5.593564510345458984e-01
3.111202955245971680e+00
-5.032359957695007324e-01
5.813946723937988281e-01
-1.519127368927001953e+00
1.777379274368286133e+00
-9.650601148605346680e-01
4.249491214752197266e+00
8.464003801345825195e-01
-1.113936543464660645e+00
-4.683488845825195312e+00
-8.055396080017089844e-01
-1.465734243392944336e+00
-1.477813839912414551e+00
1.506393700838088989e-01
5.554348230361938477e-02
-3.041930198669433594e+00
3.957938194274902344e+00
3.891869306564331055e+00
4.685291051864624023e-01
-5.246007919311523438e+00
3.192120075225830078e+00
-3.615359544754028320e+00
3.625124692916870117e+00
2.702487945556640625e+00
-2.621672630310058594e+00
3.257986068725585938e+00
-1.817926645278930664e+00
-7.364780902862548828e-01
-3.407822847366333008e+00
5.819684028625488281e+00
3.416485548019409180e+00
3.378811359405517578e+00
1.555167198181152344e+00
-2.099811077117919922e+00
8.558778762817382812e-01
-6.566855311393737793e-01
-3.915868520736694336e+00
-6.808542013168334961e-01
1.189654350280761719e+00
2.702067852020263672e+00
3.450023889541625977e+00
-5.643469095230102539e-01
4.689547538757324219e+00
1.869836091995239258e+00
1.174566864967346191e+00
-2.427511453628540039e+00
1.956830501556396484e+00
2.252037674188613892e-01
-1.589907407760620117e-01
-2.520839452743530273e+00
-1.993987560272216797e-01
-7.149749994277954102e-02
2.219458103179931641e+00
-4.284943640232086182e-01
-8.576210021972656250e+00
-2.223247289657592773e+00
6.019834280014038086e-01
9.257059693336486816e-01
5.914019942283630371e-01
3.293969392776489258e+00
3.176591873168945312e+00
3.372074365615844727e+00
3.046046733856201172e+00
-6.986878514289855957e-01
2.109512388706207275e-01
-2.121413230895996094e+00
-3.053730726242065430e+00
7.295674085617065430e-01
-4.240395128726959229e-01
1.501213788986206055e+00
-1.734235405921936035e+00
2.205897808074951172e+00
4.156957626342773438e+00
-4.143523573875427246e-01
5.394577234983444214e-02
6.391682147979736328e+00
-4.017790794372558594e+00
-7.214054584503173828e+00
6.024672389030456543e-01
1.895301342010498047e+00
1.850975751876831055e+00
6.854109764099121094e+00
-7.648230791091918945e-01
-3.394614696502685547e+00
-1.600656151771545410e+00
2.204410791397094727e+00
-3.403074264526367188e+00
5.320148468017578125e-01
-3.537543296813964844e+00
-7.191370725631713867e-01
-1.795396685600280762e+00
8.023223876953125000e+00
-6.847953796386718750e+00
-3.429620265960693359e-01
4.831932067871093750e+00
7.637650966644287109e-01
2.169263362884521484e+00
5.778386592864990234e-01
3.349679946899414062e+00
2.341609477996826172e+00
-2.635866403579711914e+00
1.878858089447021484e+00
1.151120305061340332e+00
4.871780872344970703e-01
2.732053518295288086e+00
-9.764146804809570312e-01
-5.917337536811828613e-01
8.315919876098632812e+00
-4.220172405242919922e+00
-1.504655122756958008e+00
1.700246572494506836e+00
5.496824383735656738e-01
1.219781190156936646e-01
-2.446964263916015625e+00
1.632171154022216797e+00
5.996711254119873047e-01
-4.450920224189758301e-01
8.722972869873046875e-02
-3.977490425109863281e+00
-1.973986864089965820e+00
-1.422471523284912109e+00
1.896358281373977661e-01
4.548461437225341797e+00
-8.495257496833801270e-01
-7.608219385147094727e-01
-2.664586782455444336e+00
3.932045221328735352e+00
-5.984080433845520020e-01
3.452490329742431641e+00
1.049578070640563965e+00
4.441887855529785156e+00
8.301317095756530762e-01
1.485221982002258301e+00
7.119288921356201172e+00
-3.574289083480834961e-01
6.419910788536071777e-01
-8.317354917526245117e-01
1.127157330513000488e+00
-3.812699317932128906e-01
-2.288721084594726562e+00
3.021744966506958008e+00
8.751327991485595703e-01
-4.584124088287353516e-01
1.097233295440673828e+00
-3.567259788513183594e+00
8.699887990951538086e-01
-3.373155355453491211e+00
1.492605328559875488e+00
1.000659942626953125e+00
-1.973124027252197266e+00
9.573715925216674805e-01
1.474546313285827637e+00
3.328369855880737305e+00
1.228765773773193359e+01
3.381693363189697266e-02
1.280341625213623047e+00
2.515937328338623047e+00
-2.734903335571289062e+00
3.836215019226074219e+00
-4.101616144180297852e-02
2.161832153797149658e-01
2.946642637252807617e+00
4.317698478698730469e+00
2.682748556137084961e+00
-1.335716128349304199e+00
-2.557914733886718750e+00
-2.342572927474975586e+00
1.940353035926818848e+00
-3.902071237564086914e+00
-2.845952749252319336e+00
1.393727779388427734e+00
-2.638464927673339844e+00
4.480894207954406738e-01
1.521136164665222168e+00
-6.848633289337158203e-01
-5.384523868560791016e-01
8.713899850845336914e-01
-1.728445529937744141e+00
6.991080284118652344e+00
5.061319351196289062e+00
4.060945510864257812e-01
7.560525536537170410e-01
4.016776680946350098e-01
-2.271851062774658203e+00
-1.452884674072265625e+00
5.141805410385131836e-01
-1.756765365600585938e+00
1.985074281692504883e+00
4.475843906402587891e+00
4.371525764465332031e+00
-1.692386984825134277e+00
1.017923474311828613e+00
-2.740541934967041016e+00
3.424645185470581055e+00
1.320197582244873047e+00
7.665552496910095215e-01
1.460144400596618652e+00
3.013553619384765625e+00
3.051231861114501953e+00
-2.013478875160217285e-01
4.473195075988769531e+00
1.979380130767822266e+00
5.334280490875244141e+00
-1.417975664138793945e+00
1.719987869262695312e+00
4.190372467041015625e+00
3.803753852844238281e+00
1.936719655990600586e+00
3.563765287399291992e-01
-2.077499628067016602e+00
1.577757000923156738e+00
2.631957530975341797e+00
5.787488818168640137e-01
2.014631986618041992e+00
1.474685668945312500e+00
-2.292783737182617188e+00
-3.427276372909545898e+00
1.978526592254638672e+00
-1.887161731719970703e+00
-2.317138671875000000e+00
-4.793304204940795898e-01
2.502638816833496094e+00
2.954003810882568359e+00
2.020345687866210938e+00
-6.518816947937011719e-01
-1.113433837890625000e+00
-4.835481166839599609e+00
2.955427765846252441e-01
-2.873759746551513672e+00
-3.051310539245605469e+00
1.682476520538330078e+00
-2.422314643859863281e+00
1.370512962341308594e+00
3.597713708877563477e-01
2.619872093200683594e+00
-8.798115253448486328e-01
-5.169496536254882812e-01
1.885046124458312988e+00
1.747952342033386230e+00
-1.121430754661560059e+00
2.946972608566284180e+00
-1.080032706260681152e+00
6.328879833221435547e+00
5.033561706542968750e+00
-4.298339366912841797e+00
2.157002925872802734e+00
1.500214219093322754e+00
1.605232477188110352e+00
-7.126299142837524414e-01
1.473892807960510254e+00
-3.489248037338256836e+00
5.381890296936035156e+00
-3.844105005264282227e-01
-1.224061846733093262e+00
1.705235242843627930e-01
9.104501605033874512e-01
-2.833958625793457031e+00
-3.662058115005493164e+00
6.038981914520263672e+00
3.987494111061096191e-01
1.386270403861999512e+00
-8.652006983757019043e-01
-2.717931270599365234e+00
5.761335849761962891e+00
-1.504315614700317383e+00
-2.036828994750976562e+00
1.167556643486022949e+00
4.257444143295288086e-01
-3.436576604843139648e+00
1.321327805519104004e+00
4.647621512413024902e-01
2.115714788436889648e+00
3.422908544540405273e+00
6.253930330276489258e-01
2.076758861541748047e+00
-1.029928922653198242e-01
-1.538058519363403320e+00
6.712424755096435547e+00
-7.681386470794677734e-01
-2.634328126907348633e+00
5.928795337677001953e+00
4.037761688232421875e-01
-3.569930315017700195e+00
5.123583793640136719e+00
1.046886742115020752e-01
3.801847934722900391e+00
-2.299128770828247070e+00
-1.460229158401489258e+00
2.391588687896728516e+00
-1.370588421821594238e+00
6.157987117767333984e+00
3.063258826732635498e-01
4.958561420440673828e+00
-1.007856607437133789e+00
-1.281545639038085938e+00
3.416811943054199219e+00
3.182664811611175537e-01
2.460239171981811523e+00
1.608718395233154297e+00
3.765719890594482422e+00
-1.638166666030883789e+00
1.996444165706634521e-01
-1.070850133895874023e+00
3.871002197265625000e-01
-1.548120260238647461e+00
-7.303967475891113281e+00
-1.495604276657104492e+00
4.035607278347015381e-01
-3.557126283645629883e+00
-4.350182533264160156e+00
2.584511756896972656e+00
6.129074096679687500e+00
9.728382825851440430e-01
-1.785350441932678223e+00
2.391601562500000000e+00
-1.305059909820556641e+00
3.067385673522949219e+00
2.048286676406860352e+00
-1.474591016769409180e+00
-2.040645837783813477e+00
3.478403568267822266e+00
1.733618855476379395e+00
-3.572894096374511719e+00
3.655088424682617188e+00
3.556873321533203125e+00
-1.827196478843688965e+00
-3.782413005828857422e+00
3.851438045501708984e+00
2.471094429492950439e-01
1.522865414619445801e+00
-4.605590701103210449e-01
4.372601509094238281e+00
2.603487968444824219e+00
1.342622995376586914e+00
3.889374017715454102e+00
-4.704180061817169189e-01
3.220230579376220703e+00
2.366699457168579102e+00
9.350982308387756348e-02
9.819829463958740234e-01
-7.789435386657714844e-01
9.788672327995300293e-01
-1.527901887893676758e-01
-1.000261783599853516e+00
2.894857883453369141e+00
1.654238939285278320e+00
-4.692141413688659668e-01
1.669354438781738281e-01
3.720840215682983398e+00
8.932234048843383789e-01
1.052776932716369629e+00
1.275630235671997070e+00
-1.090793013572692871e+00
-1.427830815315246582e+00
3.185293674468994141e-01
-5.478805065155029297e+00
1.654471874237060547e+00
5.537045001983642578e-01
-7.672831416130065918e-01
1.701088666915893555e+00
-2.022779941558837891e+00
-2.367118597030639648e+00
2.794719696044921875e+00
-5.732412934303283691e-01
1.974528193473815918e+00
-2.543215751647949219e+00
7.079956054687500000e+00
6.493586063385009766e+00
9.279068112373352051e-01
-2.401277303695678711e+00
6.200912594795227051e-01
1.035943508148193359e+00
-1.560409784317016602e+00
1.613482832908630371e-02
2.310971498489379883e+00
1.181718826293945312e+00
-6.782267093658447266e-01
-8.281177878379821777e-01
1.608772277832031250e+00
2.985038995742797852e+00
-1.049942731857299805e+00
1.366123437881469727e+00
3.132169008255004883e+00
2.378548145294189453e+00
7.163504362106323242e-01
3.437043190002441406e+00
2.345266103744506836e+00
-1.949461817741394043e+00
-3.436778783798217773e+00
1.582814931869506836e+00
-2.353708028793334961e+00
1.478013753890991211e+00
1.691161155700683594e+00
4.610656261444091797e+00
-3.980509042739868164e+00
2.333273887634277344e+00
7.982684373855590820e-01
-1.549247741699218750e+00
2.760940790176391602e-01
-2.098700523376464844e+00
2.923521041870117188e+00
2.004480361938476562e+00
-3.602107048034667969e+00
1.568525791168212891e+00
-1.929926514625549316e+00
5.148229598999023438e-01
8.622074127197265625e-01
-8.876361250877380371e-01
2.920568704605102539e+00
4.465000629425048828e+00
6.786705017089843750e+00
-1.993014931678771973e+00
-9.354689121246337891e-01
-1.239330053329467773e+00
8.848299384117126465e-01
1.814684748649597168e+00
-9.934692382812500000e-01
-1.679648518562316895e+00
2.124213218688964844e+00
-6.075215339660644531e-01
-3.666994094848632812e+00
-3.143271207809448242e-01
6.213206052780151367e-01
-8.514493703842163086e-03
-6.262583136558532715e-01
4.878129005432128906e+00
-1.782508850097656250e+00
3.519427776336669922e+00
2.921673655509948730e-01
6.587986946105957031e-01
2.220302581787109375e+00
-2.831092596054077148e+00
1.643117547035217285e+00
-4.352188587188720703e+00
2.490934371948242188e+00
5.585985660552978516e+00
-8.245210647583007812e-01
1.109655022621154785e+00
2.946338653564453125e+00
1.278543233871459961e+00
3.288459777832031250e-01
-2.574732542037963867e+00
2.480073690414428711e+00
-5.061781883239746094e+00
5.143327713012695312e-01
-1.471614837646484375e+00
5.706317424774169922e+00
2.683207511901855469e+00
-4.754399061203002930e-01
-4.402685761451721191e-01
-1.238782703876495361e-02
-1.966774582862854004e+00
-1.296315908432006836e+00
6.161462783813476562e+00
4.955742835998535156e+00
4.404362678527832031e+00
-1.004690766334533691e+00
2.560820341110229492e+00
5.719202995300292969e+00
2.102673053741455078e-03
3.982115507125854492e+00
3.627326011657714844e+00
1.196992635726928711e+00
1.913727760314941406e+00
3.366432666778564453e+00
-3.453454077243804932e-01
-1.661697268486022949e+00
2.860156059265136719e+00
-4.040468215942382812e+00
-2.027279138565063477e+00
-3.660711050033569336e+00
-1.089285731315612793e+00
-4.106379032135009766e+00
-4.494607448577880859e+00
-8.724094033241271973e-01
-5.182549476623535156e+00
-3.255635499954223633e+00
-5.728080272674560547e+00
-1.086117029190063477e+00
-6.911306381225585938e-01
3.143686056137084961e-02
-3.119573593139648438e+00
-5.175383567810058594e+00
-5.084165096282958984e+00
-3.493586063385009766e+00
-2.967737913131713867e+00
-5.499282479286193848e-01
-2.898211479187011719e+00
2.494352102279663086e+00
-2.718297004699707031e+00
-2.093734741210937500e+00
-2.695944070816040039e+00
5.068582296371459961e-01
-2.902982711791992188e+00
-2.752438068389892578e+00
-8.024243712425231934e-01
-1.585147619247436523e+00
-2.143236160278320312e+00
-1.792821049690246582e+00
-4.221787929534912109e+00
4.837295055389404297e+00
-2.861508131027221680e-01
-4.623531341552734375e+00
-4.105619907379150391e+00
-2.181947231292724609e+00
-3.468800306320190430e+00
-3.503262519836425781e+00
-3.719435691833496094e+00
1.136727452278137207e+00
-6.075433254241943359e+00
-8.545259833335876465e-01
-4.292331695556640625e+00
4.443515777587890625e+00
1.277763485908508301e+00
1.989536762237548828e+00
7.752347469329833984e+00
1.013665318489074707e+00
7.322693824768066406e+00
1.670873284339904785e+00
3.042212009429931641e+00
3.780588388442993164e+00
4.324069976806640625e+00
1.310872077941894531e+00
-9.349083304405212402e-01
-1.359412908554077148e+00
5.296280384063720703e+00
4.978013515472412109e+00
3.955287933349609375e+00
-2.411922454833984375e+00
1.234365344047546387e+00
-1.302828073501586914e+00
6.499615311622619629e-01
-7.900496721267700195e-01
2.273685932159423828e+00
2.683793902397155762e-01
-2.166687726974487305e+00
-4.140690803527832031e+00
-9.330475926399230957e-01
-8.792243003845214844e-01
-1.007601380348205566e+00
-1.888933181762695312e-01
1.341188669204711914e+00
