-1.847629308700561523e+00
2.328438282012939453e+00
-2.399091482162475586e+00
-1.667389869689941406e+00
-8.011043667793273926e-01
-1.548265576362609863e+00
1.032794356346130371e+00
-2.837774276733398438e+00
-1.964308977127075195e+00
1.071535706520080566e+00
-1.573330163955688477e+00
-2.903068065643310547e+00
-1.002987861633300781e+00
-7.886018753051757812e-01
3.487810134887695312e+00
-1.718636631965637207e+00
-4.598498344421386719e+00
1.004119038581848145e+00
8.220224976539611816e-01
-3.212675809860229492e+00
-2.797697782516479492e+00
-2.910848140716552734e+00
-1.994715034961700439e-01
-6.783053874969482422e-01
6.688288450241088867e-01
4.643208682537078857e-01
8.819848895072937012e-01
5.905403494834899902e-01
9.409860521554946899e-02
-1.873465061187744141e+00
-1.917921066284179688e+00
1.286606788635253906e+00
-2.937780141830444336e+00
-5.221046805381774902e-01
3.714859008789062500e+00
-1.794271469116210938e+00
-2.005548715591430664e+00
-3.544216752052307129e-01
3.506059169769287109e+00
-7.778177261352539062e-01
2.951554059982299805e-01
-6.472305059432983398e-01
4.966641902923583984e+00
-1.180578470230102539e+00
1.146495580673217773e+00
2.168699741363525391e+00
1.497256040573120117e+00
1.047824621200561523e+00
-7.065340280532836914e-01
-6.892120838165283203e-01
1.719627499580383301e+00
-2.000041007995605469e+00
-6.650611162185668945e-01
-2.746478557586669922e+00
-9.482325315475463867e-01
-2.069793701171875000e+00
-4.330390691757202148e-02
-3.159872770309448242e+00
7.339040637016296387e-01
-2.445736885070800781e+00
1.725668311119079590e+00
5.549857616424560547e-01
1.853297948837280273e-01
-5.023863315582275391e+00
-1.275417208671569824e-01
9.609634876251220703e-01
1.400972962379455566e+00
-8.260021209716796875e-01
1.082605242729187012e+00
9.743082523345947266e-02
-2.098079442977905273e+00
-3.428735733032226562e-01
-2.614077806472778320e+00
-6.053395271301269531e-01
2.695594131946563721e-01
-1.605366468429565430e+00
1.507470965385437012e+00
1.312127590179443359e+00
7.636927366256713867e-01
-5.394003391265869141e-01
1.366057395935058594e-01
-4.348645210266113281e+00
-6.038295030593872070e-01
-3.161060094833374023e+00
5.679860115051269531e+00
-3.787250041961669922e+00
4.393470287322998047e-02
-1.685184597969055176e+00
5.105874061584472656e+00
-6.805993616580963135e-02
3.119127511978149414e+00
-2.816303670406341553e-01
2.419081687927246094e+00
-2.162981271743774414e+00
1.451336383819580078e+00
-1.813267469406127930e+00
4.197578907012939453e+00
-1.519448995590209961e+00
-3.030132055282592773e+00
-3.092352628707885742e+00
-2.221110820770263672e+00
1.201773643493652344e+00
-4.610889434814453125e+00
-8.698113560676574707e-01
1.484021544456481934e-03
-1.971501111984252930e+00
-9.349018931388854980e-01
1.462605714797973633e+00
1.891137003898620605e+00
6.979499459266662598e-01
-4.000391364097595215e-01
1.558825492858886719e+00
-1.444045543670654297e+00
1.232855916023254395e-01
-3.883070051670074463e-01
9.614890813827514648e-01
-1.137641966342926025e-01
-1.430714845657348633e+00
7.767465114593505859e-01
4.483622014522552490e-01
-3.011628627777099609e+00
-7.925326228141784668e-01
-1.098514914512634277e+00
-1.746473312377929688e+00
-5.974546670913696289e-01
-2.642127513885498047e+00
4.384158849716186523e-01
-1.115003943443298340e+00
1.151059746742248535e+00
-1.453066349029541016e+00
-1.160552501678466797e+00
-4.201567769050598145e-01
-1.838819980621337891e-01
-1.945974469184875488e+00
1.201891899108886719e-01
-2.008834838867187500e+00
6.665129661560058594e-01
-9.307484626770019531e-01
-9.012445211410522461e-01
-2.190936565399169922e+00
-1.870168447494506836e+00
-1.007745385169982910e+00
-1.941709160804748535e+00
-2.397723674774169922e+00
-1.318137168884277344e+00
-3.684802293777465820e+00
-3.762758731842041016e+00
-2.399441719055175781e+00
-3.628982305526733398e-01
-1.905044317245483398e-01
-3.304507732391357422e+00
1.183730065822601318e-01
-2.594216108322143555e+00
-2.029199361801147461e+00
-2.896418869495391846e-01
-1.887071251869201660e+00
-1.895050406455993652e-01
9.731035232543945312e-01
-1.182955861091613770e+00
1.823628783226013184e+00
-2.164625406265258789e+00
-5.866032242774963379e-01
1.520171165466308594e+00
1.383741497993469238e+00
3.615258932113647461e+00
2.241440296173095703e+00
1.521385788917541504e+00
1.669748425483703613e+00
2.022816419601440430e+00
-1.395215988159179688e+00
5.614200830459594727e-01
1.496159434318542480e-01
-1.602025032043457031e-01
-6.207257509231567383e-01
-1.429916620254516602e+00
-9.197555780410766602e-01
-1.312917113304138184e+00
-5.935903787612915039e-01
4.090789318084716797e+00
-2.891619920730590820e+00
-3.389672517776489258e+00
1.634699344635009766e+00
-3.273992538452148438e-01
-3.024508059024810791e-01
5.582668781280517578e-01
1.718983054161071777e+00
-1.659680008888244629e+00
-1.216848134994506836e+00
7.745944857597351074e-01
-1.174970507621765137e+00
-7.781178951263427734e-01
4.180156290531158447e-01
-2.603614926338195801e-01
-1.886665821075439453e-01
-2.347666025161743164e+00
-1.188592910766601562e-01
-3.320595264434814453e+00
2.181275606155395508e+00
-1.526268720626831055e+00
9.069656729698181152e-01
-2.959284782409667969e+00
7.468184232711791992e-01
-1.299378752708435059e+00
-1.275626420974731445e+00
-1.015390396118164062e+00
5.336033701896667480e-01
5.339815020561218262e-01
1.314977407455444336e+00
2.158078193664550781e+00
1.488968133926391602e+00
3.846878290176391602e+00
3.412403345108032227e+00
1.353730201721191406e+00
6.270606517791748047e-01
3.090661525726318359e+00
1.188022971153259277e+00
1.443788647651672363e+00
3.524745702743530273e+00
-1.680732250213623047e+00
8.927319049835205078e-01
-1.406294941902160645e+00
1.591772079467773438e+00
7.320154905319213867e-01
-9.792510271072387695e-01
-2.234649419784545898e+00
-8.146498203277587891e-01
-7.793774008750915527e-01
-1.373213291168212891e+00
6.117227673530578613e-01
1.585609436035156250e+00
-2.654754877090454102e+00
5.378907918930053711e-01
4.484295248985290527e-01
8.938333392143249512e-01
1.539958715438842773e+00
-2.107143402099609375e+00
-1.029883265495300293e+00
1.555331707000732422e+00
1.459854364395141602e+00
1.156073927879333496e+00
7.494397163391113281e-01
-4.879196286201477051e-01
6.882798671722412109e-01
-8.779161572456359863e-01
-7.292357087135314941e-01
2.475371509790420532e-01
3.629927039146423340e-01
1.331230878829956055e+00
6.839848756790161133e-01
-1.621897220611572266e+00
-1.969114065170288086e+00
3.982484042644500732e-01
-2.008338451385498047e+00
-1.461637496948242188e+00
1.780185341835021973e+00
7.906527519226074219e-01
-2.017864733934402466e-01
8.705787062644958496e-01
1.585477590560913086e-02
-2.250752210617065430e+00
-2.313188791275024414e+00
-2.248754024505615234e+00
-2.947126626968383789e+00
-8.813501596450805664e-01
1.832344770431518555e+00
1.590183079242706299e-01
-2.400595664978027344e+00
-2.082496881484985352e-02
-3.277100563049316406e+00
-3.551779687404632568e-02
-4.912284612655639648e-01
-2.029532909393310547e+00
1.742227792739868164e+00
-1.605875372886657715e+00
-3.115444779396057129e-01
-2.017652273178100586e+00
-3.568823575973510742e+00
-9.345859885215759277e-01
-1.400819063186645508e+00
4.774388372898101807e-01
1.432443559169769287e-01
1.951955854892730713e-01
9.427763819694519043e-01
3.631051182746887207e-01
-6.912689805030822754e-01
7.449131011962890625e-01
1.601739048957824707e+00
4.297680854797363281e-01
1.833116769790649414e+00
3.756513893604278564e-01
-1.947753131389617920e-01
-1.066838502883911133e-01
2.079092741012573242e+00
-4.568294882774353027e-01
1.568713188171386719e-01
1.726684331893920898e+00
-1.419131994247436523e+00
-6.096165180206298828e-01
-4.602113366127014160e-01
-2.548194408416748047e+00
9.877669811248779297e-01
2.099788665771484375e+00
-1.278000831604003906e+00
7.704067230224609375e-01
-6.253823637962341309e-01
-1.615840494632720947e-01
-2.129936695098876953e+00
1.496670603752136230e+00
1.165425300598144531e+00
2.982361078262329102e+00
6.255720138549804688e+00
1.290989398956298828e+00
-3.407968282699584961e-01
3.946959972381591797e+00
2.775727272033691406e+00
1.460780739784240723e+00
-4.317426085472106934e-01
1.030694723129272461e+00
1.338951230049133301e+00
8.078411221504211426e-01
-3.069896697998046875e+00
6.821417808532714844e-02
-3.587069511413574219e-01
3.135509490966796875e-01
-2.011819839477539062e+00
-1.557669401168823242e+00
-3.529838562011718750e+00
2.729292154312133789e+00
6.103492379188537598e-01
1.153579950332641602e+00
1.924181222915649414e+00
1.552049160003662109e+00
-5.322607755661010742e-01
-4.142194986343383789e-01
-3.077082872390747070e+00
-9.171103239059448242e-01
2.233620285987854004e-01
-2.251917600631713867e+00
-1.776096820831298828e+00
1.260481595993041992e+00
8.504428863525390625e-01
2.664501368999481201e-01
-1.316326260566711426e-01
-2.168730735778808594e+00
-2.425222873687744141e+00
1.132298946380615234e+00
-4.129929542541503906e-01
-4.266255497932434082e-01
-7.829815149307250977e-01
-1.972513675689697266e+00
-1.513016223907470703e+00
-1.348976969718933105e+00
-3.183812141418457031e+00
-3.134548187255859375e+00
7.662690877914428711e-01
-1.851536512374877930e+00
-1.047114372253417969e+00
1.526850938796997070e+00
-7.455046176910400391e-01
-5.266594886779785156e-02
-3.966150283813476562e-01
1.030392169952392578e+00
-2.661034345626831055e+00
-2.783289670944213867e+00
-3.027242183685302734e+00
-6.814768910408020020e-01
-3.778984546661376953e+00
-3.903118610382080078e+00
-2.746238231658935547e+00
-1.217858672142028809e+00
-2.676831960678100586e+00
-1.323074102401733398e+00
-3.079704284667968750e+00
-1.468804359436035156e+00
1.449145376682281494e-02
-3.070132017135620117e+00
-7.568432092666625977e-01
-1.483287692070007324e+00
-4.272657632827758789e-02
-3.654732704162597656e+00
-2.075754404067993164e-01
-2.398146152496337891e+00
-6.349083781242370605e-01
-3.673914819955825806e-02
-3.015509605407714844e+00
3.361880540847778320e+00
7.057553529739379883e-01
-6.595849990844726562e-02
1.462650299072265625e-01
-1.986082553863525391e+00
-6.143888235092163086e-01
-9.428771138191223145e-01
2.555222034454345703e+00
2.508318424224853516e+00
-2.066509008407592773e+00
3.085651397705078125e-01
1.432358622550964355e+00
-1.087649583816528320e+00
2.295626640319824219e+00
1.844408392906188965e+00
-2.123022317886352539e+00
-1.158220052719116211e+00
-6.373375654220581055e-01
-2.832288265228271484e+00
-2.044706821441650391e+00
9.235647320747375488e-01
8.947505950927734375e-01
-5.895898342132568359e-01
-2.106163501739501953e+00
1.175266385078430176e+00
2.351895332336425781e+00
7.185153961181640625e+00
3.531121909618377686e-01
-2.054830551147460938e+00
3.402912855148315430e+00
1.090633034706115723e+00
-1.750149130821228027e-01
5.033654689788818359e+00
-1.784836053848266602e-01
2.874000549316406250e+00
-2.270904302597045898e+00
1.065975785255432129e+00
-1.375803709030151367e+00
-3.307673454284667969e+00
3.526381492614746094e+00
3.891388893127441406e+00
-1.762651681900024414e+00
2.772319555282592773e+00
-7.037986516952514648e-01
1.672967553138732910e+00
-3.672488689422607422e+00
-7.112402915954589844e-01
-2.289447546005249023e+00
2.499406933784484863e-01
7.241020202636718750e+00
1.321091532707214355e+00
1.662734270095825195e+00
-6.525890231132507324e-01
-1.471040487289428711e+00
-2.379490137100219727e+00
-2.206655979156494141e+00
1.484926223754882812e+00
-1.307669162750244141e+00
8.099702835083007812e+00
1.847807645797729492e+00
7.521312236785888672e-01
3.257906675338745117e+00
-2.729263901710510254e-02
2.331651687622070312e+00
1.161304593086242676e+00
-5.248242616653442383e-01
-7.034705579280853271e-02
2.963521480560302734e+00
-1.071984767913818359e-01
-3.294360876083374023e+00
2.131484270095825195e+00
-1.441515684127807617e+00
1.778773903846740723e+00
1.236911058425903320e+00
1.332195520401000977e+00
1.538071155548095703e+00
-6.621459722518920898e-01
3.866133689880371094e+00
1.400361299514770508e+00
3.120646476745605469e+00
-5.407178997993469238e-01
-5.786483764648437500e+00
-1.393846035003662109e+00
-2.384612083435058594e+00
-1.334646701812744141e+00
-1.613587498664855957e+00
-1.845208168029785156e+00
-3.428366184234619141e+00
-3.518063545227050781e+00
9.250732421875000000e+00
-1.050793766975402832e+00
2.237531661987304688e+00
-4.606537818908691406e+00
4.324353694915771484e+00
-2.283346891403198242e+00
-1.577940464019775391e+00
2.594392538070678711e+00
-2.194653987884521484e+00
3.822355270385742188e+00
-3.620841264724731445e+00
-1.378336668014526367e+00
-1.190454125404357910e+00
1.605970859527587891e+00
2.548738241195678711e+00
5.098780155181884766e+00
9.579539895057678223e-01
-2.778035640716552734e+00
6.419393420219421387e-01
-1.606178522109985352e+00
1.114573001861572266e+00
6.128181815147399902e-01
3.578323841094970703e+00
3.481362342834472656e+00
-5.726732611656188965e-01
-4.478144645690917969e+00
1.794129490852355957e+00
4.339692592620849609e+00
3.654131889343261719e+00
-9.404667615890502930e-01
3.245015144348144531e+00
-7.769268155097961426e-01
1.413384675979614258e+00
6.925614476203918457e-01
-2.008489608764648438e+00
3.711941242218017578e+00
-5.414415597915649414e-01
-2.468806743621826172e+00
-5.842670440673828125e+00
-2.273486375808715820e+00
1.816060304641723633e+00
2.843455076217651367e-01
-1.335654616355895996e+00
2.224123954772949219e+00
3.692458868026733398e-01
2.350041627883911133e+00
2.511980056762695312e+00
-1.535848498344421387e+00
3.681644499301910400e-01
-1.543820858001708984e+00
-2.395166397094726562e+00
-3.702296733856201172e+00
-2.633563995361328125e+00
-2.416655778884887695e+00
-3.699749946594238281e+00
-3.946220874786376953e-02
2.838163852691650391e+00
-7.102940082550048828e-01
-1.774500131607055664e+00
9.870328903198242188e+00
-2.303755760192871094e+00
-5.768053054809570312e+00
-1.296306848526000977e+00
1.663468122482299805e+00
7.009274959564208984e-01
9.607778549194335938e+00
-1.790925264358520508e-01
-2.094587802886962891e+00
-3.517048358917236328e-01
-1.413064956665039062e+00
-2.381112337112426758e+00
-1.209463000297546387e+00
-4.444620609283447266e+00
-1.226404428482055664e+00
-2.803465366363525391e+00
6.373703479766845703e+00
-4.914480209350585938e+00
1.012125730514526367e+00
7.244208335876464844e+00
-9.160576462745666504e-01
-1.060560941696166992e+00
-2.897317171096801758e+00
4.208331108093261719e+00
-4.853389263153076172e-01
6.860710978507995605e-01
-2.307987809181213379e-01
8.608412742614746094e-01
-1.240353822708129883e+00
8.489101409912109375e+00
-3.810064792633056641e-01
-1.763617992401123047e-02
2.773218393325805664e+00
-3.388523578643798828e+00
-1.371985077857971191e+00
4.816660404205322266e+00
-9.376137852668762207e-01
1.730475187301635742e+00
-5.016047954559326172e+00
1.161048889160156250e+00
-4.722039699554443359e+00
-1.368400096893310547e+00
-2.939518690109252930e+00
-1.734673023223876953e+00
1.142861396074295044e-01
6.648862361907958984e-01
-7.488318085670471191e-01
1.018477678298950195e+00
-1.014065504074096680e+00
-1.022671103477478027e+00
-1.471787452697753906e+00
2.268655061721801758e+00
2.262608766555786133e+00
-3.892771005630493164e-01
-1.343359589576721191e+00
1.897624731063842773e+00
3.110881745815277100e-01
-4.374845504760742188e+00
7.985234260559082031e+00
-3.628933191299438477e+00
1.308912038803100586e-01
-3.621811151504516602e+00
-1.484166383743286133e-01
3.068917989730834961e-02
-2.181578159332275391e+00
-2.816181659698486328e+00
5.845778465270996094e+00
1.274603605270385742e+00
7.341824173927307129e-01
-2.461463928222656250e+00
-1.832581162452697754e+00
-2.123108148574829102e+00
-1.496567130088806152e+00
-1.275908470153808594e+00
-2.274093627929687500e+00
5.594538688659667969e+00
-1.215014576911926270e+00
3.417711734771728516e+00
9.056560516357421875e+00
-3.134043931961059570e+00
-1.239326715469360352e+00
4.704996109008789062e+00
-3.677501440048217773e+00
6.290289878845214844e+00
1.847359895706176758e+00
1.690597891807556152e+00
3.596778154373168945e+00
1.545691847801208496e+00
-1.589175343513488770e+00
9.475409984588623047e-01
-8.499343991279602051e-01
-2.983822107315063477e+00
-1.802404165267944336e+00
1.042515993118286133e+00
-4.441080570220947266e+00
-1.782659411430358887e+00
-4.672836065292358398e-01
-1.226929903030395508e+00
2.285555005073547363e-01
-5.397830009460449219e-01
-8.618339300155639648e-01
8.177601695060729980e-01
-3.820554494857788086e+00
3.795582056045532227e+00
2.937360763549804688e+00
1.619854927062988281e+00
2.646889686584472656e+00
8.515380024909973145e-01
1.230696320533752441e+00
-2.010349512100219727e+00
1.877589702606201172e+00
2.355812788009643555e-01
3.828346490859985352e+00
3.198815822601318359e+00
1.964836716651916504e-01
-1.975184559822082520e+00
-2.847541570663452148e-01
-3.115040302276611328e+00
7.513596117496490479e-02
-1.320001482963562012e+00
9.791475534439086914e-02
1.337410509586334229e-01
3.809280395507812500e+00
-4.131559431552886963e-01
-4.909797310829162598e-01
1.006092357635498047e+01
1.762216091156005859e+00
8.140012025833129883e-01
-3.057889461517333984e+00
-2.228110074996948242e+00
1.666558504104614258e+00
-1.707304120063781738e-01
-1.608072757720947266e+00
-1.203671813011169434e+00
-1.866266846656799316e+00
-5.820487737655639648e-01
5.321080684661865234e+00
-1.329953432083129883e+00
1.780169904232025146e-01
6.954824328422546387e-01
-2.832961320877075195e+00
-8.080671429634094238e-01
-1.608544111251831055e+00
-1.335890889167785645e+00
2.189011573791503906e+00
-2.513582706451416016e+00
2.991020679473876953e+00
2.965331077575683594e-02
-1.438191413879394531e+00
-3.610661029815673828e-01
-1.494133472442626953e+00
-2.288841724395751953e+00
-4.144969463348388672e+00
-5.168793678283691406e+00
-2.255775928497314453e+00
-1.319916009902954102e+00
8.086771965026855469e-01
1.812953948974609375e-01
-8.156566619873046875e-01
4.436719894409179688e+00
-9.213015437126159668e-01
-1.109977006912231445e+00
5.222993850708007812e+00
4.322611808776855469e+00
1.047115325927734375e+00
4.397462010383605957e-01
1.115819215774536133e+00
7.915597438812255859e+00
3.865919113159179688e+00
-1.689565658569335938e+00
1.269653320312500000e+00
1.909283638000488281e+00
-1.787205696105957031e+00
-2.941272735595703125e+00
-8.071502447128295898e-01
-3.268133878707885742e+00
3.285200119018554688e+00
-2.167960405349731445e+00
5.169292688369750977e-01
-1.706608057022094727e+00
-2.974857330322265625e+00
-1.093537092208862305e+00
-4.815504550933837891e+00
1.177704811096191406e+00
-4.489127159118652344e+00
-1.321343302726745605e+00
-1.348580837249755859e+00
-1.952731609344482422e+00
9.438999176025390625e+00
-1.500228643417358398e+00
1.741201043128967285e+00
-1.301573514938354492e+00
-3.919796347618103027e-01
-4.577530860900878906e+00
-1.510633707046508789e+00
2.619190931320190430e+00
-8.663707375526428223e-01
1.849251985549926758e-02
1.158709168434143066e+00
8.307707905769348145e-01
1.386438608169555664e+00
-4.804855346679687500e+00
1.188371276855468750e+01
-2.739585161209106445e+00
-1.492404937744140625e+00
2.419703006744384766e+00
-1.753567904233932495e-01
-2.581992387771606445e+00
1.228110504150390625e+01
-3.588432967662811279e-01
8.963823318481445312e-02
-1.439283490180969238e+00
-4.729713916778564453e+00
6.791846752166748047e-01
1.361747026443481445e+00
5.297039985656738281e+00
3.264144182205200195e+00
8.421420097351074219e+00
-2.000396966934204102e+00
-7.615036964416503906e-01
-6.105396747589111328e-01
-4.553669452667236328e+00
1.641194820404052734e-01
2.427158832550048828e+00
-5.502170920372009277e-01
-1.344829320907592773e+00
-8.056889176368713379e-01
-2.568547487258911133e+00
1.962740421295166016e+00
-1.623517990112304688e+00
1.316699683666229248e-01
-2.519377231597900391e+00
-3.281002283096313477e+00
-2.855566501617431641e+00
-1.123875498771667480e+00
3.554792702198028564e-01
2.514032840728759766e+00
-1.352279543876647949e+00
-1.226263165473937988e+00
2.563529491424560547e+00
-9.925845265388488770e-01
4.602053165435791016e-01
7.185619354248046875e+00
-9.040662646293640137e-01
-2.061451196670532227e+00
-1.908101439476013184e+00
6.883003711700439453e-01
-3.065342903137207031e+00
-8.043214082717895508e-01
-3.185880184173583984e-02
1.129927158355712891e+00
-1.825691938400268555e+00
-1.771059155464172363e+00
-6.275117397308349609e-01
6.845124959945678711e-01
1.724417209625244141e+00
1.406062364578247070e+00
-1.077643990516662598e+00
-1.256626605987548828e+00
4.795157909393310547e+00
-1.614074945449829102e+00
9.101844787597656250e+00
1.844787001609802246e+00
1.675535440444946289e+00
1.609716892242431641e+00
-2.702285289764404297e+00
-7.511298656463623047e-01
-5.133863687515258789e-01
-5.514554977416992188e-01
-1.537764072418212891e-02
-3.401074409484863281e-01
-2.425021886825561523e+00
8.811560869216918945e-01
5.939579486846923828e+00
-2.511778831481933594e+00
2.480367183685302734e+00
2.590989470481872559e-01
-5.343536853790283203e+00
-2.824947834014892578e+00
-5.156772136688232422e-01
-2.463160991668701172e+00
-5.377026796340942383e-01
1.021017670631408691e+00
4.112859725952148438e+00
-2.931269884109497070e+00
-2.267775058746337891e+00
-5.228428244590759277e-01
3.784381151199340820e-01
-2.556012868881225586e+00
1.013936281204223633e+00
-2.438709735870361328e+00
1.208139324188232422e+01
6.198977947235107422e+00
-5.419905185699462891e+00
-4.114719390869140625e+00
2.377524375915527344e+00
7.380083799362182617e-01
-2.819133758544921875e+00
6.813070774078369141e-01
9.664082527160644531e-02
-1.494374752044677734e+00
4.107313156127929688e-01
-1.952449083328247070e+00
3.177095890045166016e+00
2.774993896484375000e+00
-7.576315402984619141e-01
5.270335078239440918e-02
4.208932399749755859e+00
3.236036777496337891e+00
1.964776515960693359e+00
1.521003246307373047e+00
4.643003463745117188e+00
1.756112575531005859e-01
-1.886524915695190430e+00
-1.184934973716735840e+00
-4.373796939849853516e+00
8.197876214981079102e-01
1.670864701271057129e+00
-4.278631210327148438e-01
1.166954874992370605e+00
4.548722743988037109e+00
2.478557348251342773e+00
-1.088915348052978516e+00
-2.920793771743774414e+00
1.434828042984008789e+00
1.963828802108764648e+00
-1.274525880813598633e+00
-1.374389410018920898e+00
-1.796714961528778076e-01
-2.599722623825073242e+00
1.506589293479919434e+00
-1.528792738914489746e+00
2.863027334213256836e+00
1.546659231185913086e+00
-2.668903827667236328e+00
1.806013107299804688e+00
-1.857169747352600098e+00
-1.830792427062988281e+00
-1.225355386734008789e+00
-8.109295368194580078e-02
-1.750008463859558105e+00
-2.574666738510131836e+00
-1.769403457641601562e+00
-1.220809221267700195e+00
-2.040574073791503906e+00
-4.789110183715820312e+00
3.712981939315795898e+00
1.091754317283630371e+00
-2.079788684844970703e+00
1.017808914184570312e-03
3.545164585113525391e+00
-1.510390520095825195e+00
8.155413627624511719e+00
-2.009881973266601562e+00
7.409917116165161133e-01
6.420749425888061523e-01
-1.182285189628601074e+00
5.170229077339172363e-01
-4.270540773868560791e-01
4.355983734130859375e+00
5.686051368713378906e+00
3.460482120513916016e+00
1.326142549514770508e+00
-8.013096451759338379e-01
2.262906134128570557e-01
3.579944372177124023e-02
1.136956214904785156e+00
1.136893033981323242e-02
-4.951317787170410156e+00
1.178301215171813965e+00
-4.882439374923706055e-01
7.064213752746582031e+00
1.685231447219848633e+00
2.666642189025878906e+00
7.852881550788879395e-01
7.738007605075836182e-02
-3.522406339645385742e+00
1.683943033218383789e+00
1.071630096435546875e+01
1.307589054107666016e+00
2.375193595886230469e+00
-3.367073535919189453e+00
1.543163776397705078e+00
2.837153911590576172e+00
3.946736097335815430e+00
5.260862708091735840e-01
2.474595546722412109e+00
-1.604688167572021484e+00
5.300316810607910156e+00
5.010349273681640625e+00
-1.471956849098205566e+00
-1.192411541938781738e+00
-7.193749547004699707e-01
-2.909654140472412109e+00
-4.369465351104736328e+00
-3.219622850418090820e+00
3.011167049407958984e-01
-2.017802476882934570e+00
-2.803383111953735352e+00
-2.258463501930236816e-01
-4.989625930786132812e+00
-3.755107164382934570e+00
-5.344448089599609375e+00
-1.674316287040710449e+00
-1.663737297058105469e+00
-1.857647061347961426e+00
-2.694279670715332031e+00
-3.062102794647216797e+00
-4.138025283813476562e+00
-3.003932714462280273e+00
-3.087733030319213867e+00
-2.714343309402465820e+00
-1.981822133064270020e+00
3.556268215179443359e-01
2.346581935882568359e+00
-9.051762223243713379e-01
-9.145962595939636230e-01
1.007592678070068359e+00
-2.178923845291137695e+00
-3.990186452865600586e-01
-2.119454622268676758e+00
-3.566294908523559570e-02
-2.564547359943389893e-01
-4.470310211181640625e+00
-1.038880228996276855e+00
2.357811927795410156e+00
-2.585078477859497070e+00
-3.685579299926757812e+00
-3.373500585556030273e+00
-2.782233715057373047e+00
-2.007963418960571289e+00
-5.575965404510498047e+00
-4.161485671997070312e+00
1.996151447296142578e+00
-3.648376226425170898e+00
5.220814347267150879e-01
-3.949576377868652344e+00
1.319075465202331543e+00
3.229708671569824219e+00
4.382351875305175781e+00
6.039325714111328125e+00
-9.354524314403533936e-02
4.158649921417236328e+00
2.139465808868408203e+00
1.518656253814697266e+00
-6.459834575653076172e-01
9.301073551177978516e-01
1.566806793212890625e+00
-6.131076216697692871e-01
1.852420926094055176e+00
4.059766292572021484e+00
2.891587495803833008e+00
2.731874704360961914e+00
-2.276082992553710938e+00
-6.960272789001464844e-01
5.655370950698852539e-01
1.291883826255798340e+00
-1.339028596878051758e+00
3.689345836639404297e+00
-1.673608064651489258e+00
-8.445351719856262207e-01
-2.718927145004272461e+00
-1.611657381057739258e+00
1.247488558292388916e-01
-1.586236715316772461e+00
7.535174489021301270e-01
3.115532398223876953e+00
