-2.913987159729003906e+00
4.086880207061767578e+00
-1.895281791687011719e+00
-1.145429611206054688e-01
-3.210839629173278809e-01
-1.332607150077819824e+00
2.146170437335968018e-01
-4.622278690338134766e+00
-3.443598270416259766e+00
1.500042319297790527e+00
-2.233762264251708984e+00
-1.714930057525634766e+00
-2.596628904342651367e+00
-2.951216459274291992e+00
-4.452655613422393799e-01
-4.810551166534423828e+00
-4.621431350708007812e+00
-2.115099668502807617e+00
-3.773802042007446289e+00
-4.331760883331298828e+00
-5.519430160522460938e+00
-2.720954179763793945e+00
1.755225062370300293e+00
-4.218788146972656250e+00
-2.260759830474853516e+00
-3.819046020507812500e+00
-2.119840860366821289e+00
-2.804044485092163086e+00
-3.949519634246826172e+00
-6.150390505790710449e-01
-3.261426925659179688e+00
-8.088380098342895508e-03
-4.348934173583984375e+00
3.736981153488159180e+00
1.498269677162170410e+00
-1.326356053352355957e+00
-6.419519782066345215e-01
-1.556437730789184570e+00
1.154908537864685059e+00
-2.190954208374023438e+00
-1.938433289527893066e+00
-3.465209484100341797e+00
-4.465008258819580078e+00
-3.799766063690185547e+00
-6.925015449523925781e-01
1.238311052322387695e+00
-1.699401617050170898e+00
-2.305880308151245117e+00
-1.088132500648498535e+00
6.971703767776489258e-01
5.705397129058837891e+00
8.168200254440307617e-01
-1.249951481819152832e+00
-3.101521015167236328e+00
-3.733865022659301758e-01
-7.234777212142944336e-01
-1.694175958633422852e+00
-6.263530254364013672e+00
1.699066638946533203e+00
-2.602183818817138672e+00
1.198063254356384277e+00
-1.078328728675842285e+00
6.067452430725097656e-01
-2.748034715652465820e+00
7.940797805786132812e-01
1.148631453514099121e+00
-3.428620100021362305e-01
-5.868501663208007812e-01
-1.688666462898254395e+00
-6.255466938018798828e-01
-2.718822479248046875e+00
-7.883539795875549316e-01
3.915189266204833984e+00
4.711254119873046875e+00
7.570013523101806641e+00
-9.584811925888061523e-01
2.865425109863281250e+00
2.904646396636962891e+00
7.877863645553588867e-01
1.375322699546813965e+00
-4.173266887664794922e+00
-4.615952014923095703e+00
-2.236985921859741211e+00
-1.879911899566650391e+00
1.996535062789916992e-01
-5.027154922485351562e+00
-1.728415250778198242e+00
-2.231045484542846680e+00
2.827260732650756836e+00
-1.130458354949951172e+00
1.894596219062805176e-01
-3.088479757308959961e+00
-3.843938708305358887e-01
-7.580232620239257812e-01
-2.244386672973632812e+00
-4.237971782684326172e+00
1.800711512565612793e+00
-3.008988380432128906e+00
-3.843079566955566406e+00
-1.666491508483886719e+00
3.680889606475830078e-01
2.514151811599731445e+00
-3.902325630187988281e+00
-6.899940371513366699e-01
-1.391031384468078613e+00
-1.756919145584106445e+00
-1.469795107841491699e+00
4.952862262725830078e+00
-1.163818538188934326e-01
1.629484653472900391e+00
-3.243305444717407227e+00
-2.900820732116699219e+00
1.834972143173217773e+00
-2.972810029983520508e+00
-6.287203311920166016e+00
3.785865306854248047e-01
-3.525139570236206055e+00
5.232877731323242188e+00
-1.081378221511840820e+00
-2.424664735794067383e+00
-2.613256931304931641e+00
-9.529739618301391602e-01
-2.252973556518554688e+00
4.153935909271240234e-01
1.422750830650329590e+00
-6.688007712364196777e-01
-6.609844565391540527e-01
5.189414620399475098e-01
2.650891542434692383e-01
1.841608762741088867e+00
5.826837539672851562e+00
1.180785298347473145e+00
3.551711082458496094e+00
4.279597401618957520e-01
1.556622862815856934e+00
3.115057945251464844e-03
-1.239413619041442871e+00
-1.537509441375732422e+00
-5.810754299163818359e-01
-3.354738473892211914e+00
-1.149700641632080078e+00
-3.230875968933105469e+00
-1.875719308853149414e+00
-3.343920469284057617e+00
6.661685705184936523e-01
-2.881727218627929688e+00
-5.745595932006835938e+00
-2.964567422866821289e+00
-1.366128683090209961e+00
1.170340657234191895e+00
-1.959605932235717773e+00
2.513119578361511230e-01
-1.198911309242248535e+00
-2.656213045120239258e+00
-3.301748514175415039e+00
-3.103064298629760742e+00
2.570826053619384766e+00
2.199497222900390625e+00
2.224760055541992188e+00
-1.784415245056152344e-01
-3.886474967002868652e-01
4.938033819198608398e-01
3.047564744949340820e+00
5.330657362937927246e-01
2.103916406631469727e+00
-1.724580526351928711e+00
2.843518733978271484e+00
3.462225437164306641e+00
3.724163055419921875e+00
4.054536819458007812e+00
4.140106678009033203e+00
7.825911641120910645e-01
5.833021163940429688e+00
6.177915573120117188e+00
-8.215977549552917480e-01
-3.535723388195037842e-01
5.279271125793457031e+00
3.349881470203399658e-01
1.576902627944946289e+00
-2.139245510101318359e+00
-1.837054252624511719e+00
3.131098270416259766e+00
-3.978106975555419922e-01
-1.299210786819458008e+00
-1.093892693519592285e+00
1.891104221343994141e+00
-4.674547314643859863e-01
-2.272788047790527344e+00
3.810440063476562500e+00
-8.442255854606628418e-01
-1.537749171257019043e-01
-3.828333318233489990e-01
1.746706724166870117e+00
-1.188764095306396484e+00
-2.559783458709716797e-01
-4.335644245147705078e-01
-3.900597572326660156e+00
-3.476661443710327148e-02
-1.341559410095214844e+00
2.125787973403930664e+00
-1.503816008567810059e+00
-1.542348861694335938e+00
2.750789821147918701e-01
2.722309827804565430e+00
-1.696338057518005371e-01
-2.527683973312377930e+00
1.485941886901855469e+00
5.508955717086791992e-01
1.748686552047729492e+00
2.016875743865966797e+00
1.275104761123657227e+00
2.046727538108825684e-01
3.692235946655273438e+00
8.109961152076721191e-01
-5.461829304695129395e-01
3.925261497497558594e+00
4.113128662109375000e+00
1.394371390342712402e+00
1.104250431060791016e+00
-9.022150039672851562e-01
-3.395307660102844238e-01
6.435075402259826660e-01
2.460238456726074219e+00
-1.114361405372619629e+00
-1.792563915252685547e+00
-1.716886758804321289e+00
-1.835589408874511719e-01
6.424769163131713867e-01
2.680213451385498047e+00
-3.640495240688323975e-01
-1.690585136413574219e+00
1.744328856468200684e+00
9.511767029762268066e-01
5.209701657295227051e-01
-3.675799965858459473e-01
-1.342419743537902832e+00
-1.355833053588867188e+00
4.494819641113281250e-01
3.470529079437255859e+00
1.427937150001525879e-01
1.601972222328186035e+00
3.859282135963439941e-01
-3.985480368137359619e-01
-1.270471930503845215e+00
-2.203008413314819336e+00
-1.509039282798767090e+00
8.528001308441162109e-01
6.980023860931396484e+00
4.628426551818847656e+00
2.245615005493164062e+00
3.187664270401000977e+00
6.072600364685058594e+00
-2.794512510299682617e+00
2.284885883331298828e+00
-1.502290368080139160e+00
8.445785045623779297e-01
4.763715863227844238e-01
1.819336652755737305e+00
-6.139236688613891602e-01
-3.293732643127441406e+00
-2.063700437545776367e+00
-2.713801860809326172e+00
-1.804574012756347656e+00
-1.260759592056274414e+00
3.675538063049316406e+00
-1.913300037384033203e+00
-1.468785643577575684e+00
1.065908312797546387e+00
-1.880251884460449219e+00
6.502291679382324219e+00
4.293177127838134766e+00
9.066048860549926758e-01
1.832015395164489746e+00
3.674888849258422852e+00
3.999108076095581055e+00
-6.343112587928771973e-01
-1.620496869087219238e+00
1.276008129119873047e+00
-1.118358492851257324e+00
1.866362094879150391e+00
-7.722254991531372070e-01
4.811741411685943604e-01
2.465541601181030273e+00
1.371107816696166992e+00
-2.351890325546264648e+00
1.329906225204467773e+00
1.829765200614929199e+00
-9.538103342056274414e-01
-5.036201477050781250e-01
-5.917167067527770996e-01
5.955110788345336914e-01
-1.671957492828369141e+00
5.544154167175292969e+00
-1.930617809295654297e+00
3.106572628021240234e-01
1.406879425048828125e+00
1.304444551467895508e+00
5.201617479324340820e-01
-4.504393577575683594e+00
-4.840919017791748047e+00
-4.160099983215332031e+00
-2.373820781707763672e+00
-4.893577098846435547e+00
-2.589493989944458008e+00
-2.433391094207763672e+00
-7.528293132781982422e+00
-4.861603260040283203e+00
-1.936828494071960449e+00
-1.614157915115356445e+00
1.075237751007080078e+00
1.778252601623535156e+00
-9.852815866470336914e-01
-8.756200075149536133e-01
-3.006043434143066406e-01
-1.563989877700805664e+00
-2.074912548065185547e+00
-3.183856487274169922e+00
-2.354812622070312500e+00
-2.214359521865844727e+00
-2.951203584671020508e+00
-7.409977912902832031e+00
-3.193096399307250977e+00
-3.453017234802246094e+00
3.697880506515502930e-01
-3.738111495971679688e+00
-2.569377422332763672e+00
-4.854770183563232422e+00
1.630192399024963379e+00
-1.042527437210083008e+00
3.009928464889526367e-01
2.644572854042053223e-01
-8.609074354171752930e-01
5.411335229873657227e-01
-7.957670837640762329e-02
-4.678371429443359375e+00
-4.312975406646728516e+00
-5.860688209533691406e+00
4.257349967956542969e-01
-1.244444608688354492e+00
4.404256343841552734e+00
6.936724662780761719e+00
6.368958473205566406e+00
3.097830533981323242e+00
-2.369801044464111328e+00
-1.257497549057006836e+00
1.880569934844970703e+00
1.005677580833435059e+00
2.022004723548889160e-01
1.247367382049560547e+00
1.540162086486816406e+00
-3.960658311843872070e-01
-6.776440143585205078e-02
6.604843139648437500e-01
1.803254246711730957e+00
1.458956122398376465e+00
2.023053169250488281e-01
-5.670508146286010742e-01
-3.566373586654663086e+00
7.941302657127380371e-01
-1.706050038337707520e+00
-2.064458608627319336e+00
-2.482188940048217773e-01
-3.242893695831298828e+00
-2.853156566619873047e+00
-2.634112834930419922e+00
-1.392428874969482422e+00
-3.176009654998779297e+00
-6.556630611419677734e+00
-2.206221818923950195e+00
-4.461426734924316406e+00
-3.324166774749755859e+00
4.672486782073974609e-01
-4.160342216491699219e+00
-5.453243732452392578e+00
-3.467629194259643555e+00
-2.634437322616577148e+00
1.300140023231506348e+00
-4.222422599792480469e+00
-2.804477691650390625e+00
-3.527717351913452148e+00
-4.665684700012207031e-02
9.481409192085266113e-02
-2.821236848831176758e+00
1.995445609092712402e+00
-1.548658132553100586e+00
2.685561895370483398e+00
2.727347373962402344e+00
2.714155435562133789e+00
2.056412458419799805e+00
-5.067061185836791992e-01
-5.764943361282348633e-02
-1.145769357681274414e+00
2.145683765411376953e+00
1.122479915618896484e+00
1.517259597778320312e+00
1.145110607147216797e+00
8.331886291503906250e+00
-4.364188313484191895e-01
2.032024383544921875e+00
1.738490939140319824e+00
-1.079941868782043457e+00
-3.908994197845458984e-01
1.387912511825561523e+00
-3.802721261978149414e+00
-2.364073753356933594e+00
-7.376044392585754395e-01
-3.149004936218261719e+00
-2.704065144062042236e-01
1.356048464775085449e+00
3.487015724182128906e+00
3.066248893737792969e+00
3.692968606948852539e+00
-6.144092082977294922e-01
1.945145606994628906e+00
1.322586178779602051e+00
-2.473030090332031250e-01
2.449002027511596680e+00
5.932271957397460938e+00
-4.212721586227416992e-01
3.096702098846435547e+00
-4.744043946266174316e-02
9.086273312568664551e-01
-1.882901549339294434e+00
-1.603092908859252930e+00
5.174872398376464844e+00
4.318871498107910156e+00
-2.282049179077148438e+00
-9.833414554595947266e-01
1.959499001502990723e+00
2.015452861785888672e+00
-5.134790539741516113e-01
-2.957393407821655273e+00
8.266203999519348145e-01
5.406105041503906250e+00
4.459065437316894531e+00
3.246912956237792969e+00
2.399403095245361328e+00
1.301157712936401367e+00
-3.438662528991699219e+00
-5.565570592880249023e-01
-7.570083141326904297e-01
5.085396766662597656e+00
-4.575303077697753906e+00
3.782447814941406250e+00
2.828493118286132812e+00
-1.948685050010681152e-01
5.580997467041015625e+00
1.469946801662445068e-01
5.068797588348388672e+00
4.879934310913085938e+00
1.783270835876464844e+00
1.191588044166564941e-01
6.529021263122558594e-02
2.390215098857879639e-01
-1.149094939231872559e+00
-4.248979568481445312e+00
9.191581606864929199e-01
3.233418703079223633e+00
-9.577698111534118652e-01
3.397740840911865234e+00
1.554944992065429688e+00
1.149708271026611328e+00
2.564270734786987305e+00
3.121295452117919922e+00
1.049692869186401367e+00
2.767343044281005859e+00
-3.573556900024414062e+00
7.009557485580444336e-01
-2.381087064743041992e+00
-3.358197689056396484e+00
-1.436882853507995605e+00
-1.534990221261978149e-01
2.462451457977294922e+00
-4.544520854949951172e+00
6.323850154876708984e+00
2.429590225219726562e+00
7.624599933624267578e+00
-2.662406206130981445e+00
1.726528644561767578e+00
-4.434917926788330078e+00
-5.908131599426269531e-02
-8.933681249618530273e-02
-3.344281196594238281e+00
3.275438785552978516e+00
6.528656482696533203e-01
-5.695533275604248047e+00
1.475504040718078613e-01
1.204938888549804688e-01
-3.268554210662841797e-01
-3.737723827362060547e-01
-1.648604273796081543e-01
-3.228204488754272461e+00
-1.357612729072570801e+00
5.083525180816650391e-01
-2.364613056182861328e+00
-1.214910030364990234e+00
-3.306061029434204102e-01
3.028242588043212891e-01
-6.564853787422180176e-01
-2.261717557907104492e+00
-2.805395424365997314e-02
1.025858879089355469e+00
2.008650064468383789e+00
2.005344867706298828e+00
4.155112266540527344e+00
1.801974534988403320e+00
-8.851156234741210938e-01
1.027338981628417969e+00
-9.553621411323547363e-01
2.086345672607421875e+00
7.514757513999938965e-01
-5.190304279327392578e+00
-3.898900747299194336e+00
5.344407558441162109e-01
-1.891463279724121094e+00
8.050785660743713379e-01
-7.443156242370605469e-01
1.604938507080078125e+00
3.792322158813476562e+00
7.288259863853454590e-01
9.680660963058471680e-01
-3.200782537460327148e+00
-9.467388391494750977e-01
6.124889850616455078e-02
-9.518059492111206055e-01
-3.528907299041748047e+00
7.409861683845520020e-01
-1.082801818847656250e+00
-3.821723222732543945e+00
1.005143523216247559e+00
4.411274909973144531e+00
-6.656112670898437500e-01
-5.370460748672485352e-01
7.301218986511230469e+00
-2.332588195800781250e+00
-4.652608394622802734e+00
1.602898836135864258e+00
7.029675960540771484e+00
-1.797590970993041992e+00
3.307052373886108398e+00
1.294580101966857910e+00
-1.378167748451232910e+00
2.157513141632080078e+00
-3.531745672225952148e-01
-1.776156544685363770e+00
-1.576057672500610352e+00
-3.379640102386474609e+00
-1.049746990203857422e+00
-3.117544651031494141e+00
6.453419685363769531e+00
-5.672986507415771484e+00
-1.949311494827270508e+00
5.005213737487792969e+00
2.909648120403289795e-01
-1.437044382095336914e+00
-9.907448291778564453e-01
4.964655399322509766e+00
2.820730209350585938e+00
3.856870830059051514e-01
-2.281649112701416016e+00
6.915209293365478516e-01
-9.452201724052429199e-01
3.157562017440795898e+00
-1.731065869331359863e+00
-2.002640008926391602e+00
3.971336126327514648e+00
-1.414921522140502930e+00
-5.090514659881591797e+00
4.235460758209228516e+00
-1.747437566518783569e-01
-7.813752293586730957e-01
-5.820268630981445312e+00
1.146529793739318848e+00
-3.064068555831909180e+00
-2.340229034423828125e+00
5.444033741950988770e-01
7.571169137954711914e-01
2.581166625022888184e-01
-1.053904592990875244e-01
3.069558739662170410e-01
2.318987846374511719e+00
-1.663918495178222656e+00
-4.209142923355102539e-01
-3.103663206100463867e+00
-2.135117292404174805e+00
4.831486701965332031e+00
-7.320266962051391602e-01
1.258655309677124023e+00
2.533221721649169922e+00
2.131194591522216797e+00
-1.926439762115478516e+00
3.372049808502197266e+00
-3.371393918991088867e+00
-6.191831827163696289e-01
-2.990744113922119141e-01
-2.043015956878662109e+00
1.389358639717102051e-01
-6.373983621597290039e-01
-5.884919166564941406e-01
3.071523904800415039e-01
-2.977113008499145508e+00
1.714399337768554688e+00
-2.305071949958801270e-01
1.105317831039428711e+00
-2.661275148391723633e+00
1.111180424690246582e+00
-1.033781528472900391e+00
-3.535938978195190430e+00
1.184779405593872070e-01
-1.661691665649414062e+00
7.176899433135986328e+00
9.387858390808105469e+00
4.096591472625732422e-02
-2.155146121978759766e+00
4.560041427612304688e+00
-5.612609386444091797e-01
2.834130287170410156e+00
3.058680295944213867e+00
-2.806980609893798828e+00
2.797320365905761719e+00
4.922468185424804688e+00
-5.728836655616760254e-01
-1.327747225761413574e+00
-1.584468126296997070e+00
-4.358514785766601562e+00
-6.059139370918273926e-01
-1.946038007736206055e+00
-4.253580570220947266e+00
7.548184990882873535e-01
1.121480464935302734e-01
-3.454284667968750000e+00
1.675358533859252930e+00
-3.230895996093750000e+00
4.366412162780761719e-01
-2.670953512191772461e+00
-2.064339876174926758e+00
4.266358852386474609e+00
2.882604122161865234e+00
3.266697645187377930e+00
6.486211776733398438e+00
-4.212049484252929688e+00
2.648539543151855469e-01
2.335822820663452148e+00
5.745764970779418945e-01
3.308445811271667480e-01
5.607748985290527344e+00
3.314004898071289062e+00
3.519558906555175781e+00
-1.773238539695739746e+00
-3.600744724273681641e+00
-3.522491931915283203e+00
1.860998630523681641e+00
-4.463903903961181641e-01
2.368561267852783203e+00
1.238715276122093201e-01
3.515091896057128906e+00
-4.573015868663787842e-01
-1.076474308967590332e+00
2.697127580642700195e+00
1.071175098419189453e+00
2.269753456115722656e+00
-1.492259144783020020e+00
5.310901403427124023e-01
-1.202058434486389160e+00
4.939302444458007812e+00
5.360656976699829102e-01
-3.330871105194091797e+00
2.517652750015258789e+00
1.109243512153625488e+00
3.092910766601562500e+00
-5.097025632858276367e-01
2.450871944427490234e+00
1.060135722160339355e+00
-3.479331254959106445e+00
-3.834951877593994141e+00
5.443895459175109863e-01
1.273312091827392578e+00
-2.343269348144531250e+00
1.972528457641601562e+00
1.935752183198928833e-01
1.585685610771179199e+00
5.121982097625732422e-02
-1.776642560958862305e+00
1.758281946182250977e+00
-2.411957263946533203e+00
-1.354577183723449707e+00
-4.349687576293945312e+00
-3.374406099319458008e+00
3.310122489929199219e+00
1.486234903335571289e+00
2.322408437728881836e+00
3.956602811813354492e+00
7.373556494712829590e-01
8.126756548881530762e-01
1.512397050857543945e+00
4.426780223846435547e+00
2.776412010192871094e+00
1.624226570129394531e+00
6.070573925971984863e-01
3.736051559448242188e+00
6.191286563873291016e+00
3.553537845611572266e+00
2.349262237548828125e+00
3.464093685150146484e+00
1.145520687103271484e+00
-7.486721277236938477e-01
7.769022583961486816e-01
-1.176811099052429199e+00
-4.150923728942871094e+00
3.411773204803466797e+00
-3.244310319423675537e-01
1.440194010734558105e+00
-4.810076951980590820e-01
-1.152671337127685547e+00
-1.979298591613769531e+00
-5.664316177368164062e+00
5.158164024353027344e+00
-2.964038133621215820e+00
-2.289223432540893555e+00
-2.846191406250000000e+00
-3.631458520889282227e+00
7.567511558532714844e+00
-9.767556190490722656e-02
5.245481491088867188e+00
7.784386873245239258e-01
1.268994212150573730e+00
-7.989641189575195312e+00
-4.896916747093200684e-01
8.681682348251342773e-01
-2.327354907989501953e+00
1.882319211959838867e+00
4.263966560363769531e+00
-2.368996441364288330e-01
2.303966760635375977e+00
-1.893096208572387695e+00
8.149621009826660156e+00
-1.959368944168090820e+00
-1.817121744155883789e+00
3.287718772888183594e+00
-1.074512004852294922e+00
-3.142464160919189453e+00
1.632712602615356445e+00
6.179705858230590820e-01
-1.605295658111572266e+00
-1.335820436477661133e+00
-4.045442581176757812e+00
6.155952811241149902e-01
6.958596706390380859e-01
1.102822542190551758e+00
3.053026199340820312e-01
4.652341842651367188e+00
9.742536544799804688e-01
1.001244306564331055e+00
-1.113600254058837891e+00
-4.693657398223876953e+00
-2.822455644607543945e+00
-2.915596067905426025e-01
1.419000029563903809e+00
1.770643293857574463e-01
3.757726669311523438e+00
-2.183425426483154297e+00
1.119621396064758301e+00
-5.980992913246154785e-01
-3.699788153171539307e-01
6.261588335037231445e-01
1.677719503641128540e-01
-2.535121202468872070e+00
-8.510270118713378906e-01
1.176070094108581543e+00
3.593029499053955078e+00
-1.674926161766052246e+00
3.923623263835906982e-01
2.669841289520263672e+00
-2.138727903366088867e+00
-3.906231164932250977e+00
5.492424964904785156e+00
1.392240524291992188e+00
-2.072822809219360352e+00
-3.634751796722412109e+00
3.789238929748535156e-01
-1.098611116409301758e+00
5.957324504852294922e-01
3.518185615539550781e+00
-1.847263932228088379e+00
-1.478571295738220215e-01
-4.627835750579833984e-01
5.133584141731262207e-01
8.800855875015258789e-01
-8.660840392112731934e-01
3.068584442138671875e+00
7.900253534317016602e-01
3.030585050582885742e+00
3.794317722320556641e+00
3.905117511749267578e-01
9.337963104248046875e+00
2.809337615966796875e+00
4.387014389038085938e+00
-2.488790512084960938e+00
-5.052803516387939453e+00
2.891183853149414062e+00
1.787156343460083008e+00
2.058754444122314453e+00
1.525152087211608887e+00
4.559149742126464844e+00
-3.755143284797668457e-01
1.878058910369873047e-02
4.368883609771728516e+00
-6.464128494262695312e-01
-1.958469152450561523e-01
-1.045497417449951172e+00
-3.435793876647949219e+00
-3.079398870468139648e+00
-2.043096065521240234e+00
-1.980804443359375000e+00
-1.277126669883728027e+00
5.685967445373535156e+00
2.055461645126342773e+00
-3.185538291931152344e+00
1.000595450401306152e+00
-1.493969440460205078e+00
-3.565812110900878906e+00
-2.118426322937011719e+00
2.092506885528564453e+00
-1.233839273452758789e+00
6.854850769042968750e+00
1.787522792816162109e+00
-1.816293120384216309e+00
-2.922882556915283203e+00
-2.616928815841674805e-01
5.165668010711669922e+00
-3.123817443847656250e+00
-7.135325670242309570e-01
3.996857404708862305e-01
-1.091725349426269531e+00
2.579039573669433594e+00
-6.081123352050781250e+00
2.033884048461914062e+00
3.399071216583251953e+00
3.141284227371215820e+00
-4.311872124671936035e-01
3.944665193557739258e+00
2.735774517059326172e+00
4.526872634887695312e+00
4.129993915557861328e+00
3.058458566665649414e+00
1.272528171539306641e-01
1.133003234863281250e-01
-3.890857934951782227e+00
-3.993569374084472656e+00
-3.358809649944305420e-01
2.724367082118988037e-01
6.432952404022216797e+00
4.807835817337036133e-02
3.181218206882476807e-01
3.123767852783203125e+00
-1.396959304809570312e+00
-8.560399413108825684e-01
1.261639595031738281e-02
-1.634542822837829590e+00
-1.298579454421997070e+00
-4.040943980216979980e-01
-2.503268420696258545e-01
1.751511931419372559e+00
5.351017117500305176e-01
1.269241571426391602e-01
2.390893936157226562e+00
-4.285091161727905273e-02
-1.376724720001220703e+00
4.599975585937500000e+00
-1.879562258720397949e+00
6.909747719764709473e-01
-7.336366772651672363e-01
2.675684928894042969e+00
-1.586295962333679199e+00
-1.338887810707092285e+00
2.473755598068237305e+00
-8.833145499229431152e-01
-1.324427008628845215e+00
-3.547805786132812500e+00
5.921861648559570312e+00
4.305080890655517578e+00
-1.075848221778869629e+00
2.034062147140502930e-02
2.704925060272216797e+00
-1.890667200088500977e+00
-1.851129531860351562e-01
1.200358629226684570e+00
-5.145292282104492188e-01
1.609575390815734863e+00
-5.423202514648437500e-01
3.643755674362182617e+00
-4.132258892059326172e+00
4.198350906372070312e+00
3.996664524078369141e+00
7.806175947189331055e-01
1.884427785873413086e+00
1.617924690246582031e+00
-1.428710222244262695e-01
1.713293075561523438e+00
5.053825378417968750e-01
-6.694868803024291992e-01
-3.040249109268188477e+00
5.045986175537109375e-01
2.709218263626098633e-01
4.710549354553222656e+00
2.345883846282958984e-01
-9.174144268035888672e-01
-2.482796907424926758e+00
8.874842524528503418e-01
-4.945879459381103516e+00
-1.990022659301757812e+00
7.622415542602539062e+00
2.350326061248779297e+00
3.909316062927246094e+00
1.865224838256835938e-01
-1.121730089187622070e+00
4.397616863250732422e+00
1.796382069587707520e+00
-4.845729470252990723e-01
2.682382822036743164e+00
-2.227287292480468750e+00
3.921133518218994141e+00
3.037154197692871094e+00
-1.662542581558227539e+00
-3.441829681396484375e+00
-1.608768224716186523e+00
-5.448021888732910156e+00
-2.820612668991088867e+00
-1.861378073692321777e+00
1.939810991287231445e+00
-2.137042999267578125e+00
-7.033207893371582031e+00
-2.352356672286987305e+00
-4.148477554321289062e+00
-4.370108604431152344e+00
-6.116822242736816406e+00
-2.853753089904785156e+00
-3.628439903259277344e+00
-4.680369853973388672e+00
-4.243373870849609375e+00
-5.362205505371093750e+00
-6.152153491973876953e+00
-4.858894824981689453e+00
-5.071475028991699219e+00
-3.845998287200927734e+00
-6.377201080322265625e+00
1.237642288208007812e+00
-7.447526454925537109e-01
-3.945874691009521484e+00
-3.706860303878784180e+00
5.305298566818237305e-01
-6.032238602638244629e-01
-3.476600170135498047e+00
-4.365086555480957031e+00
-3.817861676216125488e-01
-2.160863161087036133e+00
-4.194105625152587891e+00
-3.852299928665161133e+00
-3.954798579216003418e-01
-9.659562110900878906e-01
-4.253396987915039062e+00
-4.586468696594238281e+00
-6.594467163085937500e+00
-1.991560816764831543e+00
-5.880719661712646484e+00
-4.037702083587646484e+00
9.372292757034301758e-01
-1.821757316589355469e+00
-1.990921497344970703e+00
-3.060580730438232422e+00
4.349379539489746094e+00
3.216393947601318359e+00
2.133328676223754883e+00
3.739864826202392578e+00
1.047517895698547363e+00
7.795452594757080078e+00
-2.241077423095703125e-01
3.576620340347290039e+00
3.521143436431884766e+00
2.612360954284667969e+00
-1.897664070129394531e+00
-1.821962594985961914e-01
-9.082064628601074219e-01
4.916182994842529297e+00
2.216455459594726562e+00
5.224741697311401367e-01
-9.367245435714721680e-01
-2.630853176116943359e+00
-5.222531318664550781e+00
1.005792260169982910e+00
-3.503742218017578125e+00
-2.652033865451812744e-01
-2.335577487945556641e+00
-4.937941074371337891e+00
-4.450640678405761719e+00
-1.759018898010253906e+00
-3.184844493865966797e+00
-2.470444679260253906e+00
-2.655798435211181641e+00
4.788152217864990234e+00
