-1.596652865409851074e+00
4.080629348754882812e+00
-2.340400457382202148e+00
-4.340988993644714355e-01
-3.857784271240234375e-01
1.645783424377441406e+00
2.451558113098144531e+00
-9.302533268928527832e-01
5.246950387954711914e-01
-1.734213232994079590e+00
1.495049476623535156e+00
6.420347690582275391e-01
-4.690122008323669434e-01
-3.191458582878112793e-01
-1.508608460426330566e-01
6.086343526840209961e-01
-1.008067846298217773e+00
1.557587504386901855e+00
1.289683580398559570e+00
7.138383388519287109e-01
-2.988597750663757324e-01
2.836906909942626953e+00
-1.415171504020690918e+00
-7.070873975753784180e-01
2.651751518249511719e+00
-2.412835806608200073e-01
-2.082056999206542969e+00
-2.019105911254882812e+00
-8.063142895698547363e-01
-3.688122987747192383e+00
-4.025063991546630859e+00
-4.222639203071594238e-01
-2.187857866287231445e+00
-1.171269297599792480e+00
3.231867551803588867e-01
-1.083283901214599609e+00
5.746676921844482422e-01
-1.523160219192504883e+00
1.209426403045654297e+00
-2.833375215530395508e+00
-2.317389011383056641e+00
-2.550019979476928711e+00
-2.050259590148925781e+00
8.047402501106262207e-01
-6.430968046188354492e-01
-2.201937913894653320e+00
-2.326109886169433594e+00
3.078139781951904297e+00
-5.808176994323730469e+00
-2.527996063232421875e+00
9.697070717811584473e-02
4.315004348754882812e+00
5.890411138534545898e-01
1.689967870712280273e+00
-2.530564069747924805e-01
-1.021019577980041504e+00
9.536353945732116699e-01
-3.142481803894042969e+00
-2.381525516510009766e+00
-2.486541271209716797e+00
-3.764857530593872070e+00
-4.689459800720214844e+00
-3.636105060577392578e+00
-3.632935762405395508e+00
-2.077624320983886719e+00
-3.552407324314117432e-01
6.134222447872161865e-02
-3.040905237197875977e+00
-1.281775712966918945e+00
1.986675858497619629e-01
-3.178941249847412109e+00
-3.195124864578247070e+00
2.246644496917724609e-01
1.456466555595397949e+00
1.695330142974853516e+00
7.648754119873046875e-01
4.294252991676330566e-01
-1.061658382415771484e+00
-1.174166321754455566e+00
-2.671788215637207031e+00
-4.818049669265747070e-01
1.717526316642761230e-01
9.665833711624145508e-01
-2.248762607574462891e+00
-3.028888702392578125e-01
-1.696863889694213867e+00
-3.128453016281127930e+00
5.088105201721191406e-01
9.554808139801025391e-01
1.781994104385375977e+00
-8.390496373176574707e-01
-3.792270898818969727e+00
7.372516393661499023e-01
-1.770187616348266602e-01
2.847308635711669922e+00
-3.556328773498535156e+00
-5.984908938407897949e-01
-7.858340144157409668e-01
-6.373834609985351562e-02
-3.758342266082763672e-01
-1.281546473503112793e+00
-1.709740757942199707e+00
-1.799037218093872070e+00
-8.744432330131530762e-01
-2.515980958938598633e+00
-2.478687286376953125e+00
-2.320528507232666016e+00
4.633038520812988281e+00
1.888518691062927246e+00
3.403694868087768555e+00
1.818481922149658203e+00
-3.996069908142089844e+00
5.056479930877685547e+00
1.764545321464538574e+00
-2.428379774093627930e+00
4.109707355499267578e+00
-1.273919582366943359e+00
3.660535812377929688e+00
-2.273012161254882812e+00
-2.687617301940917969e+00
-5.182401657104492188e+00
-3.594218015670776367e+00
-2.576691627502441406e+00
-2.930409431457519531e+00
-1.640005946159362793e+00
-3.872811794281005859e-02
-4.266666173934936523e-01
-8.516114950180053711e-01
-4.343128204345703125e+00
-1.255331039428710938e-01
6.954264640808105469e-02
-2.367141008377075195e+00
2.328917741775512695e+00
-1.692771673202514648e+00
1.420533776283264160e+00
-3.335446834564208984e+00
-2.891821861267089844e+00
-2.658972978591918945e+00
-1.256331205368041992e+00
-9.084060788154602051e-01
3.670675992965698242e+00
-1.322369694709777832e+00
-1.363543510437011719e+00
-2.847582101821899414e-01
7.646249532699584961e-01
2.562092542648315430e-01
-2.161514520645141602e+00
-4.689387321472167969e+00
3.159992694854736328e-01
-9.552838802337646484e-01
-3.202616691589355469e+00
2.628099441528320312e+00
-4.957114458084106445e-01
-1.124465942382812500e+00
-2.114560902118682861e-01
9.439308643341064453e-01
3.207346200942993164e-01
1.464514017105102539e+00
2.696812629699707031e+00
-2.678982019424438477e+00
-1.508480429649353027e+00
-1.308771371841430664e+00
-1.091108798980712891e+00
-2.251430034637451172e+00
-3.317686319351196289e-01
-2.363876342773437500e+00
-1.420262336730957031e+00
-2.342995166778564453e+00
-3.361510753631591797e+00
-5.434491157531738281e+00
-2.602280616760253906e+00
-3.032042503356933594e+00
-2.060030698776245117e+00
-2.828002691268920898e+00
-9.653024077415466309e-01
-3.025011777877807617e+00
-5.566717624664306641e+00
-4.521381855010986328e+00
-8.317008614540100098e-01
-1.113993883132934570e+00
-1.805095195770263672e+00
-1.342883229255676270e+00
1.195238709449768066e+00
-5.262207984924316406e-01
-2.389825344085693359e+00
-7.030832767486572266e-01
7.051536440849304199e-01
5.366885662078857422e-01
1.151002764701843262e+00
-3.163191080093383789e+00
-2.467261552810668945e+00
-1.996697187423706055e+00
-2.749854922294616699e-01
1.962399482727050781e-01
-1.205953955650329590e+00
2.224236726760864258e+00
5.074848532676696777e-01
-1.079558730125427246e+00
-5.284816026687622070e-01
3.904478251934051514e-01
9.030596017837524414e-01
-3.028469979763031006e-01
-2.072694778442382812e+00
-1.297324895858764648e+00
1.652151346206665039e+00
-5.553246736526489258e-01
-3.450925350189208984e+00
3.567548692226409912e-01
-9.048771858215332031e-01
-3.909020423889160156e+00
-1.468380451202392578e+00
-1.804006576538085938e+00
-1.242088675498962402e+00
-4.797555208206176758e-01
-4.235266745090484619e-01
-3.303707242012023926e-01
-3.240684270858764648e-01
1.306131601333618164e+00
-1.192505121231079102e+00
5.988006591796875000e-01
-2.265362977981567383e+00
-2.658883929252624512e-01
-1.982262372970581055e+00
3.964909315109252930e-01
-2.384101390838623047e+00
-1.448249340057373047e+00
-5.003654956817626953e-01
-5.880134701728820801e-01
4.634093642234802246e-01
-3.248690366744995117e-01
-3.128342866897583008e+00
6.596306562423706055e-01
1.438814640045166016e+00
-1.102042913436889648e+00
4.262382984161376953e-01
-1.329257249832153320e+00
-3.541153669357299805e+00
1.077796578407287598e+00
1.663917183876037598e+00
-1.342864990234375000e+00
-7.668294906616210938e-01
2.418447971343994141e+00
-3.764391243457794189e-01
-1.772423863410949707e+00
-9.306007027626037598e-01
2.263931989669799805e+00
-1.989655613899230957e+00
3.046890497207641602e+00
1.702010035514831543e-01
3.400866985321044922e+00
-4.634726643562316895e-01
1.498162746429443359e+00
-1.593217253684997559e-01
1.009381413459777832e-01
1.402061939239501953e+00
-1.715501546859741211e-01
-5.284989476203918457e-01
-1.108001545071601868e-01
-5.790200829505920410e-01
1.458071947097778320e+00
2.815986871719360352e-01
1.347749590873718262e+00
1.017206907272338867e+00
4.084268093109130859e+00
3.347795486450195312e+00
2.701832354068756104e-01
-1.631269812583923340e+00
-4.702559113502502441e-02
-1.306990623474121094e+00
-2.396821498870849609e+00
-1.569367051124572754e+00
-8.849164843559265137e-01
-6.774824261665344238e-01
6.328570842742919922e-01
-1.442332148551940918e+00
-1.695826053619384766e-01
-3.750389814376831055e+00
-1.710175871849060059e+00
-2.930295944213867188e+00
1.010855555534362793e+00
4.768690764904022217e-01
2.201287269592285156e+00
1.386896610260009766e+00
2.703719854354858398e+00
1.596882462501525879e+00
-5.160811543464660645e-01
-2.212283372879028320e+00
-3.492518424987792969e+00
-4.002074003219604492e-01
-2.328532457351684570e+00
3.067715167999267578e-01
-4.692365646362304688e+00
8.187263011932373047e-01
-3.351420164108276367e+00
-1.326720952987670898e+00
-9.599982500076293945e-01
-8.212155103683471680e-02
-1.136489748954772949e+00
-7.044577598571777344e+00
-1.721324205398559570e+00
-1.228274226188659668e+00
6.517748832702636719e-01
-9.616954326629638672e-01
6.698555946350097656e-01
-1.565384864807128906e+00
-3.350387096405029297e+00
-2.243925809860229492e+00
-2.534930229187011719e+00
2.332729101181030273e+00
3.637520074844360352e+00
3.074238300323486328e+00
-1.581085205078125000e+00
-1.424451231956481934e+00
-3.896288871765136719e-01
-6.179818511009216309e-01
-2.727928638458251953e+00
-3.066364049911499023e+00
-1.383168935775756836e+00
-7.676451802253723145e-01
-6.331297159194946289e-01
-5.329915881156921387e-01
1.744953155517578125e+00
9.989653825759887695e-01
8.641735315322875977e-01
-6.469227075576782227e-01
2.677024602890014648e-01
2.340582847595214844e+00
5.332662582397460938e+00
1.944795608520507812e+00
3.397760093212127686e-01
-8.859698176383972168e-01
-4.265491962432861328e+00
-1.643473863601684570e+00
3.530579328536987305e+00
3.785204887390136719e-01
-2.295681476593017578e+00
-3.295457363128662109e+00
-4.070118427276611328e+00
1.356341838836669922e+00
-7.067478299140930176e-01
2.268858432769775391e+00
8.638935089111328125e-01
-1.752958297729492188e+00
-2.258078336715698242e+00
-2.799317836761474609e+00
-1.005003094673156738e+00
-8.264698386192321777e-01
-9.501829147338867188e-01
-4.000841617584228516e+00
-4.720147132873535156e+00
-5.399027824401855469e+00
-1.390127897262573242e+00
-2.264010667800903320e+00
-1.257993340492248535e+00
-1.403816699981689453e+00
-1.195979118347167969e+00
-1.390523672103881836e+00
-4.495110988616943359e+00
2.264544725418090820e+00
-1.195231199264526367e+00
-1.997683167457580566e+00
2.054153442382812500e+00
-1.358745098114013672e+00
-3.098081111907958984e+00
8.331871628761291504e-01
5.531593561172485352e-01
-7.000263929367065430e-01
-4.426245689392089844e+00
6.831818819046020508e-02
-2.350270271301269531e+00
-1.013045787811279297e+00
-2.327628135681152344e+00
-3.504069805145263672e+00
-2.588892221450805664e+00
-1.829756975173950195e+00
-2.345407605171203613e-01
1.065033912658691406e+00
-5.050702691078186035e-01
-3.213361263275146484e+00
-9.376269578933715820e-01
-1.253628432750701904e-01
-8.687483072280883789e-01
-1.649265527725219727e+00
7.095385193824768066e-01
8.395410776138305664e-01
-2.185798406600952148e+00
-2.656056404113769531e+00
-3.157811164855957031e-01
-8.070039749145507812e-01
8.705776929855346680e-02
-4.120478153228759766e+00
6.583052277565002441e-01
1.716897606849670410e+00
1.376543521881103516e+00
-1.596267461776733398e+00
8.803063035011291504e-01
1.625964045524597168e+00
1.961145997047424316e+00
3.787597417831420898e-01
1.368540525436401367e-02
6.839421987533569336e-01
-2.956904888153076172e+00
2.401666402816772461e+00
-2.542706489562988281e+00
-8.446010947227478027e-01
1.402557611465454102e+00
-3.362217903137207031e+00
-4.247253894805908203e+00
-4.876072406768798828e+00
2.356555223464965820e+00
-3.094048261642456055e+00
3.112282276153564453e+00
-3.314691781997680664e-02
1.296516895294189453e+00
2.178246974945068359e+00
2.879124641418457031e+00
-3.613326311111450195e+00
3.612385034561157227e+00
1.420914769172668457e+00
5.097768783569335938e+00
-1.434380888938903809e+00
-4.546787261962890625e+00
8.921325206756591797e-04
-2.256116151809692383e+00
1.036780357360839844e+00
1.024245619773864746e+00
1.830998659133911133e+00
-1.543376445770263672e+00
-1.597853541374206543e+00
1.392731189727783203e+00
-2.135257720947265625e+00
-8.123943805694580078e-01
-6.581500768661499023e-01
4.386824131011962891e+00
3.721886634826660156e+00
-1.650544404983520508e+00
-3.168962717056274414e+00
1.655825614929199219e+00
-1.627683162689208984e+00
2.329112768173217773e+00
-3.385765075683593750e+00
7.143647670745849609e-01
-9.791515767574310303e-02
3.287203788757324219e+00
-2.915904283523559570e+00
3.359086036682128906e+00
3.896584987640380859e+00
1.888077139854431152e+00
3.050182104110717773e+00
-1.769765496253967285e+00
-2.124552011489868164e+00
3.723150730133056641e+00
5.430307388305664062e+00
-1.300322294235229492e+00
-1.901704668998718262e-01
2.154333829879760742e+00
1.641722917556762695e+00
8.794368743896484375e+00
-2.753872275352478027e-01
3.242595434188842773e+00
-1.654736161231994629e+00
4.022106170654296875e+00
6.454245567321777344e+00
3.970419764518737793e-01
3.661367177963256836e+00
1.701319575309753418e+00
-6.142621040344238281e+00
-1.563136100769042969e+00
-2.175341844558715820e+00
-1.342594861984252930e+00
2.549085378646850586e+00
-4.217609882354736328e+00
-1.020793199539184570e+00
1.694595098495483398e+00
5.325841426849365234e+00
-1.843280911445617676e+00
-2.087213754653930664e+00
1.273686408996582031e+00
2.133406639099121094e+00
-2.485243320465087891e+00
1.090578913688659668e+00
1.306011676788330078e+00
-3.830746173858642578e+00
2.874498605728149414e+00
-2.097520351409912109e+00
-2.847943544387817383e+00
-3.146506547927856445e-01
3.316743373870849609e+00
1.498755693435668945e+00
-1.382191658020019531e+00
3.136329889297485352e+00
-3.452055454254150391e+00
-6.437518596649169922e-01
-4.586894214153289795e-01
-1.150527000427246094e+00
-1.470979452133178711e+00
5.391763210296630859e+00
1.417337536811828613e+00
-1.804138422012329102e+00
2.300277709960937500e+00
-2.899466753005981445e+00
3.443450450897216797e+00
1.494388580322265625e+00
-5.782636404037475586e-01
1.475760579109191895e+00
1.993481874465942383e+00
1.034618377685546875e+00
-6.845077872276306152e-01
2.667722105979919434e-02
-2.083916187286376953e+00
-3.203291177749633789e+00
-1.103200793266296387e+00
3.010589182376861572e-01
-1.608300685882568359e+00
3.726082801818847656e+00
5.794075012207031250e+00
-2.553805828094482422e+00
-1.603037834167480469e+00
3.146175384521484375e+00
-1.548699855804443359e+00
-7.034600377082824707e-01
-3.947994470596313477e+00
3.170990943908691406e-01
-2.485633134841918945e+00
3.627993822097778320e+00
-3.929266452789306641e+00
-8.947972059249877930e-01
-2.203851222991943359e+00
-2.910637855529785156e+00
8.457127571105957031e+00
3.480079650878906250e+00
-1.224018633365631104e-03
-1.548919733613729477e-02
5.602229595184326172e+00
-3.309348106384277344e+00
-2.103384494781494141e+00
-2.673368930816650391e+00
-2.930881500244140625e+00
-5.429127216339111328e-01
1.244010925292968750e-01
-3.116170406341552734e+00
-1.558501243591308594e+00
1.552829384803771973e+00
2.565277099609375000e+00
-3.121808528900146484e+00
-1.990577578544616699e+00
2.179151296615600586e+00
-5.765094757080078125e+00
-3.816091537475585938e+00
5.930054187774658203e+00
-4.899323940277099609e+00
4.159132957458496094e+00
5.887213706970214844e+00
-2.366230249404907227e+00
-3.705080986022949219e+00
-3.563693046569824219e+00
3.741194486618041992e+00
4.475974559783935547e+00
-7.575526237487792969e-01
5.633661150932312012e-01
-1.459722518920898438e+00
-5.868461728096008301e-01
-5.780603885650634766e-01
1.880574226379394531e-02
-1.300629377365112305e+00
-1.143015384674072266e+00
-2.944351196289062500e+00
-2.848980426788330078e+00
2.049643993377685547e+00
-4.444934368133544922e+00
2.754734516143798828e+00
-2.130287885665893555e+00
2.980324029922485352e+00
-4.659405708312988281e+00
3.060107827186584473e-01
-1.008147716522216797e+00
-3.565206527709960938e+00
-1.509746074676513672e+00
3.508637428283691406e+00
-3.538820743560791016e+00
-8.775818347930908203e-02
-2.199843168258666992e+00
-2.827987194061279297e+00
-1.229316473007202148e+00
9.242421150207519531e+00
7.814089059829711914e-01
-4.504097938537597656e+00
1.717371225357055664e+00
2.510422945022583008e+00
2.414920926094055176e-02
1.373786449432373047e+00
1.102278423309326172e+01
2.105418920516967773e+00
2.583960771560668945e+00
-1.919214606285095215e+00
-3.355653285980224609e+00
4.661649227142333984e+00
5.718556404113769531e+00
-1.800248384475708008e+00
2.636141061782836914e+00
8.892019987106323242e-01
2.713660001754760742e+00
-1.894837975502014160e+00
-2.158857822418212891e+00
5.207826495170593262e-01
5.813306808471679688e+00
4.602268934249877930e-01
2.034553289413452148e+00
3.930084228515625000e+00
-1.083622217178344727e+00
6.527842521667480469e+00
9.452007293701171875e+00
-2.445405960083007812e+00
-6.673678159713745117e-01
5.258533477783203125e+00
3.520189285278320312e+00
2.821900367736816406e+00
1.074362397193908691e+00
2.074936628341674805e+00
3.915712356567382812e+00
4.897411346435546875e+00
-3.586162328720092773e-01
9.689837694168090820e-01
4.609277725219726562e+00
-1.388215303421020508e+00
-2.460061073303222656e+00
1.098654389381408691e+00
-6.674255847930908203e+00
-2.281544685363769531e+00
4.191739082336425781e+00
-4.543318152427673340e-01
2.864309787750244141e+00
3.837204575538635254e-01
3.290331363677978516e-02
-3.859822511672973633e+00
-5.610296130180358887e-01
3.795289993286132812e+00
1.357092976570129395e+00
3.524960517883300781e+00
4.541442871093750000e+00
-4.288948178291320801e-01
2.168977737426757812e+00
-3.413355588912963867e+00
7.980822563171386719e+00
1.104198694229125977e-01
1.310786724090576172e+00
3.049390554428100586e+00
-2.778601646423339844e-01
-1.705488085746765137e+00
-9.709755182266235352e-01
-4.392299652099609375e-01
-2.725587606430053711e+00
1.513719558715820312e+00
-1.765785455703735352e+00
-3.901045799255371094e+00
3.641589164733886719e+00
-1.771604776382446289e+00
4.928377270698547363e-01
5.515916347503662109e+00
-1.549043178558349609e+00
-2.041970729827880859e+00
-5.115889549255371094e+00
-7.098212838172912598e-01
-2.489931583404541016e+00
6.726989746093750000e-01
-2.327514410018920898e+00
1.488685250282287598e+00
2.672129631042480469e+00
-3.790304660797119141e-01
-3.784227073192596436e-01
-1.488274455070495605e+00
-3.450055837631225586e+00
-2.411881089210510254e-01
8.903273940086364746e-01
-8.150091767311096191e-01
-4.851781368255615234e+00
2.171496868133544922e+00
3.103644847869873047e+00
-2.838944196701049805e-01
3.257761716842651367e+00
1.690269589424133301e+00
-1.692569255828857422e-02
8.288162350654602051e-01
1.487135887145996094e+00
1.339659929275512695e+00
-2.928326845169067383e+00
-2.324392318725585938e+00
-2.242221117019653320e+00
-6.386134624481201172e-01
1.910459280014038086e+00
-2.128050327301025391e+00
2.138746738433837891e+00
4.692792892456054688e+00
-2.070355892181396484e+00
-3.027867794036865234e+00
-7.768650054931640625e-01
5.621350288391113281e+00
6.220872879028320312e+00
-1.177075624465942383e+00
3.559391021728515625e+00
3.790378093719482422e+00
4.807054042816162109e+00
-2.980853319168090820e+00
-2.886768817901611328e+00
3.277553915977478027e-01
-3.768112421035766602e+00
-9.656196832656860352e-01
-2.235652923583984375e+00
-9.530239701271057129e-01
5.199461460113525391e+00
8.418245315551757812e+00
2.911822319030761719e+00
-5.093197822570800781e-01
-8.683164715766906738e-01
4.481499671936035156e+00
1.637682437896728516e+00
9.889947175979614258e-01
-5.510485172271728516e+00
-2.615520715713500977e+00
3.768241882324218750e+00
-3.292052507400512695e+00
5.282729625701904297e+00
2.040171623229980469e+00
5.451956748962402344e+00
1.984023213386535645e+00
1.704115033149719238e+00
-4.649039745330810547e+00
-1.471443057060241699e+00
1.498921394348144531e+00
-1.075156450271606445e+00
-1.089156150817871094e+00
3.385607719421386719e+00
8.882236480712890625e-02
5.077179670333862305e-01
-5.428886890411376953e+00
7.926136493682861328e+00
-6.333746910095214844e-01
2.181336879730224609e-01
3.176021575927734375e+00
-3.217307806015014648e+00
-2.677616477012634277e-02
3.278183698654174805e+00
-7.831388711929321289e-01
-1.150955438613891602e+00
1.551887750625610352e+00
-3.511161327362060547e+00
-2.592367529869079590e-01
-2.182128429412841797e+00
4.017957210540771484e+00
3.965328693389892578e+00
4.809204578399658203e+00
-2.528773546218872070e+00
-1.236970067024230957e+00
8.465111851692199707e-01
-3.162141144275665283e-01
-1.022795200347900391e+00
-1.278839230537414551e+00
-3.931580543518066406e+00
-6.207260489463806152e-01
1.470697879791259766e+00
-3.524911403656005859e+00
8.576872348785400391e-01
8.454245328903198242e-02
1.628876090049743652e+00
2.024933099746704102e+00
1.171875521540641785e-01
-3.076792716979980469e+00
3.357068538665771484e+00
-6.349329352378845215e-01
2.921758174896240234e+00
4.917598366737365723e-01
-3.636553049087524414e+00
1.580199122428894043e+00
-1.561503410339355469e-01
2.591138839721679688e+00
5.887248516082763672e+00
-2.319888472557067871e-01
1.341098546981811523e+00
5.712131261825561523e-01
-3.302417755126953125e+00
-1.944915890693664551e+00
-3.047792196273803711e+00
5.788422226905822754e-01
4.137342929840087891e+00
1.310355782508850098e+00
-1.666963100433349609e-02
-1.823202610015869141e+00
3.475401639938354492e+00
-8.657862544059753418e-01
1.405915021896362305e+00
-1.108666300773620605e+00
-2.730590820312500000e+00
2.970104694366455078e+00
6.428841948509216309e-01
2.998865842819213867e+00
1.599408864974975586e+00
6.493466854095458984e+00
6.706230640411376953e-01
-1.255095124244689941e+00
-9.586787223815917969e-01
-2.453435182571411133e+00
3.732124328613281250e+00
-3.629937171936035156e+00
-4.546508789062500000e-01
1.205827832221984863e+00
-1.503057479858398438e+00
6.878427982330322266e+00
3.306107819080352783e-01
-2.270560264587402344e-01
5.179973244667053223e-01
-3.621735334396362305e+00
-8.429796695709228516e-01
-5.980943441390991211e-01
1.987872362136840820e+00
-1.956123590469360352e+00
1.421888113021850586e+00
3.154596090316772461e+00
-3.608714818954467773e+00
1.204556584358215332e+00
-1.844727516174316406e+00
-3.259217023849487305e+00
-5.523163318634033203e+00
-6.472517848014831543e-01
-6.058008670806884766e-01
9.230246543884277344e+00
-3.123756408691406250e+00
1.365350961685180664e+00
-4.491075873374938965e-01
7.050920128822326660e-01
-3.738367557525634766e+00
-3.400886058807373047e+00
-1.725249528884887695e+00
4.072771072387695312e-01
-4.249002933502197266e+00
2.561099529266357422e+00
-3.026330471038818359e+00
2.072880983352661133e+00
1.704337716102600098e+00
1.811647176742553711e+00
-2.892627000808715820e+00
6.686188220977783203e+00
4.854694843292236328e+00
7.481457710266113281e+00
1.254419088363647461e+00
2.655294895172119141e+00
2.210631608963012695e+00
2.057923793792724609e+00
-3.201908111572265625e+00
-2.919509410858154297e+00
7.777318954467773438e-01
4.111579418182373047e+00
1.802578687667846680e+00
1.142118930816650391e+00
-2.007029294967651367e+00
1.864460229873657227e+00
2.354086399078369141e+00
-2.672922372817993164e+00
-2.852861285209655762e-01
2.525784254074096680e+00
-2.761655747890472412e-01
-6.433122754096984863e-01
2.936727106571197510e-01
2.936633586883544922e+00
1.536786437034606934e+00
-2.553349733352661133e+00
6.950910687446594238e-01
-4.633356094360351562e+00
-1.803517699241638184e+00
6.500594139099121094e+00
1.648421525955200195e+00
-1.440744519233703613e+00
-2.717437267303466797e+00
1.409339189529418945e+00
-2.460939407348632812e+00
-4.559463500976562500e+00
5.091301202774047852e-01
-7.699900269508361816e-01
-2.497056007385253906e+00
-2.498433113098144531e+00
2.519261837005615234e+00
1.541223526000976562e+00
-4.592444419860839844e+00
1.228522539138793945e+00
4.838063240051269531e+00
-3.112275838851928711e+00
6.295467853546142578e+00
-6.418967247009277344e-01
-1.053729891777038574e+00
-3.023401260375976562e+00
-4.903537034988403320e-02
-1.048939108848571777e+00
-2.369042873382568359e+00
5.540866851806640625e+00
4.186225414276123047e+00
-7.452807426452636719e-01
2.785988807678222656e+00
-1.231244802474975586e+00
-5.052791833877563477e-01
1.424322605133056641e+00
-2.099622249603271484e+00
4.976611733436584473e-01
-4.279252052307128906e+00
2.287075042724609375e+00
5.163863658905029297e+00
3.269540309906005859e+00
3.338923454284667969e+00
2.478158950805664062e+00
-2.135959863662719727e+00
-1.384641408920288086e+00
-2.717746019363403320e+00
1.803433656692504883e+00
7.502765655517578125e+00
-6.636996269226074219e-01
-1.080571293830871582e+00
-3.867001056671142578e+00
-4.044420719146728516e+00
1.050511747598648071e-01
4.105320930480957031e+00
1.226952791213989258e+00
3.026679277420043945e+00
4.761957645416259766e+00
3.333194971084594727e+00
3.385667800903320312e-01
-2.554280459880828857e-01
9.786814451217651367e-01
3.433607220649719238e-01
-4.440828800201416016e+00
8.744579553604125977e-01
1.189868569374084473e+00
1.991559982299804688e+00
-1.820763826370239258e+00
-3.518936872482299805e+00
-1.006829023361206055e+00
-6.015297770500183105e-01
-4.662239074707031250e+00
-1.853097438812255859e+00
-2.892071008682250977e-02
2.077507495880126953e+00
2.496833562850952148e+00
-1.617236733436584473e-01
-1.939373850822448730e+00
1.248860359191894531e+00
2.293062925338745117e+00
1.323288381099700928e-01
2.454539775848388672e+00
3.728658854961395264e-01
1.475168943405151367e+00
3.328375816345214844e+00
-8.484717011451721191e-01
3.680842638015747070e+00
1.693863511085510254e+00
3.882882297039031982e-01
7.596088051795959473e-01
3.334252119064331055e+00
-9.322721362113952637e-01
-1.948125958442687988e+00
-1.166212320327758789e+00
4.967034459114074707e-01
3.581706285476684570e-01
-2.351912021636962891e+00
-5.032196044921875000e-01
-1.606376886367797852e+00
-3.117938280105590820e+00
-1.424107313156127930e+00
-1.874621629714965820e+00
-4.342020988464355469e+00
6.515685915946960449e-01
-2.836393713951110840e-01
3.106316566467285156e+00
-1.428617000579833984e+00
6.472165584564208984e-01
6.066977977752685547e-01
8.582985997200012207e-01
4.457380294799804688e+00
-1.381289720535278320e+00
-1.231144428253173828e+00
-1.859810233116149902e+00
1.423121929168701172e+00
1.997866988182067871e+00
-1.581921219825744629e+00
2.565834522247314453e+00
1.755242586135864258e+00
2.021518707275390625e+00
3.734722137451171875e+00
2.854736328125000000e+00
4.132773399353027344e+00
9.494483470916748047e-03
-4.435746669769287109e-01
-8.167475461959838867e-03
-1.942575126886367798e-01
1.051206827163696289e+00
5.665760993957519531e+00
2.224625110626220703e+00
8.149707317352294922e-02
-3.277851343154907227e-01
4.420628070831298828e+00
2.800604343414306641e+00
-9.149663448333740234e-01
8.326547145843505859e-01
4.272932529449462891e+00
