-5.985692143440246582e-01
6.158898770809173584e-02
-2.210606575012207031e+00
1.561586737632751465e+00
1.437370896339416504e+00
5.122255325317382812e+00
5.048608303070068359e+00
1.874954342842102051e+00
2.286084175109863281e+00
-2.949217557907104492e-01
-1.642520546913146973e+00
-2.758907079696655273e-01
-2.065201520919799805e+00
1.376950383186340332e+00
-5.496322512626647949e-01
-2.795664548873901367e+00
-4.466547966003417969e+00
1.727616786956787109e-02
-1.169369459152221680e+00
-1.682210683822631836e+00
-5.539802908897399902e-01
-1.609951972961425781e+00
-3.524254322052001953e+00
-1.868129611015319824e+00
-1.829130768775939941e+00
-1.960057139396667480e+00
-1.021078824996948242e+00
-3.919284045696258545e-02
-6.628741621971130371e-01
-2.298454284667968750e+00
-3.184811830520629883e+00
2.551473379135131836e+00
-2.545602798461914062e+00
-1.129090189933776855e+00
-1.939275145530700684e+00
-2.208533763885498047e+00
-3.214821338653564453e+00
-1.921987056732177734e+00
-3.036767542362213135e-01
-5.227528095245361328e+00
-1.479807972908020020e+00
-1.334353208541870117e+00
-4.740520000457763672e+00
-8.961586952209472656e-01
-1.496864676475524902e+00
-2.661800146102905273e+00
-2.403311967849731445e+00
-3.971635580062866211e+00
-2.223736524581909180e+00
-5.277712821960449219e+00
-3.976897239685058594e+00
-2.128746986389160156e+00
-1.311571598052978516e-01
9.058943986892700195e-01
2.029632568359375000e+00
6.845873594284057617e-01
-1.820070981979370117e+00
-3.580026865005493164e+00
1.083732843399047852e-01
4.268984794616699219e-01
1.528279304504394531e+00
-2.496587753295898438e+00
-9.634135365486145020e-01
-5.708936691284179688e+00
8.665034174919128418e-01
1.121779799461364746e+00
1.733151435852050781e+00
-3.699843168258666992e+00
-9.017916917800903320e-01
8.977653980255126953e-01
-4.102868556976318359e+00
-3.367250204086303711e+00
-5.630615234375000000e+00
-1.118251442909240723e+00
-1.126303076744079590e+00
2.066135108470916748e-01
-1.265207648277282715e+00
-1.241872906684875488e+00
-1.370406985282897949e+00
-2.268851518630981445e+00
-3.064870834350585938e-03
-3.368044197559356689e-01
2.929629087448120117e-01
2.312602996826171875e-01
-4.610207080841064453e-01
-5.521797537803649902e-01
8.379973173141479492e-01
1.136563062667846680e+00
-8.550792932510375977e-02
-1.219141721725463867e+00
-3.146332979202270508e+00
-6.162763118743896484e+00
-2.229450702667236328e+00
-3.867771148681640625e+00
5.613297820091247559e-01
-3.063139915466308594e+00
2.301326751708984375e+00
4.720145463943481445e-01
-1.672609686851501465e+00
-2.048252582550048828e+00
-1.509984612464904785e+00
2.313528060913085938e-01
-4.181228160858154297e+00
7.571271061897277832e-01
-2.848648786544799805e+00
-3.508786201477050781e+00
3.231443166732788086e-01
7.203010559082031250e+00
1.976707816123962402e+00
6.597762584686279297e+00
3.721899032592773438e+00
6.937013864517211914e-01
3.083690881729125977e+00
1.898108363151550293e+00
-2.525521814823150635e-01
4.899125576019287109e+00
2.961967468261718750e+00
3.833916187286376953e+00
-1.049770593643188477e+00
-2.361299276351928711e+00
-5.040422439575195312e+00
-3.100373506546020508e+00
-3.414455413818359375e+00
-3.844445705413818359e+00
-2.349589824676513672e+00
5.888668298721313477e-01
-8.496072888374328613e-01
-4.548919677734375000e+00
-6.156269073486328125e+00
-3.805005550384521484e+00
-1.529233694076538086e+00
6.517740488052368164e-01
3.325420022010803223e-01
-3.131776809692382812e+00
-4.817914366722106934e-01
-5.536828994750976562e+00
-4.070231914520263672e-01
2.445316314697265625e-01
-8.868532180786132812e-01
-1.460551619529724121e+00
8.702189922332763672e-01
-2.762551784515380859e+00
-3.643922805786132812e+00
-4.180335998535156250e+00
-2.164858102798461914e+00
2.704908847808837891e-01
8.802211880683898926e-01
-4.943132400512695312e+00
-2.266586303710937500e+00
2.196627140045166016e+00
-8.489738702774047852e-01
-6.063286662101745605e-01
-7.788830995559692383e-01
2.646270990371704102e+00
3.780098915100097656e+00
9.805324077606201172e-01
1.434645652770996094e-01
1.271180152893066406e+00
6.594310402870178223e-01
-3.222596168518066406e+00
-6.621676683425903320e-02
3.027452707290649414e+00
1.026284217834472656e+00
-9.819856882095336914e-01
2.076110124588012695e+00
1.455507516860961914e+00
4.709436893463134766e-01
-1.647325515747070312e+00
8.503779172897338867e-01
-2.621448278427124023e+00
1.117968857288360596e-01
8.194997906684875488e-01
-9.806690216064453125e-01
-4.605484485626220703e+00
-3.555816888809204102e+00
3.894476175308227539e+00
-1.477497339248657227e+00
-3.355736017227172852e+00
-1.092110157012939453e+00
-2.270959377288818359e+00
-3.505731821060180664e+00
1.347111165523529053e-02
2.529499530792236328e+00
2.733257055282592773e+00
2.708631992340087891e+00
2.061612129211425781e+00
1.106228470802307129e+00
1.546607017517089844e+00
-1.727291345596313477e+00
-1.003731966018676758e+00
3.648860454559326172e+00
-2.858439087867736816e-02
3.543823957443237305e+00
2.741248607635498047e-01
3.413689851760864258e+00
-3.895735502243041992e+00
1.479131698608398438e+00
1.546378254890441895e+00
6.664505004882812500e-01
3.854746341705322266e+00
6.300185918807983398e-01
1.076419591903686523e+00
2.332682371139526367e+00
1.306211709976196289e+00
2.092521190643310547e+00
3.103330612182617188e+00
3.938975930213928223e-01
2.894839763641357422e+00
3.169992208480834961e+00
2.180130720138549805e+00
-3.984439074993133545e-01
5.255173444747924805e-01
9.381514787673950195e-01
3.239543914794921875e+00
2.510323047637939453e+00
-1.572887420654296875e+00
3.647578239440917969e+00
1.390936970710754395e+00
9.077617526054382324e-01
4.036029338836669922e+00
1.618605971336364746e+00
3.981705665588378906e+00
-1.047288417816162109e+00
2.175227642059326172e+00
2.275028824806213379e-01
-2.454111576080322266e-01
6.327797412872314453e+00
6.985310912132263184e-01
1.815483331680297852e+00
2.257832527160644531e+00
1.879252433776855469e+00
2.938721418380737305e+00
-2.862680554389953613e-01
1.716632246971130371e+00
1.458814859390258789e+00
-2.300417661666870117e+00
-2.976737260818481445e+00
-8.940275311470031738e-01
1.609515070915222168e+00
1.250913381576538086e+00
5.254065990447998047e-01
1.967140555381774902e+00
1.401710748672485352e+00
2.802515625953674316e-01
-3.238712310791015625e+00
-2.716994524002075195e+00
7.511889934539794922e-02
1.460722446441650391e+00
-4.044237136840820312e+00
-1.859726786613464355e+00
-2.704772710800170898e+00
9.277502298355102539e-01
1.778473407030105591e-01
-1.791844129562377930e+00
1.936058402061462402e+00
2.659609317779541016e-01
3.179157733917236328e+00
-1.055436491966247559e+00
-1.731079339981079102e+00
1.022539854049682617e+00
-5.784798860549926758e-01
-2.343935489654541016e+00
-1.584668874740600586e+00
2.379337310791015625e+00
3.565908372402191162e-01
1.828742384910583496e+00
1.012582659721374512e+00
2.115262985229492188e+00
-2.384656906127929688e+00
-4.201430320739746094e+00
-2.598530054092407227e+00
-7.270083427429199219e+00
-3.658500909805297852e+00
-1.593280315399169922e+00
-4.544109344482421875e+00
-5.154489994049072266e+00
-5.473855972290039062e+00
-2.484305143356323242e+00
-7.923111438751220703e+00
-8.381274342536926270e-02
-6.387068033218383789e-01
-6.931526064872741699e-01
1.049792528152465820e+00
1.435417175292968750e+00
-4.132275581359863281e-01
-1.468331098556518555e+00
-2.235811233520507812e+00
-2.209266185760498047e+00
-1.666155099868774414e+00
-1.401628375053405762e+00
-7.246732711791992188e-01
-6.359622001647949219e+00
-1.207968711853027344e+00
-2.964316606521606445e+00
-3.060102939605712891e+00
1.547977328300476074e+00
-2.377845048904418945e+00
-1.966186404228210449e+00
-5.509254455566406250e+00
-4.192858695983886719e+00
-2.249702930450439453e+00
8.987679481506347656e-01
-1.854935169219970703e+00
-1.351189017295837402e+00
-1.853818058967590332e+00
-6.333637237548828125e-01
-2.309954166412353516e+00
-4.140007019042968750e+00
4.565728902816772461e-01
5.028682947158813477e-02
-4.123575687408447266e-01
-4.567067146301269531e+00
-5.160778522491455078e+00
1.752560138702392578e-01
-5.249009728431701660e-01
-1.367207765579223633e+00
-4.910875558853149414e-01
-3.813423395156860352e+00
-5.366569757461547852e-01
-9.995660781860351562e-01
-1.557002067565917969e-01
2.310466766357421875e-02
-1.919202923774719238e+00
-1.627813696861267090e+00
-2.357186794281005859e+00
-1.530209898948669434e+00
-1.024031162261962891e+00
-2.924412727355957031e+00
1.699713110923767090e+00
2.666383504867553711e+00
2.268463671207427979e-01
-2.046607971191406250e+00
1.776631951332092285e+00
3.973293781280517578e+00
-1.572769880294799805e-01
-2.069904088973999023e+00
4.105924367904663086e-01
-4.099752306938171387e-01
2.425436258316040039e+00
-3.344449758529663086e+00
-2.698307037353515625e+00
-2.075693130493164062e+00
-1.341541647911071777e+00
-3.016885280609130859e+00
-3.779529333114624023e+00
-2.752413511276245117e+00
-4.387603282928466797e+00
6.255562305450439453e-01
-1.157935500144958496e+00
-5.265110492706298828e+00
-2.199730873107910156e+00
-4.147896289825439453e+00
-5.392326831817626953e+00
-5.607182025909423828e+00
-1.754660606384277344e-01
-1.252263188362121582e+00
-1.518637180328369141e+00
-1.287315636873245239e-01
-1.810779422521591187e-01
-9.806583523750305176e-01
-2.330748796463012695e+00
-3.943958878517150879e-01
-1.505038142204284668e+00
-7.807232737541198730e-01
2.584069013595581055e+00
-2.668726921081542969e+00
-1.213437318801879883e+00
-4.080879688262939453e+00
-1.908926367759704590e+00
-1.908945202827453613e+00
-4.404748439788818359e+00
-3.153108119964599609e+00
-4.176496028900146484e+00
-5.089041233062744141e+00
-4.144902229309082031e+00
-5.188035011291503906e+00
-3.195000648498535156e+00
-5.062397122383117676e-01
-2.752490043640136719e+00
-1.556937932968139648e+00
-8.424891233444213867e-01
-2.094436645507812500e+00
-2.544052839279174805e+00
-7.770798802375793457e-01
-3.336847543716430664e+00
-3.039706707000732422e+00
-6.984294652938842773e-01
-1.654392242431640625e+00
-4.504795074462890625e+00
-2.496871948242187500e+00
9.501286745071411133e-01
-4.281389117240905762e-01
4.663547992706298828e+00
4.330782890319824219e+00
-5.110962390899658203e+00
1.027070879936218262e-01
3.919711112976074219e-01
6.232128143310546875e-01
3.247468471527099609e+00
2.727525711059570312e+00
-4.953669071197509766e+00
-3.120556592941284180e+00
2.781399726867675781e+00
-5.597105979919433594e+00
-1.788853287696838379e+00
3.090648651123046875e+00
-5.349713802337646484e+00
-4.239392280578613281e+00
-5.067990303039550781e+00
5.715761184692382812e-01
8.624495267868041992e-01
-1.591605901718139648e+00
-1.142704248428344727e+00
-1.225398898124694824e+00
7.303850054740905762e-01
2.847677946090698242e+00
-5.872413635253906250e+00
7.980595588684082031e+00
3.602775335311889648e-01
2.960746288299560547e+00
-2.630947113037109375e+00
-2.032870769500732422e+00
-2.014629364013671875e+00
-2.977089405059814453e+00
8.864521980285644531e-03
1.048978209495544434e+00
-4.801228940486907959e-01
1.353888034820556641e+00
-3.633209228515625000e+00
4.776579856872558594e+00
1.127613902091979980e+00
1.403634667396545410e+00
-2.059511423110961914e+00
5.740981578826904297e+00
4.049821853637695312e+00
3.095113039016723633e+00
-6.859608292579650879e-01
8.698607087135314941e-01
-2.248105525970458984e+00
9.673517942428588867e-02
-8.578313589096069336e-01
9.136446714401245117e-01
-4.344949245452880859e+00
3.364917278289794922e+00
-2.824196577072143555e+00
-1.166597366333007812e+00
7.422736287117004395e-01
2.390471458435058594e+00
2.640914678573608398e+00
-3.520140171051025391e+00
6.137619614601135254e-01
-1.344551801681518555e+00
5.702473640441894531e+00
-3.751480579376220703e+00
-3.892567634582519531e+00
3.965549707412719727e+00
-2.872297525405883789e+00
9.069626927375793457e-01
-1.120405077934265137e+00
4.876152038574218750e+00
-3.501516103744506836e+00
1.253047108650207520e+00
-1.500521153211593628e-01
1.608490347862243652e+00
4.502649307250976562e+00
1.813957333564758301e+00
3.364452123641967773e-01
-4.668311119079589844e+00
-2.531077861785888672e+00
1.518746256828308105e+00
3.662341117858886719e+00
-9.900206327438354492e-01
-2.681227684020996094e+00
3.055077075958251953e+00
7.025145292282104492e-01
1.130692243576049805e+00
-1.512449383735656738e+00
-3.814491033554077148e+00
-2.036169767379760742e-01
-5.119658946990966797e+00
-2.450375556945800781e-01
9.400466680526733398e-01
3.971811234951019287e-01
-2.608557224273681641e+00
-3.723446130752563477e+00
4.302826404571533203e+00
-7.696304321289062500e-01
9.812158942222595215e-01
-3.774966597557067871e-01
-1.396068572998046875e+00
9.319087862968444824e-01
-1.567209720611572266e+00
2.690757274627685547e+00
-2.000534772872924805e+00
-2.680074930191040039e+00
2.382974773645401001e-01
2.385233879089355469e+00
1.023537755012512207e+00
-9.891019463539123535e-01
2.717838525772094727e+00
1.057659745216369629e+00
6.895790100097656250e-01
4.491084575653076172e+00
-2.156187534332275391e+00
3.583943128585815430e+00
1.778460979461669922e+00
2.915112257003784180e+00
-1.336678981781005859e+00
-2.534475326538085938e+00
-2.644308090209960938e+00
-4.657575786113739014e-01
-8.335028886795043945e-01
-3.134490728378295898e+00
4.782009720802307129e-01
2.777094602584838867e+00
5.314130783081054688e+00
2.910645604133605957e-01
-2.356565952301025391e+00
8.131475448608398438e+00
2.192409634590148926e-01
1.035035252571105957e+00
-2.472307085990905762e-01
5.680315017700195312e+00
-2.575883865356445312e-01
-9.431005120277404785e-01
-3.267312347888946533e-01
-1.811860442161560059e+00
-1.407877326011657715e+00
-9.479442834854125977e-01
2.265090942382812500e+00
2.782068967819213867e+00
-3.738606214523315430e+00
-1.409104466438293457e+00
3.289803743362426758e+00
-1.424684286117553711e+00
-2.525393366813659668e-01
-2.611819982528686523e+00
-2.420356035232543945e+00
4.024220943450927734e+00
-1.103835821151733398e+00
-4.719206809997558594e+00
2.730642318725585938e+00
2.710695743560791016e+00
4.068800449371337891e+00
1.228182196617126465e+00
1.723511815071105957e+00
7.057923078536987305e-02
-2.260003328323364258e+00
-2.747776985168457031e+00
2.294456958770751953e+00
-2.517102479934692383e+00
2.482639312744140625e+00
3.084461212158203125e+00
-1.379968404769897461e+00
-4.115549564361572266e+00
-2.654650449752807617e+00
3.752775430679321289e+00
-7.184388637542724609e-01
1.056156396865844727e+00
1.866005182266235352e+00
3.331110954284667969e+00
-4.564622879028320312e+00
1.391053080558776855e+00
-3.611510753631591797e+00
-2.771434783935546875e+00
-7.017111182212829590e-01
-2.746362447738647461e+00
6.856138706207275391e-01
-1.448093652725219727e+00
-3.257783174514770508e+00
4.407269954681396484e+00
-5.643453598022460938e+00
4.391972064971923828e+00
-3.912598133087158203e+00
1.529419422149658203e+00
-2.552535772323608398e+00
-4.400175571441650391e+00
-6.524944901466369629e-01
3.248579263687133789e+00
1.499943017959594727e+00
-1.160424709320068359e+00
-7.941135764122009277e-01
-1.557776570320129395e+00
-4.143859386444091797e+00
3.865223646163940430e+00
-8.123672604560852051e-01
-4.641977787017822266e+00
8.377010226249694824e-01
4.823138236999511719e+00
9.971066713333129883e-01
2.267574548721313477e+00
4.592509746551513672e+00
4.013556838035583496e-01
3.237853050231933594e+00
-3.213846206665039062e+00
-2.625846385955810547e+00
1.064933300018310547e+00
5.892537236213684082e-01
-2.374220132827758789e+00
8.024515151977539062e+00
7.313965559005737305e-01
9.309071898460388184e-01
-4.624629497528076172e+00
-4.546218395233154297e+00
-5.635717511177062988e-02
1.805430412292480469e+00
1.183725357055664062e+00
-2.592536687850952148e+00
1.510587930679321289e-01
5.039325952529907227e-01
-7.911872863769531250e-01
4.969619750976562500e+00
-3.649220705032348633e+00
2.584372043609619141e+00
-3.667456507682800293e-01
2.804154872894287109e+00
8.134450912475585938e-01
3.118611574172973633e+00
4.262615203857421875e+00
9.162834167480468750e+00
7.767870426177978516e+00
-1.176477193832397461e+00
2.167426347732543945e+00
6.586104035377502441e-01
-1.608988761901855469e+00
4.569560289382934570e-01
-1.971807479858398438e-01
-4.579658508300781250e+00
-4.008146286010742188e+00
-1.866074323654174805e+00
-4.701287150382995605e-01
2.937923431396484375e+00
2.474828958511352539e+00
9.050076007843017578e-01
3.876243829727172852e-01
-3.841568231582641602e+00
3.141639471054077148e+00
-3.188416957855224609e-01
4.442386031150817871e-01
1.615020036697387695e-01
1.154506206512451172e-01
3.658469200134277344e+00
-4.874123334884643555e-01
4.537420749664306641e+00
-2.369421720504760742e+00
-6.213707923889160156e-01
6.518250107765197754e-01
5.483105182647705078e+00
-1.564726710319519043e+00
-3.780877590179443359e-02
3.501355051994323730e-01
1.207168817520141602e+00
-1.473415732383728027e+00
9.052673578262329102e-01
-1.664407372474670410e+00
2.012897014617919922e+00
-3.181044757366180420e-02
-5.836698412895202637e-01
5.285332679748535156e+00
7.504319190979003906e+00
-1.501100659370422363e+00
-2.188988924026489258e+00
4.371694087982177734e+00
-5.879812836647033691e-01
-1.282481670379638672e+00
-4.670080661773681641e+00
2.238321781158447266e+00
-1.341597318649291992e+00
1.405426859855651855e+00
5.322841644287109375e+00
-3.174686670303344727e+00
-4.071533679962158203e+00
-3.665522634983062744e-01
4.062018394470214844e+00
5.782627105712890625e+00
-5.530583381652832031e+00
2.270361900329589844e+00
9.237419366836547852e-01
1.297667622566223145e+00
2.373277902603149414e+00
3.131177902221679688e+00
5.788785815238952637e-01
-2.474020957946777344e+00
2.921446561813354492e-01
2.488594532012939453e+00
-2.361012458801269531e+00
2.497358560562133789e+00
-1.783474922180175781e+00
8.844389319419860840e-01
1.641072034835815430e+00
-3.944311380386352539e+00
3.484031438827514648e+00
-1.177968978881835938e-01
1.634632110595703125e+00
-4.066197395324707031e+00
-3.410101413726806641e+00
4.867682456970214844e+00
-4.853854179382324219e-01
-7.633457183837890625e-01
-1.181499123573303223e+00
5.856743812561035156e+00
5.460817337036132812e+00
-3.445776224136352539e+00
-4.309706687927246094e+00
1.425622940063476562e+00
-4.553237915039062500e+00
2.661946415901184082e-01
8.959084749221801758e-01
-4.736833572387695312e-01
-1.311580061912536621e+00
4.413684844970703125e+00
1.054284930229187012e+00
2.553952693939208984e+00
-1.072832584381103516e+00
1.558998584747314453e+00
-1.139535903930664062e+00
8.389648199081420898e-01
-4.840378761291503906e+00
-2.709584712982177734e+00
1.947590351104736328e+00
-1.312258720397949219e+00
7.690387964248657227e-01
4.973591804504394531e+00
-5.803502202033996582e-01
-2.208819866180419922e+00
1.380112886428833008e+00
-5.115167617797851562e+00
5.369110107421875000e+00
3.796082973480224609e+00
9.659880995750427246e-01
-4.121409893035888672e+00
2.619252443313598633e+00
9.424517750740051270e-01
-1.221118927001953125e+00
-2.303631782531738281e+00
5.866448879241943359e+00
-2.133669555187225342e-01
4.184764623641967773e-02
-1.475881695747375488e+00
-1.838562607765197754e+00
-3.424708843231201172e-01
1.673641681671142578e+00
-5.984214544296264648e-01
1.906486749649047852e-01
-5.919727683067321777e-01
3.344329833984375000e+00
-2.141765117645263672e+00
2.659108400344848633e+00
-1.347163915634155273e+00
3.825756072998046875e+00
3.416544914245605469e+00
-3.889417886734008789e+00
4.488826990127563477e-01
-3.654567897319793701e-02
1.409286260604858398e+00
1.341986417770385742e+00
3.486101388931274414e+00
-1.214556574821472168e+00
-7.351970076560974121e-01
-8.261464238166809082e-01
2.555629253387451172e+00
3.051043033599853516e+00
-1.844412088394165039e+00
-4.057594239711761475e-01
-8.808471560478210449e-01
1.428815484046936035e+00
-1.372174024581909180e+00
4.934760928153991699e-01
1.540657401084899902e+00
7.467443346977233887e-01
3.704506158828735352e-01
-4.651837825775146484e+00
4.433535099029541016e+00
3.038665056228637695e+00
1.659629106521606445e+00
1.291355013847351074e+00
-8.832396864891052246e-01
-9.055664539337158203e-01
-1.587543636560440063e-01
6.845344305038452148e-01
-3.235174655914306641e+00
-2.995807886123657227e+00
9.517549872398376465e-01
-8.078117370605468750e-01
-1.278771996498107910e+00
-1.082056879997253418e+00
3.352124392986297607e-01
4.124158859252929688e+00
-2.481196880340576172e+00
-3.994463086128234863e-01
-2.235769033432006836e+00
-2.473172187805175781e+00
1.465896368026733398e+00
6.374351501464843750e+00
5.647930145263671875e+00
2.615716695785522461e+00
5.453116416931152344e+00
2.366146087646484375e+00
-2.330775976181030273e+00
8.879950046539306641e-01
-6.005203723907470703e+00
-1.247465133666992188e+00
1.261953115463256836e-01
-2.565022945404052734e+00
5.322076380252838135e-02
3.394511222839355469e+00
3.542323350906372070e+00
6.684772968292236328e+00
2.345713138580322266e+00
7.118225097656250000e+00
-3.572112560272216797e+00
1.143882393836975098e+00
-6.084281802177429199e-01
5.816554069519042969e+00
-1.525178194046020508e+00
-8.119225502014160156e-02
-1.062724962830543518e-01
-4.234652042388916016e+00
3.472606658935546875e+00
-3.103890419006347656e+00
-2.201181173324584961e+00
-3.625898599624633789e+00
2.082412719726562500e+00
1.950559973716735840e+00
3.882813453674316406e+00
-1.559106945991516113e+00
7.080249786376953125e-01
-2.383628606796264648e+00
7.252107620239257812e+00
-1.450225949287414551e+00
-3.549572229385375977e+00
6.567479372024536133e-01
1.124111890792846680e+00
-1.601155757904052734e+00
1.684123516082763672e+00
-1.182871341705322266e+00
5.640290260314941406e+00
4.519962310791015625e+00
2.684469699859619141e+00
-4.473672389984130859e+00
1.778659105300903320e+00
1.402082443237304688e+00
-3.857583403587341309e-01
7.098410725593566895e-01
2.308604955673217773e+00
1.893538475036621094e+00
6.617905139923095703e+00
-3.140907526016235352e+00
1.515731334686279297e+00
3.362017631530761719e+00
-1.156195878982543945e+00
3.548246920108795166e-01
1.380401372909545898e+00
-3.779404878616333008e+00
3.396824896335601807e-01
-7.635671496391296387e-01
-1.763203263282775879e+00
-2.583710670471191406e+00
3.561508655548095703e+00
3.755966901779174805e+00
-7.324735641479492188e+00
2.423278331756591797e+00
-3.736833333969116211e-01
-3.983445644378662109e+00
-3.795313358306884766e+00
-1.078591942787170410e-01
-1.488740444183349609e+00
-2.913177013397216797e+00
4.406301498413085938e+00
1.448898434638977051e+00
-5.834071040153503418e-01
-4.874032974243164062e+00
1.121114015579223633e+00
-6.252687573432922363e-01
-6.278185844421386719e+00
3.793685734272003174e-01
6.112099289894104004e-01
-3.978433609008789062e+00
-3.269739627838134766e+00
3.186681985855102539e+00
6.269142031669616699e-01
-2.758704185485839844e+00
3.220800459384918213e-01
6.461929678916931152e-01
3.042487859725952148e+00
2.529280185699462891e+00
-1.717744588851928711e+00
-2.996806859970092773e+00
2.557866871356964111e-01
4.734931588172912598e-01
-1.948086917400360107e-01
4.128603458404541016e+00
4.385584831237792969e+00
-5.730732679367065430e-01
-1.513647913932800293e+00
-1.503983497619628906e+00
2.376857757568359375e+00
-7.490147352218627930e-01
2.677140712738037109e+00
3.528553724288940430e+00
3.510999202728271484e+00
1.035061120986938477e+00
1.726817011833190918e+00
2.101612567901611328e+00
5.079735755920410156e+00
7.466241121292114258e-01
1.948435783386230469e+00
-1.800395488739013672e+00
-1.004817843437194824e+00
1.017434597015380859e+00
6.543899774551391602e-01
3.688758850097656250e+00
-1.636109113693237305e+00
-2.416150093078613281e+00
-1.645722031593322754e+00
-3.421695232391357422e-01
-2.257663011550903320e-02
2.768596410751342773e-01
9.877551198005676270e-01
4.756657481193542480e-01
2.376386165618896484e+00
2.391180992126464844e+00
-1.716137647628784180e+00
1.959938287734985352e+00
-2.189082145690917969e+00
2.158678531646728516e+00
-2.125844001770019531e+00
1.686470389366149902e+00
-1.984012961387634277e+00
-4.022802114486694336e-01
-2.178259372711181641e+00
1.979070067405700684e+00
-1.833343029022216797e+00
3.209490776062011719e+00
3.095347285270690918e-01
-4.775222539901733398e-01
3.775623142719268799e-01
4.955369949340820312e+00
2.916772842407226562e+00
9.188868999481201172e-01
4.554844856262207031e+00
3.194694280624389648e+00
9.385916590690612793e-01
-6.975477933883666992e-02
-2.306196093559265137e-02
2.503293037414550781e+00
-8.141093254089355469e-01
6.752268671989440918e-01
1.963815927505493164e+00
6.064707279205322266e+00
1.536564826965332031e+00
4.069916248321533203e+00
2.844643592834472656e+00
3.280544519424438477e+00
1.710564494132995605e+00
3.642759323120117188e+00
1.425552248954772949e+00
-1.848073244094848633e+00
1.417626619338989258e+00
3.442730665206909180e+00
-3.256147861480712891e+00
3.411941051483154297e+00
-8.699207305908203125e-01
-2.104276418685913086e+00
-1.033826112747192383e+00
-5.660943984985351562e+00
1.226736783981323242e+00
1.054915428161621094e+00
2.817538976669311523e+00
3.031534194946289062e+00
3.928960323333740234e+00
5.163793087005615234e+00
3.409935474395751953e+00
2.825934410095214844e+00
1.388898730278015137e+00
-5.067126750946044922e-01
4.299848079681396484e+00
5.354069709777832031e+00
5.273922920227050781e+00
3.193398475646972656e+00
3.401804685592651367e+00
-1.557313203811645508e+00
1.629623770713806152e+00
1.973057627677917480e+00
7.430027723312377930e-01
1.483131885528564453e+00
-7.188202738761901855e-01
3.617423534393310547e+00
3.720613002777099609e+00
-6.368737816810607910e-01
-1.061108589172363281e+00
3.335962772369384766e+00
4.238396644592285156e+00
5.390329360961914062e-01
-2.002602815628051758e+00
-4.017323970794677734e+00
2.047719001770019531e+00
2.504458427429199219e+00
1.405344486236572266e+00
7.312090396881103516e+00
