1.841229081153869629e+00
5.493879795074462891e+00
-1.625608444213867188e+00
4.680238962173461914e-01
2.267153412103652954e-01
-2.073900699615478516e+00
-1.015835285186767578e+00
-2.641044616699218750e+00
-1.538556098937988281e+00
9.869679212570190430e-01
4.928331375122070312e-01
2.004941701889038086e+00
-2.829120755195617676e-01
-9.114336967468261719e-01
-2.623162865638732910e-01
-1.340550303459167480e+00
-6.085848808288574219e-02
-5.610263347625732422e-01
4.285317063331604004e-01
-4.180410504341125488e-01
-8.595416545867919922e-01
1.188669323921203613e+00
-5.589429736137390137e-01
-2.871149778366088867e-01
-4.211449623107910156e-01
-1.961457729339599609e+00
-1.361476182937622070e+00
-1.595484018325805664e+00
-4.342309236526489258e-01
-1.279987931251525879e+00
-1.290846347808837891e+00
-4.690154194831848145e-01
-6.015899181365966797e+00
6.580230593681335449e-01
2.049997329711914062e+00
-1.363480329513549805e+00
1.847049444913864136e-01
-1.039451479911804199e+00
1.187901616096496582e+00
-1.286082506179809570e+00
-4.087109565734863281e-01
-2.320177793502807617e+00
-5.862566232681274414e-01
-1.615654706954956055e+00
-2.793018341064453125e+00
1.540773153305053711e+00
-1.472549200057983398e+00
-1.073129653930664062e+00
-1.691473722457885742e+00
-3.532500028610229492e+00
-2.083959102630615234e+00
-1.720376968383789062e+00
8.039977550506591797e-01
-4.542760252952575684e-01
8.860197067260742188e-01
3.495083808898925781e+00
3.271850824356079102e+00
-3.863868474960327148e+00
3.359071016311645508e-01
-5.724489688873291016e-02
3.837510824203491211e+00
1.424060940742492676e+00
2.328996658325195312e+00
-2.103096008300781250e+00
5.689522624015808105e-01
2.173751294612884521e-01
1.791230916976928711e+00
-1.287836790084838867e+00
1.527619600296020508e+00
-2.315006256103515625e+00
-2.646297454833984375e+00
-1.918706893920898438e+00
-8.561086654663085938e-01
-4.351308941841125488e-01
1.896270275115966797e+00
-1.024280071258544922e+00
2.188798427581787109e+00
2.451244831085205078e+00
-1.616317629814147949e+00
-2.886263132095336914e+00
1.165074229240417480e+00
7.990443706512451172e-01
-9.837924242019653320e-01
-1.726148366928100586e+00
3.334622383117675781e+00
-2.369996309280395508e+00
-5.461738109588623047e-01
2.593462944030761719e+00
4.226412773132324219e+00
4.076058864593505859e+00
2.434846878051757812e+00
1.275039315223693848e-01
1.119243860244750977e+00
3.131286501884460449e-01
2.823470592498779297e+00
-4.576984047889709473e-01
3.375870704650878906e+00
-1.061757326126098633e+00
-1.969709396362304688e-01
-1.496559262275695801e+00
-3.440928936004638672e+00
2.242470741271972656e+00
-3.277403831481933594e+00
2.065932750701904297e-02
-2.014025449752807617e+00
-1.656135082244873047e+00
-1.445732712745666504e-01
3.640091419219970703e+00
2.755766153335571289e+00
3.131582021713256836e+00
-2.148616552352905273e+00
-1.689139008522033691e+00
2.307381868362426758e+00
2.567180991172790527e-02
-3.519848823547363281e+00
9.891849756240844727e-01
-2.873115777969360352e+00
9.639747142791748047e-01
-1.114411830902099609e+00
-1.655534982681274414e+00
-3.042302608489990234e+00
-2.577038288116455078e+00
-1.834036707878112793e+00
-3.552220344543457031e+00
-1.915185809135437012e+00
-2.189094066619873047e+00
-1.893939852714538574e+00
-5.852367877960205078e-01
-2.561855316162109375e+00
-1.337952375411987305e+00
-6.926995515823364258e-01
-1.225126981735229492e-01
5.262622237205505371e-01
6.445081233978271484e-01
-7.881930470466613770e-01
-2.586410760879516602e+00
-2.023492097854614258e+00
-1.671997070312500000e+00
1.395066261291503906e+00
-3.379293680191040039e+00
1.406806945800781250e+00
-2.241595983505249023e+00
-2.784824371337890625e+00
-2.570785760879516602e+00
-8.673026561737060547e-01
-3.672815561294555664e+00
-4.199057102203369141e+00
-1.993748188018798828e+00
1.574017643928527832e+00
-1.185927867889404297e+00
-2.000364303588867188e+00
3.048994541168212891e+00
-2.187119483947753906e+00
5.788096040487289429e-02
-2.038244724273681641e+00
-1.194504261016845703e+00
1.065662145614624023e+00
-1.551262140274047852e-01
-4.214415252208709717e-01
-1.817450881004333496e+00
-1.279386520385742188e+00
1.062773227691650391e+00
1.157778739929199219e+00
9.531005024909973145e-01
1.639731764793395996e+00
2.879011034965515137e-01
3.881864547729492188e+00
-8.219510316848754883e-01
-6.306210756301879883e-01
-2.578887701034545898e+00
-1.901310682296752930e+00
3.774593472480773926e-01
8.050240278244018555e-01
5.808966755867004395e-01
-3.958125591278076172e+00
-1.447904825210571289e+00
-3.470929622650146484e+00
-3.666959047317504883e+00
8.212481141090393066e-01
-3.872803151607513428e-01
-1.345641255378723145e+00
-1.299241662025451660e+00
1.975983977317810059e+00
-5.210238695144653320e-02
-4.590600728988647461e-01
-3.032685518264770508e-01
-1.374876964837312698e-02
5.023971796035766602e-01
-1.144911050796508789e+00
-2.311418503522872925e-01
-1.358028531074523926e+00
-2.173861026763916016e+00
3.877897262573242188e-01
-7.970101237297058105e-01
-3.308594942092895508e+00
1.258933246135711670e-01
-3.569803535938262939e-01
5.645681023597717285e-01
-2.137649774551391602e+00
2.650297641754150391e+00
-1.993981897830963135e-01
-5.267021656036376953e-01
3.246982693672180176e-01
1.580031216144561768e-01
1.203731775283813477e+00
7.386750578880310059e-01
-1.479083299636840820e+00
-5.351810455322265625e-01
1.356460690498352051e+00
1.462643146514892578e+00
-1.009324073791503906e+00
6.760729551315307617e-01
-2.065480947494506836e+00
-9.507778286933898926e-01
-1.311276078224182129e+00
2.627283334732055664e-01
3.046171665191650391e-01
3.061877250671386719e+00
1.280664443969726562e+00
-7.722125053405761719e-01
-3.262001037597656250e+00
-7.988274693489074707e-01
-1.600305914878845215e+00
-1.260532975196838379e+00
-2.447371959686279297e+00
-4.701994657516479492e-01
-2.081373929977416992e-01
1.836154222488403320e+00
-9.500235915184020996e-01
1.175227761268615723e+00
-8.906540870666503906e-01
2.559325098991394043e-02
9.392196536064147949e-01
6.197559833526611328e-02
2.758255004882812500e+00
6.042009592056274414e-02
-5.810905098915100098e-01
1.644022226333618164e+00
1.432086586952209473e+00
4.191643595695495605e-01
1.456592977046966553e-02
-4.188030958175659180e-01
7.737137079238891602e-01
-9.274229407310485840e-01
-2.361517429351806641e+00
3.294415473937988281e+00
-1.384570360183715820e+00
4.264316082000732422e+00
7.266485691070556641e-02
-7.318589687347412109e-01
-4.132019877433776855e-01
2.359864711761474609e+00
-7.665805220603942871e-01
1.238005876541137695e+00
3.436083495616912842e-01
-1.162962198257446289e+00
-1.093310117721557617e+00
-1.462443947792053223e+00
-1.046943783760070801e+00
-6.821829080581665039e-01
-1.885867357254028320e+00
-3.123412609100341797e+00
-1.911286115646362305e+00
2.475257158279418945e+00
3.427276134490966797e+00
-2.697972208261489868e-02
-1.146537780761718750e+00
1.350590586662292480e-01
-1.187747001647949219e+00
-3.060389757156372070e+00
-2.539989709854125977e+00
-1.776378035545349121e+00
-3.260282576084136963e-01
-1.171044588088989258e+00
-3.431808948516845703e-02
-1.923393130302429199e+00
-3.820851087570190430e+00
-1.106282472610473633e+00
-3.128976345062255859e+00
-3.097973465919494629e-01
-1.510770916938781738e+00
-1.955992698669433594e+00
-1.707542896270751953e+00
2.436723709106445312e+00
2.204911410808563232e-01
-1.966107726097106934e+00
-1.855432868003845215e+00
-5.204365730285644531e+00
-5.144375562667846680e-02
-4.882892131805419922e+00
-2.823680043220520020e-01
-3.478885173797607422e+00
5.727632045745849609e-01
-4.603862285614013672e+00
-1.688977360725402832e+00
1.060776114463806152e+00
-1.843832254409790039e+00
-7.176871299743652344e-01
-3.510283231735229492e+00
-3.824466228485107422e+00
-1.140403747558593750e-02
-4.354952275753021240e-01
-2.524600028991699219e+00
-5.673605203628540039e-01
-3.498405456542968750e+00
-2.846515893936157227e+00
-2.295447587966918945e+00
-4.126931428909301758e-01
4.948644638061523438e-01
1.034699678421020508e+00
1.778682708740234375e+00
-1.477514743804931641e+00
-1.687266975641250610e-01
1.004262804985046387e+00
1.457966208457946777e+00
1.026427030563354492e+00
-2.614506959915161133e+00
-2.763572692871093750e+00
1.332367658615112305e-01
-1.400051116943359375e+00
-2.711665153503417969e+00
3.470237970352172852e+00
5.464518070220947266e-02
1.187545418739318848e+00
-9.864029288291931152e-01
-4.766279458999633789e-01
-7.710871696472167969e-01
3.136273920536041260e-01
-1.994312286376953125e+00
-1.617864966392517090e+00
1.719583272933959961e+00
-4.661035239696502686e-01
1.652016282081604004e+00
5.853302001953125000e+00
1.057265043258666992e+00
-1.482984542846679688e+00
-8.342666625976562500e-01
-1.781791687011718750e+00
1.651078939437866211e+00
8.317874073982238770e-01
1.985429763793945312e+00
5.719090700149536133e-01
-1.358937025070190430e+00
-3.487343788146972656e+00
-2.061149120330810547e+00
9.614656567573547363e-01
-2.413383424282073975e-01
-3.704726696014404297e-02
-2.110568046569824219e+00
-3.216010570526123047e+00
-8.557552099227905273e-01
7.556816339492797852e-01
-1.813527703285217285e+00
-1.712019085884094238e+00
1.420126795768737793e+00
-1.414464831352233887e+00
-1.409087419509887695e+00
1.345866560935974121e+00
-1.274716407060623169e-01
5.520670413970947266e-01
-2.685432195663452148e+00
2.502288103103637695e+00
-1.949238419532775879e+00
-2.162983894348144531e+00
1.553034901618957520e+00
-1.064455747604370117e+00
-1.700966715812683105e+00
-6.691509723663330078e+00
-1.330819845199584961e+00
-3.329140901565551758e+00
-1.423677921295166016e+00
-2.798546314239501953e+00
-5.172107219696044922e+00
-3.445890426635742188e+00
-2.797065675258636475e-02
2.572486698627471924e-01
-5.111404657363891602e-01
8.079030364751815796e-02
8.169231414794921875e-01
-7.418757677078247070e-01
-7.939629554748535156e-01
1.175579071044921875e+00
8.889075517654418945e-01
1.110973119735717773e+00
1.085225820541381836e+00
1.884008169174194336e+00
5.189354419708251953e-01
3.049124479293823242e+00
-9.268629550933837891e-01
-6.725896596908569336e-01
-1.710525751113891602e+00
1.679710447788238525e-01
3.075626850128173828e+00
2.996088743209838867e+00
-3.599716901779174805e+00
-4.076595902442932129e-01
2.985956192016601562e+00
-9.845306277275085449e-01
5.717610359191894531e+00
1.442605018615722656e+00
-1.229874134063720703e+00
-2.552869081497192383e+00
1.621359705924987793e+00
-4.248701572418212891e+00
4.853686094284057617e-01
3.455692052841186523e+00
-3.717292547225952148e+00
1.041637420654296875e+00
-3.101484298706054688e+00
3.347595632076263428e-01
7.309342622756958008e-01
5.869439601898193359e+00
-2.082285404205322266e+00
-1.177491426467895508e+00
1.415299296379089355e+00
2.674511194229125977e+00
-1.518250703811645508e+00
5.144819736480712891e+00
2.637220025062561035e-01
1.750621080398559570e+00
-9.382030367851257324e-01
-2.918268918991088867e+00
-8.005981445312500000e-01
-2.424960613250732422e+00
2.619213104248046875e+00
3.413860559463500977e+00
1.245585918426513672e+00
1.254495978355407715e+00
-9.769350290298461914e-01
1.461555838584899902e+00
-1.281837105751037598e+00
-6.187554597854614258e-01
-4.231021881103515625e+00
1.803672313690185547e+00
1.581179261207580566e+00
1.293867826461791992e+00
-3.691922426223754883e-01
2.138696670532226562e+00
-1.270361661911010742e+00
1.061223149299621582e-01
-3.017211914062500000e+00
-1.658741712570190430e+00
-1.334342956542968750e+00
7.064105987548828125e+00
9.115111827850341797e-01
-1.675738811492919922e+00
2.964212417602539062e+00
2.777009725570678711e+00
1.367640614509582520e+00
1.179707050323486328e-02
2.416416883468627930e+00
-4.510732293128967285e-01
-6.725841760635375977e-01
-2.032430648803710938e+00
-3.059834241867065430e+00
2.967944383621215820e+00
-1.242525577545166016e-01
5.038125991821289062e+00
-5.132342576980590820e-01
1.029660463333129883e+00
8.952972888946533203e-01
-9.594895839691162109e-01
2.170835494995117188e+00
3.669863224029541016e+00
5.078221321105957031e+00
3.568806886672973633e+00
-4.703622341156005859e+00
-1.326988697052001953e+00
-3.531123876571655273e+00
-1.196275234222412109e+00
-1.725981593132019043e+00
-3.576922893524169922e+00
-3.064578056335449219e+00
5.280405282974243164e-01
3.882306098937988281e+00
-1.661018252372741699e+00
-4.372864961624145508e-01
-2.494439125061035156e+00
1.392337322235107422e+00
-2.651649951934814453e+00
6.750976443290710449e-01
1.064994335174560547e-01
-2.170708417892456055e+00
-8.027921915054321289e-01
-3.543028116226196289e+00
1.242015510797500610e-01
-2.615586519241333008e+00
-3.714841604232788086e-01
-8.014679551124572754e-01
1.129775762557983398e+00
-1.919781565666198730e-01
-4.449926853179931641e+00
-2.208960056304931641e+00
1.103590965270996094e+00
-7.545128464698791504e-01
-1.831843137741088867e+00
3.635840654373168945e+00
2.907746315002441406e+00
-9.152489304542541504e-01
-1.627951383590698242e+00
-1.076896905899047852e+00
1.050053954124450684e+00
1.281065464019775391e+00
1.036335825920104980e+00
3.726127386093139648e+00
1.240925550460815430e+00
-1.253491640090942383e-01
-8.356570452451705933e-02
-8.239904046058654785e-02
1.380400657653808594e+00
-5.456981062889099121e-01
-1.299617648124694824e+00
-4.717751026153564453e+00
-4.115094542503356934e-01
8.234460353851318359e-01
3.053825855255126953e+00
-8.144848346710205078e-01
-6.632130146026611328e-01
4.260476589202880859e+00
3.274693250656127930e+00
2.929712772369384766e+00
-3.121759295463562012e-01
1.481158971786499023e+00
-1.863876819610595703e+00
-1.170750379562377930e+00
-1.885914206504821777e+00
-1.931110501289367676e+00
-3.166578769683837891e+00
-5.166815757751464844e+00
7.479854226112365723e-01
3.506217479705810547e+00
-1.571547150611877441e+00
4.071666896343231201e-01
2.825217485427856445e+00
-1.028060197830200195e+00
-4.597284317016601562e+00
-1.051833152770996094e+00
-4.355550408363342285e-01
4.943688213825225830e-01
4.755411148071289062e-01
-2.911418676376342773e+00
5.934958457946777344e-01
3.527891635894775391e+00
2.080834865570068359e+00
-3.033377408981323242e+00
3.817612528800964355e-01
9.896555542945861816e-01
-3.893157005310058594e+00
-3.792407035827636719e+00
6.680141448974609375e+00
-6.616543769836425781e+00
2.312467098236083984e+00
3.673519611358642578e+00
5.817221999168395996e-01
-3.047028541564941406e+00
-4.710430502891540527e-01
4.934996128082275391e+00
3.937899589538574219e+00
-4.676432609558105469e+00
8.098936080932617188e-01
7.475464344024658203e-01
-1.771229386329650879e+00
-9.541550278663635254e-02
-2.714972972869873047e+00
-1.180211782455444336e+00
3.561823964118957520e-01
-1.264062047004699707e+00
-5.276210308074951172e-01
-1.310095071792602539e+00
2.332698255777359009e-01
-3.016485869884490967e-01
-3.469141721725463867e+00
2.341613531112670898e+00
-2.219352245330810547e+00
2.612191736698150635e-01
-6.219323873519897461e-01
-2.995731830596923828e+00
4.555626511573791504e-01
2.100179672241210938e+00
-2.278671503067016602e+00
1.612718701362609863e+00
9.371035099029541016e-01
4.756920933723449707e-01
-5.574443817138671875e+00
4.420482635498046875e+00
1.620109677314758301e-01
-4.206108570098876953e+00
-7.462376356124877930e-01
4.977681159973144531e+00
-2.190186381340026855e-01
-2.355472326278686523e+00
6.474369525909423828e+00
1.372958570718765259e-01
-1.600273847579956055e-01
-3.810138702392578125e+00
-4.740855693817138672e+00
1.201153159141540527e+00
1.324448823928833008e+00
-1.927798390388488770e+00
4.415414810180664062e+00
2.846283435821533203e+00
6.369306445121765137e-01
-2.750009536743164062e+00
-9.687256813049316406e-01
-1.840605497360229492e+00
1.052111148834228516e+00
1.698391199111938477e+00
-1.699990510940551758e+00
2.077318906784057617e+00
-1.575802683830261230e+00
5.887089252471923828e+00
7.509404182434082031e+00
-2.199580192565917969e+00
-3.645332455635070801e-01
7.056525230407714844e+00
-1.041579127311706543e+00
3.826207637786865234e+00
-5.007469058036804199e-01
8.942911028861999512e-02
2.732972621917724609e+00
7.106711864471435547e+00
-2.387755215167999268e-01
-3.788337409496307373e-01
-5.026438832283020020e-01
-2.358547687530517578e+00
7.190775871276855469e-02
-2.873888969421386719e+00
-2.461809635162353516e+00
-2.040183305740356445e+00
-1.083091735839843750e+00
-1.524831771850585938e+00
9.400297403335571289e-01
9.175455570220947266e-02
-1.375989556312561035e+00
-4.811022579669952393e-01
-9.509529471397399902e-01
3.545719146728515625e+00
3.439036607742309570e+00
1.923974305391311646e-01
6.411941647529602051e-01
5.399120450019836426e-01
1.284037232398986816e+00
-1.439581513404846191e+00
-3.010796606540679932e-01
5.798329114913940430e-01
1.891499757766723633e+00
1.074596166610717773e+00
1.288768529891967773e+00
1.244393587112426758e-01
-1.589521050453186035e+00
-3.166180253028869629e-01
-1.104792654514312744e-01
1.413599014282226562e+00
1.276394009590148926e+00
1.294517993927001953e+00
7.512115240097045898e-01
3.230221569538116455e-01
-2.706979513168334961e+00
4.968702793121337891e+00
3.264017343521118164e+00
-2.806130349636077881e-01
-2.331788539886474609e+00
3.367285430431365967e-01
-4.139624595642089844e+00
2.345605611801147461e+00
-3.636729717254638672e-01
-1.108379006385803223e+00
5.722199678421020508e-01
-2.140356063842773438e+00
4.055377483367919922e+00
-6.185665130615234375e-01
-4.075049161911010742e-01
-1.673330783843994141e+00
-8.738147616386413574e-01
-2.224449872970581055e+00
-1.983495473861694336e+00
-1.027350544929504395e+00
2.449248790740966797e+00
-4.129059314727783203e+00
-2.109073400497436523e-01
7.471936345100402832e-01
-6.647688150405883789e-01
-3.869282603263854980e-01
-2.172993898391723633e+00
-1.324414610862731934e+00
-8.064010739326477051e-01
-3.372313737869262695e+00
-9.864411950111389160e-01
-2.038000822067260742e+00
2.012638568878173828e+00
-5.507975816726684570e-01
-3.306759595870971680e-01
4.900526046752929688e+00
-1.133545160293579102e+00
-1.222401380538940430e+00
-2.969676256179809570e-01
6.269136905670166016e+00
1.559005975723266602e+00
-1.771261572837829590e+00
-3.982121944427490234e-01
5.495169639587402344e+00
5.916484832763671875e+00
-3.611576557159423828e+00
-1.116438508033752441e+00
-1.285073637962341309e+00
-2.160730361938476562e+00
-1.846756815910339355e+00
-1.766760110855102539e+00
-2.675850868225097656e+00
3.802360057830810547e+00
1.510494589805603027e+00
1.068715095520019531e+00
1.647904396057128906e+00
-1.186168432235717773e+00
2.620787143707275391e+00
-3.499424934387207031e+00
3.129889011383056641e+00
-3.709220647811889648e+00
-2.383451461791992188e+00
2.877617120742797852e+00
-1.719997406005859375e+00
7.256948471069335938e+00
2.801890373229980469e+00
5.075031757354736328e+00
-1.717202663421630859e+00
3.110651671886444092e-01
-6.549503803253173828e+00
2.306024551391601562e+00
9.348773956298828125e-01
-1.321328163146972656e+00
-6.861917376518249512e-01
1.038646459579467773e+00
-6.489267349243164062e-01
1.383556365966796875e+00
-3.396653652191162109e+00
6.153256893157958984e+00
-1.383744955062866211e+00
3.842675447463989258e+00
1.350700855255126953e+00
8.718923330307006836e-01
-7.692320942878723145e-01
4.745019912719726562e+00
1.163793563842773438e+00
1.308542490005493164e+00
-2.269687891006469727e+00
-3.318532705307006836e+00
1.417472124099731445e+00
2.272704839706420898e+00
3.376961708068847656e+00
4.322443962097167969e+00
8.485952377319335938e+00
-6.738312244415283203e-01
-1.178003907203674316e+00
1.273774027824401855e+00
-5.363088846206665039e-01
7.151277065277099609e-01
3.160333156585693359e+00
-2.896798610687255859e+00
-2.149119377136230469e+00
1.722027897834777832e+00
-7.639460563659667969e-01
-1.195660591125488281e+00
1.081603527069091797e+00
-1.821145415306091309e+00
-6.692059636116027832e-01
4.163367152214050293e-01
-5.215534210205078125e+00
4.106081724166870117e-01
3.750221014022827148e+00
-2.028845548629760742e-01
-7.863087654113769531e-01
-1.366433739662170410e+00
1.415578961372375488e+00
-2.437343597412109375e-01
-2.203376293182373047e-01
5.174241542816162109e+00
-9.114030003547668457e-01
-1.740755796432495117e+00
5.778885483741760254e-01
-1.692788362503051758e+00
-4.924065589904785156e+00
-1.975190162658691406e+00
1.709539532661437988e+00
-8.042465448379516602e-01
6.917685270309448242e-02
2.398630976676940918e-01
-6.650514006614685059e-01
2.748697519302368164e+00
-1.889908790588378906e+00
5.206543207168579102e-02
3.062427043914794922e-01
-1.948265075683593750e+00
2.783077239990234375e+00
1.392665266990661621e+00
1.110410881042480469e+01
1.351673364639282227e+00
-6.852996349334716797e-01
1.111034870147705078e+00
-1.777860283851623535e+00
-7.250645160675048828e-01
-2.054721593856811523e+00
-1.004408240318298340e+00
-1.388023734092712402e+00
-7.465824484825134277e-01
-9.185107350349426270e-01
-3.600835204124450684e-01
3.702005147933959961e+00
5.541467666625976562e-01
-1.536618471145629883e-01
-4.800289869308471680e-02
-4.085854530334472656e+00
-1.985541224479675293e+00
-3.182379603385925293e-01
-4.076171517372131348e-01
-2.388933658599853516e+00
4.928666591644287109e+00
-4.412155151367187500e-01
-9.171006679534912109e-01
4.042356967926025391e+00
-1.935117244720458984e+00
-1.847759246826171875e+00
-1.761415004730224609e+00
1.309692859649658203e+00
-1.270753622055053711e+00
5.609879970550537109e+00
8.746022582054138184e-01
-3.361125290393829346e-01
-4.176019191741943359e+00
2.815359115600585938e+00
-1.202837467193603516e+00
-3.825109958648681641e+00
3.903627872467041016e+00
-2.057900428771972656e-01
-1.934660673141479492e+00
6.178421378135681152e-01
-2.716981410980224609e+00
2.938994407653808594e+00
1.764124035835266113e+00
-2.896988391876220703e-01
-3.436461687088012695e+00
3.430517911911010742e-01
2.830122232437133789e+00
3.625891685485839844e+00
1.607683897018432617e+00
3.466736078262329102e+00
1.467535614967346191e+00
-7.345850467681884766e-01
-4.321730613708496094e+00
-2.871655941009521484e+00
2.230996131896972656e+00
3.829051494598388672e+00
4.348732948303222656e+00
-1.120482921600341797e+00
8.759049177169799805e-01
3.149738073348999023e+00
-1.035645723342895508e+00
-3.329534530639648438e+00
-2.538750648498535156e+00
4.927147865295410156e+00
9.220801591873168945e-01
-2.370666027069091797e+00
3.119722008705139160e-01
6.412421464920043945e-01
-1.871200084686279297e+00
-2.768355846405029297e+00
3.797052383422851562e+00
-3.059022903442382812e+00
-1.989585161209106445e+00
7.632441520690917969e+00
3.796601891517639160e-01
-1.704273462295532227e+00
-5.292722702026367188e+00
-1.272868871688842773e+00
-2.810698986053466797e+00
-5.311430931091308594e+00
9.102572202682495117e-01
2.313559770584106445e+00
-2.133141279220581055e+00
-4.784420490264892578e+00
3.419582605361938477e+00
1.074240922927856445e+00
-2.763375282287597656e+00
3.147729396820068359e+00
3.311510562896728516e+00
-3.645168542861938477e+00
6.977662563323974609e+00
-8.741583228111267090e-01
-4.132553100585937500e+00
-3.269425034523010254e-01
-1.228054881095886230e+00
1.322082400321960449e+00
-1.912808418273925781e+00
4.952715396881103516e+00
5.706089496612548828e+00
3.388719081878662109e+00
1.652823686599731445e+00
1.524586915969848633e+00
-2.103555202484130859e-01
-1.126067042350769043e-01
1.110147118568420410e+00
3.248899579048156738e-01
-4.046334266662597656e+00
7.993334531784057617e-01
-2.190418481826782227e+00
5.365856647491455078e+00
3.351090908050537109e+00
6.240509033203125000e+00
-2.997389078140258789e+00
4.789193272590637207e-01
5.319690704345703125e-01
-2.166652083396911621e-01
7.576919078826904297e+00
1.307242155075073242e+00
-1.298827171325683594e+00
-3.221755504608154297e+00
-1.285618901252746582e+00
2.529930591583251953e+00
2.423217535018920898e+00
-1.311354160308837891e+00
3.996133327484130859e+00
1.069331467151641846e-01
3.520232677459716797e+00
1.150036334991455078e+00
1.729423165321350098e+00
-3.953537940979003906e-01
4.649884104728698730e-01
-1.723874330520629883e+00
1.775080084800720215e+00
-2.433759689331054688e+00
8.598902225494384766e-01
-5.161784172058105469e+00
-2.751419305801391602e+00
-1.215449094772338867e+00
-2.375113010406494141e+00
-2.561236619949340820e+00
2.673985958099365234e-01
-1.175765991210937500e+00
5.796971321105957031e-01
3.254639148712158203e+00
-2.705522060394287109e+00
-1.123166918754577637e+00
-8.663838505744934082e-01
1.790379881858825684e-01
-1.968183279037475586e+00
-6.247743368148803711e-01
-5.524087548255920410e-01
-1.759387850761413574e-01
1.070147395133972168e+00
-5.619245171546936035e-01
2.531637430191040039e+00
2.792453050613403320e+00
2.961786031723022461e+00
2.711251735687255859e+00
2.275980710983276367e+00
2.051071643829345703e+00
2.061970949172973633e+00
1.064561486244201660e+00
2.269190549850463867e-02
2.434628009796142578e+00
-1.066980004310607910e+00
-1.795228838920593262e+00
-1.346460580825805664e+00
-2.464613199234008789e+00
-8.481644988059997559e-01
-4.832127571105957031e+00
-3.348001241683959961e+00
1.286764979362487793e+00
-2.080269575119018555e+00
3.068887233734130859e+00
-3.195471167564392090e-01
9.511308073997497559e-01
9.999722242355346680e-01
6.215362548828125000e-01
5.229528427124023438e+00
-1.014101147651672363e+00
-2.580826282501220703e-01
-3.193079233169555664e-01
-7.102158069610595703e-01
4.572256565093994141e+00
-7.020934820175170898e-01
3.704379796981811523e+00
-3.167583942413330078e-01
3.504914760589599609e+00
3.192712783813476562e+00
3.494663000106811523e+00
4.633259296417236328e+00
2.416646480560302734e-02
3.575249910354614258e+00
5.999851226806640625e-01
1.630706906318664551e+00
4.531682729721069336e-01
2.505991458892822266e+00
3.359840869903564453e+00
-1.388013720512390137e+00
-2.267871379852294922e+00
-6.286618113517761230e-01
4.207099974155426025e-01
-1.910327076911926270e-01
2.196502447128295898e+00
4.922535419464111328e+00
