-1.627235412597656250e+00
2.039575338363647461e+00
-9.510862827301025391e-01
-4.132505416870117188e+00
9.112958908081054688e-01
-8.227444291114807129e-01
-2.912269115447998047e+00
-1.590293884277343750e+00
4.620617628097534180e-01
-8.898892402648925781e-01
-1.281264424324035645e+00
-1.120813727378845215e+00
-4.738154113292694092e-01
-9.086260199546813965e-02
9.021647572517395020e-01
-2.690397977828979492e+00
-4.342144966125488281e+00
-1.950264573097229004e+00
-1.348455548286437988e+00
-2.197584629058837891e+00
-1.625066876411437988e+00
1.600024580955505371e+00
1.660626530647277832e-01
1.106312513351440430e+00
1.285916566848754883e+00
-1.770799875259399414e+00
-3.197984695434570312e+00
-2.019395112991333008e+00
-1.270595192909240723e+00
-2.371600151062011719e+00
-1.710798859596252441e+00
1.221144914627075195e+00
-2.903302907943725586e+00
8.836337924003601074e-01
3.375780105590820312e+00
-2.194684267044067383e+00
2.629271745681762695e+00
-2.312819004058837891e+00
2.076017856597900391e+00
-2.299521207809448242e+00
-1.904155373573303223e+00
-1.783457159996032715e+00
-1.794936180114746094e+00
-2.159408092498779297e+00
-3.867203235626220703e+00
7.674683928489685059e-01
-2.142680883407592773e+00
-5.551612377166748047e-01
-3.674795150756835938e+00
-2.350325345993041992e+00
1.392439842224121094e+00
-1.867263555526733398e+00
-2.046878814697265625e+00
-1.097110509872436523e+00
-1.702754139900207520e+00
-1.492035150527954102e+00
-7.122188806533813477e-02
-4.252398967742919922e+00
7.134151458740234375e-02
-2.472918987274169922e+00
-1.590452432632446289e+00
1.071482896804809570e-01
-1.784954547882080078e+00
-3.487810134887695312e+00
-3.277159929275512695e-01
-1.913835048675537109e+00
3.121661901473999023e+00
-2.823164463043212891e+00
-4.080798923969268799e-01
8.406637907028198242e-01
-3.363455057144165039e+00
7.051367163658142090e-01
-7.364026308059692383e-01
1.490857601165771484e+00
2.283115625381469727e+00
-1.987099289894104004e+00
4.308960139751434326e-01
2.646505832672119141e+00
1.889197111129760742e+00
-1.092664480209350586e+00
1.991906285285949707e+00
-8.988814353942871094e-01
-2.660054683685302734e+00
-1.931091785430908203e+00
-1.493176460266113281e+00
-2.763458728790283203e+00
-3.060084104537963867e+00
3.472499847412109375e+00
2.351672410964965820e+00
3.702232360839843750e+00
-2.190133810043334961e+00
-5.376749992370605469e+00
-3.180011510848999023e+00
-2.011262655258178711e+00
-1.290877103805541992e+00
-6.273436546325683594e+00
-5.516250729560852051e-01
-2.323866367340087891e+00
-7.231011390686035156e-01
-1.773360729217529297e+00
4.108325242996215820e-01
-2.401513099670410156e+00
-4.666223526000976562e+00
3.223869800567626953e+00
-3.674832582473754883e+00
-1.934051752090454102e+00
-2.803103446960449219e+00
5.433771610260009766e+00
1.196602821350097656e+00
1.437679290771484375e+00
-1.987167596817016602e+00
1.749801158905029297e+00
-2.048327445983886719e+00
-2.400755405426025391e+00
-2.900960683822631836e+00
1.379921555519104004e+00
-2.911315917968750000e+00
1.538660287857055664e+00
3.504128754138946533e-01
-8.491780161857604980e-01
-2.347396373748779297e+00
-3.883959293365478516e+00
-3.278534650802612305e+00
-6.423881530761718750e+00
-2.155055046081542969e+00
-3.071269989013671875e+00
1.206711769104003906e+00
-3.633777499198913574e-01
-4.144752979278564453e+00
-2.434876680374145508e+00
-1.537776708602905273e+00
-1.274140477180480957e+00
6.421052813529968262e-01
-2.345208168029785156e+00
-1.764976382255554199e+00
-4.572917461395263672e+00
-3.086881637573242188e+00
-7.580208778381347656e-02
-7.960882782936096191e-01
-2.388958454132080078e+00
1.744352579116821289e+00
5.757979154586791992e-01
-3.722418785095214844e+00
-1.483199954032897949e+00
1.277693748474121094e+00
-3.801256895065307617e+00
-4.494178771972656250e+00
-3.002959728240966797e+00
-2.373851537704467773e-01
-9.199237823486328125e-02
-4.268559515476226807e-01
1.678756117820739746e+00
-1.684820532798767090e+00
-1.256558895111083984e+00
-2.405134439468383789e-01
2.210422515869140625e+00
2.170825481414794922e+00
9.427688121795654297e-01
5.996048450469970703e-03
-3.291147947311401367e-01
1.965619325637817383e+00
2.575122356414794922e+00
1.997327327728271484e+00
1.498047709465026855e+00
2.474054574966430664e+00
-8.862751722335815430e-01
2.230300903320312500e+00
1.093997359275817871e+00
-2.451303243637084961e+00
7.728809714317321777e-01
1.962835788726806641e+00
-2.177685499191284180e-02
3.816159486770629883e+00
3.505699038505554199e-01
-2.441587209701538086e+00
1.481946706771850586e+00
-8.636288046836853027e-01
-2.106666564941406250e+00
6.981917619705200195e-01
2.356565237045288086e+00
1.176085472106933594e-01
3.526306152343750000e-01
2.029151916503906250e+00
4.079598903656005859e+00
-8.633624315261840820e-01
9.979621171951293945e-01
-1.015979170799255371e+00
-3.550071716308593750e-01
1.804727792739868164e+00
5.760555267333984375e-01
1.241533041000366211e+00
2.485520839691162109e-01
9.845743775367736816e-01
-1.083764672279357910e+00
-2.389810562133789062e+00
1.081794977188110352e+00
2.009801864624023438e-01
4.486705780029296875e+00
1.076417565345764160e+00
1.635582685470581055e+00
1.242675065994262695e+00
1.890148639678955078e+00
2.388701915740966797e+00
6.838935613632202148e-02
2.185359954833984375e+00
1.843413710594177246e-01
1.876428127288818359e-01
1.369838789105415344e-02
2.420040607452392578e+00
1.936709403991699219e+00
1.073737382888793945e+00
-6.274194717407226562e-01
1.068029403686523438e+00
-8.245844244956970215e-01
7.308794856071472168e-01
1.736615180969238281e+00
1.418915152549743652e+00
4.007202148437500000e+00
1.811359882354736328e+00
1.377152204513549805e+00
-2.483986854553222656e+00
2.064990282058715820e+00
1.361248850822448730e+00
-8.538193702697753906e-01
-1.321339011192321777e+00
-1.517860889434814453e-01
2.668807268142700195e+00
1.230719089508056641e+00
1.414094567298889160e-01
2.826707839965820312e+00
-8.622080087661743164e-01
1.894049525260925293e+00
4.214573383331298828e+00
2.769252300262451172e+00
1.010812044143676758e+00
-1.544177532196044922e+00
-2.041838407516479492e+00
-4.629948735237121582e-01
4.063709735870361328e+00
1.726282835006713867e+00
3.104089736938476562e+00
2.098955631256103516e+00
2.938197851181030273e+00
9.970009326934814453e-03
-5.632584095001220703e-01
1.163069844245910645e+00
3.099233388900756836e+00
5.815245628356933594e+00
-2.868532836437225342e-01
3.258223295211791992e+00
-1.228597640991210938e+00
3.899753570556640625e+00
-9.228889942169189453e-01
8.859360814094543457e-01
3.264499664306640625e+00
9.859857559204101562e-01
8.610439896583557129e-01
-6.804761290550231934e-01
-9.211014509201049805e-01
-2.434671163558959961e+00
-1.261697292327880859e+00
-2.481218576431274414e+00
-1.901631116867065430e+00
2.133163690567016602e+00
4.546257495880126953e+00
-2.752764225006103516e-01
-2.167970657348632812e+00
1.370380640029907227e+00
-2.941399574279785156e+00
-1.351251721382141113e+00
-2.903201580047607422e+00
-3.832968711853027344e+00
-4.790808260440826416e-01
-2.088018894195556641e+00
-4.179384231567382812e+00
-2.231219291687011719e+00
-5.949893951416015625e+00
-2.506970167160034180e+00
-2.794415950775146484e+00
-1.108738183975219727e+00
-3.050418138504028320e+00
6.057315468788146973e-01
1.056211709976196289e+00
9.940643906593322754e-01
-2.047114133834838867e+00
-2.910575866699218750e+00
-4.182517528533935547e-03
-3.166958093643188477e+00
-1.751183986663818359e+00
-2.349575042724609375e+00
1.472426891326904297e+00
-3.025592088699340820e+00
2.510087788105010986e-01
-4.897411346435546875e+00
-2.208177089691162109e+00
1.688782691955566406e+00
1.782453060150146484e+00
-2.854200601577758789e+00
-9.025517463684082031e+00
-4.533412933349609375e+00
-2.425576925277709961e+00
9.277464151382446289e-01
-8.479706048965454102e-01
-6.791037917137145996e-01
-1.609694957733154297e+00
-1.601010680198669434e+00
-6.522784233093261719e-01
-8.545064926147460938e-01
8.278768062591552734e-01
2.591328620910644531e+00
3.677695274353027344e+00
-5.062923908233642578e+00
-3.465729236602783203e+00
-1.122893095016479492e+00
-4.348917603492736816e-01
-8.231477737426757812e-01
5.092005133628845215e-01
2.222716808319091797e-02
-9.106189012527465820e-02
-4.725156128406524658e-01
-2.064417362213134766e+00
9.266984462738037109e-01
1.325737595558166504e+00
-5.309047698974609375e-01
-1.691093206405639648e+00
-1.098151445388793945e+00
6.856449842453002930e-01
-1.638451933860778809e+00
-2.340722084045410156e+00
-1.098431199789047241e-01
2.250956773757934570e+00
2.697764337062835693e-01
8.488857746124267578e-01
4.960810661315917969e+00
-2.310028553009033203e+00
-2.242327928543090820e+00
-1.948123812675476074e+00
1.681364178657531738e-01
2.320244073867797852e+00
1.820398092269897461e+00
-3.197876214981079102e-01
-1.166568517684936523e+00
-4.576054573059082031e+00
-1.346000909805297852e+00
-4.681178629398345947e-01
1.821243047714233398e+00
2.537471771240234375e+00
5.234247446060180664e-01
-1.234493494033813477e+00
-1.334496974945068359e+00
-1.977807283401489258e+00
-2.461270809173583984e+00
-4.808143615722656250e+00
-2.976200103759765625e+00
2.538706302642822266e+00
7.222279310226440430e-01
-3.692418336868286133e-03
1.742819994688034058e-01
-2.421827614307403564e-02
-3.129282236099243164e+00
-1.304470896720886230e+00
1.914940357208251953e+00
-2.691153049468994141e+00
-4.482696056365966797e+00
1.595742583274841309e+00
-3.027117729187011719e+00
-1.461432337760925293e+00
-2.759876728057861328e+00
-1.872434139251708984e+00
-7.916921377182006836e-01
-7.843985557556152344e+00
-5.743387222290039062e+00
-5.172065734863281250e+00
-4.376530647277832031e+00
-1.628808826208114624e-01
-3.301400423049926758e+00
-1.430001735687255859e+00
-1.590349912643432617e+00
-8.815692663192749023e-01
-6.570684909820556641e-01
-2.937485218048095703e+00
-2.357935667037963867e+00
-2.674231290817260742e+00
-1.424432754516601562e+00
-3.390559434890747070e+00
-3.131651878356933594e-02
-8.593797683715820312e-03
-4.980018734931945801e-01
-3.405018091201782227e+00
-4.132171154022216797e+00
-5.924109935760498047e+00
-2.456070423126220703e+00
1.357559800148010254e+00
1.706686258316040039e+00
-3.455518007278442383e+00
-2.700291156768798828e+00
1.807087063789367676e+00
3.713152408599853516e-01
2.184310674667358398e+00
-9.609159231185913086e-01
-1.295870065689086914e+00
-2.364870548248291016e+00
5.344578027725219727e-01
9.737693071365356445e-01
-5.975022912025451660e-01
5.794796943664550781e+00
-1.775778174400329590e+00
5.029790401458740234e-01
-1.295570850372314453e+00
3.480177521705627441e-01
2.265783786773681641e+00
1.445496678352355957e+00
-9.041836261749267578e-01
-2.214765787124633789e+00
6.473070979118347168e-01
1.892659068107604980e+00
-6.482422351837158203e-03
5.509290218353271484e+00
7.346963882446289062e-01
1.535634398460388184e+00
-5.700962543487548828e-01
-7.819159030914306641e-01
-1.846705079078674316e+00
-8.815972208976745605e-01
8.313752412796020508e-01
3.075871706008911133e+00
-6.404762268066406250e-01
2.350856542587280273e+00
1.525460362434387207e+00
2.249120473861694336e+00
-8.383433520793914795e-02
1.577894568443298340e+00
-4.362575531005859375e+00
-6.862882971763610840e-01
2.495076656341552734e+00
2.588806629180908203e+00
2.248718261718750000e+00
-2.576724886894226074e-01
-3.378366470336914062e+00
-1.075487375259399414e+00
-2.522795677185058594e+00
-5.309557914733886719e-01
9.319332242012023926e-02
8.187832832336425781e+00
2.394571304321289062e-01
-6.091465353965759277e-01
1.735265851020812988e+00
4.004230499267578125e+00
3.120579242706298828e+00
-8.312903344631195068e-02
1.691051721572875977e+00
-2.216871023178100586e+00
-4.816010594367980957e-02
-4.243817329406738281e+00
7.534980773925781250e-03
4.686427116394042969e-02
7.966336607933044434e-02
1.709001302719116211e+00
1.241921424865722656e+00
2.577785015106201172e+00
-7.769670486450195312e-01
5.595695972442626953e-01
-6.409869194030761719e-01
3.575807213783264160e-01
2.519046783447265625e+00
-3.879573941230773926e-01
-3.318051338195800781e+00
-4.902965545654296875e+00
-4.559954404830932617e-01
4.975658655166625977e-01
-3.387780189514160156e-01
-1.690537929534912109e-01
-3.997693538665771484e+00
-4.871152639389038086e-01
2.832547187805175781e+00
-4.228708148002624512e-01
1.843019366264343262e+00
-2.350892066955566406e+00
4.269937038421630859e+00
-5.564694404602050781e+00
-4.473092555999755859e-01
1.467965602874755859e+00
-1.565382480621337891e+00
-1.349519968032836914e+00
-3.723578691482543945e+00
-2.218405246734619141e+00
-2.330645918846130371e-01
2.846308708190917969e+00
2.063326597213745117e+00
1.819802522659301758e+00
1.953238010406494141e+00
-1.986737251281738281e+00
-3.059589862823486328e-01
7.855329513549804688e-01
3.204788684844970703e+00
5.898593068122863770e-01
1.835375785827636719e+00
2.028411388397216797e+00
-1.147059440612792969e+00
-2.519377470016479492e+00
-1.319117844104766846e-02
5.211498141288757324e-01
1.914493560791015625e+00
-2.996423244476318359e+00
2.716419219970703125e+00
-1.160577297210693359e+00
2.296062946319580078e+00
-1.148108601570129395e+00
1.976558268070220947e-01
-3.002272844314575195e-01
5.048951625823974609e+00
-1.425908207893371582e+00
-5.419341564178466797e+00
-2.279850840568542480e-01
-4.505425989627838135e-01
1.044350743293762207e+00
1.321282982826232910e+00
1.331456899642944336e+00
3.157873630523681641e+00
4.342066287994384766e+00
1.168710350990295410e+00
-2.348539352416992188e+00
1.354545652866363525e-01
-7.907369136810302734e-01
-4.737210273742675781e-01
-4.321932792663574219e+00
-1.296888709068298340e+00
-3.076089322566986084e-01
-3.544782876968383789e+00
4.164163112640380859e+00
2.689902305603027344e+00
-2.989412784576416016e+00
7.484979033470153809e-01
3.882280588150024414e+00
-4.976218223571777344e+00
-3.306288480758666992e+00
2.780376076698303223e-01
5.639425516128540039e-01
1.880544543266296387e+00
4.452778816223144531e+00
2.329539775848388672e+00
1.236824274063110352e+00
1.574139356613159180e+00
3.415001869201660156e+00
-2.317551851272583008e+00
5.577304363250732422e-01
-1.430058479309082031e-01
3.167877197265625000e-01
-1.991792798042297363e+00
7.270596027374267578e+00
-5.512144088745117188e+00
6.302640438079833984e-01
1.944199800491333008e+00
9.189410209655761719e-01
-1.055246233940124512e+00
1.333372354507446289e+00
2.235069036483764648e+00
4.074638366699218750e+00
-3.234261512756347656e+00
-5.655077099800109863e-02
1.749418497085571289e+00
-7.354874610900878906e-01
1.345622897148132324e+00
-5.363254547119140625e+00
-3.006987810134887695e+00
5.738886833190917969e+00
-3.132104635238647461e+00
-2.138915777206420898e+00
1.553914904594421387e+00
1.127735853195190430e+00
1.993966937065124512e+00
-2.967464447021484375e+00
-9.802978038787841797e-01
3.637778759002685547e-01
2.889498472213745117e+00
-1.990080118179321289e+00
-2.900972843170166016e+00
6.760227084159851074e-01
-1.122038245201110840e+00
-3.038917541503906250e+00
7.987022399902343750e-02
1.541933059692382812e+00
-8.070427179336547852e-01
-2.790072679519653320e+00
2.601037979125976562e+00
-1.583364009857177734e-01
3.105019927024841309e-01
-2.156511545181274414e-01
1.682966232299804688e+00
8.564779162406921387e-01
-2.200711011886596680e+00
7.493309974670410156e+00
1.034595966339111328e+00
3.013848066329956055e-01
-1.120035648345947266e+00
-3.159060955047607422e+00
2.468983650207519531e+00
-1.392352700233459473e+00
1.000393629074096680e+00
5.031298637390136719e+00
1.678156733512878418e+00
1.646028757095336914e+00
5.411834269762039185e-02
-2.002175331115722656e+00
-2.528255939483642578e+00
2.520145416259765625e+00
2.055047750473022461e+00
-9.000784158706665039e-02
7.266849279403686523e-01
1.460113167762756348e+00
5.510082721710205078e+00
9.104382514953613281e+00
-9.932341575622558594e-01
-2.526187419891357422e+00
3.470019102096557617e+00
1.071738243103027344e+00
3.673086643218994141e+00
1.997156143188476562e+00
8.263740539550781250e-01
3.390553474426269531e+00
6.115810394287109375e+00
-1.402951002120971680e+00
-2.791057348251342773e+00
9.893500804901123047e-02
-1.286061406135559082e+00
2.281598091125488281e+00
-3.060468435287475586e+00
-5.267210006713867188e+00
1.063824653625488281e+00
-3.356722354888916016e+00
-1.324534416198730469e+00
1.119367241859436035e+00
1.723875999450683594e+00
-3.668390750885009766e+00
-1.230128049850463867e+00
-1.661580801010131836e+00
3.829843759536743164e+00
4.050479412078857422e+00
1.663082480430603027e+00
-5.558190345764160156e-01
-6.211731433868408203e-01
1.530400365591049194e-01
-2.161598682403564453e+00
1.317567229270935059e+00
1.699139952659606934e+00
6.220236420631408691e-01
3.497311592102050781e+00
-1.106012105941772461e+00
-7.697973251342773438e-01
1.432411432266235352e+00
-7.999753952026367188e-01
1.307485342025756836e+00
8.930740952491760254e-01
-9.868729114532470703e-02
-1.415194272994995117e+00
2.914812564849853516e+00
-1.363373398780822754e+00
-1.984977483749389648e+00
5.137036800384521484e+00
7.483809590339660645e-01
2.644567251205444336e+00
-1.845063567161560059e+00
2.929726839065551758e-01
-7.075149416923522949e-01
7.877520918846130371e-01
1.056099414825439453e+00
-1.040432453155517578e-01
-2.724397182464599609e-01
-1.676642894744873047e-01
2.788160800933837891e+00
4.212448000907897949e-01
3.874713182449340820e-01
-1.910435035824775696e-02
-1.467689037322998047e+00
-9.091946482658386230e-02
9.429445862770080566e-01
-1.921985387802124023e+00
-5.705891847610473633e-01
-1.276378989219665527e+00
1.027477264404296875e+00
2.660409212112426758e+00
3.646584510803222656e+00
-1.085367918014526367e+00
2.648097872734069824e-01
-2.453610152006149292e-01
-3.395491123199462891e+00
-5.614435195922851562e+00
-1.203955769538879395e+00
4.405246376991271973e-01
-3.990598320960998535e-01
-2.673295736312866211e+00
2.179296493530273438e+00
3.577955722808837891e+00
-7.353710532188415527e-01
-2.855101108551025391e+00
3.318118572235107422e+00
4.317907810211181641e+00
2.274415493011474609e+00
3.222090721130371094e+00
-3.169185161590576172e+00
1.919784545898437500e+00
8.519792556762695312e+00
9.123731255531311035e-01
-1.670217394828796387e+00
-7.820232510566711426e-01
-1.097778916358947754e+00
-1.379082560539245605e+00
5.509443283081054688e-01
1.692566871643066406e-01
3.807150363922119141e+00
-2.798043251037597656e+00
-2.286214351654052734e+00
1.342742443084716797e+00
-2.881349921226501465e-01
2.323038578033447266e-01
-6.713191866874694824e-01
1.345647811889648438e+00
-2.788203239440917969e+00
-2.589275538921356201e-01
2.764478325843811035e-03
-6.601293683052062988e-01
2.838543653488159180e+00
5.281152725219726562e+00
-1.531854271888732910e+00
1.521867156028747559e+00
3.315056860446929932e-01
-4.169156551361083984e+00
4.577792882919311523e-01
2.362606048583984375e+00
-1.474099397659301758e+00
-1.331486225128173828e+00
3.998661637306213379e-01
-1.636886119842529297e+00
6.353840827941894531e-01
-3.352829456329345703e+00
9.009982347488403320e-01
9.930759072303771973e-01
2.466285228729248047e-01
-4.166079759597778320e-01
3.357468247413635254e-01
-5.796516895294189453e+00
4.732497215270996094e+00
-2.245007753372192383e+00
7.967357039451599121e-01
-1.753720760345458984e+00
8.259773254394531250e-01
3.484980821609497070e+00
1.124341487884521484e+00
1.766255497932434082e+00
-1.613286972045898438e+00
3.536957740783691406e+00
1.594921708106994629e+00
2.391248226165771484e+00
3.368269681930541992e+00
-2.071934640407562256e-01
4.212233066558837891e+00
8.628635406494140625e-01
2.194082260131835938e+00
-4.705223083496093750e+00
-5.687908530235290527e-01
-2.374029636383056641e+00
2.198714613914489746e-01
1.709400177001953125e+00
-3.687748670578002930e+00
-3.687941431999206543e-01
6.450530290603637695e-01
-5.201237678527832031e+00
-3.170169353485107422e+00
3.522998094558715820e+00
2.786380767822265625e+00
2.637428283691406250e+00
-3.051352977752685547e+00
1.672689795494079590e+00
-4.153054714202880859e+00
2.728423118591308594e+00
-1.247254371643066406e+00
-1.954687118530273438e+00
-3.702615499496459961e+00
-2.151901483535766602e+00
3.305234909057617188e+00
-2.378167152404785156e+00
3.942629694938659668e-02
-1.298471093177795410e+00
-3.366078138351440430e-01
1.000788211822509766e-01
-2.153445243835449219e+00
-2.112210035324096680e+00
4.578993320465087891e+00
-5.348517298698425293e-01
3.004366397857666016e+00
2.604063749313354492e-01
-6.620208621025085449e-01
2.387754440307617188e+00
1.965672969818115234e-01
1.074955463409423828e-01
3.601757526397705078e+00
1.064808607101440430e+00
3.364454030990600586e+00
-1.597408413887023926e+00
7.276864647865295410e-01
-3.391962766647338867e+00
1.219875693321228027e+00
1.466961503028869629e+00
6.048232316970825195e-01
-3.326329231262207031e+00
1.535579681396484375e+00
-2.183348536491394043e-01
3.064367771148681641e+00
-1.192458629608154297e+00
-3.019601702690124512e-01
-3.269739866256713867e+00
-1.433712363243103027e+00
2.765772342681884766e+00
-2.706423044204711914e+00
-3.195302486419677734e-01
3.690727710723876953e+00
5.919077396392822266e-01
2.576858401298522949e-01
1.842097163200378418e+00
-1.557881236076354980e-01
4.617298841476440430e-01
-1.869807243347167969e+00
3.960421085357666016e+00
-9.608438014984130859e-01
2.664710044860839844e+00
9.389102458953857422e-01
1.979407668113708496e-02
-6.477698326110839844e+00
-1.019722819328308105e+00
-2.434589266777038574e-01
1.099992275238037109e+00
1.221965432167053223e+00
4.069013595581054688e-01
-1.089886069297790527e+00
2.606201887130737305e+00
-7.847119569778442383e-01
1.821121215820312500e+00
9.887506961822509766e-01
1.057853698730468750e-01
-2.129510402679443359e+00
2.833360671997070312e+00
1.368883490562438965e+00
1.183179140090942383e+00
3.273147344589233398e-01
-7.511041760444641113e-01
-2.346044540405273438e+00
-1.524016559123992920e-01
-4.051989912986755371e-01
-1.200748562812805176e+00
4.673201143741607666e-01
3.306165218353271484e+00
1.255473017692565918e+00
3.284369230270385742e+00
1.186994910240173340e+00
2.061495542526245117e+00
6.863399147987365723e-01
-3.219066143035888672e+00
-1.630036354064941406e+00
2.476199626922607422e+00
-2.370871305465698242e+00
-2.611913204193115234e+00
-5.356080532073974609e-01
3.468235492706298828e+00
2.707299590110778809e-01
7.844303846359252930e-01
-6.169167160987854004e-02
-1.554666876792907715e+00
3.140632629394531250e+00
2.904487609863281250e+00
-1.288400888442993164e+00
1.398859739303588867e+00
-7.226663231849670410e-01
1.208620309829711914e+00
3.735647678375244141e+00
-1.759069681167602539e+00
-1.856889128684997559e+00
1.508345842361450195e+00
-3.855191230773925781e+00
-3.120298385620117188e+00
2.507086038589477539e+00
4.168506860733032227e-01
-2.951335430145263672e+00
2.787654995918273926e-01
-1.352851986885070801e-01
-7.176512479782104492e-01
4.182283401489257812e+00
4.085686802864074707e-01
-1.350048542022705078e+00
-1.334771513938903809e-02
-4.717119336128234863e-01
5.705939292907714844e+00
-3.347295284271240234e+00
2.873030185699462891e+00
3.413817405700683594e+00
4.771369695663452148e-01
8.864194154739379883e-01
1.422281026840209961e+00
5.157766342163085938e-01
2.076633930206298828e+00
1.419665217399597168e+00
2.545756340026855469e+00
-6.142748832702636719e+00
-7.315688133239746094e-01
-3.083109855651855469e-01
6.289073944091796875e+00
2.450714111328125000e-01
-1.770676136016845703e+00
-2.248328924179077148e+00
-3.954537212848663330e-02
-7.576321959495544434e-01
-1.135985136032104492e+00
3.791074275970458984e+00
9.228876829147338867e-01
-5.862935781478881836e-01
-4.201216697692871094e+00
2.007157087326049805e+00
3.757398843765258789e+00
3.406073570251464844e+00
-2.398879766464233398e+00
2.706854104995727539e+00
1.282940506935119629e+00
5.471733570098876953e+00
2.946877717971801758e+00
1.185045123100280762e+00
-1.936497926712036133e+00
1.974652409553527832e-01
-5.119517803192138672e+00
-1.834071874618530273e+00
-8.523721694946289062e-01
5.571357607841491699e-01
-3.035333395004272461e+00
2.982772588729858398e-01
1.253544688224792480e-01
-4.598552227020263672e+00
-4.777513146400451660e-01
-3.157769203186035156e+00
2.126470208168029785e-01
1.137153148651123047e+00
4.613832533359527588e-01
-3.322978496551513672e+00
-1.006630539894104004e+00
-2.189003705978393555e+00
8.722038567066192627e-02
-2.683171510696411133e+00
6.591196060180664062e-01
5.006450414657592773e-01
4.444979429244995117e-01
6.051278114318847656e-01
6.815659999847412109e-02
-4.004184603691101074e-01
2.827344655990600586e+00
-1.347365975379943848e-01
8.395770192146301270e-01
2.542209029197692871e-01
-1.058199644088745117e+00
-3.663331985473632812e+00
-1.939494967460632324e+00
-1.242952466011047363e+00
3.453058242797851562e+00
-2.628392875194549561e-01
-1.993120789527893066e+00
-2.626872301101684570e+00
-2.688131332397460938e+00
-3.640456676483154297e+00
-4.575000286102294922e+00
-4.267099380493164062e+00
1.411465048789978027e+00
-1.489732265472412109e+00
1.231056213378906250e+00
-4.463648200035095215e-01
4.135019302368164062e+00
3.817166328430175781e+00
2.809379816055297852e+00
2.526556730270385742e+00
-1.711896896362304688e+00
3.449311256408691406e+00
1.540693402290344238e+00
7.259968519210815430e-01
6.129794120788574219e+00
7.293044924736022949e-01
4.414703369140625000e+00
2.219838380813598633e+00
1.287257552146911621e+00
3.397203922271728516e+00
4.824193000793457031e+00
3.793749332427978516e+00
3.074381351470947266e-01
1.343560099601745605e+00
-1.090435624122619629e+00
2.029435634613037109e+00
-3.188637733459472656e+00
3.636398792266845703e+00
2.518957853317260742e+00
1.420212984085083008e-01
-4.671467840671539307e-01
3.026073217391967773e+00
1.440119385719299316e+00
-1.128584265708923340e+00
2.594826221466064453e+00
2.893151283264160156e+00
