-5.797179222106933594e+00
-4.576131105422973633e-01
9.019212126731872559e-01
-4.805609583854675293e-01
1.722198128700256348e+00
4.103398323059082031e-01
2.168269872665405273e+00
3.559417724609375000e-01
-2.206467151641845703e+00
-3.789227008819580078e-01
-3.716127872467041016e+00
-2.832463264465332031e+00
-2.788624048233032227e+00
-2.258761882781982422e+00
5.840836167335510254e-01
-3.569965124130249023e+00
-4.046751022338867188e+00
-1.200355529785156250e+00
-1.154393434524536133e+00
-5.557222843170166016e+00
-7.348089218139648438e+00
-7.021641135215759277e-01
-2.335675239562988281e+00
-6.439125537872314453e-01
-1.824655771255493164e+00
-5.494268536567687988e-01
2.078518867492675781e-01
-2.211903810501098633e+00
5.761484503746032715e-01
-2.929683208465576172e+00
-5.516043186187744141e+00
-2.336616754531860352e+00
-9.479227066040039062e+00
-4.935556411743164062e+00
-3.326105117797851562e+00
-4.934696197509765625e+00
-1.083455443382263184e+00
-2.069801330566406250e+00
-2.710454165935516357e-02
-1.204962968826293945e+00
-5.873934626579284668e-01
9.132924079895019531e-01
-1.046220541000366211e+00
-2.362727403640747070e+00
4.307862758636474609e+00
2.322554588317871094e+00
4.618199467658996582e-01
-2.073126077651977539e+00
1.872404217720031738e-01
-3.799901485443115234e+00
2.743525981903076172e+00
-2.934798717498779297e+00
-2.181766986846923828e+00
-4.937692165374755859e+00
-3.413331031799316406e+00
-1.747272372245788574e+00
-4.286962509155273438e+00
-4.185304641723632812e+00
-1.285067558288574219e+00
-8.413854837417602539e-01
-3.347510576248168945e+00
-5.864058732986450195e-01
-1.985815525054931641e+00
-3.574902057647705078e+00
-1.819562911987304688e+00
1.694626510143280029e-01
-2.678180217742919922e+00
-4.550535202026367188e+00
-4.593229770660400391e+00
-2.663586139678955078e+00
-5.614588737487792969e+00
-2.045436859130859375e+00
-1.860779523849487305e+00
-3.218722939491271973e-01
1.465806722640991211e+00
-5.706210434436798096e-02
2.525076150894165039e+00
2.260136604309082031e-02
-4.935035228729248047e+00
-1.047887682914733887e+00
-3.596097469329833984e+00
-3.669399261474609375e+00
-2.741959095001220703e+00
-4.250469684600830078e+00
-1.023959636688232422e+00
-4.412516593933105469e+00
-2.041866779327392578e-01
-2.077383995056152344e+00
3.148604631423950195e+00
1.293995141983032227e+00
-4.275530576705932617e-02
-1.586298942565917969e+00
2.169268846511840820e+00
-9.996976852416992188e-01
-3.563944578170776367e+00
-2.176077842712402344e+00
3.480466842651367188e+00
-6.371202468872070312e+00
-5.208470344543457031e+00
-5.911253929138183594e+00
-4.878596782684326172e+00
1.812702655792236328e+00
-4.135939121246337891e+00
4.039114713668823242e-02
-4.388285636901855469e+00
-2.826940774917602539e+00
-7.225752472877502441e-01
-1.113236904144287109e+00
-3.991519689559936523e+00
-5.684980869293212891e+00
-4.184782028198242188e+00
1.077201247215270996e+00
-1.742603302001953125e+00
-3.001936435699462891e+00
-1.992104172706604004e+00
-4.321500778198242188e+00
-6.387560844421386719e+00
-2.138405561447143555e+00
-5.870687007904052734e+00
-6.519887447357177734e+00
-6.407398223876953125e+00
-4.844444751739501953e+00
-2.263118505477905273e+00
-3.322528839111328125e+00
-1.061531662940979004e+00
-3.079280853271484375e+00
-2.781430244445800781e+00
-7.912429571151733398e-01
-1.396085500717163086e+00
-1.654834985733032227e+00
-2.109113931655883789e+00
-1.748478651046752930e+00
-1.126405000686645508e-01
-2.820320367813110352e+00
-2.529432773590087891e+00
-2.037572264671325684e-01
-3.945644855499267578e+00
-4.848407268524169922e+00
-4.476558685302734375e+00
-5.947783470153808594e+00
-2.065420627593994141e+00
-5.456163883209228516e+00
-4.940310478210449219e+00
-4.476226806640625000e+00
-1.367512941360473633e+00
-2.381650447845458984e+00
-4.859185218811035156e+00
-3.720907688140869141e+00
-1.353319764137268066e+00
2.022188901901245117e-01
-1.640596866607666016e+00
-8.887948989868164062e-01
-8.699864149093627930e-01
-6.247100234031677246e-01
1.516230583190917969e+00
2.710891485214233398e+00
2.308270454406738281e+00
1.152546882629394531e+00
-2.222293853759765625e+00
-3.369303643703460693e-01
2.625050067901611328e+00
-8.838114142417907715e-01
8.171604871749877930e-01
-5.840655565261840820e-01
1.111456632614135742e+00
9.264174699783325195e-01
1.662041068077087402e+00
1.251954913139343262e+00
-2.325584888458251953e-01
1.298242568969726562e+00
2.128196954727172852e+00
-8.495436310768127441e-01
1.008720397949218750e+00
1.728536248207092285e+00
-4.523220539093017578e+00
1.794127821922302246e-01
6.664667129516601562e-01
-2.296432971954345703e+00
2.865568995475769043e-01
-3.875538110733032227e+00
-8.273637771606445312e+00
-3.760033249855041504e-01
-1.106900095939636230e+00
2.258980751037597656e+00
-1.044129014015197754e+00
6.936147212982177734e-01
-5.738058090209960938e-01
-1.056465506553649902e-01
1.278538942337036133e+00
8.706725239753723145e-01
5.605251193046569824e-01
1.247908473014831543e+00
-8.711288571357727051e-01
1.037106513977050781e+00
-7.604565620422363281e-01
-1.524446725845336914e+00
-5.467618465423583984e+00
1.533714294433593750e+00
-9.312196969985961914e-01
2.238368749618530273e+00
-3.577563464641571045e-01
8.480284214019775391e-01
1.675070881843566895e+00
1.003254413604736328e+00
1.639609813690185547e+00
-2.331303209066390991e-01
2.752642631530761719e-01
2.228224277496337891e+00
1.111375093460083008e+00
6.627315878868103027e-01
1.832070589065551758e+00
2.172779798507690430e+00
1.010067820549011230e+00
3.031818151473999023e+00
2.923721551895141602e+00
3.275783538818359375e+00
1.977450013160705566e+00
-1.184895634651184082e-01
-3.823762834072113037e-01
6.865614056587219238e-01
4.320918023586273193e-01
1.327193737030029297e+00
4.205029487609863281e+00
-1.157721877098083496e+00
5.025693178176879883e-01
-3.972121477127075195e+00
1.460260868072509766e+00
-6.378654241561889648e-01
1.153147220611572266e+00
2.891159534454345703e+00
6.921845674514770508e-02
6.045964956283569336e-01
3.723928630352020264e-01
4.352602958679199219e+00
-1.534108400344848633e+00
-3.999770402908325195e+00
-6.486721038818359375e-01
8.672842383384704590e-01
2.733066380023956299e-01
8.235775828361511230e-01
1.151229977607727051e+00
-2.006474971771240234e+00
-1.242031455039978027e+00
-4.071392416954040527e-01
-1.253012895584106445e+00
-3.261514425277709961e+00
3.865543365478515625e+00
3.469856739044189453e+00
-1.309422492980957031e+00
-7.504855394363403320e-01
-3.967645645141601562e+00
3.072700262069702148e+00
-1.358622312545776367e+00
8.867383599281311035e-01
-1.753863692283630371e-02
1.172677993774414062e+00
-1.887174993753433228e-01
9.761280417442321777e-01
-8.065521121025085449e-01
-9.572518467903137207e-01
-2.877034902572631836e+00
-3.712381601333618164e+00
-4.226660728454589844e+00
-3.111331760883331299e-01
2.175614595413208008e+00
5.691132321953773499e-02
-2.032296895980834961e+00
2.783271074295043945e-01
-1.513038396835327148e+00
-1.139908671379089355e+00
-1.226973772048950195e+00
-2.136966705322265625e+00
5.677227675914764404e-02
-2.183261156082153320e+00
-2.354777574539184570e+00
9.757272005081176758e-01
-2.394145250320434570e+00
-3.901001214981079102e-01
-4.409742355346679688e+00
-3.465333938598632812e+00
-2.530230045318603516e+00
-5.460074543952941895e-01
4.133181571960449219e+00
1.185054540634155273e+00
-1.189927220344543457e+00
-1.365748643875122070e-01
-3.884625434875488281e+00
-3.378484487533569336e+00
6.541305184364318848e-01
-1.390761375427246094e+00
1.501300096511840820e+00
-3.033948421478271484e+00
1.649594187736511230e+00
-9.295160770416259766e-01
4.973061084747314453e-01
3.073314905166625977e+00
6.901132464408874512e-01
-1.605188250541687012e+00
-3.424164772033691406e+00
-5.624736785888671875e+00
-2.785125255584716797e+00
-1.035948038101196289e+00
-1.732584476470947266e+00
-3.802930355072021484e+00
-4.157051086425781250e+00
-6.155050754547119141e+00
-3.443086385726928711e+00
-3.672228336334228516e+00
-1.574724197387695312e+00
-5.563805699348449707e-01
1.879660129547119141e+00
-3.771291494369506836e+00
-3.597054481506347656e+00
2.926175355911254883e+00
1.742065429687500000e+00
2.773466110229492188e+00
-2.447809219360351562e+00
-2.674260854721069336e+00
1.876127600669860840e+00
2.354114770889282227e+00
-5.850719451904296875e+00
-1.880582094192504883e+00
-9.384540319442749023e-01
2.802301645278930664e-01
-4.068189620971679688e+00
-2.394355297088623047e+00
-5.463722705841064453e+00
-2.385198116302490234e+00
-5.715860843658447266e+00
-2.906877040863037109e+00
-2.369739294052124023e+00
-2.522470951080322266e+00
1.419737696647644043e+00
1.449558258056640625e+00
-1.679436087608337402e+00
-4.099307060241699219e+00
-2.624947547912597656e+00
-9.167912602424621582e-01
2.887573242187500000e-01
5.834364414215087891e+00
3.179892539978027344e+00
1.611798644065856934e+00
-1.153865098953247070e+00
-2.638771533966064453e+00
-3.039936304092407227e+00
1.960193395614624023e+00
1.037505388259887695e+00
-3.120807170867919922e+00
4.813530445098876953e-01
-3.669754028320312500e+00
-2.467368125915527344e+00
-3.945115566253662109e+00
-3.715352773666381836e+00
-2.322247982025146484e+00
2.534889221191406250e+00
2.526975631713867188e+00
-1.937216758728027344e+00
-3.184310913085937500e+00
1.154493331909179688e+00
-2.183577537536621094e+00
-3.960179805755615234e+00
2.007153511047363281e+00
-2.654029607772827148e+00
-3.817327737808227539e+00
7.840091586112976074e-01
-2.394296526908874512e-01
-2.795116424560546875e+00
-5.326096057891845703e+00
-6.152982115745544434e-01
-1.517641663551330566e+00
-3.967245340347290039e+00
-4.200548648834228516e+00
-3.914621114730834961e+00
-3.725960969924926758e+00
-1.710340142250061035e+00
-3.950355768203735352e+00
3.342132568359375000e-01
-9.203514456748962402e-01
-2.164580821990966797e-01
-2.035984039306640625e+00
-7.954647541046142578e-01
-1.358818650245666504e+00
-4.358283042907714844e+00
-1.581623405218124390e-01
-2.304296970367431641e+00
1.479707479476928711e+00
2.296153545379638672e+00
1.457018375396728516e+00
3.946087360382080078e-01
-1.429582834243774414e+00
-8.973314762115478516e-01
-1.636096000671386719e+00
-7.020246982574462891e-01
-1.671490788459777832e+00
-1.686990976333618164e+00
4.245226979255676270e-01
2.655740261077880859e+00
-3.927484035491943359e+00
4.425046443939208984e+00
2.929616928100585938e+00
-8.936240077018737793e-01
2.814500808715820312e+00
3.758725643157958984e+00
-2.197565078735351562e+00
4.750810623168945312e+00
2.633209943771362305e+00
-3.907523453235626221e-01
9.839745759963989258e-01
-2.534043073654174805e+00
2.082757711410522461e+00
1.194672584533691406e+00
7.564533710479736328e+00
4.700541973114013672e+00
2.029619455337524414e+00
1.498277902603149414e+00
2.783426284790039062e+00
2.285448551177978516e+00
3.291539192199707031e+00
-1.395407915115356445e-01
2.039032220840454102e+00
2.565292358398437500e+00
-9.423625469207763672e-01
4.042040407657623291e-01
-1.850505352020263672e+00
7.882433891296386719e+00
2.667351961135864258e+00
1.492253541946411133e+00
4.827281951904296875e+00
-1.506607770919799805e+00
3.253523111343383789e+00
-2.704625368118286133e+00
3.037103652954101562e+00
1.343717336654663086e+00
1.275162100791931152e+00
3.983349084854125977e+00
4.429059982299804688e+00
3.025444030761718750e+00
-1.395765662193298340e+00
-3.239834308624267578e-02
-1.539021492004394531e+00
2.776474952697753906e-01
6.186001896858215332e-01
-2.345931529998779297e+00
3.565982818603515625e+00
-6.827943325042724609e-01
-2.110509872436523438e+00
5.007683277130126953e+00
1.502436041831970215e+00
5.565947294235229492e-01
-5.244835615158081055e-01
4.185716509819030762e-01
-1.175549030303955078e+00
1.765615940093994141e+00
-5.171895623207092285e-01
2.188178062438964844e+00
-2.393731355667114258e+00
4.799604892730712891e+00
3.575277805328369141e+00
1.415657162666320801e+00
2.587049961090087891e+00
-2.418930530548095703e+00
-6.439307928085327148e-01
5.546822547912597656e+00
3.388339519500732422e+00
2.778396129608154297e+00
-1.152180552482604980e+00
-6.675789356231689453e-01
1.138571739196777344e+00
8.898968100547790527e-01
5.129684209823608398e-01
-7.334438562393188477e-01
2.563129663467407227e+00
-6.889361143112182617e-01
-5.093293666839599609e+00
3.097898483276367188e+00
6.557418704032897949e-01
6.509001255035400391e+00
-1.833026528358459473e+00
9.765716552734375000e+00
-5.586821079254150391e+00
1.800144433975219727e+00
3.525825977325439453e+00
2.375846147537231445e+00
5.603625774383544922e-01
-5.861880183219909668e-01
-1.340696692466735840e+00
2.846525311470031738e-01
-2.020456790924072266e+00
-5.134201645851135254e-01
4.275200366973876953e+00
-6.010760068893432617e-01
-2.642630815505981445e+00
5.729142665863037109e+00
-8.991386294364929199e-01
3.169852495193481445e+00
-1.027192950248718262e+00
2.917150020599365234e+00
5.979877710342407227e-01
9.043154120445251465e-01
1.480229377746582031e+00
5.904220938682556152e-01
3.672727584838867188e+00
2.818113803863525391e+00
5.871437788009643555e-01
5.313397884368896484e+00
6.773468852043151855e-01
-2.992754459381103516e+00
-2.940370142459869385e-02
7.348200082778930664e-01
4.418402671813964844e+00
1.772943496704101562e+00
-3.670814752578735352e+00
-6.857383728027343750e+00
-1.965688943862915039e+00
1.210214853286743164e+00
-3.990224003791809082e-01
2.216565608978271484e+00
3.040498971939086914e+00
3.808653354644775391e+00
5.463141918182373047e+00
5.940473079681396484e+00
-8.962600231170654297e-01
-7.287216186523437500e-01
3.561239242553710938e+00
-4.387979984283447266e+00
-1.059301614761352539e+00
4.725761890411376953e+00
9.523198604583740234e-01
-3.171394109725952148e+00
1.252007842063903809e+00
6.711690902709960938e+00
1.427160024642944336e+00
7.640627622604370117e-01
5.999825954437255859e+00
-1.624773502349853516e+00
-7.272302627563476562e+00
1.177054882049560547e+00
2.149876356124877930e-01
-8.918327093124389648e-01
5.667254447937011719e+00
4.611301422119140625e-02
9.476186633110046387e-01
5.046648025512695312e+00
-1.999008059501647949e+00
-2.530825138092041016e+00
3.024192094802856445e+00
1.815804958343505859e+00
1.438209056854248047e+00
-2.694867610931396484e+00
9.015583038330078125e+00
-3.609610557556152344e+00
-5.827048301696777344e+00
4.814690589904785156e+00
2.429264783859252930e+00
-3.212700605392456055e+00
2.882309675216674805e+00
4.408657073974609375e+00
1.733603477478027344e+00
3.042728424072265625e+00
3.014157295227050781e+00
1.535716056823730469e+00
-3.620404005050659180e-02
2.341495752334594727e+00
2.736910820007324219e+00
2.135825395584106445e+00
4.304113388061523438e+00
-2.839795112609863281e+00
-5.067873477935791016e+00
2.455738306045532227e+00
1.304556876420974731e-01
-5.694371461868286133e-01
-3.313330173492431641e+00
1.132973551750183105e+00
-1.224412560462951660e+00
-2.600860834121704102e+00
4.175680875778198242e-01
7.279363870620727539e-01
1.535869359970092773e+00
5.877625942230224609e-01
1.839389801025390625e-01
8.596271276473999023e-01
-3.748536407947540283e-01
4.517218112945556641e+00
-3.509442090988159180e+00
1.219885468482971191e+00
3.567600488662719727e+00
2.083638191223144531e+00
-1.557164072990417480e+00
4.251944541931152344e+00
-3.747413158416748047e-01
-2.389673471450805664e+00
5.860728263854980469e+00
-1.555953502655029297e+00
4.529297351837158203e-01
-1.520385980606079102e+00
-7.028316259384155273e-01
2.660679519176483154e-01
2.748489379882812500e-01
7.788211107254028320e-01
2.051812410354614258e+00
-1.187525987625122070e-01
1.075389623641967773e+00
3.300021886825561523e+00
5.484908819198608398e-02
-5.756754398345947266e+00
8.912705779075622559e-01
3.419965505599975586e+00
-3.542271852493286133e+00
3.559742450714111328e+00
-1.986250519752502441e+00
5.287227034568786621e-01
8.429647445678710938e+00
2.448285579681396484e+00
2.371531248092651367e+00
-3.753426671028137207e-02
-1.674626350402832031e+00
2.582486629486083984e+00
5.480460166931152344e+00
1.074314117431640625e+00
4.293955326080322266e+00
4.695782661437988281e+00
-5.512247979640960693e-02
-1.508041501045227051e+00
-1.068037748336791992e-01
1.294418573379516602e+00
-8.689676523208618164e-01
-2.223308086395263672e-01
-1.142006993293762207e+00
2.290336370468139648e+00
-1.323283195495605469e+00
-1.275408267974853516e-01
1.745353102684020996e+00
-2.810375690460205078e-01
-3.642460107803344727e-01
-2.922507226467132568e-01
-8.821192383766174316e-01
6.994205951690673828e+00
3.084933996200561523e+00
2.473050951957702637e-01
1.728109359741210938e+00
-3.541965961456298828e+00
5.451868474483489990e-02
3.385252952575683594e+00
-1.412634968757629395e+00
2.201491594314575195e+00
4.629619121551513672e+00
1.273381471633911133e+00
3.904779434204101562e+00
-8.583739995956420898e-01
-2.024330139160156250e+00
-1.377648949623107910e+00
6.206791400909423828e+00
9.762667417526245117e-01
6.034482717514038086e-01
-6.972153186798095703e-01
7.164681434631347656e+00
8.130990266799926758e-01
1.117615699768066406e+00
2.935415029525756836e+00
3.366194486618041992e+00
1.622015237808227539e+00
-3.380200386047363281e+00
6.227520465850830078e+00
1.991805672645568848e+00
2.659723997116088867e+00
-1.025645494461059570e+00
3.048119544982910156e-01
1.105091333389282227e+00
2.604817867279052734e+00
6.958387374877929688e+00
-2.163868904113769531e+00
4.109921932220458984e+00
7.305039763450622559e-01
1.282330274581909180e+00
-2.280438542366027832e-01
2.396832942962646484e+00
4.045480489730834961e-02
-2.174734592437744141e+00
4.495036602020263672e-01
-2.107000827789306641e+00
-4.494514465332031250e-01
2.838283777236938477e-01
-1.975645065307617188e+00
1.622937679290771484e+00
-9.980357289314270020e-01
-6.479662060737609863e-01
-1.403534889221191406e+00
2.551972270011901855e-01
4.987958431243896484e+00
1.130455732345581055e+00
2.626511812210083008e+00
1.487275481224060059e+00
4.484386444091796875e+00
-3.196567535400390625e+00
-4.008047580718994141e-01
4.531675338745117188e+00
2.802176475524902344e+00
1.745197772979736328e+00
3.509038686752319336e-01
3.040180444717407227e+00
3.020088434219360352e+00
2.507585048675537109e+00
4.308028221130371094e+00
1.066838622093200684e+00
6.128263473510742188e+00
6.946243047714233398e-01
2.225271701812744141e+00
2.476401567459106445e+00
6.088796854019165039e-01
7.462155818939208984e+00
-5.095136642456054688e+00
-2.285278797149658203e+00
-2.074659109115600586e+00
9.810507297515869141e-01
-8.014512062072753906e-01
-6.554835319519042969e+00
5.096946239471435547e+00
-5.596821904182434082e-01
1.689051508903503418e+00
-4.373460769653320312e+00
-3.098563432693481445e+00
7.096459388732910156e+00
3.169043064117431641e+00
1.478688418865203857e-01
2.396079063415527344e+00
6.234553456306457520e-01
-5.272732734680175781e+00
3.172184228897094727e-01
2.289789199829101562e+00
-2.185720682144165039e+00
1.850738048553466797e+00
8.184230327606201172e-02
-2.112255334854125977e+00
-2.749083042144775391e-01
-3.655046224594116211e-02
4.253938198089599609e+00
3.572728395462036133e+00
2.660500288009643555e+00
2.126065254211425781e+00
1.748217225074768066e+00
-1.838853359222412109e+00
7.382747650146484375e+00
2.224035739898681641e+00
2.870367050170898438e+00
1.179373741149902344e+00
-4.441408157348632812e+00
5.178409814834594727e-02
1.420646190643310547e+00
5.368208408355712891e+00
1.882498979568481445e+00
6.658828735351562500e+00
2.878956556320190430e+00
5.766233921051025391e+00
4.342355132102966309e-01
-7.256462574005126953e-01
-2.958377599716186523e+00
2.945426464080810547e+00
1.631999850273132324e+00
-2.964135646820068359e+00
6.259652376174926758e-01
-6.730509996414184570e-01
4.658586382865905762e-01
4.935252666473388672e+00
6.536346673965454102e-01
4.662591934204101562e+00
-1.319407224655151367e+00
-1.029626369476318359e+00
-5.274616479873657227e-01
8.551194071769714355e-01
3.552360057830810547e+00
-2.284048557281494141e+00
-9.715856313705444336e-01
2.272193670272827148e+00
-3.274446964263916016e+00
-1.323603868484497070e+00
5.171536445617675781e+00
-6.902801394462585449e-01
2.718934535980224609e+00
1.422380089759826660e+00
2.258625507354736328e+00
-7.751942873001098633e-01
5.315950393676757812e+00
1.521579861640930176e+00
2.460366487503051758e-01
-2.489714384078979492e+00
-4.547746658325195312e+00
1.370989084243774414e+00
2.113063812255859375e+00
4.513229370117187500e+00
2.910198569297790527e-01
6.237310409545898438e+00
3.131099939346313477e+00
1.721416473388671875e+00
-4.485072135925292969e+00
6.974328517913818359e+00
4.698317527770996094e+00
3.428016304969787598e-01
9.604073762893676758e-01
2.191773176193237305e+00
1.471270322799682617e+00
-1.409957885742187500e+00
-2.288859844207763672e+00
-5.631417751312255859e+00
-2.237658739089965820e+00
-3.162123441696166992e+00
1.314666509628295898e+00
5.311388969421386719e+00
-8.250075578689575195e-01
3.061324596405029297e+00
1.453119277954101562e+00
-4.159470558166503906e+00
-2.646002054214477539e+00
5.036981701850891113e-01
-1.710463047027587891e+00
-1.832457423210144043e+00
2.853948831558227539e+00
8.114798069000244141e-01
-1.090436577796936035e+00
-3.313914299011230469e+00
2.834726810455322266e+00
-3.607527017593383789e-01
-2.499913573265075684e-01
2.682272911071777344e+00
-2.529358386993408203e+00
5.726199150085449219e+00
1.820543289184570312e+00
-2.896801531314849854e-01
-4.762364864349365234e+00
2.380471706390380859e+00
3.452515125274658203e+00
2.301830530166625977e+00
2.150540351867675781e+00
1.173452138900756836e+00
-4.590159654617309570e-02
1.644908428192138672e+00
-2.623632907867431641e+00
6.000721931457519531e+00
6.297499179840087891e+00
-5.519866943359375000e-01
3.981615304946899414e-01
4.831853389739990234e+00
2.421635866165161133e+00
2.464702606201171875e+00
1.374816894531250000e+00
2.352847814559936523e+00
5.161334276199340820e-01
1.114395618438720703e+00
-1.583249807357788086e+00
-1.020053863525390625e+00
9.665629863739013672e-01
1.230409443378448486e-01
2.381590604782104492e+00
3.542650461196899414e+00
-1.519399523735046387e+00
5.410788059234619141e+00
-1.248719692230224609e+00
-2.860635042190551758e+00
-2.250058174133300781e+00
2.315506935119628906e+00
-1.467314362525939941e-02
-2.446312308311462402e-01
-1.562887668609619141e+00
2.218742609024047852e+00
-2.828325033187866211e-01
-1.694439530372619629e+00
4.635580062866210938e+00
2.719864845275878906e+00
7.065467834472656250e-01
2.694061517715454102e+00
-1.384684741497039795e-01
-1.809775978326797485e-01
-7.230836749076843262e-01
-7.515161633491516113e-01
1.381972670555114746e+00
7.903602123260498047e-01
1.443774223327636719e+00
-5.960666537284851074e-01
9.892427921295166016e-01
-4.377995491027832031e+00
6.467836380004882812e+00
2.420706510543823242e+00
1.109987854957580566e+00
1.789932727813720703e+00
1.660255193710327148e+00
-1.881529092788696289e+00
7.541532516479492188e-01
1.777308464050292969e+00
-1.523233652114868164e-01
2.230177640914916992e+00
-5.278132557868957520e-01
5.517871856689453125e+00
-5.705904483795166016e+00
4.038844585418701172e+00
8.196465492248535156e+00
1.035526990890502930e+00
3.060506343841552734e+00
8.318114876747131348e-01
2.027423858642578125e+00
1.050472259521484375e-02
-3.608105182647705078e+00
-1.154450178146362305e-01
-4.186883926391601562e+00
9.598680734634399414e-01
-2.543295383453369141e+00
3.949440002441406250e+00
8.626341819763183594e-03
-9.260883331298828125e-01
1.751866340637207031e+00
2.717073440551757812e+00
-3.452343463897705078e+00
1.115811467170715332e-01
2.209716320037841797e+00
4.090317726135253906e+00
3.896925449371337891e+00
-3.083193063735961914e+00
1.860090970993041992e+00
3.593204021453857422e+00
5.405243873596191406e+00
2.639996290206909180e+00
3.636857032775878906e+00
-1.371982216835021973e+00
4.367336273193359375e+00
6.764864921569824219e+00
-4.424748897552490234e+00
-2.255178451538085938e+00
-1.295152902603149414e+00
-4.295116901397705078e+00
-4.240021228790283203e+00
-2.442663669586181641e+00
2.617966413497924805e+00
-4.235611438751220703e+00
-4.928736209869384766e+00
3.738091588020324707e-01
-5.651717662811279297e+00
-1.422548294067382812e-01
-6.000642299652099609e+00
-1.406391978263854980e+00
-1.240427732467651367e+00
-1.905515313148498535e+00
-3.506526947021484375e+00
-5.524621963500976562e+00
-5.640379428863525391e+00
-3.455876827239990234e+00
-3.489738464355468750e+00
-2.798429012298583984e+00
-3.222673892974853516e+00
-2.307382225990295410e-02
-4.074012756347656250e+00
-2.844604969024658203e+00
-8.368253111839294434e-01
1.505289554595947266e+00
-1.986167669296264648e+00
-2.374817371368408203e+00
9.456737339496612549e-02
1.101701498031616211e+00
-5.615507364273071289e-01
-2.048604726791381836e+00
-4.771555423736572266e+00
4.241695404052734375e-01
-3.300711631774902344e+00
-2.196696758270263672e+00
-3.409415483474731445e+00
-5.635822296142578125e+00
-1.726314306259155273e+00
-4.617619514465332031e+00
-2.150250196456909180e+00
3.291715145111083984e+00
-2.340196609497070312e+00
1.801528930664062500e+00
-5.111637711524963379e-01
7.409501075744628906e-02
3.216723442077636719e+00
1.183304786682128906e-01
3.977048397064208984e-01
-1.593407511711120605e+00
1.233539462089538574e+00
-1.104382157325744629e+00
-2.022845745086669922e-01
2.052758216857910156e+00
5.630064010620117188e-02
-4.238259196281433105e-01
9.459420442581176758e-01
1.477901935577392578e+00
2.663870811462402344e+00
1.302010416984558105e-01
1.455602645874023438e+00
-2.826050996780395508e+00
-1.634150028228759766e+00
-4.744132041931152344e+00
-3.165148496627807617e+00
-7.429570674896240234e+00
-7.819089889526367188e-01
-2.823018312454223633e+00
-3.757086038589477539e+00
-8.133909225463867188e+00
-3.126550674438476562e+00
-4.062413215637207031e+00
-5.050827026367187500e+00
-2.099471569061279297e+00
5.144537448883056641e+00
