-2.192888259887695312e-01
1.027253627777099609e+00
-2.076433897018432617e+00
1.841033697128295898e-01
4.567022323608398438e+00
-4.872002005577087402e-01
3.893087387084960938e+00
1.335514903068542480e+00
-4.578118324279785156e-01
5.465301275253295898e-01
-4.794036865234375000e+00
-4.134419441223144531e+00
-3.072149753570556641e+00
-2.049319267272949219e+00
1.180954873561859131e-01
-1.377763509750366211e+00
-2.543771505355834961e+00
1.362622380256652832e+00
-5.815070867538452148e-01
-4.557422637939453125e+00
-7.219989299774169922e+00
1.263254523277282715e+00
-1.852408051490783691e+00
-1.149336099624633789e+00
-1.614963293075561523e+00
-3.284215211868286133e+00
-7.675865292549133301e-02
1.315107822418212891e+00
-1.171323180198669434e+00
-5.295816421508789062e+00
-2.932386159896850586e+00
-1.168575763702392578e+00
-3.750476837158203125e+00
-2.946358919143676758e-02
2.392248392105102539e+00
-1.448731541633605957e+00
-4.051089882850646973e-01
-3.435319662094116211e-01
9.862958192825317383e-01
5.513142347335815430e-01
-1.814836144447326660e+00
-1.271301627159118652e+00
1.489444017410278320e+00
2.098445296287536621e-01
9.589241743087768555e-01
2.722805142402648926e-01
7.833749055862426758e-03
8.466556072235107422e-01
1.256657361984252930e+00
-2.893409490585327148e+00
-1.280379295349121094e-01
-2.278256416320800781e+00
9.701886773109436035e-01
-2.185594797134399414e+00
1.835587263107299805e+00
4.317390620708465576e-01
9.576605558395385742e-01
-3.326862812042236328e+00
2.592070817947387695e+00
-1.825189232826232910e+00
2.255015611648559570e+00
9.376393556594848633e-01
-1.949075460433959961e-01
2.398408174514770508e+00
2.180167436599731445e+00
4.390743732452392578e+00
2.790555238723754883e+00
1.067822813987731934e+00
2.367591619491577148e+00
-7.014424204826354980e-01
-4.663938522338867188e+00
9.325180649757385254e-01
-4.220337867736816406e+00
-2.583160161972045898e+00
2.711215317249298096e-01
-2.412336111068725586e+00
1.502160131931304932e-01
3.158563077449798584e-01
1.404119372367858887e+00
-5.909357070922851562e-01
-6.780544519424438477e-01
-2.786702156066894531e+00
3.451055884361267090e-01
-1.135141253471374512e+00
-2.133365869522094727e-01
-3.852347373962402344e+00
-1.203446149826049805e+00
-3.540493249893188477e+00
2.625772237777709961e+00
-1.587404727935791016e+00
-1.035378694534301758e+00
9.702444076538085938e-04
1.667122006416320801e+00
-8.359853625297546387e-01
4.743844866752624512e-01
-2.956387996673583984e+00
1.373162627220153809e+00
-2.842140197753906250e+00
-1.397640228271484375e+00
-2.661112070083618164e+00
-1.926858901977539062e+00
-3.701257109642028809e-01
-3.346952915191650391e+00
-1.679635643959045410e-01
-1.032001852989196777e+00
-4.773992061614990234e+00
-1.768026471138000488e+00
-2.133537530899047852e+00
3.045434474945068359e+00
1.272699117660522461e+00
1.142709493637084961e+00
-1.750773310661315918e+00
1.593335986137390137e+00
-1.200052499771118164e+00
-2.613765716552734375e+00
-2.566056251525878906e-01
-3.729798197746276855e-01
2.289808988571166992e-01
1.222322583198547363e-01
1.237273216247558594e+00
1.307593345642089844e+00
-1.477480888366699219e+00
2.319314777851104736e-01
-2.328925609588623047e+00
1.540179252624511719e+00
-1.939098834991455078e-01
-2.790737867355346680e+00
-4.184250831604003906e-01
-1.261123657226562500e+00
-1.278268814086914062e+00
-9.293310642242431641e-01
-7.166900038719177246e-01
-2.440751314163208008e+00
-1.818681716918945312e+00
-5.311143398284912109e-01
-1.117347121238708496e+00
-7.605396509170532227e-01
-3.517667055130004883e+00
-1.696771383285522461e-01
-2.431964159011840820e+00
-2.445633172988891602e+00
-1.971379518508911133e+00
-1.530357122421264648e+00
-2.320049285888671875e+00
1.865053176879882812e-01
-2.943383216857910156e+00
-1.149099588394165039e+00
-7.771387100219726562e-01
-1.236873865127563477e+00
-2.037645578384399414e+00
-1.121941328048706055e+00
-1.921246647834777832e-01
-2.202569484710693359e+00
-6.175586581230163574e-01
5.527740716934204102e-02
-1.646658182144165039e+00
-2.169893741607666016e+00
-1.660731077194213867e+00
-6.915308237075805664e-01
3.668246746063232422e+00
-1.368384838104248047e+00
-1.126301288604736328e+00
1.078431844711303711e+00
1.154459476470947266e+00
7.830640673637390137e-01
5.735977292060852051e-01
-1.593843400478363037e-01
-9.609227180480957031e-01
1.996945619583129883e+00
-1.299180030822753906e+00
-1.235469341278076172e+00
-9.559831023216247559e-01
-8.952045440673828125e-01
-2.754976153373718262e-01
-7.986816763877868652e-01
-9.165648221969604492e-01
3.492598533630371094e-01
-1.992409706115722656e+00
1.104878187179565430e+00
-1.645690202713012695e+00
-9.524685144424438477e-01
2.250623703002929688e+00
1.243026494979858398e+00
5.924914479255676270e-01
2.421987056732177734e+00
7.617915868759155273e-01
-5.093761086463928223e-01
-2.895458936691284180e-01
2.322512626647949219e+00
1.831537961959838867e+00
-2.742262363433837891e+00
3.136375427246093750e+00
-1.106881856918334961e+00
7.459663152694702148e-01
-3.385411739349365234e+00
-2.607384443283081055e+00
-1.320788621902465820e+00
2.137567520141601562e+00
1.683934807777404785e+00
5.253922343254089355e-01
-2.297012090682983398e+00
1.651735067367553711e+00
-2.165231704711914062e-01
-2.133158206939697266e+00
1.602135896682739258e+00
-1.190994024276733398e+00
1.814248561859130859e+00
-2.065849304199218750e+00
-3.849965631961822510e-01
1.364180684089660645e+00
6.220958828926086426e-01
3.621150970458984375e+00
-1.377906322479248047e+00
8.005155324935913086e-01
-4.762293398380279541e-01
-1.149148821830749512e+00
-2.883197069168090820e-01
-1.543193101882934570e+00
-2.163192033767700195e+00
-1.764568328857421875e+00
-2.132599592208862305e+00
4.932668805122375488e-01
-2.103087306022644043e-01
6.788756847381591797e-01
1.297965049743652344e-01
-3.082408308982849121e-01
9.082463383674621582e-01
6.089963912963867188e-01
-2.297655105590820312e+00
6.008700132369995117e-01
1.097221732139587402e+00
1.820454001426696777e+00
-8.359649181365966797e-01
1.614738583564758301e+00
3.435044050216674805e+00
-1.944579482078552246e-01
-1.255582213401794434e+00
2.657819032669067383e+00
-4.105357527732849121e-01
-1.758756637573242188e+00
-7.991957664489746094e-01
-2.966032505035400391e+00
9.751467704772949219e-01
6.683422923088073730e-01
5.519189834594726562e-01
1.004834622144699097e-01
-9.213489294052124023e-02
-1.421818137168884277e-01
1.844316720962524414e+00
1.559320807456970215e+00
1.699331402778625488e-01
1.033791661262512207e+00
-1.991419643163681030e-01
2.169882059097290039e-01
3.235399961471557617e+00
1.140400171279907227e+00
6.110003590583801270e-01
-1.513292789459228516e-01
-1.539126157760620117e+00
-1.592234849929809570e+00
1.772182941436767578e+00
-7.543321847915649414e-01
1.340934991836547852e+00
-5.140297412872314453e-01
-9.240967631340026855e-01
1.098365902900695801e+00
-1.246375322341918945e+00
-9.695470333099365234e-02
-2.527753829956054688e+00
9.423081874847412109e-01
-8.634989261627197266e-01
7.545702457427978516e-01
1.274299979209899902e+00
1.834319949150085449e+00
2.125318050384521484e+00
-1.235856533050537109e+00
-7.942812442779541016e-01
-4.061648547649383545e-01
-9.755065441131591797e-01
5.635775327682495117e-01
1.081235885620117188e+00
4.210627973079681396e-01
-8.852034807205200195e-01
-2.086837053298950195e+00
-2.984500408172607422e+00
-2.895569801330566406e+00
-1.758111864328384399e-01
-1.972174644470214844e-01
5.508735775947570801e-01
-3.098360538482666016e+00
-4.798954725265502930e-01
3.033168554306030273e+00
1.030086398124694824e+00
3.350358963012695312e+00
-3.870218753814697266e+00
-2.206486940383911133e+00
-2.935633897781372070e+00
-2.821391344070434570e+00
1.290735602378845215e+00
-1.708171248435974121e+00
-1.612517118453979492e+00
-3.265629768371582031e+00
-1.343898534774780273e+00
-2.104097604751586914e+00
-4.544068336486816406e+00
-1.718204617500305176e+00
-4.795284748077392578e+00
-2.992038726806640625e+00
-3.423374891281127930e+00
-2.179786682128906250e+00
2.304695606231689453e+00
8.419264554977416992e-01
-1.473737239837646484e+00
-2.113664865493774414e+00
-6.590780615806579590e-01
-1.329950451850891113e+00
-4.190178394317626953e+00
-9.420163035392761230e-01
-3.407377719879150391e+00
-2.916673421859741211e-01
-1.199204921722412109e+00
1.103491783142089844e-01
-3.047280311584472656e+00
8.658441305160522461e-01
-6.090818047523498535e-01
-4.439241886138916016e-01
-3.379316806793212891e+00
3.416810750961303711e+00
1.501840949058532715e+00
5.206886529922485352e-01
8.970047235488891602e-01
-2.752790451049804688e-01
-8.135668635368347168e-01
-3.080318927764892578e+00
-5.820211887359619141e+00
-4.352322578430175781e+00
-6.396300792694091797e-01
-4.279413223266601562e+00
2.411894798278808594e-01
2.235435247421264648e+00
2.965211629867553711e+00
-1.360768675804138184e+00
-4.035923480987548828e-01
1.266443014144897461e+00
-3.057245254516601562e+00
4.347486019134521484e+00
1.602805972099304199e+00
-8.478707671165466309e-01
-1.609403491020202637e-01
-1.184865593910217285e+00
-5.132138729095458984e-01
2.350103378295898438e+00
5.565404891967773438e-02
7.832456827163696289e-01
3.652394771575927734e+00
9.665046930313110352e-01
-1.368064403533935547e+00
8.983991146087646484e-01
1.198784470558166504e+00
5.240976810455322266e-01
1.077184438705444336e+00
2.230991423130035400e-01
-1.690359950065612793e+00
-4.852159619331359863e-01
-2.297588825225830078e+00
6.167099475860595703e-01
-2.242237806320190430e+00
-4.520223617553710938e+00
-4.749341011047363281e+00
-1.424946665763854980e+00
-4.137980937957763672e+00
-3.528419494628906250e+00
-1.895455241203308105e+00
-4.101002216339111328e+00
-3.029432058334350586e+00
-4.314679145812988281e+00
-9.291172027587890625e-04
-5.575949192047119141e+00
-3.487880706787109375e+00
-3.625893592834472656e+00
-2.163387298583984375e+00
-2.635789394378662109e+00
-4.481099605560302734e+00
-1.846373915672302246e+00
-3.744272708892822266e+00
5.372226834297180176e-01
5.388268232345581055e-01
-3.014907360076904297e+00
-2.327067852020263672e+00
7.635968923568725586e-02
5.784149765968322754e-01
5.788485407829284668e-01
1.052748799324035645e+00
2.127448320388793945e+00
-2.723103284835815430e+00
-1.026612043380737305e+00
2.630560874938964844e+00
-1.149541139602661133e-01
1.644311666488647461e+00
-9.296224117279052734e-01
-2.135830163955688477e+00
-1.321432352066040039e+00
-3.751783072948455811e-01
-2.894714355468750000e+00
9.030661582946777344e-01
2.050899267196655273e+00
1.136190891265869141e-01
-2.656414985656738281e+00
1.656819224357604980e+00
1.732224225997924805e+00
-4.471607804298400879e-01
2.963128328323364258e+00
1.295558810234069824e+00
2.730359315872192383e+00
5.695435047149658203e+00
-1.941177845001220703e+00
-1.814957141876220703e+00
3.638648509979248047e+00
-2.026288509368896484e+00
4.278185367584228516e+00
-1.155912399291992188e+00
-4.001646995544433594e+00
2.093671560287475586e+00
-4.042622447013854980e-02
3.064304828643798828e+00
4.019406795501708984e+00
-1.849407196044921875e+00
3.261504173278808594e+00
2.508042335510253906e+00
4.406136512756347656e+00
-1.445825576782226562e+00
-8.935371041297912598e-01
-3.022013425827026367e+00
1.730637550354003906e+00
4.956645011901855469e+00
4.766517281532287598e-01
1.070207595825195312e+00
1.107979297637939453e+00
-1.286523461341857910e+00
1.141082286834716797e+00
-8.510969877243041992e-01
5.549933910369873047e-01
-4.241631031036376953e+00
6.010643005371093750e+00
1.743565559387207031e+00
2.742959260940551758e+00
3.438645601272583008e-01
2.295198678970336914e+00
-8.979627490043640137e-02
-2.104821056127548218e-01
8.975381255149841309e-01
-5.722686648368835449e-01
-2.003518044948577881e-01
1.857321977615356445e+00
-1.264295220375061035e+00
1.081637144088745117e-01
1.068158388137817383e+00
5.510807991027832031e+00
2.737497329711914062e+00
4.450705528259277344e+00
5.427139997482299805e-01
6.754773855209350586e-02
2.923114538192749023e+00
2.241775989532470703e+00
6.010195016860961914e-01
1.311189889907836914e+00
-4.174942493438720703e+00
-2.715342044830322266e+00
-1.782424926757812500e+00
-6.342834830284118652e-01
-1.283830523490905762e+00
1.127592772245407104e-01
1.345632195472717285e+00
8.951672315597534180e-01
4.191431045532226562e+00
-8.374915719032287598e-01
6.890536546707153320e-01
-2.142943441867828369e-01
2.777080535888671875e+00
-2.709217548370361328e+00
-9.814090728759765625e-01
2.088150978088378906e+00
-1.553390026092529297e+00
4.066142559051513672e+00
-7.641786336898803711e-01
-1.433688640594482422e+00
3.481249213218688965e-01
2.301106452941894531e-01
1.520752429962158203e+00
3.879589319229125977e+00
-7.602095603942871094e-01
-2.335065603256225586e+00
3.975710391998291016e+00
-5.482338666915893555e-01
-5.014626502990722656e+00
-1.180987477302551270e+00
3.037513256072998047e+00
1.474535584449768066e+00
1.628172874450683594e+00
-2.945792198181152344e+00
2.710228681564331055e+00
1.818558096885681152e+00
3.895686388015747070e+00
-8.684566617012023926e-01
6.170591115951538086e-01
8.188529014587402344e-01
-1.846570968627929688e+00
-1.227079510688781738e+00
1.696489006280899048e-01
1.377826690673828125e+00
2.118697404861450195e+00
6.812687963247299194e-02
-3.253840208053588867e+00
1.089138984680175781e-01
3.070580720901489258e+00
4.513916969299316406e+00
1.092017889022827148e+00
1.600757837295532227e+00
1.735012412071228027e+00
3.836617231369018555e+00
8.166655302047729492e-01
-2.733195304870605469e+00
-1.194511771202087402e+00
-9.539144039154052734e-01
-2.366036891937255859e+00
-4.508341550827026367e-01
-2.069063425064086914e+00
-2.697845697402954102e-01
-2.433359622955322266e+00
2.792534828186035156e+00
3.755881190299987793e-01
-1.665696501731872559e-01
-6.573352813720703125e-01
8.054819107055664062e+00
-2.849528551101684570e+00
-4.141760826110839844e+00
-2.964454889297485352e-01
3.449388504028320312e+00
-3.212034702301025391e-03
9.667452812194824219e+00
1.329263448715209961e-01
-2.088662624359130859e+00
-1.620334744453430176e+00
2.488416671752929688e+00
-9.278934001922607422e-01
-1.287081122398376465e+00
-1.697124004364013672e+00
-1.555721521377563477e+00
-5.468167066574096680e-01
6.259177207946777344e+00
-2.891100168228149414e+00
-2.506326913833618164e+00
2.600682020187377930e+00
9.130223989486694336e-01
-5.791363716125488281e-01
1.053525507450103760e-02
3.424812316894531250e+00
2.535614490509033203e+00
1.725809097290039062e+00
3.242890596389770508e+00
2.399841547012329102e-01
2.884091138839721680e-01
3.329202175140380859e+00
-2.904310703277587891e+00
-3.913499832153320312e+00
2.418452978134155273e+00
-2.247532367706298828e+00
-3.554682493209838867e+00
-1.355028748512268066e+00
1.193466782569885254e+00
9.741269350051879883e-01
-2.643802881240844727e+00
1.317492246627807617e+00
-1.397176742553710938e+00
-5.781831145286560059e-01
-2.228072643280029297e+00
-1.683986544609069824e+00
-3.437849283218383789e+00
-3.428389072418212891e+00
7.635122537612915039e-01
3.243420422077178955e-01
2.712832093238830566e-01
-1.797490119934082031e-01
-2.225502967834472656e+00
3.623669147491455078e+00
1.768483400344848633e+00
-7.917869091033935547e-02
2.207621097564697266e+00
4.124958515167236328e+00
1.051480770111083984e-01
7.652205824851989746e-01
7.732474327087402344e+00
-2.062831640243530273e+00
1.176364421844482422e+00
2.746961116790771484e-01
3.010278224945068359e+00
3.094274520874023438e+00
9.215986728668212891e-01
-1.335165023803710938e+00
3.761893749237060547e+00
2.353806495666503906e+00
-1.348992109298706055e+00
-5.485429614782333374e-02
2.728443145751953125e+00
-2.262368917465209961e+00
-7.610399127006530762e-01
1.509050369262695312e+00
4.330661892890930176e-01
1.761997818946838379e+00
9.572138786315917969e-01
1.352056145668029785e+00
8.920580863952636719e+00
6.688940525054931641e-02
1.972726583480834961e+00
8.345060050487518311e-02
-3.579367697238922119e-01
5.968145370483398438e+00
-1.190031051635742188e+00
-1.038707852363586426e+00
-3.502986431121826172e-01
5.001062154769897461e-01
2.310084700584411621e-01
-1.701795816421508789e+00
-3.401148319244384766e+00
-1.308092713356018066e+00
2.492225170135498047e+00
-1.207201242446899414e+00
-3.422030925750732422e+00
3.152301907539367676e-01
-8.246805667877197266e-01
-8.066362142562866211e-02
-1.076694488525390625e+00
-7.155114412307739258e-01
-2.714994907379150391e+00
-3.845302462577819824e-01
-1.505778074264526367e+00
4.425570011138916016e+00
5.051023960113525391e+00
3.823214292526245117e+00
5.443362236022949219e+00
4.058553218841552734e+00
-1.504820942878723145e+00
-2.565306901931762695e+00
5.024537444114685059e-01
-9.044380187988281250e-01
3.262198686599731445e+00
4.414184570312500000e+00
1.604220986366271973e+00
-8.021250963211059570e-01
2.444209337234497070e+00
-3.005539417266845703e+00
3.141194880008697510e-01
-5.005574226379394531e-02
2.150078296661376953e+00
-9.591118693351745605e-01
1.711864233016967773e+00
-8.755981922149658203e-01
-1.580616474151611328e+00
5.872031211853027344e+00
8.483922481536865234e-01
1.811421394348144531e+00
2.953003168106079102e+00
-6.165874004364013672e-02
-6.683023571968078613e-01
1.576413631439208984e+00
1.912406444549560547e+00
1.483812451362609863e+00
-6.101918220520019531e-02
1.925828456878662109e-01
1.202430129051208496e-01
-2.020179033279418945e-01
1.144631743431091309e+00
1.411438226699829102e+00
-4.390583992004394531e+00
-2.368601322174072266e+00
-1.354706287384033203e+00
1.725873351097106934e+00
2.443630695343017578e-01
2.616080641746520996e-01
-1.331756114959716797e+00
1.297007918357849121e+00
-6.341871023178100586e-01
-9.479665756225585938e-01
-1.586666107177734375e+00
-3.243217945098876953e+00
-1.388893365859985352e+00
-1.848815679550170898e-01
-2.353514194488525391e+00
-9.125036001205444336e-01
-2.554888963699340820e+00
4.233819961547851562e+00
1.886593222618103027e+00
3.297826528549194336e+00
3.168438196182250977e+00
1.973618745803833008e+00
3.669851303100585938e+00
2.529159069061279297e+00
1.429662942886352539e+00
9.281450510025024414e-01
-9.671427607536315918e-01
1.535776138305664062e+00
4.924869060516357422e+00
-1.116767644882202148e+00
3.759518146514892578e+00
3.654886245727539062e+00
-7.554556131362915039e-01
-2.424766063690185547e+00
2.929403483867645264e-01
-1.221340417861938477e+00
4.399610042572021484e+00
1.397130966186523438e+00
-1.464012861251831055e-01
-3.901489496231079102e+00
-1.470410108566284180e+00
-2.999996185302734375e+00
-2.882563114166259766e+00
2.012938976287841797e+00
-1.082382678985595703e+00
-2.240961492061614990e-01
5.166496038436889648e-01
-1.569639444351196289e+00
4.099165439605712891e+00
-1.748166561126708984e+00
4.088036537170410156e+00
-3.246672153472900391e-01
-8.986044675111770630e-02
1.633466958999633789e+00
-1.646967291831970215e+00
2.615513563156127930e+00
-4.409976482391357422e+00
3.962994337081909180e+00
4.993313550949096680e-01
-1.172809123992919922e+00
2.085598111152648926e-01
-2.387815475463867188e+00
4.834808349609375000e+00
-2.228630065917968750e+00
1.636752367019653320e+00
1.348125100135803223e+00
2.811738476157188416e-02
-1.505777835845947266e+00
7.174526214599609375e+00
-3.540374040603637695e+00
-8.846082687377929688e-01
-1.907598853111267090e+00
-4.299376964569091797e+00
2.769569396972656250e+00
-2.546375095844268799e-01
3.414799213409423828e+00
-3.242800235748291016e-01
6.190277576446533203e+00
1.394738793373107910e+00
-2.032117843627929688e+00
-2.505663633346557617e+00
-2.796104669570922852e+00
3.247269392013549805e-01
2.315396308898925781e+00
-1.443194627761840820e+00
-2.476679801940917969e+00
-4.524799585342407227e-01
-1.580548286437988281e+00
-6.315481662750244141e-01
-2.708570718765258789e+00
6.929544210433959961e-01
2.472942471504211426e-01
-6.773254275321960449e-01
-2.965402603149414062e+00
-1.127709269523620605e+00
1.960939049720764160e+00
1.726422786712646484e+00
3.599755525588989258e+00
-2.069701671600341797e+00
1.489217758178710938e+00
6.922010779380798340e-01
4.615411281585693359e+00
4.087473869323730469e+00
-1.173110723495483398e+00
3.375298976898193359e-01
-8.815190792083740234e-01
3.472113609313964844e-01
-2.788442611694335938e+00
1.534511327743530273e+00
6.816838979721069336e-01
-1.178611159324645996e+00
1.190000772476196289e+00
-8.134745359420776367e-01
1.393667817115783691e+00
2.567202329635620117e+00
3.740770578384399414e+00
-7.518029808998107910e-01
4.490903377532958984e+00
4.231857776641845703e+00
3.543311595916748047e+00
1.238282799720764160e+00
9.634935259819030762e-01
9.452064633369445801e-01
-1.024548709392547607e-01
9.971789121627807617e-01
-2.275397062301635742e+00
-1.206559181213378906e+00
3.004865050315856934e-01
1.861738443374633789e+00
-1.067341923713684082e+00
5.023212432861328125e-01
-2.978878021240234375e+00
4.156817913055419922e+00
6.195311069488525391e+00
3.776212632656097412e-01
3.575385332107543945e+00
3.904868960380554199e-01
-3.455422878265380859e+00
-9.329428076744079590e-01
-3.401353359222412109e+00
-6.363579630851745605e-01
-3.242989778518676758e-01
-2.874469280242919922e+00
-6.351233124732971191e-01
-4.113321304321289062e-01
-3.435536384582519531e+00
-2.743769645690917969e+00
-2.600934982299804688e+00
-3.353864908218383789e+00
3.901447653770446777e-01
-2.107832431793212891e-01
6.038506984710693359e+00
2.386826992034912109e+00
-9.493859410285949707e-01
-3.237979412078857422e+00
-2.147264480590820312e+00
-8.703144192695617676e-01
1.254459738731384277e+00
3.799473941326141357e-01
-5.209359526634216309e-01
-3.766742944717407227e-01
3.090195655822753906e-01
1.326383709907531738e+00
2.247653245925903320e+00
2.645907163619995117e+00
1.222378015518188477e+00
-2.172986984252929688e+00
2.747285604476928711e+00
9.529470205307006836e-01
5.566680431365966797e+00
4.922391414642333984e+00
1.580580472946166992e+00
-1.431688189506530762e+00
-1.823408365249633789e+00
-7.339983582496643066e-01
-3.088213920593261719e+00
-2.886331081390380859e+00
2.531926155090332031e+00
4.788896083831787109e+00
-2.790037155151367188e+00
-4.292237460613250732e-01
-1.009003520011901855e+00
4.957441091537475586e-01
3.696859836578369141e+00
9.510685801506042480e-01
3.581085205078125000e+00
1.391064882278442383e+00
-2.528687477111816406e+00
1.161631941795349121e-01
8.924162387847900391e-02
1.010638475418090820e-02
3.583724975585937500e+00
1.408005475997924805e+00
2.124131202697753906e+00
1.121258378028869629e+00
3.891525268554687500e+00
-7.436628639698028564e-02
7.212036848068237305e-01
7.852764129638671875e-01
2.889866352081298828e+00
-1.877769589424133301e+00
-2.761420488357543945e+00
-1.281211376190185547e+00
-2.583542466163635254e-01
-2.330882549285888672e+00
-2.559019804000854492e+00
5.201476097106933594e+00
-9.487469196319580078e-01
-2.046211481094360352e+00
-1.617758989334106445e+00
7.502325773239135742e-01
-1.475923538208007812e+00
4.270104408264160156e+00
-3.564898371696472168e-01
-3.769342422485351562e+00
-2.240583181381225586e+00
-5.841299891471862793e-02
3.633412599563598633e+00
-1.416664361953735352e+00
5.438792705535888672e+00
5.494750499725341797e+00
-3.679764270782470703e-01
8.268104791641235352e-01
-1.236305475234985352e+00
-2.153459072113037109e+00
2.574370861053466797e+00
-1.396702408790588379e+00
-8.887864351272583008e-01
-4.276171684265136719e+00
2.262410640716552734e+00
-2.119275808334350586e+00
4.349557876586914062e+00
-7.234462499618530273e-01
1.328083872795104980e+00
1.586835861206054688e+00
1.256024241447448730e+00
-3.813054323196411133e+00
1.891991376876831055e+00
5.853858947753906250e+00
4.278475761413574219e+00
3.724376440048217773e+00
-1.804040670394897461e-01
-1.926415562629699707e-01
3.381481885910034180e+00
4.747802734375000000e+00
1.786829113960266113e+00
2.811765670776367188e+00
-2.704244852066040039e+00
4.314027309417724609e+00
1.290398359298706055e+00
-4.268981516361236572e-01
-2.492770105600357056e-01
-1.781136751174926758e+00
-5.455696582794189453e+00
-2.789760589599609375e+00
-2.926809787750244141e+00
-7.121282815933227539e-01
-4.274881839752197266e+00
-6.484466552734375000e+00
-6.927179694175720215e-01
-3.493832588195800781e+00
-3.060807466506958008e+00
-5.592501163482666016e+00
-1.241511702537536621e+00
-4.469961643218994141e+00
-2.801554679870605469e+00
-2.467236757278442383e+00
-2.679764032363891602e+00
-4.135868072509765625e+00
-3.781650781631469727e+00
-4.150828838348388672e+00
-8.514811992645263672e-01
-2.047903537750244141e+00
8.380475640296936035e-01
-2.395939350128173828e+00
-2.536916017532348633e+00
-7.072678208351135254e-01
-2.152958512306213379e-01
-3.130415201187133789e+00
-2.088133335113525391e+00
-1.871837139129638672e+00
4.904814958572387695e-01
-4.018019676208496094e+00
-3.801705837249755859e+00
-1.569245696067810059e+00
4.219932079315185547e+00
-5.884527564048767090e-01
-4.343957901000976562e+00
-4.494131088256835938e+00
-2.503459453582763672e+00
-2.271743059158325195e+00
-3.401419401168823242e+00
-3.166269779205322266e+00
1.544039368629455566e+00
-4.452682018280029297e+00
-3.307721614837646484e-01
-9.450148940086364746e-01
2.670460462570190430e+00
-8.536688089370727539e-01
2.233392953872680664e+00
3.075742483139038086e+00
-2.548041582107543945e+00
2.999815702438354492e+00
9.275197982788085938e-02
4.114752292633056641e+00
4.765446662902832031e+00
-1.121753454208374023e-01
-5.008230805397033691e-01
4.429113864898681641e+00
-3.057471513748168945e-01
3.714697360992431641e+00
2.838534593582153320e+00
4.404811859130859375e-01
-2.324206829071044922e+00
9.933721423149108887e-01
-2.689082860946655273e+00
-1.535918593406677246e+00
-3.680711269378662109e+00
6.751187443733215332e-01
7.487887144088745117e-02
-2.131692409515380859e+00
-1.221859574317932129e+00
-5.379388332366943359e-01
-3.201881885528564453e+00
-1.774183511734008789e+00
1.630455851554870605e-01
3.397020339965820312e+00
