-5.102646350860595703e-01
3.183107614517211914e+00
-1.806386828422546387e+00
-6.565291881561279297e-01
-1.120264530181884766e+00
-3.057375431060791016e+00
3.771901130676269531e-03
-2.645621895790100098e-01
-1.812486648559570312e-01
2.867375612258911133e-01
-8.483784198760986328e-01
3.690614700317382812e-01
-2.497837781906127930e+00
-2.221225976943969727e+00
1.819399356842041016e+00
-1.828222393989562988e+00
-2.823481321334838867e+00
1.037643790245056152e+00
-3.175286054611206055e-01
-1.794158458709716797e+00
-4.401648998260498047e+00
3.207512572407722473e-02
-1.761162400245666504e+00
-3.314232826232910156e-01
3.327877223491668701e-01
2.121127605438232422e+00
2.000544548034667969e+00
-2.184975296258926392e-01
3.416865348815917969e+00
4.876986742019653320e-01
-6.724646091461181641e-01
3.977196693420410156e+00
-1.248239874839782715e+00
-1.488332748413085938e+00
1.092769145965576172e+00
-1.318361639976501465e+00
2.316447347402572632e-01
9.779750704765319824e-01
6.985288619995117188e+00
-1.549570918083190918e+00
6.437592506408691406e-01
-4.544821679592132568e-01
1.746169567108154297e+00
-6.153462529182434082e-01
5.441859960556030273e-01
4.725203990936279297e+00
1.660991668701171875e+00
1.126382827758789062e+00
4.419222474098205566e-01
-1.737740874290466309e+00
1.968786597251892090e+00
7.048262357711791992e-01
-1.257558941841125488e+00
-2.496678113937377930e+00
5.127092599868774414e-01
-3.702287375926971436e-01
-1.071705579757690430e+00
-5.907087326049804688e+00
1.093237400054931641e-01
-4.157628536224365234e+00
5.559432506561279297e-02
1.404145240783691406e+00
1.311750411987304688e+00
-4.604881763458251953e+00
3.185394406318664551e-01
-1.525774598121643066e-02
6.968141794204711914e-01
-8.631811141967773438e-01
-2.353554069995880127e-01
-6.792585849761962891e-01
-3.957431077957153320e+00
2.471055746078491211e+00
-8.286232948303222656e-01
2.013728618621826172e+00
4.126146793365478516e+00
-3.522303342819213867e+00
7.632932662963867188e-01
2.095163345336914062e+00
5.900676250457763672e-01
-2.370316982269287109e+00
6.626101732254028320e-01
-2.163239479064941406e+00
-1.489850759506225586e+00
-1.837221384048461914e+00
4.934366941452026367e-01
-3.845051765441894531e+00
-2.460802793502807617e-01
-2.555316686630249023e+00
8.865233659744262695e-01
7.101412415504455566e-01
7.060831189155578613e-01
-2.897894144058227539e+00
2.327111005783081055e+00
-2.011141061782836914e+00
4.645162820816040039e-02
-1.335693478584289551e+00
3.531101942062377930e-01
-1.683106303215026855e+00
-2.960913896560668945e+00
-2.906161069869995117e+00
-1.093441247940063477e+00
-2.512705564498901367e+00
-5.462627410888671875e+00
3.826570987701416016e+00
-2.039288997650146484e+00
-4.018632888793945312e+00
-5.654449462890625000e-01
2.387526273727416992e+00
1.955044388771057129e+00
2.361510276794433594e+00
-9.129610061645507812e-01
-4.555767059326171875e+00
1.481431484222412109e+00
-1.111530065536499023e+00
-2.348442077636718750e+00
3.211768150329589844e+00
-4.381955265998840332e-01
1.690581321716308594e+00
-1.796721220016479492e+00
-1.687962293624877930e+00
-3.764265060424804688e+00
-4.466273784637451172e+00
2.444556951522827148e-01
-3.489964962005615234e+00
-1.241342186927795410e+00
6.007767915725708008e-01
3.740253448486328125e-01
-1.011981248855590820e+00
-2.310300350189208984e+00
-1.112841129302978516e+00
-1.687855720520019531e+00
-4.064704895019531250e+00
-1.621242165565490723e+00
-1.579464912414550781e+00
-1.294676899909973145e+00
-4.973804950714111328e+00
-2.704973220825195312e+00
-1.812062859535217285e+00
5.210431814193725586e-01
-2.662803649902343750e+00
-7.399998307228088379e-01
-3.280745983123779297e+00
-4.375498294830322266e+00
-3.070197105407714844e+00
-1.518545389175415039e+00
-4.158263683319091797e+00
-4.319113254547119141e+00
-5.299683570861816406e+00
-3.348740577697753906e+00
-4.283562898635864258e-01
-4.541270732879638672e+00
2.210383415222167969e+00
9.412649869918823242e-01
9.565171599388122559e-01
1.251987457275390625e+00
1.728970885276794434e+00
4.266172409057617188e+00
2.277833461761474609e+00
1.551431655883789062e+00
-7.738526463508605957e-01
-3.042908430099487305e+00
1.656646490097045898e+00
3.302695989608764648e+00
-5.248995125293731689e-02
3.385625839233398438e+00
9.892732501029968262e-01
1.387033820152282715e+00
-1.030671596527099609e-02
-7.071360349655151367e-01
-7.697283029556274414e-01
-4.068176746368408203e-01
3.060781955718994141e-01
7.076240777969360352e-01
4.921220541000366211e-01
2.621012926101684570e-02
-8.402104973793029785e-01
9.787732362747192383e-01
-1.383752822875976562e+00
1.800994873046875000e+00
-8.221938014030456543e-01
-1.035014152526855469e+00
1.084349274635314941e+00
1.505650281906127930e+00
1.120110511779785156e+00
-1.583942294120788574e+00
3.503136634826660156e+00
2.111745357513427734e+00
3.758931398391723633e+00
1.782894492149353027e+00
-1.471198678016662598e+00
1.510039091110229492e+00
3.109622001647949219e-01
2.556700110435485840e-01
1.868231892585754395e+00
-1.427161097526550293e+00
1.264073967933654785e+00
1.968321204185485840e+00
-1.877587318420410156e+00
-9.201695919036865234e-01
2.628695726394653320e+00
1.739617347717285156e+00
3.619733333587646484e+00
-1.499803543090820312e+00
1.413560152053833008e+00
3.145028829574584961e+00
-1.792196989059448242e+00
-1.041113972663879395e+00
-1.392833828926086426e+00
7.464026212692260742e-01
-3.029672503471374512e-01
5.624741911888122559e-01
1.467081308364868164e+00
2.644481182098388672e+00
-4.062153697013854980e-01
-7.405162453651428223e-01
1.851216554641723633e+00
1.654760241508483887e+00
1.767265677452087402e+00
-1.538667440414428711e+00
1.783097028732299805e+00
-1.492666244506835938e+00
-1.875771760940551758e+00
2.084462046623229980e-01
-2.021500587463378906e+00
-3.039646863937377930e+00
-2.872165918350219727e+00
-1.946091413497924805e+00
-3.862603902816772461e-01
3.248339891433715820e-02
2.508092403411865234e+00
-5.117504596710205078e-01
3.091152191162109375e+00
1.270666122436523438e+00
-1.465599417686462402e+00
4.372739195823669434e-01
-2.923925638198852539e+00
-1.699947953224182129e+00
3.297349691390991211e+00
2.237926959991455078e+00
-3.738743066787719727e-01
2.034720897674560547e+00
1.498335003852844238e+00
3.566619753837585449e-02
-5.714183449745178223e-01
-2.059338331222534180e+00
1.414829015731811523e+00
-3.915016055107116699e-01
2.250000238418579102e+00
4.201554059982299805e-01
1.931480765342712402e+00
-7.501236796379089355e-01
4.937808513641357422e+00
9.155766665935516357e-02
3.531194448471069336e+00
3.752429485321044922e+00
-5.083001852035522461e-01
-2.241572141647338867e+00
-1.988142490386962891e+00
-2.614959955215454102e+00
-2.957004904747009277e-01
-6.525822877883911133e-01
-7.644712328910827637e-01
1.679647207260131836e+00
1.646442055702209473e+00
4.711383819580078125e+00
8.727524876594543457e-01
-1.123804330825805664e+00
-4.117429256439208984e-02
-5.333149433135986328e-02
1.098154902458190918e+00
-7.573791742324829102e-01
5.891330242156982422e-01
1.813489556312561035e+00
-2.131009340286254883e+00
2.155792236328125000e+00
3.326590776443481445e+00
-2.352102994918823242e+00
-1.829519629478454590e+00
-8.388162255287170410e-01
-2.034168004989624023e+00
7.873805761337280273e-01
8.277415037155151367e-01
2.500498294830322266e+00
2.183194160461425781e+00
-9.519908428192138672e-01
-1.381294131278991699e-01
-1.541812300682067871e+00
-2.818722248077392578e+00
-1.021714687347412109e+00
-1.928626775741577148e+00
1.591612577438354492e+00
-1.792973518371582031e+00
1.199507594108581543e+00
-6.290937662124633789e-01
-4.058110237121582031e+00
-1.184225797653198242e+00
-2.537572383880615234e+00
-1.790545821189880371e+00
-3.420794010162353516e+00
-1.829696297645568848e+00
1.456501960754394531e+00
-3.391922116279602051e-01
1.362630486488342285e+00
3.600750923156738281e+00
7.684654593467712402e-01
-1.785840392112731934e+00
5.903437733650207520e-01
1.722013592720031738e+00
3.365410566329956055e-01
2.164450645446777344e+00
3.218309402465820312e+00
8.686971664428710938e-01
-1.906908899545669556e-01
-2.516239881515502930e+00
3.381639003753662109e+00
-1.994970440864562988e-02
-2.856774926185607910e-01
-3.496992588043212891e-01
-5.054969787597656250e-01
-1.213389635086059570e+00
-3.973066806793212891e+00
2.672457695007324219e-02
-1.692750096321105957e+00
-6.811708211898803711e-01
-3.451455354690551758e+00
-2.719412565231323242e+00
-3.591584682464599609e+00
-1.393980860710144043e+00
-3.921544075012207031e+00
-4.797362387180328369e-01
-1.430434584617614746e-01
-2.726765632629394531e+00
-2.639471292495727539e-01
4.373956203460693359e+00
-5.349883556365966797e+00
-2.696208000183105469e+00
-1.739174723625183105e+00
-1.383839249610900879e+00
4.281422615051269531e+00
4.274648666381835938e+00
2.669824123382568359e+00
2.281028985977172852e+00
7.029961943626403809e-01
-4.272013306617736816e-01
-1.534245610237121582e-01
1.669180393218994141e+00
-3.661470115184783936e-02
-4.046158790588378906e+00
1.223696470260620117e-01
-1.408105731010437012e+00
-2.079447984695434570e+00
-3.416186571121215820e-01
-2.245103120803833008e-01
-1.302465081214904785e+00
5.741525888442993164e-01
-3.006676673889160156e+00
8.777039051055908203e-01
-1.437123864889144897e-01
8.429222106933593750e-01
-1.042597144842147827e-01
1.444093286991119385e-01
2.338739156723022461e+00
-6.630378365516662598e-01
-1.312624096870422363e+00
6.456825137138366699e-02
-4.124620914459228516e+00
-4.022874355316162109e+00
-7.125732898712158203e+00
-5.050647258758544922e+00
-4.054941177368164062e+00
-2.298550844192504883e+00
-4.061631679534912109e+00
-6.485615730285644531e+00
-5.516108036041259766e+00
-5.789563059806823730e-01
-3.565616369247436523e+00
-1.081422805786132812e+00
5.844797492027282715e-01
-2.014652729034423828e+00
-4.215726375579833984e+00
-6.351509094238281250e-01
-4.671434402465820312e+00
-2.788196086883544922e+00
2.734080791473388672e+00
-6.607537269592285156e-01
2.861512303352355957e-01
-1.925095558166503906e+00
-9.253541231155395508e-01
-1.457927227020263672e-01
-1.154231548309326172e+00
-2.877249002456665039e+00
-6.611132025718688965e-01
1.120275139808654785e+00
1.339566469192504883e+00
-2.639560222625732422e+00
-2.546120166778564453e+00
4.583508014678955078e+00
-8.885001540184020996e-01
8.328222036361694336e-01
-8.914605379104614258e-01
-3.083785533905029297e+00
-3.258536100387573242e+00
1.424180269241333008e+00
-4.439372062683105469e+00
-1.596145987510681152e+00
1.937803268432617188e+00
-4.253862425684928894e-02
1.415016412734985352e+00
-1.858034014701843262e+00
1.684311270713806152e+00
1.119453549385070801e+00
4.110113620758056641e+00
5.343100428581237793e-01
-1.133566975593566895e+00
3.232161045074462891e+00
-3.269098281860351562e+00
-1.188555479049682617e+00
3.814711093902587891e+00
-2.765045642852783203e+00
2.998960494995117188e+00
-6.650709509849548340e-01
-2.473096847534179688e+00
-1.404336392879486084e-01
-2.753833055496215820e+00
3.867319107055664062e+00
2.428722381591796875e+00
1.967056989669799805e+00
3.752269506454467773e+00
1.021047830581665039e+00
9.039325118064880371e-01
-3.655546665191650391e+00
-1.128461122512817383e+00
-2.639898061752319336e+00
5.080407857894897461e-01
3.847502470016479492e+00
2.256497144699096680e+00
1.386074781417846680e+00
-1.435973167419433594e+00
-2.806037664413452148e+00
-2.590423226356506348e-01
-9.734982252120971680e-01
1.453296184539794922e+00
-2.561027050018310547e+00
5.661653518676757812e+00
2.501478433609008789e+00
-8.938905596733093262e-01
3.703777790069580078e+00
2.823642253875732422e+00
6.876657605171203613e-01
-1.959608793258666992e+00
1.906884193420410156e+00
-6.983501315116882324e-01
-4.336328506469726562e-01
-3.224778175354003906e+00
-3.359176635742187500e+00
3.481586575508117676e-01
-1.547049522399902344e+00
3.006372451782226562e+00
7.051852345466613770e-01
6.369631767272949219e+00
-4.099740982055664062e+00
4.708579063415527344e+00
-7.194153070449829102e-01
2.545636177062988281e+00
3.525429725646972656e+00
4.027949333190917969e+00
-3.730715751647949219e+00
-1.526839733123779297e+00
-1.498725175857543945e+00
-9.719824790954589844e-01
1.238616347312927246e+00
2.106700897216796875e+00
-1.805047392845153809e+00
1.935045599937438965e+00
4.580387115478515625e+00
-5.608074069023132324e-01
5.300788879394531250e+00
-2.052668094635009766e+00
5.182674884796142578e+00
-5.323539733886718750e+00
-4.300167560577392578e-01
-6.908527612686157227e-01
-2.036673545837402344e+00
3.897744178771972656e+00
-4.860311508178710938e+00
-3.443728923797607422e+00
1.910934448242187500e+00
2.500463962554931641e+00
2.784025907516479492e+00
1.864259958267211914e+00
3.351414203643798828e+00
-5.721022605895996094e+00
2.731996059417724609e+00
-6.262444257736206055e-01
-2.381788730621337891e+00
-4.376860857009887695e-01
3.326592206954956055e+00
2.030058860778808594e+00
1.376940250396728516e+00
-2.433858156204223633e+00
-5.844971537590026855e-01
8.364009857177734375e-02
3.385575771331787109e+00
-9.271917939186096191e-01
2.574828863143920898e+00
-1.006919026374816895e+00
-2.823435783386230469e+00
1.145735144615173340e+00
-3.629636526107788086e+00
1.041690587997436523e+00
-4.619001448154449463e-01
-2.319573879241943359e+00
-2.731238603591918945e+00
-2.555317282676696777e-01
1.810235977172851562e+00
2.092425584793090820e+00
1.504965305328369141e+00
-2.511193752288818359e-01
2.220740318298339844e+00
5.717794895172119141e+00
1.887207388877868652e+00
-2.164138555526733398e+00
-1.485943496227264404e-01
4.765868186950683594e-03
8.373234272003173828e-01
-3.565706491470336914e+00
-1.259868025779724121e+00
-2.585103034973144531e+00
-4.347014427185058594e+00
4.258862495422363281e+00
3.108096361160278320e+00
1.175050973892211914e+00
-2.513757944107055664e+00
2.813375949859619141e+00
-4.095050692558288574e-01
-4.926920413970947266e+00
-3.602484703063964844e+00
2.665555238723754883e+00
-2.595582008361816406e-01
6.584925651550292969e+00
-2.508081912994384766e+00
3.018140316009521484e+00
1.330263853073120117e+00
1.657683849334716797e+00
-3.019591569900512695e+00
2.435514628887176514e-01
-4.318011999130249023e-01
1.229062080383300781e+00
-3.369043827056884766e+00
5.619982242584228516e+00
-6.754144191741943359e+00
-3.059597015380859375e+00
6.039792060852050781e+00
-1.271292924880981445e+00
-1.683158159255981445e+00
2.178036451339721680e+00
9.090630531311035156e+00
-1.111404895782470703e-01
-2.839833796024322510e-01
2.719990611076354980e-01
6.177997589111328125e-02
-1.738639712333679199e+00
2.962307453155517578e+00
-4.161044120788574219e+00
-3.034595489501953125e+00
4.014123439788818359e+00
-4.073709487915039062e+00
-2.717970132827758789e+00
1.217023134231567383e+00
2.332593202590942383e+00
-8.915379047393798828e-01
-4.966320037841796875e+00
3.539785623550415039e+00
-3.489254951477050781e+00
-1.075036287307739258e+00
-1.884167432785034180e+00
-9.269096255302429199e-01
3.552821278572082520e-01
5.697927474975585938e-01
5.149117708206176758e-01
2.628954648971557617e-01
-2.324687242507934570e-01
1.040789604187011719e+00
-3.681478500366210938e+00
5.775357246398925781e+00
1.889639854431152344e+00
-4.183959960937500000e-01
-1.511937260627746582e+00
4.032572746276855469e+00
-9.056639671325683594e-01
-3.170585393905639648e+00
7.374719142913818359e+00
-1.589252233505249023e+00
1.155608296394348145e+00
-4.621987342834472656e+00
-2.479841709136962891e+00
-4.258248805999755859e-01
-3.439404964447021484e-01
3.750548362731933594e-01
3.019352912902832031e+00
8.328355550765991211e-01
-1.900607049465179443e-01
-2.119465827941894531e+00
1.382544159889221191e+00
-4.328192710876464844e+00
6.862212717533111572e-02
-3.294539213180541992e+00
-2.588296413421630859e+00
1.828065633773803711e+00
-8.264820575714111328e-01
5.645768165588378906e+00
7.913218975067138672e+00
-4.250331521034240723e-01
-1.448953747749328613e+00
2.976600646972656250e+00
2.929580211639404297e-01
3.042558670043945312e+00
1.129124522209167480e+00
5.125331878662109375e-01
5.503976345062255859e+00
1.676386117935180664e+00
1.077358722686767578e+00
-4.862876832485198975e-01
9.565681219100952148e-02
-3.094293832778930664e+00
-1.215144634246826172e+00
-1.408137083053588867e+00
-2.767172098159790039e+00
-3.492995500564575195e+00
-1.072609186172485352e+00
-2.546403884887695312e+00
1.831753849983215332e+00
1.796245813369750977e+00
3.401883244514465332e-01
-1.883018136024475098e+00
-2.140179395675659180e+00
4.072217464447021484e+00
5.138502597808837891e+00
4.402431488037109375e+00
4.025044441223144531e+00
-1.598802566528320312e+00
2.847124934196472168e-01
-8.897975087165832520e-01
1.807682991027832031e+00
-9.810512065887451172e-01
2.222311258316040039e+00
2.010668516159057617e-01
6.244587898254394531e-01
-1.788289427757263184e+00
-1.107681035995483398e+00
-3.199771642684936523e-01
1.729520082473754883e+00
-1.306902050971984863e+00
5.270231246948242188e+00
-9.293542504310607910e-01
3.609035491943359375e+00
-1.540503740310668945e+00
1.186379909515380859e+00
5.422064304351806641e+00
6.117334365844726562e-01
1.470339298248291016e+00
-1.153573870658874512e+00
-4.309096932411193848e-01
7.797148227691650391e-01
-3.495381474494934082e-01
9.748649001121520996e-01
4.369115829467773438e-01
-4.088853299617767334e-01
-3.043391704559326172e-01
2.494167804718017578e+00
1.214399576187133789e+00
1.313343763351440430e+00
4.800120890140533447e-01
-3.724207162857055664e+00
-6.519228816032409668e-01
-7.459061741828918457e-01
7.976075410842895508e-01
-2.594742774963378906e+00
-6.431702375411987305e-01
3.966299533843994141e+00
2.184579372406005859e+00
-2.976190328598022461e+00
-1.721441745758056641e+00
6.407902836799621582e-01
-1.431917190551757812e+00
-1.926005363464355469e+00
-2.917282342910766602e+00
-1.990115165710449219e+00
4.376336336135864258e-01
7.402566671371459961e-01
-1.666303515434265137e+00
1.182658553123474121e+00
4.066212177276611328e+00
-2.132461547851562500e+00
-5.241367340087890625e+00
4.470563411712646484e+00
6.352341175079345703e-01
2.330863475799560547e+00
2.180481433868408203e+00
-4.999604225158691406e-01
5.255369663238525391e+00
4.521899223327636719e+00
-5.475671887397766113e-01
-1.614034771919250488e+00
2.280289411544799805e+00
-9.430259466171264648e-01
-2.308461666107177734e+00
-2.625056505203247070e+00
3.226208388805389404e-01
3.012581348419189453e+00
-2.377679109573364258e+00
6.520036458969116211e-01
-4.890974760055541992e-01
-2.374945878982543945e+00
-3.045708656311035156e+00
-4.562767028808593750e+00
2.400850534439086914e+00
-1.136812090873718262e+00
-3.368041515350341797e+00
3.301432728767395020e-02
-3.103482246398925781e+00
5.868736743927001953e+00
1.699888229370117188e+00
1.688076257705688477e+00
-3.020497322082519531e+00
9.157587289810180664e-01
-4.277585983276367188e+00
-7.509683966636657715e-01
7.790906429290771484e-01
-1.357843875885009766e+00
1.042424678802490234e+00
2.377453804016113281e+00
2.943254113197326660e-01
-2.442445755004882812e-01
-1.830449104309082031e+00
6.112024307250976562e+00
1.547092676162719727e+00
-3.219066858291625977e-01
3.454763412475585938e+00
-1.520062327384948730e+00
-4.128112316131591797e+00
6.056515693664550781e+00
-9.307520389556884766e-01
-8.151397705078125000e-01
5.026549696922302246e-01
-5.425347805023193359e+00
1.875389099121093750e+00
-5.334070920944213867e-01
3.503098964691162109e+00
-1.173354864120483398e+00
3.593398571014404297e+00
-3.047787845134735107e-01
-2.531981468200683594e-02
3.136641979217529297e+00
-3.241477966308593750e+00
-2.989653348922729492e-01
4.847748756408691406e+00
8.827646970748901367e-01
-2.546311616897583008e+00
8.442661166191101074e-01
-8.891553878784179688e-01
7.396500110626220703e-01
-1.628531217575073242e+00
-1.416754841804504395e+00
-2.297299623489379883e+00
-3.279574155807495117e+00
-4.339130401611328125e+00
1.054844856262207031e-01
6.357285380363464355e-01
7.536956071853637695e-01
-2.107509136199951172e+00
-1.996860146522521973e+00
5.793227672576904297e+00
-4.496405720710754395e-01
-1.892498731613159180e+00
3.380754232406616211e+00
-2.562838792800903320e+00
-5.597199201583862305e-01
-1.175864577293395996e+00
1.363497376441955566e+00
-6.191353321075439453e+00
1.141679286956787109e-02
8.501119017601013184e-01
2.224335193634033203e+00
1.969012022018432617e-01
6.640280485153198242e-01
-1.700367927551269531e+00
2.960654020309448242e+00
2.797906160354614258e+00
5.947208404541015625e-02
1.406071543693542480e+00
7.367222309112548828e-01
3.336076021194458008e+00
1.684363186359405518e-01
5.913804531097412109e+00
3.733833551406860352e+00
3.605991363525390625e+00
-9.992456436157226562e-01
-4.087970256805419922e+00
-1.938683986663818359e-01
5.220931172370910645e-01
6.544923782348632812e-01
6.434285640716552734e-02
1.113479852676391602e+00
-4.218627810478210449e-01
-1.765773773193359375e+00
5.419032573699951172e+00
2.598623335361480713e-01
2.064746379852294922e+00
3.983985185623168945e+00
-4.438188552856445312e+00
-6.444013118743896484e-01
-1.993134737014770508e+00
-3.200909137725830078e+00
-1.810457468032836914e+00
1.257883310317993164e+00
-6.202514767646789551e-01
-1.238889455795288086e+00
1.370562314987182617e+00
2.043330430984497070e+00
1.205475449562072754e+00
-4.009722232818603516e+00
2.666130065917968750e+00
-2.815385341644287109e+00
3.882455348968505859e+00
2.076004505157470703e+00
-1.779133200645446777e+00
-3.905966758728027344e+00
2.232820987701416016e+00
2.468069314956665039e+00
2.111188650131225586e+00
2.583316326141357422e+00
-2.491004467010498047e+00
-4.386116981506347656e+00
8.215013146400451660e-01
-4.727224349975585938e+00
2.281018018722534180e+00
6.493117332458496094e+00
1.385051727294921875e+00
-3.041340351104736328e+00
2.897761583328247070e+00
4.238074779510498047e+00
1.394341886043548584e-02
2.634078502655029297e+00
1.398432016372680664e+00
1.780774593353271484e-01
1.070882678031921387e-01
-1.417589426040649414e+00
-2.596989631652832031e+00
2.157892882823944092e-01
4.501726627349853516e+00
4.064405441284179688e+00
2.112383604049682617e+00
-2.694747447967529297e+00
4.303140163421630859e+00
1.838847398757934570e+00
2.251327037811279297e-02
3.878263831138610840e-01
2.578508615493774414e+00
1.527317762374877930e+00
-2.198329687118530273e+00
8.779841661453247070e-01
-1.036038517951965332e+00
-2.158448696136474609e+00
2.371393203735351562e+00
3.346238613128662109e+00
1.491247177124023438e+00
-2.111143112182617188e+00
4.748901367187500000e+00
-1.305279970169067383e+00
-7.502182126045227051e-01
-4.294851303100585938e+00
6.098479032516479492e-01
-2.746785879135131836e+00
-8.467210531234741211e-01
-7.876040935516357422e-01
1.787045955657958984e+00
-2.229570865631103516e+00
-5.226292610168457031e+00
3.755997896194458008e+00
8.404573202133178711e-01
-1.995384454727172852e+00
-1.662045717239379883e+00
2.602649211883544922e+00
-6.438950300216674805e-01
4.063498973846435547e+00
7.888717055320739746e-01
-2.178662776947021484e+00
-8.053333759307861328e-01
5.943931937217712402e-01
3.355200886726379395e-01
-5.173334598541259766e+00
5.168889522552490234e+00
4.382323741912841797e+00
1.418909192085266113e+00
2.775867938995361328e+00
-1.413859128952026367e-01
1.316793680191040039e+00
2.458883285522460938e+00
8.712286949157714844e-01
2.178040742874145508e+00
-1.109999656677246094e+00
1.982936978340148926e+00
-2.940902709960937500e-01
8.083139419555664062e+00
2.515052318572998047e+00
-3.648425340652465820e-01
-8.952081203460693359e-02
-3.077875971794128418e-01
-5.001122951507568359e+00
9.028660058975219727e-01
5.567319869995117188e+00
1.560402870178222656e+00
1.846658706665039062e+00
-5.373301982879638672e+00
-1.609226703643798828e+00
1.714644193649291992e+00
3.266443014144897461e+00
-1.939347505569458008e+00
2.185146808624267578e+00
-1.250631690025329590e+00
3.945419311523437500e+00
2.819490194320678711e+00
-2.026536226272583008e+00
-1.694917798042297363e+00
1.120867729187011719e+00
-4.277591705322265625e+00
-1.818443894386291504e+00
-2.613729953765869141e+00
2.645349979400634766e+00
-5.671643733978271484e+00
-4.759233474731445312e+00
-1.159424066543579102e+00
-3.331284999847412109e+00
-2.569192886352539062e+00
-4.264163970947265625e+00
-3.963645935058593750e+00
-2.712837696075439453e+00
-1.679767251014709473e+00
-1.790328979492187500e+00
-1.211842417716979980e+00
-1.824806213378906250e+00
-1.579725503921508789e+00
-1.609777212142944336e+00
-2.915302515029907227e+00
-4.853910207748413086e-01
-1.271544992923736572e-01
-1.768851637840270996e+00
-4.176800847053527832e-01
-3.124256730079650879e-01
1.603406071662902832e+00
2.020897865295410156e+00
1.614416241645812988e-01
-9.743530154228210449e-01
1.189388990402221680e+00
-1.842323422431945801e+00
-4.157838344573974609e+00
-7.050921916961669922e-01
2.430462360382080078e+00
-2.290245532989501953e+00
-2.067986488342285156e+00
-3.981078863143920898e+00
-2.536993026733398438e+00
-5.268854141235351562e+00
-4.852422714233398438e+00
-3.191749572753906250e+00
3.908903002738952637e-01
-1.725075483322143555e+00
2.266119718551635742e+00
-5.519765615463256836e-02
1.817027330398559570e+00
5.070408582687377930e-01
-7.960407137870788574e-01
3.498291492462158203e+00
-6.199848651885986328e-01
2.207767724990844727e+00
-3.362972259521484375e+00
-4.291365146636962891e-01
2.515591382980346680e-01
-4.759705066680908203e-02
-1.422143220901489258e+00
-1.196593761444091797e+00
1.593949556350708008e+00
4.257696628570556641e+00
3.086208581924438477e+00
2.686530590057373047e+00
-7.993671894073486328e-01
-3.294880390167236328e-01
-6.769776344299316406e-01
1.432016491889953613e+00
-3.778182029724121094e+00
7.399847507476806641e-01
-1.499741077423095703e-01
-2.236688613891601562e+00
-3.001204013824462891e+00
-3.619647026062011719e-02
-3.921208858489990234e+00
-1.897224187850952148e+00
4.755966663360595703e-01
4.608550071716308594e+00
