8.591848611831665039e-01
1.686034202575683594e+00
-1.704650163650512695e+00
-9.594327807426452637e-01
-1.215122818946838379e+00
-1.988136172294616699e+00
-8.327574729919433594e-01
-2.234400272369384766e+00
7.706836462020874023e-01
3.214704990386962891e+00
-1.754391193389892578e-01
5.284941196441650391e-01
-7.252308726310729980e-02
1.070059895515441895e+00
-1.355271577835083008e+00
-4.762908518314361572e-01
-1.185941934585571289e+00
-2.072898149490356445e+00
3.956697583198547363e-01
-7.833596467971801758e-01
-1.930002927780151367e+00
7.705101370811462402e-02
-7.816331386566162109e-01
-7.517847418785095215e-01
-2.909551262855529785e-01
3.542722165584564209e-01
1.548410654067993164e+00
1.338484883308410645e+00
2.496382713317871094e+00
7.103874683380126953e-01
-8.356763720512390137e-01
-1.530383229255676270e-01
-3.970904350280761719e+00
-3.124281167984008789e+00
-1.990330219268798828e+00
-8.504316806793212891e-01
-8.414721488952636719e-01
-1.749773263931274414e+00
3.276837348937988281e+00
-5.690865516662597656e-01
-6.950330734252929688e-01
-2.034900665283203125e+00
1.436977386474609375e+00
-1.674915075302124023e+00
8.833339214324951172e-01
2.634413719177246094e+00
7.702112197875976562e-02
-6.618398427963256836e-01
1.768302679061889648e+00
-2.841731071472167969e+00
2.305659055709838867e+00
-1.290692687034606934e+00
3.124143123626708984e+00
3.132941722869873047e+00
8.669858574867248535e-01
1.895120620727539062e+00
4.066628932952880859e+00
-2.612200975418090820e+00
5.264748573303222656e+00
-1.047675251960754395e+00
4.092510223388671875e+00
6.092451572418212891e+00
4.521062374114990234e+00
2.459299117326736450e-01
2.385862827301025391e+00
3.720965683460235596e-01
3.420874357223510742e+00
2.392692327499389648e+00
3.624460935592651367e+00
-9.836131930351257324e-01
6.191575527191162109e-01
1.633032917976379395e+00
1.350954294204711914e+00
1.494016647338867188e+00
3.535216331481933594e+00
-1.763655245304107666e-01
9.778586626052856445e-01
5.210526466369628906e+00
5.903962850570678711e-01
-1.493998289108276367e+00
1.043651223182678223e+00
-2.234291553497314453e+00
-1.664080023765563965e+00
-3.643705844879150391e+00
1.272844433784484863e+00
-2.735904693603515625e+00
-1.432074904441833496e-01
2.859946489334106445e-01
1.816247224807739258e+00
1.960288047790527344e+00
-3.155176043510437012e-01
-8.898558020591735840e-01
2.889935970306396484e+00
-6.851055026054382324e-01
5.036291480064392090e-01
-1.223287463188171387e+00
3.444149971008300781e+00
-1.576013922691345215e+00
1.834712028503417969e-01
-6.141688823699951172e-01
-1.113500595092773438e+00
-1.956903457641601562e+00
-2.737583160400390625e+00
1.068587541580200195e+00
8.134443759918212891e-01
-4.651370525360107422e+00
-1.405423045158386230e+00
-1.088513135910034180e+00
1.487434059381484985e-01
-6.734210252761840820e-02
-2.387863099575042725e-01
-3.497428894042968750e-01
-1.273820877075195312e+00
-1.470497608184814453e+00
-5.425722599029541016e-01
-1.292439937591552734e+00
-1.607238769531250000e+00
-3.216551542282104492e-01
-2.934519290924072266e+00
-2.472436666488647461e+00
-1.253551959991455078e+00
-3.048830509185791016e+00
-1.214821219444274902e+00
-2.017395496368408203e+00
-5.873440504074096680e-01
-2.991693496704101562e+00
1.127527594566345215e+00
2.071482419967651367e+00
-9.754884243011474609e-02
3.033503890037536621e-01
2.838119983673095703e+00
-6.416375637054443359e-01
1.624377489089965820e+00
1.960949301719665527e+00
1.428803563117980957e+00
-1.007812023162841797e+00
-2.366658687591552734e+00
4.112702608108520508e-01
2.295270919799804688e+00
-2.464724063873291016e+00
-2.944754362106323242e-01
-7.985213994979858398e-01
-8.481733202934265137e-01
3.295665979385375977e-01
6.442666053771972656e-03
-2.151009798049926758e+00
-2.525549650192260742e+00
-5.646018505096435547e+00
-1.003105044364929199e+00
2.007909417152404785e-01
-4.051504611968994141e+00
1.905225634574890137e+00
-9.419490694999694824e-01
1.439480185508728027e-01
-2.442247390747070312e+00
2.113419532775878906e+00
1.918459653854370117e+00
2.443859815597534180e+00
7.301400303840637207e-01
-1.841293692588806152e+00
-4.700821638107299805e-02
-2.695575356483459473e-01
2.461058616638183594e+00
1.276716142892837524e-01
2.168150901794433594e+00
-1.362267732620239258e+00
3.128997802734375000e+00
2.018041133880615234e+00
3.258211612701416016e-01
1.017148733139038086e+00
2.345466613769531250e-01
2.482386112213134766e+00
1.670166015625000000e+00
1.741789460182189941e+00
-1.891730427742004395e+00
-6.722255945205688477e-01
6.473934650421142578e-02
-1.498622894287109375e+00
4.911693930625915527e-01
-1.698296308517456055e+00
-1.836287617683410645e+00
3.737981796264648438e+00
1.666624188423156738e+00
-9.767961502075195312e-01
-1.624294638633728027e+00
-1.419639587402343750e-01
-7.559003233909606934e-01
1.258228719234466553e-02
1.242623686790466309e+00
-1.330187439918518066e+00
-2.143545150756835938e+00
-1.524237871170043945e+00
-3.955531716346740723e-01
1.618564963340759277e+00
-8.163695335388183594e-01
1.312378287315368652e+00
-3.864996433258056641e+00
-4.310572743415832520e-01
-2.710170745849609375e+00
5.798478722572326660e-01
-1.223752260208129883e+00
-7.780412435531616211e-01
-1.179414391517639160e+00
-8.464130759239196777e-01
3.701152086257934570e+00
-1.628247737884521484e+00
-9.801350831985473633e-01
-5.927481651306152344e-01
-1.306168317794799805e+00
1.344756484031677246e+00
6.469590067863464355e-01
1.464096426963806152e+00
6.994459629058837891e-01
-1.306458950042724609e+00
-1.621832132339477539e+00
1.205057382583618164e+00
-5.840373039245605469e-02
2.596521615982055664e+00
1.219065427780151367e+00
7.390854358673095703e-01
-1.164095997810363770e+00
4.828223586082458496e-01
-7.312572002410888672e-02
8.014885783195495605e-01
-2.783079385757446289e+00
-1.234004378318786621e+00
-2.951482534408569336e-01
1.261006712913513184e+00
-2.077649235725402832e-01
-6.932019591331481934e-01
-1.190783619880676270e+00
2.549635410308837891e+00
1.840901136398315430e+00
-7.445589900016784668e-01
-7.471412420272827148e-02
-3.107372283935546875e+00
-1.666940331459045410e+00
7.720780968666076660e-01
7.841657996177673340e-01
-6.102241277694702148e-01
2.302469253540039062e+00
3.888567090034484863e-01
7.978180050849914551e-02
2.099192142486572266e-02
-2.432204484939575195e+00
9.400781393051147461e-01
-1.366167068481445312e+00
3.173913002014160156e+00
8.676168918609619141e-01
1.562093347311019897e-01
-1.090935707092285156e+00
3.179519414901733398e+00
-1.092194318771362305e+00
2.827571868896484375e+00
1.075423121452331543e+00
9.780784845352172852e-01
-1.344337224960327148e+00
-2.149399042129516602e+00
-2.746850252151489258e+00
-1.649469614028930664e+00
-3.360080718994140625e+00
-1.936870098114013672e+00
-2.762085914611816406e+00
1.754097700119018555e+00
3.621565580368041992e+00
4.029250144958496094e-01
-1.994725823402404785e+00
-1.645615577697753906e+00
6.900525093078613281e-01
1.142073035240173340e+00
1.630703449249267578e+00
1.361294507980346680e+00
2.039646625518798828e+00
-1.716366648674011230e+00
2.687255144119262695e+00
2.961853742599487305e+00
-1.106988668441772461e+00
7.552931308746337891e-01
1.131026148796081543e+00
5.397775173187255859e-01
9.306979179382324219e-01
-1.307989120483398438e+00
1.322334051132202148e+00
2.706249237060546875e+00
3.367169201374053955e-01
2.567312419414520264e-01
1.024788379669189453e+00
1.229849219322204590e+00
-1.290461301803588867e+00
-1.575996279716491699e+00
3.793182373046875000e-01
-3.153434395790100098e-01
2.923019170761108398e+00
-1.863182187080383301e+00
-2.195114612579345703e+00
1.699361562728881836e+00
-2.537464857101440430e+00
-9.934204816818237305e-01
-4.830642223358154297e+00
-2.577915668487548828e+00
-1.444649100303649902e+00
-1.850371479988098145e+00
-3.365099430084228516e+00
2.917188405990600586e-01
-1.925478458404541016e+00
-3.446018695831298828e+00
-1.876513123512268066e+00
-1.123034954071044922e+00
-1.991724491119384766e+00
-1.020253181457519531e+00
-1.997822523117065430e-01
-1.192274928092956543e+00
-2.342273145914077759e-01
2.130286693572998047e+00
3.238777160644531250e+00
1.931315302848815918e+00
-2.115003347396850586e+00
-7.960885763168334961e-01
-8.902596831321716309e-01
-6.543892621994018555e-02
-3.052939891815185547e+00
1.184067010879516602e+00
-1.405720114707946777e+00
-4.330641031265258789e-01
-3.283671379089355469e+00
-2.733397006988525391e+00
-1.060146093368530273e+00
-2.114906072616577148e+00
-1.740865468978881836e+00
-4.811500906944274902e-01
1.381618976593017578e+00
1.532060742378234863e+00
1.042107224464416504e+00
1.187800526618957520e+00
-3.595770359039306641e+00
-1.917893171310424805e+00
-2.549010276794433594e+00
-1.783785581588745117e+00
2.557916402816772461e+00
9.397491812705993652e-01
2.237730503082275391e+00
-3.474407270550727844e-02
-4.504024684429168701e-01
-5.749635696411132812e-01
-1.522591710090637207e+00
1.976819992065429688e+00
8.405575752258300781e-01
-1.247002124786376953e+00
-7.975799441337585449e-01
-6.862429380416870117e-01
1.406134605407714844e+00
6.585956811904907227e-01
2.619385719299316406e+00
3.687691211700439453e+00
1.007606387138366699e-01
1.023563742637634277e+00
2.059818983078002930e+00
2.622282505035400391e+00
-4.422010183334350586e-01
1.398316979408264160e+00
-3.016186952590942383e-01
2.550860643386840820e+00
-5.189772248268127441e-01
-1.359557628631591797e+00
7.921964526176452637e-01
-1.945309400558471680e+00
-2.624073982238769531e+00
-3.723907709121704102e+00
-1.136983156204223633e+00
-2.016847610473632812e+00
-3.652934730052947998e-01
-2.825395107269287109e+00
-4.226109027862548828e+00
-1.873272657394409180e+00
-8.082723617553710938e-01
-1.759307980537414551e+00
1.312775969505310059e+00
-6.328380703926086426e-01
-2.311566174030303955e-01
-1.691077947616577148e+00
5.985183715820312500e-01
-6.952903866767883301e-01
1.062794566154479980e+00
3.358886718750000000e+00
3.954738378524780273e-01
1.254453420639038086e+00
-2.351802349090576172e+00
1.630459070205688477e+00
-3.087933063507080078e-01
-1.070613503456115723e+00
-1.958802938461303711e+00
2.064842462539672852e+00
-2.101054191589355469e+00
-1.159791469573974609e+00
-4.809573888778686523e-01
3.048105478286743164e+00
1.282815814018249512e+00
-4.427838325500488281e+00
-3.219518959522247314e-01
1.495673418045043945e+00
7.815639376640319824e-01
-2.414343833923339844e+00
-7.612709999084472656e-01
-4.198656082153320312e+00
5.350662469863891602e-01
2.944458007812500000e+00
9.939397573471069336e-01
2.115330219268798828e+00
-4.124913215637207031e+00
1.421224832534790039e+00
-1.078272342681884766e+00
4.787580490112304688e+00
-1.142900705337524414e+00
6.520116329193115234e-01
3.346714019775390625e+00
-2.496663808822631836e+00
6.165315508842468262e-01
1.504665732383728027e+00
-7.198371887207031250e-01
7.705484628677368164e-01
1.177638173103332520e+00
-2.392821788787841797e+00
-1.294758319854736328e-01
-3.176480293273925781e+00
3.908897161483764648e+00
8.426921963691711426e-01
-1.837752819061279297e+00
-9.764213562011718750e-01
-1.471061468124389648e+00
1.288495779037475586e+00
-1.890226364135742188e+00
-3.912497162818908691e-01
5.389083027839660645e-01
1.041080951690673828e+00
1.171751022338867188e+00
7.381365299224853516e-01
1.232066869735717773e+00
-2.357828617095947266e-01
-2.390332460403442383e+00
-4.726404845714569092e-01
-3.153828144073486328e+00
-7.577347755432128906e-01
-3.666461944580078125e+00
3.555123805999755859e+00
1.865468978881835938e+00
4.832833409309387207e-01
3.233203411102294922e+00
3.099082112312316895e-01
-4.323774576187133789e-02
-6.915971040725708008e-01
-6.404172182083129883e-01
7.918345332145690918e-01
-1.103036642074584961e+00
-2.765709877014160156e+00
-1.710322856903076172e+00
2.005667924880981445e+00
2.199979305267333984e+00
5.112543106079101562e+00
1.954886794090270996e+00
2.648098945617675781e+00
-3.983335018157958984e+00
3.202942609786987305e+00
1.596117168664932251e-01
-2.869722843170166016e-01
3.747540473937988281e+00
3.238213777542114258e+00
-3.321150302886962891e+00
-9.588959217071533203e-01
-1.440825223922729492e+00
-2.668359756469726562e+00
2.741153836250305176e-01
-6.159985661506652832e-01
-3.647956371307373047e+00
6.576136946678161621e-01
4.807386875152587891e+00
-1.714584350585937500e+00
4.849539756774902344e+00
-2.318510115146636963e-01
4.080784320831298828e+00
-3.642457962036132812e+00
9.247410297393798828e-02
1.689253807067871094e+00
-1.385489225387573242e+00
-3.370404243469238281e-02
-3.550243377685546875e+00
-1.149199843406677246e+00
6.354753375053405762e-01
3.369327187538146973e-01
3.251462221145629883e+00
3.383048772811889648e+00
3.638611316680908203e+00
-4.104689121246337891e+00
-2.059071063995361328e-01
1.211445808410644531e+00
-1.559111237525939941e+00
-2.922634124755859375e+00
-1.722837448120117188e+00
1.634901881217956543e+00
-1.313678979873657227e+00
-2.067958116531372070e-01
-5.570880770683288574e-01
1.329527497291564941e-01
3.806921243667602539e-01
-7.498902678489685059e-01
1.125267982482910156e+00
-2.703849792480468750e+00
-2.580499649047851562e+00
1.365255236625671387e+00
-2.205178260803222656e+00
9.451148509979248047e-01
-2.983213067054748535e-01
-3.476530015468597412e-01
-9.962213039398193359e-01
5.838281512260437012e-01
-1.738035678863525391e+00
-4.293707013130187988e-01
-1.545626044273376465e+00
4.015197753906250000e-01
2.608992576599121094e+00
2.939946174621582031e+00
1.041323304176330566e+00
-1.403892636299133301e+00
-5.736246705055236816e-02
2.308688402175903320e+00
-8.823037147521972656e-03
-3.800926685333251953e+00
-1.340887069702148438e+00
-3.746970891952514648e+00
-3.236815929412841797e+00
-6.283959150314331055e-01
2.171384096145629883e+00
-5.057455301284790039e-01
-6.712878346443176270e-01
3.394348859786987305e+00
-1.772518157958984375e+00
-3.806223392486572266e+00
-1.074812412261962891e+00
-3.618341445922851562e+00
-2.002666711807250977e+00
4.725504398345947266e+00
-4.728491306304931641e-01
7.692139744758605957e-01
3.426207542419433594e+00
1.588845133781433105e+00
-1.792041301727294922e+00
3.062055408954620361e-01
-5.164030790328979492e-01
-9.235669374465942383e-01
-4.177628040313720703e+00
5.320030689239501953e+00
-6.879098415374755859e+00
-2.137804508209228516e+00
3.476161956787109375e+00
3.572655916213989258e-01
-2.296136140823364258e+00
3.777345418930053711e+00
7.472243309020996094e+00
1.783388614654541016e+00
-5.841283798217773438e-01
-2.314772009849548340e-01
8.671092987060546875e-01
-3.247748136520385742e+00
-1.240625143051147461e+00
9.768965840339660645e-02
1.644097566604614258e-01
4.362068653106689453e+00
-4.231963157653808594e+00
-1.998711109161376953e+00
-1.831052601337432861e-01
-4.929090142250061035e-01
4.076340794563293457e-01
-5.339668750762939453e+00
1.221428155899047852e+00
-3.030783176422119141e+00
-4.543281197547912598e-01
-3.022655248641967773e-01
-1.836724758148193359e+00
-6.581867337226867676e-01
4.057058990001678467e-01
6.431359648704528809e-01
-1.024178266525268555e+00
2.108076214790344238e-01
-1.308742761611938477e-01
-1.842314720153808594e+00
3.170636653900146484e+00
3.936356306076049805e-02
-8.218055963516235352e-02
2.140976905822753906e+00
1.419746637344360352e+00
1.688133835792541504e+00
-2.970260143280029297e+00
5.127155780792236328e+00
-8.961338400840759277e-01
9.677833318710327148e-01
-1.896413087844848633e+00
-2.100987195968627930e+00
4.415945529937744141e+00
-6.850552558898925781e-01
-3.206331253051757812e+00
3.493070363998413086e+00
2.751359462738037109e+00
8.357303738594055176e-01
-3.205533623695373535e-01
-3.331834793090820312e+00
-4.282853126525878906e+00
1.461409181356430054e-01
2.644056558609008789e+00
-6.290748119354248047e-01
3.602883338928222656e+00
-5.393517017364501953e-01
3.527206659317016602e+00
5.480832576751708984e+00
-1.618071317672729492e+00
-2.770052552223205566e-01
2.195688486099243164e+00
-9.256739616394042969e-01
4.178174972534179688e+00
7.239128947257995605e-01
1.803956389427185059e+00
2.773377418518066406e+00
1.897672176361083984e+00
2.617487907409667969e+00
-4.437354803085327148e-01
2.453850030899047852e+00
-2.148431301116943359e+00
-6.278934478759765625e-01
-9.976429939270019531e-01
-1.844598054885864258e+00
-2.121415376663208008e+00
3.344834566116333008e+00
-2.249577045440673828e+00
-7.666424512863159180e-01
1.272885084152221680e+00
-9.561182260513305664e-01
-6.155421137809753418e-01
6.768194437026977539e-01
1.926561951637268066e+00
8.650485277175903320e-01
5.220520496368408203e-01
1.293730497360229492e+00
-7.578682899475097656e-02
3.043214321136474609e+00
-2.077542066574096680e+00
1.248319387435913086e+00
1.087404489517211914e+00
2.972756862640380859e+00
3.046541929244995117e+00
2.184475064277648926e-01
-1.745512127876281738e+00
-8.697295188903808594e-01
1.397242784500122070e+00
2.834548950195312500e-01
4.065006256103515625e+00
9.978301525115966797e-01
-5.100556015968322754e-01
3.351917743682861328e+00
-9.864453077316284180e-01
2.810857772827148438e+00
2.634470224380493164e+00
4.347444772720336914e-01
1.189047932624816895e+00
-1.909522533416748047e+00
-4.903318285942077637e-01
-1.528929710388183594e+00
2.544785022735595703e+00
1.223568201065063477e+00
-1.705460667610168457e+00
-3.123584985733032227e-01
1.378430962562561035e+00
6.512955665588378906e+00
-7.666451930999755859e-01
3.291490554809570312e+00
-6.709398031234741211e-01
-3.152200222015380859e+00
-1.452391862869262695e+00
-1.457534551620483398e+00
-1.327404737472534180e+00
1.757853984832763672e+00
-6.785583496093750000e-01
2.996915817260742188e+00
7.439776659011840820e-01
-1.291292905807495117e+00
1.230118870735168457e-01
3.794295787811279297e+00
-9.455732703208923340e-01
-5.440925955772399902e-01
-4.078336715698242188e+00
-1.458216756582260132e-01
2.184947967529296875e+00
-1.493568420410156250e-01
-2.616637468338012695e+00
4.872453808784484863e-01
4.535454511642456055e-01
-1.855481505393981934e+00
-2.264975070953369141e+00
4.710841178894042969e+00
2.932126522064208984e+00
1.437541961669921875e+00
-8.059071302413940430e-01
5.152503252029418945e-01
2.807396888732910156e+00
2.593968152999877930e+00
-5.283767580986022949e-01
-1.487670063972473145e+00
6.587405800819396973e-01
-5.128484964370727539e-01
-3.251619815826416016e+00
-2.875960588455200195e+00
-6.648444533348083496e-01
2.059651374816894531e+00
-1.706286787986755371e+00
-1.004403829574584961e-02
-1.572252035140991211e+00
-2.497582674026489258e+00
-3.034641742706298828e-01
-3.003401756286621094e+00
9.459747076034545898e-01
-2.398569107055664062e+00
-2.651725769042968750e+00
-2.848977088928222656e+00
-3.798992872238159180e+00
4.933917999267578125e+00
-3.052787780761718750e-01
1.954433917999267578e+00
-1.213760495185852051e+00
-1.683733701705932617e+00
-3.409904718399047852e+00
-2.373528480529785156e+00
-2.038861513137817383e-01
-4.710867404937744141e+00
-1.343089103698730469e+00
4.095062017440795898e-01
-1.774567842483520508e+00
1.331087589263916016e+00
-1.523613214492797852e+00
3.009955167770385742e+00
-4.708611369132995605e-01
2.305065393447875977e-01
8.297759294509887695e-01
-7.599245309829711914e-01
-1.947363853454589844e+00
9.084058761596679688e+00
-1.760547637939453125e+00
1.904216289520263672e+00
2.382548332214355469e+00
-7.152673244476318359e+00
4.782373011112213135e-01
1.908715665340423584e-01
1.744345903396606445e+00
9.279484748840332031e-01
6.807283401489257812e+00
3.225893676280975342e-01
2.935025215148925781e+00
1.211471915245056152e+00
-5.363520622253417969e+00
-7.378066778182983398e-01
-6.774261593818664551e-02
1.707357287406921387e+00
1.407136201858520508e+00
-2.081243991851806641e-01
-4.330784797668457031e+00
-9.286839962005615234e-01
-2.399398803710937500e+00
1.306357502937316895e+00
4.508221149444580078e+00
-2.813484191894531250e+00
-1.676148056983947754e+00
-3.898879051208496094e+00
1.066742420196533203e+00
-1.467790603637695312e-01
-2.882040262222290039e+00
-2.535636723041534424e-01
5.906003952026367188e+00
-2.299543142318725586e+00
-1.506470441818237305e+00
2.751306533813476562e+00
-1.278216838836669922e+00
3.606915712356567383e+00
-1.545908451080322266e+00
3.372247219085693359e-01
-3.798885107040405273e+00
-1.478272080421447754e+00
5.253595113754272461e-01
2.227892398834228516e+00
1.798231482505798340e+00
-3.787069320678710938e-01
1.705262064933776855e+00
4.741418659687042236e-01
3.416726112365722656e+00
1.190516352653503418e-01
1.196193814277648926e+00
2.478227615356445312e-01
2.552214145660400391e+00
1.174148678779602051e+00
5.387825012207031250e+00
1.198160409927368164e+00
2.141312360763549805e+00
1.880854725837707520e+00
-4.923841357231140137e-02
-3.452612161636352539e-01
-8.047609329223632812e-01
-8.707106113433837891e-03
-3.409582138061523438e+00
-2.207135200500488281e+00
-5.352365374565124512e-01
-2.956485509872436523e+00
7.643508911132812500e-01
-3.081795930862426758e+00
1.126314163208007812e+00
2.045935690402984619e-01
-5.580110549926757812e+00
-1.718957543373107910e+00
-7.932413220405578613e-01
-2.268927812576293945e+00
-2.698177576065063477e+00
3.251997947692871094e+00
4.378389358520507812e+00
-1.270702600479125977e+00
2.064247727394104004e-01
4.375340044498443604e-01
-2.264800310134887695e+00
-3.976133346557617188e+00
-1.811033487319946289e-01
1.182896375656127930e+00
6.493649959564208984e+00
2.132504224777221680e+00
-1.058930277824401855e+00
-7.037333846092224121e-01
2.279844045639038086e+00
3.093449592590332031e+00
2.881526350975036621e-01
1.532887220382690430e+00
-2.100327253341674805e+00
-2.578024625778198242e+00
1.711778640747070312e+00
-1.025776147842407227e+00
1.032744050025939941e+00
3.290478706359863281e+00
-1.245596647262573242e+00
-8.094094991683959961e-01
1.767568349838256836e+00
9.153426289558410645e-01
1.307783603668212891e+00
2.760483026504516602e-01
9.122917056083679199e-01
3.224528312683105469e+00
-1.365603923797607422e+00
-2.142055988311767578e+00
-1.878540992736816406e+00
-1.522447943687438965e+00
5.195158720016479492e-01
3.788660764694213867e+00
2.742920160293579102e+00
-1.416568398475646973e+00
5.737301349639892578e+00
6.490809917449951172e-01
-3.176378250122070312e+00
7.017195224761962891e-03
4.519200801849365234e+00
-1.657882928848266602e+00
8.117322921752929688e-01
-7.267221808433532715e-02
2.518117904663085938e+00
-1.029735803604125977e+00
9.171948432922363281e-01
2.481657505035400391e+00
-9.085915088653564453e-01
-2.943101882934570312e+00
2.569057941436767578e+00
5.670108795166015625e-01
-7.680923938751220703e-01
-1.775804400444030762e+00
2.513938665390014648e+00
-4.284430146217346191e-01
-2.151391506195068359e+00
1.018588423728942871e+00
4.986341595649719238e-01
-2.689007759094238281e+00
-3.040348529815673828e+00
3.324338197708129883e+00
3.420241594314575195e+00
1.488228082656860352e+00
1.760764122009277344e+00
-1.839756369590759277e-01
-4.891888201236724854e-01
5.028604507446289062e+00
-2.715291261672973633e+00
-7.232440710067749023e-01
-6.499889492988586426e-02
2.486482381820678711e+00
1.375122517347335815e-01
-5.400322437286376953e+00
3.907395601272583008e+00
3.757000923156738281e+00
2.126924037933349609e+00
1.328341364860534668e+00
4.361392855644226074e-01
1.686239957809448242e+00
-3.776508569717407227e-01
-2.749466419219970703e+00
-1.296882271766662598e+00
-3.549499034881591797e+00
2.857814788818359375e+00
-2.954325199127197266e+00
8.448608398437500000e+00
7.892673015594482422e-01
1.485135197639465332e+00
-2.703816413879394531e+00
8.828923106193542480e-01
-3.880639076232910156e+00
2.133964300155639648e+00
6.205429077148437500e+00
1.174013853073120117e+00
3.393836319446563721e-01
-2.213507175445556641e+00
-1.417688369750976562e+00
1.046285867691040039e+00
5.632627010345458984e-01
-1.270601153373718262e+00
-1.338415145874023438e-01
-9.357141256332397461e-01
3.419692277908325195e+00
1.257073283195495605e+00
-3.053674936294555664e+00
-2.857360363006591797e+00
-2.482028007507324219e-01
-3.367296218872070312e+00
-2.850117683410644531e+00
-4.044795989990234375e+00
1.845794916152954102e+00
-4.817700862884521484e+00
-4.687845706939697266e+00
3.966251909732818604e-01
-4.173397064208984375e+00
-3.454617023468017578e+00
-3.426951169967651367e+00
-1.774897217750549316e+00
-2.149202108383178711e+00
-2.706042766571044922e+00
-4.466094970703125000e+00
-2.097631216049194336e+00
-4.489294052124023438e+00
-2.510428905487060547e+00
-3.618163585662841797e+00
-2.168031454086303711e+00
-3.718575477600097656e+00
-1.450048804283142090e+00
-8.138142228126525879e-01
-2.209470033645629883e+00
-4.543569684028625488e-01
5.560289621353149414e-01
5.561400651931762695e-01
-1.361115813255310059e+00
-1.964334964752197266e+00
8.194249868392944336e-02
-7.993515133857727051e-01
-4.409133911132812500e+00
-3.802826166152954102e+00
1.075070738792419434e+00
-4.040840625762939453e+00
-2.648042678833007812e+00
-3.930159330368041992e+00
-4.457053661346435547e+00
-1.653658628463745117e+00
-3.678109884262084961e+00
-5.487794399261474609e+00
1.853409290313720703e+00
-1.754295110702514648e+00
5.753079652786254883e-01
-1.856714725494384766e+00
2.682984471321105957e-01
1.188589215278625488e+00
4.398308396339416504e-01
5.620326995849609375e-01
-2.051030874252319336e+00
8.763849735260009766e-01
-2.090030670166015625e+00
-2.070445537567138672e+00
6.501251459121704102e-01
8.808044791221618652e-01
5.182901620864868164e-01
3.851974010467529297e+00
1.672648906707763672e+00
1.592525482177734375e+00
2.183920145034790039e+00
1.396695852279663086e+00
-3.776341974735260010e-01
-4.873285293579101562e-01
-2.935991287231445312e+00
1.779269933700561523e+00
-2.096442222595214844e+00
2.075985908508300781e+00
7.035093903541564941e-01
-1.223070740699768066e+00
-1.733553528785705566e+00
-1.908125877380371094e+00
-9.360625743865966797e-01
9.638678431510925293e-01
1.125988960266113281e+00
3.518970012664794922e+00
