3.487018346786499023e-01
-9.796965718269348145e-01
-3.381936550140380859e+00
-2.027201175689697266e+00
-4.139899253845214844e+00
1.532961249351501465e+00
2.171426773071289062e+00
4.101367473602294922e+00
1.576379895210266113e+00
3.688221931457519531e+00
-3.915623188018798828e+00
-3.356747150421142578e+00
-4.000941753387451172e+00
-5.988669872283935547e+00
1.770086884498596191e-01
-2.289309740066528320e+00
-5.006915092468261719e+00
9.315860271453857422e-02
-3.090171813964843750e+00
-5.080211639404296875e+00
-6.880565166473388672e+00
-5.273408889770507812e-01
-2.749608039855957031e+00
-1.699566602706909180e+00
1.603250205516815186e-01
-1.867370009422302246e-01
-2.403967380523681641e-01
-7.407040596008300781e-01
-6.443642973899841309e-01
-4.223984718322753906e+00
1.894768953323364258e+00
4.141730785369873047e+00
-2.419878482818603516e+00
1.396347045898437500e+00
3.667257308959960938e+00
-2.360500812530517578e+00
1.127342224121093750e+00
-2.474004030227661133e+00
4.720693111419677734e+00
3.054648160934448242e+00
-1.351601958274841309e+00
-3.136341273784637451e-01
1.495660066604614258e+00
1.461434841156005859e+00
2.670435309410095215e-01
3.162475347518920898e+00
3.395433187484741211e+00
2.630300998687744141e+00
4.166137695312500000e+00
4.822460651397705078e+00
3.476628065109252930e+00
5.253831148147583008e-01
-1.153034329414367676e+00
-2.963172912597656250e+00
1.735590219497680664e+00
3.905074119567871094e+00
3.397752761840820312e+00
-2.133760690689086914e+00
5.582427978515625000e-01
1.918883323669433594e+00
2.161436080932617188e+00
4.207848548889160156e+00
4.571933746337890625e+00
9.096888303756713867e-01
3.200264453887939453e+00
3.976320743560791016e+00
3.435282945632934570e+00
2.397928535938262939e-01
3.292657852172851562e+00
-1.414862275123596191e-01
-4.490049839019775391e+00
-7.620829343795776367e-01
-5.049769401550292969e+00
-8.239703178405761719e-01
-2.119821310043334961e+00
-3.552398920059204102e+00
-9.850823879241943359e-01
3.826614618301391602e-01
3.657748460769653320e+00
-3.101009130477905273e+00
-4.238600730895996094e-01
-3.840086936950683594e+00
-7.228417992591857910e-01
8.957602977752685547e-01
3.071518898010253906e+00
-1.799506425857543945e+00
8.307271003723144531e-01
-1.214729905128479004e+00
4.530951976776123047e-01
-5.231410026550292969e+00
4.042768478393554688e-02
-6.377298831939697266e+00
-1.437134981155395508e+00
-3.359660625457763672e+00
-3.685260295867919922e+00
-3.712338924407958984e+00
5.110752582550048828e-02
-3.023824691772460938e+00
-3.311642646789550781e+00
-4.598558425903320312e+00
-2.089228630065917969e-01
-7.034603953361511230e-01
-5.755258083343505859e+00
-8.369823098182678223e-01
1.227869093418121338e-02
-5.324159145355224609e+00
-1.284526705741882324e+00
2.350028604269027710e-01
5.280942916870117188e-01
3.885058641433715820e+00
5.887870192527770996e-01
-5.090568542480468750e+00
-6.122291684150695801e-01
9.481093287467956543e-02
-1.524479031562805176e+00
1.699767708778381348e+00
4.315589666366577148e-01
2.195825338363647461e+00
5.834743380546569824e-01
3.285163164138793945e+00
-1.441412925720214844e+00
9.972226023674011230e-01
-1.723368048667907715e+00
-9.020055532455444336e-01
4.813842177391052246e-01
4.262337088584899902e-01
-3.881942033767700195e+00
-2.113988876342773438e+00
-7.486496567726135254e-01
-2.326570510864257812e+00
-2.926843166351318359e+00
-3.806900501251220703e+00
-3.489987134933471680e+00
-2.657887458801269531e+00
-4.698795080184936523e-01
-5.981348991394042969e+00
-3.576393127441406250e-01
-3.977767467498779297e+00
1.267307996749877930e-01
-3.230453252792358398e+00
-4.690410614013671875e+00
-2.161237239837646484e+00
-4.244640827178955078e+00
-5.043417930603027344e+00
-3.390647172927856445e-01
-2.298190116882324219e+00
-5.701612949371337891e+00
-5.088109374046325684e-01
-2.305618047714233398e+00
-5.210326910018920898e-01
-1.452305316925048828e+00
5.866820812225341797e+00
1.011694550514221191e+00
2.971446752548217773e+00
2.540721297264099121e-01
-6.545157432556152344e-01
9.773348569869995117e-01
1.111932277679443359e+00
4.382436275482177734e+00
5.316104888916015625e+00
1.253957509994506836e+00
-1.105986535549163818e-02
4.026808738708496094e+00
3.454049587249755859e+00
6.977721691131591797e+00
6.909319400787353516e+00
6.698923110961914062e-01
2.034447193145751953e+00
5.151001930236816406e+00
5.170810222625732422e-02
7.311977386474609375e+00
4.244591236114501953e+00
5.514480590820312500e+00
5.076877117156982422e+00
2.583941698074340820e+00
2.493995189666748047e+00
4.714651584625244141e+00
8.102766990661621094e+00
4.582144260406494141e+00
6.386902332305908203e+00
4.908984184265136719e+00
6.497900962829589844e+00
7.998517036437988281e+00
7.997202396392822266e+00
4.887800693511962891e+00
4.065689086914062500e+00
5.677960515022277832e-01
4.806330680847167969e+00
6.427911758422851562e+00
6.185115337371826172e+00
3.188306808471679688e+00
6.013836383819580078e+00
3.170882463455200195e+00
2.894663333892822266e+00
1.602011322975158691e+00
2.146666765213012695e+00
6.797930240631103516e+00
8.412508964538574219e+00
7.698110103607177734e+00
5.644744873046875000e+00
2.971638202667236328e+00
6.009774684906005859e+00
4.153152942657470703e+00
4.818583011627197266e+00
2.034582853317260742e+00
3.751948118209838867e+00
5.902174949645996094e+00
4.135590195655822754e-01
6.024854183197021484e+00
3.416573047637939453e+00
7.267317295074462891e+00
6.454756736755371094e+00
3.754707336425781250e+00
2.627283334732055664e+00
5.866459846496582031e+00
2.182289600372314453e+00
3.887654781341552734e+00
1.707076072692871094e+00
4.868319630622863770e-01
2.600070953369140625e+00
7.268899679183959961e-01
3.419198513031005859e+00
2.216888427734375000e+00
5.317876338958740234e+00
2.924026966094970703e+00
3.177474021911621094e+00
5.479055404663085938e+00
5.656781673431396484e+00
4.757394313812255859e+00
5.280322074890136719e+00
1.452019333839416504e+00
1.267886519432067871e+00
1.347390413284301758e+00
8.863671302795410156e+00
7.753281116485595703e+00
3.329642772674560547e+00
7.874859809875488281e+00
1.120074081420898438e+01
5.643951416015625000e+00
-3.344910144805908203e-01
4.353388309478759766e+00
4.868500232696533203e+00
6.247570514678955078e+00
2.453112602233886719e+00
2.324321746826171875e+00
2.371193408966064453e+00
7.072890281677246094e+00
2.213186264038085938e+00
2.896714448928833008e+00
2.559450149536132812e+00
2.821559429168701172e+00
5.780837535858154297e+00
4.188613891601562500e+00
5.403857231140136719e+00
5.222393989562988281e+00
2.429571866989135742e+00
-4.303097128868103027e-01
1.623456239700317383e+00
7.584114670753479004e-01
-2.187548875808715820e-01
5.090130567550659180e-01
3.309105634689331055e-01
6.720080375671386719e+00
5.208261013031005859e-01
-8.274943232536315918e-01
5.213319301605224609e+00
4.969198703765869141e+00
7.147190570831298828e+00
2.192887783050537109e+00
3.263316154479980469e+00
1.868673682212829590e+00
2.182663202285766602e+00
6.079668998718261719e+00
4.708023548126220703e+00
2.064292907714843750e+00
-5.672886371612548828e-01
-1.212464690208435059e+00
-2.205179452896118164e+00
-1.841112613677978516e+00
1.337272882461547852e+00
5.561505794525146484e+00
5.362882614135742188e-01
2.221922874450683594e+00
-1.140137553215026855e+00
-4.715804100036621094e+00
1.148763060569763184e+00
-4.814811646938323975e-01
2.016809463500976562e+00
3.486441135406494141e+00
-5.329072475433349609e-01
3.413632392883300781e+00
1.205962896347045898e+00
1.601646900177001953e+00
6.522496700286865234e+00
-2.769437313079833984e+00
-1.240365743637084961e+00
1.151756763458251953e+00
-1.606041431427001953e+00
7.094587087631225586e-01
-4.514338970184326172e+00
-2.913638114929199219e+00
-2.638625621795654297e+00
-2.237580776214599609e+00
-3.176046371459960938e+00
-2.680708408355712891e+00
-3.187203884124755859e+00
-4.242682933807373047e+00
-1.248328685760498047e-01
-9.818961024284362793e-01
-3.829619884490966797e+00
-1.200481534004211426e+00
-1.315687179565429688e+00
-1.814840078353881836e+00
-4.631831169128417969e+00
-3.302945137023925781e+00
-2.473734855651855469e+00
-2.949606657028198242e+00
-2.867167472839355469e+00
-3.115365982055664062e+00
1.029549241065979004e-01
-1.673864841461181641e+00
-1.731707334518432617e+00
-4.191429138183593750e+00
-1.625909090042114258e+00
-3.819857597351074219e+00
-4.675911903381347656e+00
-6.633304595947265625e+00
7.853258848190307617e-01
-1.080010652542114258e+00
-3.546074330806732178e-01
9.281327724456787109e-01
1.660958051681518555e+00
-2.339064121246337891e+00
9.613563865423202515e-02
-5.683060169219970703e+00
-1.229982018470764160e+00
-1.104907155036926270e+00
-2.536827564239501953e+00
-1.146269917488098145e+00
5.314533710479736328e+00
8.024094581604003906e+00
2.619479417800903320e+00
2.546074151992797852e+00
2.518097877502441406e+00
4.462875366210937500e+00
1.333310365676879883e+00
-5.688963830471038818e-02
-1.098934292793273926e+00
2.433656692504882812e+00
1.844245076179504395e+00
7.138410210609436035e-01
1.218848824501037598e+00
2.266906023025512695e+00
1.207698464393615723e+00
7.403298377990722656e+00
4.068467140197753906e+00
-1.124760389328002930e+00
-1.959370255470275879e+00
-2.480494529008865356e-01
9.066936969757080078e-01
1.796640276908874512e+00
-1.427919626235961914e+00
-2.342793464660644531e+00
2.662613153457641602e+00
-1.302774071693420410e+00
-4.360713005065917969e+00
-3.152299404144287109e+00
-3.684987127780914307e-01
-5.467772960662841797e+00
-1.221936583518981934e+00
-3.113322496414184570e+00
-1.885015964508056641e+00
-2.237135171890258789e+00
-2.855940341949462891e+00
-6.053578853607177734e-01
-4.817012310028076172e+00
-1.461364626884460449e+00
-1.157832264900207520e+00
-3.634634494781494141e+00
-5.423276424407958984e+00
-2.508584022521972656e+00
-1.405698418617248535e+00
-2.090536832809448242e+00
-1.649325966835021973e+00
-4.932676315307617188e+00
4.155275344848632812e+00
2.613903045654296875e+00
-3.910474777221679688e+00
-5.046323299407958984e+00
1.011022806167602539e+00
1.502273321151733398e+00
-2.099534034729003906e+00
2.955554008483886719e+00
2.427946090698242188e+00
-1.210297942161560059e+00
-8.070129156112670898e-02
4.738714694976806641e+00
3.674361705780029297e+00
-3.857590198516845703e+00
2.611972332000732422e+00
-3.382170200347900391e+00
4.831514954566955566e-01
2.389766275882720947e-01
-7.788749217987060547e+00
-2.931649684906005859e+00
1.681048393249511719e+00
-2.233097553253173828e+00
-2.690337419509887695e+00
6.073969602584838867e-01
-6.282274723052978516e-01
-9.409573078155517578e-01
6.101223945617675781e+00
-2.206618785858154297e+00
-1.414550542831420898e+00
3.550321340560913086e+00
2.021813869476318359e+00
-2.611843943595886230e-01
3.701213121414184570e+00
-1.310168385505676270e+00
3.666922807693481445e+00
-1.806152343750000000e+00
-1.679172039031982422e+00
-1.538267612457275391e+00
-5.754256844520568848e-01
1.385603666305541992e+00
4.633310317993164062e+00
-1.638417482376098633e+00
7.698694467544555664e-01
7.500109672546386719e-01
1.844292998313903809e+00
-1.635308265686035156e+00
6.235949993133544922e-01
-1.891141414642333984e+00
5.006567001342773438e+00
4.731553554534912109e+00
-2.909559607505798340e-01
1.567178964614868164e+00
7.871019244194030762e-01
-3.304140090942382812e+00
-6.974995136260986328e-01
-4.334310293197631836e-01
-2.994093418121337891e+00
-2.678267717361450195e+00
6.897899627685546875e+00
1.464514493942260742e+00
2.307000160217285156e-01
-2.602246999740600586e-01
3.692056417465209961e+00
2.511342048645019531e+00
-1.485442280769348145e+00
5.294973850250244141e-01
1.190995454788208008e+00
5.628052234649658203e+00
-6.505351662635803223e-01
-3.986976623535156250e+00
1.328403949737548828e-01
-3.199051380157470703e+00
1.094954013824462891e-01
6.216279268264770508e-01
1.381535172462463379e+00
1.322660923004150391e+00
3.529926836490631104e-01
-1.945679545402526855e+00
1.094262242317199707e+00
1.144944787025451660e+00
1.591072559356689453e+00
-2.312908649444580078e+00
-2.580755949020385742e+00
-2.827697038650512695e+00
-2.044011592864990234e+00
2.222673177719116211e+00
-9.065960645675659180e-01
-5.024778366088867188e+00
7.785632014274597168e-01
6.485108375549316406e+00
-4.083271980285644531e+00
2.267006874084472656e+00
-2.659994602203369141e+00
2.080454826354980469e+00
-2.874921321868896484e+00
-2.197164773941040039e+00
-3.862609863281250000e+00
-2.579191923141479492e+00
1.620862007141113281e+00
-2.033601284027099609e+00
-2.036573410034179688e+00
-1.811466217041015625e+00
-9.254785776138305664e-01
1.360249519348144531e+00
2.263067960739135742e-01
3.527658581733703613e-01
-4.138957977294921875e+00
1.357367992401123047e+00
-3.153679609298706055e+00
-2.555952787399291992e+00
-2.558708190917968750e+00
4.533442020416259766e+00
7.591611146926879883e-01
-9.750980734825134277e-01
-4.558492660522460938e+00
3.168030381202697754e-01
1.642587304115295410e+00
1.638734579086303711e+00
6.912610530853271484e-01
-8.689886927604675293e-01
-5.235038280487060547e+00
-4.547918319702148438e+00
2.394964545965194702e-01
-4.197453975677490234e+00
1.225102305412292480e+00
1.413504362106323242e+00
-4.786947250366210938e+00
-5.561994552612304688e+00
-2.927165746688842773e+00
-1.676001906394958496e+00
3.806755781173706055e+00
-1.099453717470169067e-01
2.170656323432922363e-01
5.929498672485351562e-01
6.714792251586914062e-01
3.404212474822998047e+00
-3.742407798767089844e+00
1.999662637710571289e+00
4.829924106597900391e-01
-9.559416174888610840e-01
-2.119312286376953125e+00
-4.469865322113037109e+00
-5.520222663879394531e+00
-2.495033264160156250e+00
2.137852191925048828e+00
2.131126403808593750e+00
2.258243799209594727e+00
3.868503123521804810e-02
6.319734573364257812e+00
-6.502878189086914062e+00
-3.250296354293823242e+00
-1.521433115005493164e+00
4.956550121307373047e+00
1.155635833740234375e+00
7.641139030456542969e+00
-1.207123398780822754e+00
1.609298884868621826e-01
-2.056830406188964844e+00
-1.942568421363830566e-01
-5.377782583236694336e-01
-2.853324651718139648e+00
-2.409702777862548828e+00
7.272267341613769531e-02
-2.860068798065185547e+00
5.420179367065429688e+00
-7.326184749603271484e+00
-4.902338027954101562e+00
2.621518611907958984e+00
-1.364219903945922852e+00
-3.211578130722045898e+00
-1.143030047416687012e+00
-2.102408885955810547e+00
9.643733501434326172e-02
-3.123260974884033203e+00
-2.499649524688720703e+00
1.566067457199096680e+00
-1.268545389175415039e+00
-2.676273286342620850e-01
-3.656398296356201172e+00
-3.708362340927124023e+00
-6.369227170944213867e-01
-2.464938163757324219e+00
-1.944037675857543945e+00
9.782919883728027344e-01
1.453268885612487793e+00
8.971070051193237305e-01
-5.330011367797851562e+00
-3.275556862354278564e-01
-2.872705221176147461e+00
-2.861291408538818359e+00
-4.496937274932861328e+00
-3.223331928253173828e+00
-2.857989311218261719e+00
-5.071348547935485840e-01
5.567069649696350098e-01
-1.575579285621643066e+00
-1.126469135284423828e+00
-2.473471164703369141e-01
-1.396086931228637695e+00
9.492748379707336426e-01
2.490718603134155273e+00
-1.435775279998779297e+00
-3.381294727325439453e+00
2.423225879669189453e+00
-5.618196725845336914e-01
-5.388935565948486328e+00
7.883996009826660156e+00
-3.293065309524536133e+00
1.816715717315673828e+00
-3.324277639389038086e+00
-6.347576379776000977e-01
-1.474000930786132812e+00
-7.680063247680664062e-01
-3.085884809494018555e+00
1.199010133743286133e+00
1.873759031295776367e+00
4.308944940567016602e-01
-2.143464803695678711e+00
3.254523277282714844e+00
-3.813233613967895508e+00
-3.996982336044311523e+00
-1.557984113693237305e+00
-1.668591976165771484e+00
1.951546430587768555e+00
9.556097984313964844e-01
2.347439765930175781e+00
8.752489089965820312e+00
-3.612962961196899414e+00
-3.835819721221923828e+00
-8.436097502708435059e-01
1.494670510292053223e+00
3.450959205627441406e+00
-2.762287616729736328e+00
-1.995196700096130371e+00
-1.197326183319091797e-02
-1.814571976661682129e+00
3.003163576126098633e+00
-2.726191043853759766e+00
-3.171988010406494141e+00
-3.772219896316528320e+00
-1.999697566032409668e+00
-3.165085315704345703e-01
-2.321717500686645508e+00
-1.949667453765869141e+00
-3.961556911468505859e+00
-1.680509567260742188e+00
-9.083518981933593750e-01
-4.862032890319824219e+00
-1.182123303413391113e+00
-2.725267410278320312e+00
-3.832210779190063477e+00
4.943910121917724609e+00
1.606009364128112793e+00
8.275928497314453125e+00
7.717121124267578125e+00
-7.840936779975891113e-01
8.978126943111419678e-02
-4.465315818786621094e+00
1.248091340065002441e+00
-5.411217212677001953e+00
1.097297191619873047e+00
5.222888946533203125e+00
-1.159584999084472656e+00
-2.210707187652587891e+00
2.911021232604980469e+00
-1.787167429924011230e+00
1.213516712188720703e+00
-3.131521224975585938e+00
3.319143056869506836e+00
-2.440804243087768555e+00
2.511684417724609375e+00
-1.732548117637634277e+00
-5.057068347930908203e+00
6.946951866149902344e+00
6.079062223434448242e-01
-1.001492023468017578e+00
-1.466840982437133789e+00
3.382574915885925293e-01
-1.592289209365844727e+00
-2.807778358459472656e+00
-3.572341203689575195e+00
-2.219909191131591797e+00
-2.887550592422485352e+00
-1.606350421905517578e+00
2.207736492156982422e+00
-3.170294761657714844e+00
2.667329549789428711e+00
-1.498580217361450195e+00
-4.079389095306396484e+00
-3.000955104827880859e+00
-2.892107963562011719e+00
5.191769599914550781e+00
-3.471422195434570312e+00
1.204782724380493164e-01
8.892675638198852539e-01
1.912671327590942383e+00
-5.254442691802978516e+00
-2.815895795822143555e+00
-3.630860090255737305e+00
-3.348349034786224365e-02
-3.967904090881347656e+00
-4.027211189270019531e+00
-3.871444225311279297e+00
-1.772952318191528320e+00
2.701585292816162109e+00
-1.564073681831359863e+00
5.215916633605957031e-01
2.195547103881835938e+00
-1.341575980186462402e-01
-3.901642322540283203e+00
1.008448839187622070e+00
-2.643344402313232422e-01
2.213515758514404297e+00
-4.462740123271942139e-01
-3.661767244338989258e+00
2.596617937088012695e+00
3.310062170028686523e+00
5.042583346366882324e-01
5.472917556762695312e-01
1.778693675994873047e+00
-2.510961055755615234e+00
-1.186210274696350098e+00
-2.762081146240234375e+00
-2.507368326187133789e+00
3.242734909057617188e+00
-4.667722225189208984e+00
-1.256523489952087402e+00
-3.909495115280151367e+00
-1.970019340515136719e+00
-7.693411350250244141e+00
-3.277074337005615234e+00
4.373126983642578125e+00
-3.858344316482543945e+00
-4.892275035381317139e-01
2.059741973876953125e+00
-2.101883172988891602e+00
7.359477519989013672e+00
-1.824495553970336914e+00
2.361403703689575195e+00
-4.035825252532958984e+00
-1.160913825035095215e+00
-4.007495403289794922e+00
7.725077867507934570e-01
2.010777950286865234e+00
-6.269800662994384766e+00
2.725887894630432129e-01
-1.316665291786193848e+00
-1.381961584091186523e+00
6.307371854782104492e-01
-1.476281642913818359e+00
8.940886497497558594e+00
-2.370663404464721680e+00
1.045666217803955078e+00
-5.716500759124755859e+00
-2.158479690551757812e+00
-4.196715831756591797e+00
6.068831443786621094e+00
-7.938689231872558594e+00
-1.678820848464965820e+00
-6.589179039001464844e+00
-3.069953203201293945e+00
-2.176030874252319336e-01
-1.921528279781341553e-01
3.719987392425537109e+00
5.491063594818115234e-01
7.130290508270263672e+00
9.342619776725769043e-02
-4.527490139007568359e-01
-1.766722202301025391e+00
-5.122031688690185547e+00
-1.669100046157836914e+00
-1.721366524696350098e+00
-1.943522334098815918e+00
-2.189970493316650391e+00
1.428889751434326172e+00
-3.488674640655517578e+00
-7.018736600875854492e-01
-2.133435487747192383e+00
-3.467220306396484375e+00
-1.874681472778320312e+00
3.867812752723693848e-01
-5.795389175415039062e+00
5.830844640731811523e-01
2.304380893707275391e+00
2.055674791336059570e+00
1.228741765022277832e+00
-2.862327337265014648e+00
1.950721621513366699e+00
4.194332361221313477e-01
3.045082092285156250e+00
2.760825872421264648e+00
-2.487748861312866211e+00
-4.690041542053222656e+00
-3.172117948532104492e+00
-1.458558559417724609e+00
-3.718536376953125000e+00
1.448816299438476562e+00
-3.337046623229980469e+00
-3.729002475738525391e+00
-4.776033163070678711e-01
-2.711531639099121094e+00
-1.160480618476867676e+00
5.740635395050048828e-01
3.925140500068664551e-01
-5.314769148826599121e-01
-8.613334298133850098e-01
1.366288185119628906e+00
3.213878631591796875e+00
4.035305500030517578e+00
8.353345394134521484e-01
2.047809123992919922e+00
3.273392438888549805e+00
1.247367501258850098e+00
-4.668156147003173828e+00
-2.619500160217285156e-01
-3.696835041046142578e-02
4.471668243408203125e+00
4.659659862518310547e-01
-1.330721974372863770e+00
-2.645841121673583984e+00
2.467495441436767578e+00
2.727401018142700195e+00
-8.410369157791137695e-01
3.727814674377441406e+00
4.273748397827148438e-01
-5.114811420440673828e+00
-1.354581952095031738e+00
-1.016537189483642578e+00
1.688439249992370605e-01
1.910567283630371094e-02
-4.482172966003417969e+00
-4.763936698436737061e-01
-2.878125190734863281e+00
-1.212166309356689453e+00
-1.767360687255859375e+00
-5.922770500183105469e-01
-2.835289239883422852e+00
1.354653477668762207e+00
1.691319346427917480e+00
4.165647506713867188e+00
1.188556313514709473e+00
-4.132066965103149414e-01
-6.618682384490966797e+00
1.762941002845764160e+00
-6.997331380844116211e-01
-2.957052469253540039e+00
2.471562623977661133e+00
-2.462074279785156250e+00
-3.895166158676147461e+00
5.000064969062805176e-01
-3.677585601806640625e+00
2.170707464218139648e+00
2.227050781250000000e+00
4.464566707611083984e-01
-2.512377500534057617e+00
9.359514117240905762e-01
2.492113351821899414e+00
2.675609827041625977e+00
2.684495210647583008e+00
4.119664132595062256e-01
3.872294425964355469e-01
-1.115400552749633789e+00
-2.758372545242309570e+00
-1.943504095077514648e+00
-1.390523910522460938e+00
3.982438087463378906e+00
2.605078935623168945e+00
4.081055521965026855e-01
-1.147702455520629883e+00
2.205239057540893555e+00
1.056163311004638672e+00
-1.147021055221557617e+00
3.907004356384277344e+00
-8.247717618942260742e-01
-1.460011363029479980e+00
-3.273875236511230469e+00
-1.858880281448364258e+00
-9.485587477684020996e-02
-2.951640605926513672e+00
-5.021737813949584961e-01
2.947382330894470215e-01
-2.503383159637451172e+00
1.753733277320861816e+00
4.508972167968750000e+00
-1.217912912368774414e+00
1.560233950614929199e+00
-5.654196739196777344e+00
4.306930303573608398e-02
1.303968578577041626e-01
-3.005321025848388672e+00
-1.167832970619201660e+00
-4.791737198829650879e-01
-8.603047132492065430e-01
-2.577465295791625977e+00
2.602587223052978516e+00
-3.284935951232910156e-01
-2.846659660339355469e+00
-1.744938135147094727e+00
1.129955768585205078e+00
1.975290477275848389e-01
5.180855274200439453e+00
-5.345366001129150391e-01
-7.136962413787841797e-01
-1.954986810684204102e+00
-2.173413276672363281e+00
2.287159919738769531e+00
-2.097406864166259766e+00
4.028554916381835938e+00
4.573876380920410156e+00
-1.215877294540405273e+00
-2.464440107345581055e+00
-4.658929347991943359e+00
-2.299850940704345703e+00
2.803158521652221680e+00
-3.698338985443115234e+00
8.680736422538757324e-01
-4.330053329467773438e+00
2.785224437713623047e+00
-1.058546543121337891e+00
-1.249227523803710938e+00
-1.297592759132385254e+00
4.646070599555969238e-01
4.781180620193481445e-02
-2.301532268524169922e+00
-5.003051280975341797e+00
2.398749828338623047e+00
5.647727966308593750e+00
4.229690074920654297e+00
1.712527275085449219e+00
-4.391005992889404297e+00
1.743679523468017578e+00
1.229798555374145508e+00
2.157308101654052734e+00
-6.049891114234924316e-01
-1.538253903388977051e+00
-4.242780208587646484e+00
3.094405651092529297e+00
-1.479847192764282227e+00
-2.119292020797729492e+00
-2.509350180625915527e-01
5.715879201889038086e-01
-5.294717311859130859e+00
-3.333040714263916016e+00
-1.477833867073059082e+00
-2.894506454467773438e-01
-2.678263664245605469e+00
-3.831797838211059570e+00
-6.130848526954650879e-01
-5.155515670776367188e+00
-2.049775123596191406e+00
-3.718193054199218750e+00
-2.908792018890380859e+00
-3.392785549163818359e+00
-1.763597369194030762e+00
-3.230665683746337891e+00
-3.149161338806152344e+00
-6.382061481475830078e+00
-5.461838722229003906e+00
-3.663029670715332031e+00
-1.254296064376831055e+00
-1.803064227104187012e+00
-3.599702119827270508e+00
-3.218068838119506836e+00
-6.523856520652770996e-01
-3.933450460433959961e+00
-1.872951388359069824e-01
-3.583975553512573242e+00
-1.187959790229797363e+00
-3.628778219223022461e+00
-9.693685173988342285e-01
-1.351293683052062988e+00
-2.136063098907470703e+00
-1.618966579437255859e+00
2.636592388153076172e+00
7.642547488212585449e-01
-4.547029733657836914e-02
-3.102264165878295898e+00
-1.141464710235595703e+00
-3.170451879501342773e+00
-2.495815277099609375e+00
-2.014936685562133789e+00
9.071160554885864258e-01
-6.110816001892089844e+00
-2.271982908248901367e+00
5.552829504013061523e-01
3.245091438293457031e+00
1.610231637954711914e+00
6.990271806716918945e-01
4.028481006622314453e+00
-1.066708922386169434e+00
2.122264146804809570e+00
-7.131246328353881836e-01
2.441881895065307617e+00
2.246626853942871094e+00
7.705571651458740234e-01
-9.010164141654968262e-01
1.584318399429321289e+00
-4.484126567840576172e-01
4.312766075134277344e+00
1.449495077133178711e+00
-1.429566979408264160e+00
-1.179519891738891602e-01
-2.479732036590576172e-02
-4.799291133880615234e+00
-3.078799009323120117e+00
-5.814054489135742188e+00
-1.366169333457946777e+00
-2.753861665725708008e+00
-3.529222726821899414e+00
-2.772151470184326172e+00
-4.413952827453613281e+00
-4.083704948425292969e+00
-4.566608428955078125e+00
-6.195718050003051758e-01
1.053641796112060547e+00
