2.958300113677978516e+00
3.704251289367675781e+00
3.727622628211975098e-01
3.223155021667480469e+00
3.221720457077026367e+00
6.625093221664428711e-01
6.556829214096069336e-01
3.977462053298950195e-01
6.700000762939453125e-01
-3.197379112243652344e+00
-2.671838998794555664e+00
-9.571689367294311523e-01
1.954505145549774170e-01
-1.832699060440063477e+00
2.035174965858459473e-01
-1.892701625823974609e+00
-2.303663730621337891e+00
-3.355872631072998047e-02
-1.922553062438964844e+00
-1.464217424392700195e+00
-1.914131879806518555e+00
3.081763684749603271e-01
-1.991625666618347168e+00
-1.098349094390869141e+00
-2.002481222152709961e+00
-2.755928754806518555e+00
-1.186273992061614990e-01
-2.926195859909057617e-01
-1.484752058982849121e+00
-5.618607997894287109e-02
-3.349224328994750977e+00
-1.131419062614440918e+00
-4.659371852874755859e+00
-1.116818308830261230e+00
1.521426200866699219e+00
-1.800282001495361328e+00
-9.959712624549865723e-01
-2.792619705200195312e+00
1.950286865234375000e+00
-1.353908061981201172e+00
1.985388159751892090e+00
-1.856139063835144043e+00
-3.230239748954772949e-01
-2.186851978302001953e+00
-1.301424026489257812e+00
-1.874743223190307617e+00
-8.932038545608520508e-01
9.675278663635253906e-01
1.552366733551025391e+00
-1.221132516860961914e+00
-1.157934308052062988e+00
1.800676584243774414e-01
3.858617544174194336e-01
-2.879285335540771484e+00
-8.631044626235961914e-01
3.006681501865386963e-01
5.208151340484619141e-01
-4.802881240844726562e+00
2.549445867538452148e+00
-2.425054550170898438e+00
1.468147754669189453e+00
1.933740019798278809e+00
8.595445156097412109e-01
-3.323327064514160156e+00
-2.018260955810546875e-02
-8.973011970520019531e-01
2.905658721923828125e+00
-4.644848823547363281e+00
-2.195149362087249756e-01
7.789735794067382812e-01
-3.234482407569885254e-01
-3.906021595001220703e+00
-2.687582254409790039e+00
-3.415023982524871826e-01
7.248402833938598633e-01
5.497945547103881836e-01
-1.602074623107910156e+00
-3.217000961303710938e-01
-3.269442319869995117e+00
-1.739242553710937500e+00
8.436441421508789062e-02
6.178573369979858398e-01
-4.088380187749862671e-02
-1.265027046203613281e+00
1.014397501945495605e+00
-2.903221130371093750e+00
1.564624309539794922e+00
-1.934838414192199707e+00
-5.260066986083984375e-01
2.994936704635620117e+00
-1.861942410469055176e+00
-3.307494163513183594e+00
1.219767928123474121e+00
-3.722289800643920898e+00
2.825640916824340820e+00
-3.835669517517089844e+00
1.057082295417785645e+00
-1.826346397399902344e+00
-2.651296138763427734e+00
9.049177169799804688e-04
-2.070183277130126953e+00
-3.380703926086425781e-01
-4.808862209320068359e+00
1.179114103317260742e+00
-1.246404886245727539e+00
-2.943707227706909180e+00
-3.362410068511962891e+00
9.363342523574829102e-01
6.236277222633361816e-01
1.628657817840576172e+00
-1.714721918106079102e+00
9.712274074554443359e-01
3.769255161285400391e+00
1.561154842376708984e+00
-1.413741469383239746e+00
2.612037181854248047e+00
-2.361382961273193359e+00
1.865581512451171875e+00
-2.223059415817260742e+00
-6.570717334747314453e+00
-4.586865425109863281e+00
-3.219013929367065430e+00
-1.977189660072326660e+00
-6.411162853240966797e+00
-4.155882358551025391e+00
-2.770974159240722656e+00
-4.590758085250854492e-01
-1.686480998992919922e+00
-2.892780303955078125e+00
-4.079831540584564209e-01
-1.722484230995178223e+00
-2.880627155303955078e+00
-4.129546880722045898e-02
-1.277742981910705566e+00
-1.058890819549560547e+00
-3.429292678833007812e+00
-5.057828426361083984e+00
-4.742089271545410156e+00
-2.070272445678710938e+00
-4.671421051025390625e+00
-1.630819201469421387e+00
-2.544096946716308594e+00
-1.576005578041076660e+00
-4.902511596679687500e+00
-8.399373292922973633e-01
-3.506511926651000977e+00
-3.450272083282470703e+00
-3.423215389251708984e+00
1.538530468940734863e+00
-3.873804807662963867e-01
-8.392232656478881836e-02
1.505820512771606445e+00
-2.512306213378906250e+00
2.925679385662078857e-01
-3.782032012939453125e+00
-1.430054545402526855e+00
-2.199106454849243164e+00
-9.770872592926025391e-01
8.570187687873840332e-01
-1.932873129844665527e+00
-2.084921360015869141e+00
4.554345011711120605e-01
-1.311470746994018555e+00
-3.973494291305541992e+00
-1.381812334060668945e+00
-2.040212154388427734e+00
4.872049093246459961e-01
-1.046935200691223145e+00
-1.453812122344970703e-01
2.165237069129943848e-01
3.501819372177124023e-01
1.183106184005737305e+00
9.438869953155517578e-01
2.560588836669921875e+00
-2.945276737213134766e+00
-2.808302640914916992e+00
-5.931677222251892090e-01
-2.439233064651489258e+00
2.145369529724121094e+00
-1.129424095153808594e+00
-2.144573688507080078e+00
1.293240547180175781e+00
-1.503333806991577148e+00
2.884206295013427734e+00
-1.077535629272460938e+00
3.560180664062500000e-01
-1.182570815086364746e+00
-1.553867816925048828e+00
2.243165969848632812e+00
1.129694342613220215e+00
2.728509426116943359e+00
1.434459686279296875e+00
-1.800910830497741699e-01
-2.323163509368896484e+00
-3.048848628997802734e+00
-1.460016608238220215e+00
3.529772758483886719e-01
8.702282905578613281e-01
4.999049901962280273e-01
5.258246898651123047e+00
-4.851509630680084229e-01
-6.814811825752258301e-01
-1.493664741516113281e+00
2.979098320007324219e+00
2.407068729400634766e+00
3.730946183204650879e-01
6.501119732856750488e-01
-6.349857449531555176e-01
7.096579074859619141e-01
1.008862257003784180e+00
6.574519276618957520e-01
1.058743953704833984e+00
9.632996916770935059e-01
-3.456302583217620850e-01
-1.676935672760009766e+00
2.363021135330200195e+00
1.489001393318176270e+00
-3.425072431564331055e-01
-6.039339303970336914e-01
-1.143131971359252930e+00
-1.305829048156738281e+00
-6.290875673294067383e-01
3.778625488281250000e+00
1.499931812286376953e+00
9.691566228866577148e-02
-3.154627084732055664e+00
2.807248115539550781e+00
1.096569538116455078e+00
5.165871977806091309e-01
-8.037809729576110840e-01
-2.004397392272949219e+00
2.422727584838867188e+00
-1.259713888168334961e+00
-1.266551136970520020e+00
1.084282875061035156e+00
-1.694774150848388672e+00
-1.084088206291198730e+00
5.519375205039978027e-01
9.735671281814575195e-01
-8.396567106246948242e-01
2.318603992462158203e+00
-5.207169055938720703e-01
2.805832326412200928e-01
-1.468744516372680664e+00
-3.286262750625610352e+00
-3.767006695270538330e-01
-1.172907829284667969e+00
1.260167598724365234e+00
3.126920938491821289e+00
1.354016900062561035e+00
1.118148088455200195e+00
2.615416526794433594e+00
5.857963860034942627e-02
3.967281579971313477e+00
1.515325427055358887e+00
-1.633994579315185547e+00
8.824070692062377930e-01
1.458563446998596191e+00
3.873147964477539062e+00
-1.843852519989013672e+00
-1.342426776885986328e+00
-3.840201139450073242e+00
-2.858917474746704102e+00
-2.113134384155273438e+00
2.242355823516845703e+00
-1.917425096035003662e-01
-1.404140710830688477e+00
1.363359808921813965e+00
-2.457396984100341797e+00
7.715173959732055664e-01
-2.655107527971267700e-02
9.916600584983825684e-02
-1.302680075168609619e-01
1.154841303825378418e+00
-2.899034261703491211e+00
-4.368615150451660156e+00
-5.900042533874511719e+00
-1.049770593643188477e+00
-1.578002929687500000e+00
5.164953470230102539e-01
-6.000565886497497559e-01
6.321413516998291016e-01
-8.756101131439208984e-03
2.661577939987182617e+00
-1.552784442901611328e+00
-3.662296295166015625e+00
1.637225508689880371e+00
-1.353940606117248535e+00
8.356315493583679199e-01
-3.600698113441467285e-01
1.434641838073730469e+00
-3.764318466186523438e+00
9.197945594787597656e-01
-6.557677984237670898e-01
8.980001211166381836e-01
2.030684947967529297e+00
1.439492702484130859e+00
-2.721812486648559570e+00
-4.007127285003662109e+00
-5.387623310089111328e+00
-4.041822433471679688e+00
-6.359400749206542969e-01
-4.007531642913818359e+00
-2.264016151428222656e+00
-1.523112297058105469e+00
-6.106067180633544922e+00
-2.161692380905151367e+00
-1.721903800964355469e+00
-1.699877977371215820e+00
-1.522142410278320312e+00
3.431774616241455078e+00
-7.460328936576843262e-02
-3.028108358383178711e+00
2.978791236877441406e+00
-1.521947145462036133e+00
-4.708881974220275879e-01
-1.831857919692993164e+00
1.212971806526184082e-01
7.892146706581115723e-02
6.220085024833679199e-01
-5.960590839385986328e-01
-1.239084243774414062e+00
6.173971891403198242e-01
3.454519510269165039e-01
-7.737586498260498047e-01
-1.624842882156372070e+00
-1.761288762092590332e+00
1.091225624084472656e+00
-3.756666421890258789e+00
1.541793107986450195e+00
-1.321315526962280273e+00
-3.396371603012084961e+00
1.454554677009582520e+00
3.847132995724678040e-02
-6.282379150390625000e+00
-2.937679767608642578e+00
1.500618934631347656e+00
-3.966940402984619141e+00
-1.233505606651306152e-01
2.883747816085815430e+00
1.485783100128173828e+00
-1.061785578727722168e+00
-1.264243364334106445e+00
-2.348468780517578125e+00
-4.114144802093505859e+00
2.958600521087646484e-01
-5.201691985130310059e-01
1.166294217109680176e+00
2.129199504852294922e+00
9.844350814819335938e-01
1.018294811248779297e+00
-1.787045001983642578e+00
-3.181439399719238281e+00
-2.008675575256347656e+00
4.557734012603759766e+00
2.427400588989257812e+00
-4.136688709259033203e-01
1.268445849418640137e+00
1.300005465745925903e-01
-2.436422824859619141e+00
-1.804428696632385254e+00
-2.356857299804687500e+00
-3.885505199432373047e+00
-2.017703533172607422e+00
1.712675392627716064e-01
-2.199940204620361328e+00
-2.927821636199951172e+00
-5.202174663543701172e+00
-2.784207582473754883e+00
-1.262215018272399902e+00
-2.269401788711547852e+00
-6.728032112121582031e+00
-5.928002834320068359e+00
-5.367723941802978516e+00
-3.138585567474365234e+00
-5.289304256439208984e+00
-5.263061523437500000e-01
-2.412895441055297852e+00
-1.505868792533874512e+00
-2.453948974609375000e+00
-4.172077178955078125e+00
-1.754055857658386230e+00
-3.837607383728027344e+00
-1.364865541458129883e+00
-2.380344867706298828e+00
-7.265831232070922852e-01
-3.322842597961425781e+00
-2.860913276672363281e-01
-5.887997150421142578e-02
8.500813841819763184e-01
-1.022267460823059082e+00
1.615213394165039062e+00
-4.399331808090209961e-01
-2.943926453590393066e-01
1.865521430969238281e+00
1.426050901412963867e+00
7.210823297500610352e-01
4.318495988845825195e-01
7.174977064132690430e-01
3.220067977905273438e+00
-2.863841295242309570e+00
-4.833043575286865234e+00
1.565535068511962891e+00
8.419101238250732422e-01
4.475143432617187500e+00
7.866152286529541016e+00
-1.185818910598754883e+00
2.624417066574096680e+00
1.539827585220336914e-01
3.876613616943359375e+00
2.937610149383544922e+00
1.008170366287231445e+00
-2.838207483291625977e+00
-1.127002686262130737e-01
-1.334835767745971680e+00
8.134851455688476562e-01
-2.585784435272216797e+00
3.977019309997558594e+00
-1.691698670387268066e+00
5.765478134155273438e+00
1.979625821113586426e+00
-2.713695049285888672e+00
-2.948086500167846680e+00
3.866687417030334473e-02
1.128589153289794922e+00
4.079600811004638672e+00
-7.910194396972656250e-01
3.527882695198059082e-01
1.642148017883300781e+00
1.245535612106323242e+00
-1.932325482368469238e+00
1.669295310974121094e+00
-3.449324131011962891e+00
-3.979858398437500000e+00
1.175059676170349121e+00
2.552635431289672852e+00
7.599188089370727539e-01
2.947030782699584961e+00
-1.790745973587036133e+00
-1.372526884078979492e+00
-2.109206676483154297e+00
-2.777355194091796875e+00
8.744118809700012207e-01
5.397557258605957031e+00
1.433149099349975586e+00
-1.405823707580566406e+00
1.401321887969970703e-01
3.508063316345214844e+00
3.159195780754089355e-01
3.599241971969604492e-01
1.778295516967773438e+00
-6.510799527168273926e-01
2.492764592170715332e-01
-3.310232162475585938e+00
-1.725367069244384766e+00
4.007561206817626953e-01
-1.436848402023315430e+00
5.001604557037353516e+00
-2.118083238601684570e+00
3.953774213790893555e+00
-1.812810063362121582e+00
-2.228845119476318359e+00
1.132997751235961914e+00
1.442277431488037109e-01
1.128658771514892578e+00
-1.333132863044738770e+00
1.006925225257873535e+00
-2.792540311813354492e+00
-3.083443403244018555e+00
-3.476068496704101562e+00
1.547347664833068848e+00
1.034045338630676270e+00
3.280433177947998047e+00
-7.023832798004150391e-01
6.431384563446044922e+00
1.177864432334899902e+00
2.882227897644042969e+00
-1.457412123680114746e+00
3.099437236785888672e+00
-4.835150241851806641e+00
-1.087425231933593750e+00
-2.044332027435302734e+00
-3.056132793426513672e+00
5.178611755371093750e+00
-2.613741636276245117e+00
-3.489144563674926758e+00
-1.780924081802368164e+00
1.277475595474243164e+00
6.392794847488403320e-02
4.445673942565917969e+00
3.102697372436523438e+00
-1.061819493770599365e-01
-4.578576087951660156e-01
-1.580075502395629883e+00
-2.999994277954101562e+00
-1.516013860702514648e+00
3.438966035842895508e+00
3.334793090820312500e+00
1.189448356628417969e+00
-1.719446420669555664e+00
1.902294039726257324e+00
2.017088413238525391e+00
5.820655345916748047e+00
5.414581298828125000e-01
-8.134048581123352051e-01
2.905992865562438965e-01
-1.219604969024658203e+00
-1.394426584243774414e+00
-2.439648509025573730e-01
-4.250886917114257812e+00
-8.521993160247802734e-01
-1.963260054588317871e+00
-3.276361703872680664e+00
-7.312744259834289551e-01
1.803654432296752930e+00
2.087758779525756836e+00
1.199516892433166504e+00
6.869391798973083496e-01
2.719548702239990234e+00
1.218594670295715332e+00
-1.920271515846252441e+00
-2.940152883529663086e+00
1.963658034801483154e-01
1.640603780746459961e+00
-4.708142757415771484e+00
3.451703548431396484e+00
-1.533652782440185547e+00
-2.530737400054931641e+00
-1.749970912933349609e+00
1.300480365753173828e-01
3.135822296142578125e+00
6.028004288673400879e-01
-2.001214504241943359e+00
4.601085186004638672e+00
-1.711762189865112305e+00
-6.864326477050781250e+00
-1.892969608306884766e-01
2.443442344665527344e+00
2.958541870117187500e+00
6.021399497985839844e-01
-1.354320526123046875e+00
-2.524451255798339844e+00
-3.933020830154418945e-01
1.959360718727111816e+00
-1.850712418556213379e+00
1.740611910820007324e+00
-8.556767702102661133e-01
-2.869245767593383789e+00
-3.195164203643798828e+00
5.784922122955322266e+00
-7.445376873016357422e+00
-6.265639066696166992e-01
4.251361846923828125e+00
5.625829100608825684e-01
1.404964685440063477e+00
-7.817344367504119873e-02
4.241074085235595703e+00
2.310760021209716797e+00
-2.425511837005615234e+00
1.225531816482543945e+00
-1.755972981452941895e+00
-2.037158489227294922e+00
3.618076086044311523e+00
-1.078186631202697754e-01
-2.169792175292968750e+00
-8.878713846206665039e-02
-1.570918917655944824e+00
-4.853978157043457031e+00
-1.863613009452819824e+00
1.059167504310607910e+00
2.569396495819091797e+00
-7.064513683319091797e+00
1.028248548507690430e+00
-1.712400555610656738e+00
-1.399780511856079102e-01
3.917253017425537109e-02
1.145403385162353516e-01
-2.370535612106323242e+00
1.484082818031311035e+00
1.281804203987121582e+00
4.803579807281494141e+00
-1.812605381011962891e+00
-3.272460937500000000e+00
-2.828245162963867188e+00
4.526726722717285156e+00
2.525992155075073242e+00
-9.299055933952331543e-01
-5.155904293060302734e-01
4.701735496520996094e+00
3.805916309356689453e+00
1.595081806182861328e+00
5.783088207244873047e+00
-4.102482318878173828e+00
2.100682973861694336e+00
-4.711803793907165527e-02
-7.576481103897094727e-01
9.389902949333190918e-01
-2.119549512863159180e-01
-1.790347814559936523e+00
5.200827121734619141e+00
7.943320274353027344e-02
4.952476024627685547e+00
-1.872584521770477295e-01
1.075879931449890137e-01
-2.595722198486328125e+00
7.792822718620300293e-01
8.386362791061401367e-01
-9.858618974685668945e-01
1.845218300819396973e+00
5.329799652099609375e-01
1.001451015472412109e-01
6.556747913360595703e+00
3.419592380523681641e-01
-1.006437778472900391e+00
9.144437909126281738e-01
-1.132473945617675781e+00
1.418481826782226562e+00
2.513953447341918945e+00
4.980546832084655762e-01
3.847778558731079102e+00
5.161984443664550781e+00
1.196710705757141113e+00
-1.267371773719787598e+00
1.657292366027832031e+00
-2.590813875198364258e+00
-1.689098477363586426e-01
-4.053586006164550781e+00
-4.222953796386718750e+00
3.078523635864257812e+00
-4.921530485153198242e-01
1.102246522903442383e+00
-1.238977909088134766e-01
7.501662969589233398e-01
2.586335659027099609e+00
1.295721888542175293e+00
-9.953598380088806152e-01
1.845027089118957520e+00
9.865175485610961914e-01
1.933731555938720703e+00
1.388592720031738281e-01
-2.519109487533569336e+00
1.865212082862854004e+00
-2.336655378341674805e+00
6.413034200668334961e-01
-1.006727218627929688e+00
1.256653547286987305e+00
2.094280719757080078e+00
2.693470478057861328e+00
-2.471186161041259766e+00
4.195846915245056152e-01
-4.267598390579223633e-01
1.289319992065429688e+00
1.594129353761672974e-01
2.492832541465759277e-01
-6.157501339912414551e-01
1.928655266761779785e+00
1.301629066467285156e+00
4.641188144683837891e+00
7.882812500000000000e+00
2.462623834609985352e+00
3.372938156127929688e+00
-9.942221641540527344e-01
-2.346119403839111328e+00
4.931493282318115234e+00
6.552553176879882812e-02
2.042267084121704102e+00
-3.865039348602294922e-02
-1.317093849182128906e+00
6.369324684143066406e+00
3.830693721771240234e+00
1.150466442108154297e+00
5.157008767127990723e-02
3.767751932144165039e+00
-2.097305536270141602e+00
-2.958260178565979004e-01
-6.027001142501831055e-01
1.636057496070861816e+00
-9.671032428741455078e-02
1.648721218109130859e+00
1.693253517150878906e+00
4.624432086944580078e+00
-2.080809593200683594e+00
-1.932033300399780273e-01
-1.846044301986694336e+00
-1.011418342590332031e+00
-3.061521530151367188e+00
-3.573551416397094727e+00
-1.416626572608947754e+00
1.699445009231567383e+00
4.233099937438964844e+00
-3.599918127059936523e+00
3.628202915191650391e+00
2.758816480636596680e-01
1.654060363769531250e+00
-1.594491839408874512e+00
-1.285293698310852051e+00
-9.562193155288696289e-01
2.168740987777709961e+00
2.668128967285156250e+00
7.715849876403808594e-01
5.184103965759277344e+00
4.453373908996582031e+00
-3.527092933654785156e+00
-7.278746366500854492e-01
2.504578113555908203e+00
-2.844277322292327881e-01
2.892439365386962891e-01
-2.227430582046508789e+00
-6.231291294097900391e-01
1.246094107627868652e-01
2.453682661056518555e+00
9.349167346954345703e-03
1.162965774536132812e+00
-1.266353368759155273e+00
-3.388388156890869141e+00
-2.527718305587768555e+00
5.456751823425292969e+00
-1.463723421096801758e+00
9.734687805175781250e-01
4.232333600521087646e-01
-3.050522089004516602e+00
1.322748899459838867e+00
1.299799680709838867e-01
2.974643468856811523e+00
9.187233448028564453e-02
-3.251205921173095703e+00
-1.091685175895690918e+00
4.897896289825439453e+00
1.418965101242065430e+00
1.216877937316894531e+00
-1.840683698654174805e+00
1.727465629577636719e+00
-1.542891979217529297e+00
-1.456139326095581055e+00
-1.703116416931152344e+00
6.896667003631591797e+00
-4.928941130638122559e-01
-3.574463129043579102e+00
1.046128153800964355e+00
9.186602830886840820e-01
-2.080645322799682617e+00
4.397886276245117188e+00
-1.316374182701110840e+00
1.132506132125854492e+00
4.472276210784912109e+00
-1.169344186782836914e+00
-7.820140719413757324e-01
-1.908012330532073975e-01
5.697393417358398438e-01
7.838836908340454102e-01
1.917544245719909668e+00
6.223430633544921875e-01
1.523141980171203613e+00
-6.282175183296203613e-01
-1.811018466949462891e+00
6.631128311157226562e+00
1.392175912857055664e+00
-1.160371065139770508e+00
-2.315342187881469727e+00
-4.093898087739944458e-02
-3.510293960571289062e-01
-4.102230072021484375e-01
2.477288007736206055e+00
-1.920520424842834473e+00
-2.655859947204589844e+00
1.288854360580444336e+00
-4.124355316162109375e+00
-1.949590325355529785e+00
3.238613605499267578e-01
1.766246080398559570e+00
-4.214873015880584717e-01
-3.975607156753540039e+00
8.748255968093872070e-01
-1.505321502685546875e+00
3.576990604400634766e+00
2.486282348632812500e+00
6.348149180412292480e-01
2.598506212234497070e+00
-2.111778497695922852e+00
-1.769467711448669434e+00
4.435611963272094727e-01
-1.681255221366882324e+00
1.911788105964660645e+00
9.340740442276000977e-01
-1.814043521881103516e-02
1.521802067756652832e+00
-5.119418501853942871e-01
1.079895138740539551e+00
1.815504789352416992e+00
-3.480320572853088379e-01
-1.010058879852294922e+00
3.245595693588256836e+00
2.419073343276977539e+00
-3.456496000289916992e+00
2.260110616683959961e+00
5.741500854492187500e+00
4.684267044067382812e+00
2.291376352310180664e+00
-1.210776329040527344e+00
-1.852071285247802734e+00
-6.473563671112060547e+00
-2.694875478744506836e+00
4.499598026275634766e+00
1.157846450805664062e-01
-3.499265193939208984e+00
2.222865819931030273e+00
4.644842624664306641e+00
2.907402515411376953e+00
1.141759872436523438e+00
1.446072012186050415e-01
-2.239335298538208008e+00
-4.567596912384033203e-01
4.518322944641113281e+00
-5.332834124565124512e-01
2.562891483306884766e+00
3.930305480957031250e+00
2.077117562294006348e-01
-1.247540473937988281e+00
1.813089728355407715e+00
-1.137089252471923828e+00
6.396690607070922852e-01
-2.270886301994323730e-01
1.158166885375976562e+00
-1.262826919555664062e+00
6.781492233276367188e+00
1.681468486785888672e+00
-1.531835913658142090e+00
-7.299570441246032715e-01
3.992407321929931641e+00
-2.066832542419433594e+00
-2.371890783309936523e+00
2.150262594223022461e+00
5.647983551025390625e+00
-1.825342178344726562e+00
6.123457551002502441e-01
1.630567908287048340e+00
1.308441162109375000e-03
1.532184123992919922e+00
2.492840766906738281e+00
1.813321590423583984e+00
1.197847127914428711e+00
2.710836172103881836e+00
-2.297526746988296509e-01
1.353308439254760742e+00
-1.607998013496398926e-01
6.350117921829223633e-01
-2.378940343856811523e+00
-1.729884147644042969e-01
-4.268849849700927734e+00
-1.566741347312927246e+00
1.575539469718933105e+00
2.116155862808227539e+00
-2.786296606063842773e-02
2.406806707382202148e+00
8.439817428588867188e-01
5.783593654632568359e-02
1.921582341194152832e+00
-2.964418411254882812e+00
5.651092529296875000e+00
4.488876461982727051e-01
-2.999494314193725586e+00
-8.254957199096679688e-01
2.720499515533447266e+00
-4.963717460632324219e-01
-1.054960489273071289e+00
1.763564586639404297e+00
-9.924043416976928711e-01
-2.435873985290527344e+00
7.853496074676513672e-02
-7.649278044700622559e-01
2.919726669788360596e-01
-2.245826721191406250e-01
3.034488201141357422e+00
9.408171772956848145e-01
-4.500317573547363281e+00
-5.093016624450683594e-01
2.717811822891235352e+00
-1.478739261627197266e+00
-2.719391107559204102e+00
-2.338495254516601562e-01
9.846714735031127930e-01
-1.881982326507568359e+00
1.042873024940490723e+00
1.270245790481567383e+00
1.602368116378784180e+00
3.794990539550781250e+00
-3.426180839538574219e+00
-2.361655831336975098e-01
-5.857410430908203125e-01
-1.997723340988159180e+00
3.451950788497924805e+00
-3.158554553985595703e+00
6.761173605918884277e-01
3.597217559814453125e+00
-1.627849221229553223e+00
5.395578384399414062e+00
-3.893000483512878418e-01
-2.292023658752441406e+00
9.811360239982604980e-01
-2.119719028472900391e+00
8.558331131935119629e-01
-1.928783535957336426e+00
2.105152845382690430e+00
-3.188039779663085938e+00
8.349136352539062500e+00
2.593280315399169922e+00
3.162923097610473633e+00
-4.458256363868713379e-01
4.175560474395751953e+00
-3.316880941390991211e+00
-1.209094047546386719e+00
5.698843955993652344e+00
3.661714792251586914e+00
2.558758020401000977e+00
3.155369758605957031e-01
1.122848510742187500e+00
-3.426222503185272217e-01
-2.911929368972778320e+00
9.629524350166320801e-01
4.954295158386230469e-01
-1.504268348217010498e-01
1.151546478271484375e+00
-2.126783847808837891e+00
1.475797414779663086e+00
-1.831409573554992676e+00
1.244059801101684570e+00
-3.404731750488281250e+00
-5.642081499099731445e-01
-3.151854276657104492e+00
9.659181833267211914e-01
-3.059729337692260742e+00
-2.734703779220581055e+00
-6.786387562751770020e-01
-4.791137218475341797e+00
-2.946482658386230469e+00
-2.507240056991577148e+00
-2.966703414916992188e+00
-3.825533866882324219e+00
-1.399241447448730469e+00
1.249690175056457520e+00
-2.507165670394897461e-01
-2.115199327468872070e+00
1.524116158485412598e+00
1.767988681793212891e+00
-5.149424076080322266e-01
-3.182064056396484375e+00
-8.825342059135437012e-01
3.927364945411682129e-01
1.092752456665039062e+00
-7.708606123924255371e-01
1.450214385986328125e+00
2.247033834457397461e+00
2.998509407043457031e+00
1.824592828750610352e+00
1.772399783134460449e+00
-8.014202117919921875e-02
-2.398373842239379883e+00
-2.951591253280639648e+00
3.030307769775390625e+00
1.576843976974487305e+00
-3.035685539245605469e+00
-2.100536584854125977e+00
-4.281066894531250000e+00
-5.220816612243652344e+00
-2.155250787734985352e+00
-3.125434398651123047e+00
1.370360970497131348e+00
-1.930679082870483398e+00
-1.183305680751800537e-01
1.903672218322753906e+00
1.037929439544677734e+01
1.183421015739440918e+00
3.508999347686767578e+00
2.036975860595703125e+00
2.419668197631835938e+00
4.385669708251953125e+00
5.014133453369140625e-01
3.176623821258544922e+00
2.890262603759765625e+00
3.469127178192138672e+00
5.559775352478027344e+00
7.185830473899841309e-01
-4.200586080551147461e-01
3.531166553497314453e+00
6.662522554397583008e-01
2.082923889160156250e+00
5.505001544952392578e-01
1.859695434570312500e+00
2.287735700607299805e+00
3.542494058609008789e+00
-7.292383909225463867e-01
9.612468481063842773e-01
8.710003495216369629e-01
-2.437807559967041016e+00
1.988434791564941406e-02
1.967959880828857422e+00
2.854127585887908936e-01
-7.532454133033752441e-01
1.019107103347778320e+00
5.963142871856689453e+00
