-2.953789234161376953e-01
3.147666692733764648e+00
-3.191433191299438477e+00
-2.060627937316894531e-01
-1.968420267105102539e+00
-2.319848060607910156e+00
-3.743585646152496338e-01
-2.785589694976806641e+00
-1.697905063629150391e+00
-1.428906917572021484e-01
-2.681543111801147461e+00
-2.231610536575317383e+00
-1.821749210357666016e+00
-1.831089615821838379e+00
-1.497574329376220703e+00
-2.012876510620117188e+00
-4.771625518798828125e+00
-4.807119369506835938e-01
-1.462978124618530273e-01
-2.033143758773803711e+00
-2.927354097366333008e+00
-3.949489593505859375e+00
-1.763160943984985352e+00
-4.785531520843505859e+00
-3.428429365158081055e+00
-3.313338279724121094e+00
-3.075295925140380859e+00
-1.402397871017456055e+00
-2.077469110488891602e+00
-3.085499525070190430e+00
-1.628605127334594727e+00
-6.933714151382446289e-01
-5.131200790405273438e+00
-8.832790851593017578e-01
3.159481525421142578e+00
-9.966748356819152832e-01
3.785164356231689453e-01
-1.245481252670288086e+00
-8.832415342330932617e-01
-1.475418210029602051e+00
5.578977465629577637e-01
-3.218234777450561523e+00
-9.916188120841979980e-01
-4.843634605407714844e+00
1.428584218025207520e+00
1.589393615722656250e-01
-1.982199907302856445e+00
-2.000114023685455322e-01
1.764705657958984375e+00
-3.011754512786865234e+00
1.267703533172607422e+00
-8.849625587463378906e-01
1.174246549606323242e+00
1.311875104904174805e+00
2.017803430557250977e+00
2.382310390472412109e+00
3.177390575408935547e+00
-2.298605918884277344e+00
2.752656936645507812e+00
7.266318798065185547e-02
4.954380989074707031e+00
5.628727912902832031e+00
6.770237922668457031e+00
-1.536068767309188843e-01
4.057838439941406250e+00
1.208537101745605469e+00
2.913075923919677734e+00
3.142967820167541504e-02
1.152567028999328613e+00
2.078617572784423828e+00
-1.823742151260375977e+00
-2.353516817092895508e+00
-3.231925964355468750e+00
-1.132813811302185059e+00
-1.329430341720581055e+00
-1.154079079627990723e+00
-5.675617456436157227e-01
8.676186203956604004e-01
-1.616341114044189453e+00
-1.112354099750518799e-01
-2.192738294601440430e+00
-1.356162071228027344e+00
-1.218511462211608887e+00
-2.615258216857910156e+00
2.535025119781494141e+00
-2.454480171203613281e+00
5.368423461914062500e-01
-2.815994024276733398e+00
-3.123518228530883789e+00
-4.971708774566650391e+00
-1.487560987472534180e+00
-2.362348079681396484e+00
-1.625335454940795898e+00
-2.776005029678344727e+00
4.011273384094238281e-03
-4.019597053527832031e+00
1.811082720756530762e+00
5.706940889358520508e-01
-2.505221366882324219e-01
5.934817790985107422e-01
-2.260719776153564453e+00
-2.170927047729492188e+00
-3.902725696563720703e+00
-2.982933521270751953e-01
-1.557086229324340820e+00
-3.519800424575805664e+00
1.661885976791381836e-01
1.504188060760498047e+00
-1.033315539360046387e+00
2.434047222137451172e+00
-1.621798515319824219e+00
9.288120865821838379e-01
-5.584395527839660645e-01
-1.793138980865478516e-01
-2.147553682327270508e+00
-1.034997224807739258e+00
4.186341166496276855e-01
1.962496995925903320e+00
-9.057241678237915039e-02
-2.097927331924438477e+00
-3.460178375244140625e+00
-2.358225822448730469e+00
-4.071560382843017578e+00
-4.350660324096679688e+00
-3.202649116516113281e+00
-2.845934391021728516e+00
-3.608678340911865234e+00
-4.643755912780761719e+00
-2.223690032958984375e+00
-2.348543405532836914e+00
-4.843698740005493164e-01
-1.833850622177124023e+00
-7.465155124664306641e-01
-1.312204241752624512e+00
-2.900305271148681641e+00
-1.738337039947509766e+00
-2.468781232833862305e+00
-3.314874172210693359e+00
-1.621142387390136719e+00
-1.141504049301147461e+00
8.217394351959228516e-02
-1.372209191322326660e+00
-1.449840784072875977e+00
-1.556461453437805176e+00
-2.208141326904296875e+00
-9.242128133773803711e-01
-3.680142402648925781e+00
-2.435426473617553711e+00
8.160823583602905273e-01
-6.666301488876342773e-01
1.143707752227783203e+00
-9.123142957687377930e-01
-3.216696739196777344e+00
-2.087236940860748291e-01
-9.158834218978881836e-01
-6.837788820266723633e-01
-8.522421121597290039e-01
-2.548337459564208984e+00
-2.016783475875854492e+00
-1.477837860584259033e-01
-1.147994995117187500e+00
9.278599619865417480e-01
-4.554575681686401367e-02
-3.102565050125122070e+00
6.409440636634826660e-01
-1.797917485237121582e+00
-9.489561319351196289e-01
-1.910547256469726562e+00
-3.222557902336120605e-01
4.185978770256042480e-01
-8.529807329177856445e-01
2.428904056549072266e+00
1.609660029411315918e+00
1.369574427604675293e+00
-2.191148757934570312e+00
-5.227480888366699219e+00
-1.494469165802001953e+00
9.332892298698425293e-01
3.815870523452758789e+00
-2.969359636306762695e+00
-3.615847587585449219e+00
1.020177841186523438e+00
1.971460103988647461e+00
-1.109984159469604492e+00
-7.294305562973022461e-01
-1.504594206809997559e+00
-4.098061084747314453e+00
-8.486975431442260742e-01
-1.468824595212936401e-01
1.471265673637390137e+00
-1.029865264892578125e+00
1.269713938236236572e-01
4.641082286834716797e-01
-1.018924236297607422e+00
-3.249927043914794922e+00
6.602622270584106445e-01
-1.274898648262023926e+00
-1.022007465362548828e-01
-4.191277623176574707e-01
1.168213129043579102e+00
-2.340355157852172852e+00
1.698284149169921875e+00
-1.031533718109130859e+00
2.503518462181091309e-01
2.647742748260498047e+00
4.901689887046813965e-01
7.375995516777038574e-01
-8.845198154449462891e-01
2.053455114364624023e+00
5.301728248596191406e-01
-2.043119072914123535e-01
1.728654980659484863e+00
1.204089522361755371e+00
-7.845991849899291992e-01
-9.340436458587646484e-01
1.227510690689086914e+00
1.024446368217468262e+00
3.820279240608215332e-01
-1.928501367568969727e+00
-7.575739622116088867e-01
-1.914090871810913086e+00
-5.216276645660400391e-01
-8.365563154220581055e-01
3.591156005859375000e-02
-7.119682431221008301e-01
-2.280639410018920898e+00
9.698795676231384277e-01
-2.939376235008239746e-01
-2.646557807922363281e+00
-1.080112338066101074e+00
-5.669184923171997070e-01
2.835821211338043213e-01
-1.148380041122436523e+00
-4.306736588478088379e-01
7.430721521377563477e-01
-3.434257507324218750e+00
-9.847905635833740234e-01
2.824452161788940430e+00
9.475003480911254883e-01
-1.772075295448303223e-01
2.335882663726806641e+00
-3.700416088104248047e-01
-4.249239861965179443e-01
-1.733279585838317871e+00
-2.518833875656127930e+00
-3.479659855365753174e-01
-3.098072290420532227e+00
-1.787360906600952148e-01
3.559292554855346680e-01
7.282109260559082031e-01
5.529612302780151367e-01
1.974866271018981934e+00
-1.079586982727050781e+00
-1.633706688880920410e-01
1.418189764022827148e+00
1.086621284484863281e+00
-1.205306768417358398e+00
-2.107826709747314453e+00
-9.418706893920898438e-01
-3.198805809020996094e+00
-1.953297257423400879e+00
-3.085379362106323242e+00
-1.114464759826660156e+00
-2.962485074996948242e+00
2.498372316360473633e+00
-1.117850065231323242e+00
-4.404404163360595703e+00
-2.500497102737426758e+00
-1.719440460205078125e+00
-2.804073095321655273e-01
-1.373653650283813477e+00
-4.462564885616302490e-01
-8.500593155622482300e-02
-2.513763904571533203e+00
-1.350951433181762695e+00
-3.404635190963745117e+00
-3.769959926605224609e+00
-7.814889550209045410e-01
-2.868930339813232422e+00
6.558504104614257812e-01
2.375098168849945068e-01
1.409864187240600586e+00
1.774540424346923828e+00
1.293384790420532227e+00
7.975494861602783203e-02
-1.315642118453979492e+00
-5.236197710037231445e-01
-2.170470714569091797e+00
-1.779521703720092773e+00
-2.195042610168457031e+00
-2.483144998550415039e-01
-3.776818752288818359e+00
9.443246126174926758e-01
-1.856314778327941895e+00
-1.052485108375549316e-01
-5.000714063644409180e-01
-8.287641406059265137e-01
-1.946453094482421875e+00
-3.275005221366882324e-01
-5.000332355499267578e+00
-1.654705524444580078e+00
-1.142898797988891602e+00
-1.662327527999877930e+00
-1.143942832946777344e+00
-4.414039850234985352e-01
-2.395395040512084961e+00
-1.729852676391601562e+00
9.116172790527343750e-02
2.716022729873657227e-01
-5.391633510589599609e-01
1.801228046417236328e+00
-3.113089561462402344e+00
-2.441000938415527344e+00
-5.470960140228271484e-01
-3.041178584098815918e-01
-4.695318937301635742e-01
-2.588600635528564453e+00
-1.451827645301818848e+00
-1.510908126831054688e+00
2.862620949745178223e-01
-2.715731143951416016e+00
-4.563230514526367188e+00
-1.718917369842529297e+00
-1.225639820098876953e+00
-4.119970321655273438e+00
-3.388480186462402344e+00
-6.111445426940917969e+00
-1.494446158409118652e+00
-2.797393321990966797e+00
-1.422604322433471680e+00
2.564916372299194336e+00
-7.604733705520629883e-01
2.191001892089843750e+00
1.161964297294616699e+00
-4.531716346740722656e+00
-4.115715503692626953e+00
1.050249099731445312e+00
-3.322216033935546875e+00
1.758087873458862305e+00
-1.087311863899230957e+00
2.741472482681274414e+00
7.757540345191955566e-01
-1.105347871780395508e-01
-2.147525787353515625e+00
-3.759582638740539551e-01
1.046635150909423828e+00
9.722790718078613281e-01
1.240145325660705566e+00
-4.578326344490051270e-01
5.586684942245483398e-01
2.049767494201660156e+00
-3.044688224792480469e+00
-2.029156684875488281e+00
-2.726328849792480469e+00
4.871745109558105469e-01
-1.805454373359680176e+00
-1.155563116073608398e+00
5.268838405609130859e-01
8.243383765220642090e-01
-7.373780012130737305e-01
-6.137133836746215820e-01
5.150210857391357422e-01
-1.623980760574340820e+00
-1.737471461296081543e+00
-3.531336069107055664e+00
3.550037145614624023e-01
-1.149951934814453125e+00
-2.045519113540649414e+00
-7.547491073608398438e+00
-4.790332794189453125e+00
-2.029115915298461914e+00
-4.052745819091796875e+00
-5.574691772460937500e+00
-3.744825601577758789e+00
-1.852411508560180664e+00
-3.403408527374267578e+00
-2.451239585876464844e+00
-4.077679157257080078e+00
-5.156984806060791016e+00
-3.114636182785034180e+00
-4.856211185455322266e+00
-2.899713993072509766e+00
-2.149269342422485352e+00
-1.715880751609802246e+00
-4.626968383789062500e+00
1.473741769790649414e+00
-1.231997609138488770e-01
-1.576481342315673828e+00
-2.481151103973388672e+00
-3.187312841415405273e+00
-3.432868957519531250e+00
-1.116170406341552734e+00
-4.261466264724731445e-01
-2.025203704833984375e+00
-4.682128429412841797e-01
-1.645601034164428711e+00
1.455764651298522949e+00
-4.097997188568115234e+00
2.387940883636474609e+00
4.200600624084472656e+00
-9.175300598144531250e-01
-2.666976690292358398e+00
3.848514556884765625e-01
-2.468446969985961914e+00
-8.741331100463867188e-02
4.719330787658691406e+00
-2.635521650314331055e+00
5.518735647201538086e-01
1.451339840888977051e+00
-1.091861724853515625e+00
2.175979137420654297e+00
3.234031438827514648e+00
1.085216045379638672e+00
-1.972501993179321289e+00
3.269259452819824219e+00
1.530889272689819336e-01
-1.042533636093139648e+00
5.443976402282714844e+00
1.784449100494384766e+00
3.500802516937255859e+00
-1.017836809158325195e+00
7.265160083770751953e-01
1.959749817848205566e+00
-1.280267238616943359e+00
2.892925739288330078e+00
2.009171962738037109e+00
-1.989621400833129883e+00
6.024667024612426758e-01
-5.428337454795837402e-01
-2.544862329959869385e-01
-1.747386336326599121e+00
1.291988134384155273e+00
-3.122644662857055664e+00
1.785604238510131836e+00
7.574438095092773438e+00
3.974749326705932617e+00
3.364705801010131836e+00
-8.584614396095275879e-01
-2.119903802871704102e+00
-4.617803096771240234e+00
-1.001273036003112793e+00
3.822557628154754639e-01
-1.197613954544067383e+00
5.046452999114990234e+00
1.348367452621459961e+00
7.317897081375122070e-01
2.073379039764404297e+00
3.424996852874755859e+00
3.353164196014404297e-01
2.118106842041015625e+00
4.047009468078613281e+00
1.293819904327392578e+00
1.668162226676940918e+00
-3.178613781929016113e-01
-1.056984543800354004e+00
3.158247947692871094e+00
-1.885765075683593750e+00
3.109916448593139648e+00
2.799422979354858398e+00
4.116692066192626953e+00
1.053310632705688477e+00
-2.371788024902343750e-02
9.634092450141906738e-01
1.196668982505798340e+00
2.488105773925781250e+00
-2.228832721710205078e+00
-6.557583808898925781e-01
-3.422617912292480469e+00
-6.175186634063720703e-01
-1.505524635314941406e+00
-1.092583537101745605e+00
-1.634235024452209473e+00
1.410081028938293457e+00
-3.669972896575927734e+00
4.309912681579589844e+00
8.823665976524353027e-01
-8.599461317062377930e-01
-4.471251487731933594e+00
8.753856658935546875e+00
-1.208231210708618164e+00
-5.474621057510375977e-01
1.094748497009277344e+00
-1.958509087562561035e+00
3.369452476501464844e+00
-3.645812988281250000e+00
4.194602966308593750e-01
-4.356685638427734375e+00
1.005946755409240723e+00
3.988162994384765625e+00
1.857245206832885742e+00
2.385500907897949219e+00
-3.874003171920776367e+00
6.640519618988037109e+00
2.549583315849304199e-01
-4.703029155731201172e+00
-2.529765963554382324e-01
8.280655145645141602e-01
2.336854457855224609e+00
2.598637342453002930e+00
-4.163253784179687500e+00
1.468333363533020020e+00
2.754931449890136719e+00
2.236794233322143555e+00
5.336474776268005371e-01
2.004131078720092773e-01
-6.796528398990631104e-02
-7.797033786773681641e-01
1.720396041870117188e+00
-1.503563165664672852e+00
-3.230279684066772461e-02
2.437557935714721680e+00
-9.234428405761718750e-01
-6.037407398223876953e+00
-1.965147495269775391e+00
-1.620355248451232910e+00
-2.756100296974182129e-01
2.912119150161743164e+00
1.287177324295043945e+00
2.045193195343017578e+00
5.311067581176757812e+00
4.341118335723876953e+00
-3.617837727069854736e-01
-2.160315513610839844e+00
9.752644300460815430e-01
-3.457418918609619141e+00
2.605441570281982422e+00
-1.461948156356811523e+00
-1.146780133247375488e+00
1.247311830520629883e-01
3.030489921569824219e+00
5.969657897949218750e+00
2.860664427280426025e-01
-1.702824592590332031e+00
6.524798870086669922e+00
-3.796497821807861328e+00
-4.894847869873046875e+00
-5.967117547988891602e-01
2.459499835968017578e+00
-9.095972776412963867e-01
6.906867027282714844e+00
-1.540118217468261719e+00
-6.994758844375610352e-01
-6.085628271102905273e-01
1.219645023345947266e+00
-1.905290722846984863e+00
4.025556087493896484e+00
-1.653582096099853516e+00
2.416419982910156250e-02
-2.881788730621337891e+00
8.052999496459960938e+00
-7.887513160705566406e+00
1.955897092819213867e+00
5.086588859558105469e+00
-6.390950083732604980e-01
1.358706712722778320e+00
-2.793594598770141602e+00
1.982784152030944824e+00
-6.108084917068481445e-01
8.880658745765686035e-01
5.897721648216247559e-01
-1.244719982147216797e+00
-1.439999580383300781e+00
2.857747316360473633e+00
1.578794479370117188e+00
2.306955099105834961e+00
6.467331409454345703e+00
-3.297487974166870117e+00
-2.313462495803833008e+00
-1.228415489196777344e+00
1.628572821617126465e+00
-1.084136724472045898e+00
-5.358032226562500000e+00
2.330874443054199219e+00
8.111054897308349609e-01
-2.512998342514038086e+00
-2.365633249282836914e+00
-9.154964685440063477e-01
-3.276659727096557617e+00
-1.255385756492614746e+00
1.096844911575317383e+00
2.375681400299072266e+00
5.226334333419799805e-01
-2.704345703125000000e+00
-4.164594173431396484e+00
3.879467964172363281e+00
1.497201323509216309e-01
1.310421466827392578e+00
-5.847239494323730469e-01
5.185541152954101562e+00
-3.048083186149597168e-01
-6.604871749877929688e-01
6.948643684387207031e+00
-8.109989762306213379e-02
3.902209520339965820e+00
-1.309134006500244141e+00
-1.147855520248413086e-01
3.065699338912963867e-02
-7.196336984634399414e-01
-1.514314889907836914e+00
3.537519931793212891e+00
-2.892511606216430664e+00
2.343158960342407227e+00
-1.206108689308166504e+00
-5.907919406890869141e-01
-1.475196719169616699e+00
-1.782757282257080078e+00
1.642461299896240234e+00
-8.845714330673217773e-01
3.920319318771362305e+00
1.699281573295593262e+00
3.825921058654785156e+00
8.520555496215820312e+00
1.066410779953002930e+00
-4.702420234680175781e-01
3.056138515472412109e+00
-1.316228985786437988e+00
2.453173160552978516e+00
-6.835498213768005371e-01
1.240176558494567871e+00
3.089232683181762695e+00
6.291556358337402344e+00
9.869422763586044312e-02
4.058184027671813965e-01
1.210089564323425293e+00
-1.755825042724609375e+00
9.292180538177490234e-01
-5.911974906921386719e-01
-9.229607582092285156e-01
2.226943254470825195e+00
2.523182630538940430e+00
3.508709430694580078e+00
1.573979496955871582e+00
3.671846389770507812e-01
1.173322677612304688e+00
-2.721212804317474365e-01
-1.211964130401611328e+00
6.674721717834472656e+00
2.769855976104736328e+00
1.691986560821533203e+00
1.639072895050048828e+00
2.834252119064331055e-01
-9.811569750308990479e-02
-6.856965422630310059e-01
8.459000587463378906e-01
-3.403532028198242188e+00
-1.875665783882141113e-01
3.267839193344116211e+00
2.771144390106201172e+00
-4.798688411712646484e+00
-4.593197345733642578e+00
-2.132826328277587891e+00
-3.227077722549438477e-01
7.219127416610717773e-01
2.529618740081787109e-01
2.576650857925415039e+00
1.525544404983520508e+00
3.889603137969970703e+00
-1.213140249252319336e+00
4.334799289703369141e+00
3.114408969879150391e+00
1.096102595329284668e+00
-3.520393967628479004e-01
-1.480165243148803711e+00
1.752983212471008301e+00
1.807000637054443359e+00
3.151460409164428711e+00
-1.680408358573913574e+00
-1.897343039512634277e+00
1.242980837821960449e+00
7.845896720886230469e+00
-5.710524320602416992e-02
3.738807201385498047e+00
7.657061576843261719e+00
-3.999753594398498535e-01
-1.010011196136474609e+00
5.055057406425476074e-01
-2.945504665374755859e+00
-2.686400413513183594e+00
1.243556737899780273e-01
3.472576379776000977e+00
1.909855008125305176e-01
-5.268859863281250000e-01
-6.251385211944580078e-01
-3.073238134384155273e+00
-1.613085627555847168e+00
-1.627696037292480469e+00
-3.997144460678100586e+00
-9.199873208999633789e-01
2.244415760040283203e+00
-2.314364910125732422e-02
-2.056881904602050781e+00
1.687058448791503906e+00
4.936319351196289062e+00
2.673038959503173828e+00
5.142744779586791992e-01
2.057471275329589844e+00
3.536527156829833984e+00
-9.621080160140991211e-01
1.449696421623229980e+00
4.297062158584594727e-01
6.144561290740966797e+00
4.472702026367187500e+00
-2.634817361831665039e+00
2.137073040008544922e+00
3.767279386520385742e+00
-6.006811261177062988e-01
-2.452849745750427246e-01
-1.185417473316192627e-01
-3.306874990463256836e+00
4.759022235870361328e+00
1.573982596397399902e+00
2.189843654632568359e+00
1.511251926422119141e-02
2.513104677200317383e-02
-1.466997623443603516e+00
-4.709239959716796875e+00
5.076278686523437500e+00
-1.701318025588989258e+00
-1.088724613189697266e+00
9.357012510299682617e-01
-3.276802301406860352e+00
6.131597042083740234e+00
1.480625152587890625e+00
-1.058559492230415344e-01
-2.155449390411376953e-01
6.552826762199401855e-01
-2.121725559234619141e+00
-1.278072595596313477e-01
3.610992431640625000e+00
-7.025009989738464355e-01
1.845856904983520508e+00
1.237859725952148438e-01
9.617013335227966309e-01
-2.842506170272827148e+00
-2.188060522079467773e+00
1.067407798767089844e+01
4.582262635231018066e-01
1.406091213226318359e+00
2.108011722564697266e+00
-2.629650592803955078e+00
-1.594067096710205078e+00
8.275348663330078125e+00
6.987830400466918945e-01
3.594639539718627930e+00
-2.221567869186401367e+00
-1.080391287803649902e+00
9.724382758140563965e-01
-1.071487784385681152e+00
6.787806034088134766e+00
4.770960211753845215e-01
8.808329582214355469e+00
9.353405237197875977e-02
-2.723692893981933594e+00
3.168331623077392578e+00
-1.174191236495971680e+00
3.201937675476074219e-02
1.989778876304626465e-01
2.317755222320556641e+00
-9.637414813041687012e-01
-1.122724533081054688e+00
-3.305630683898925781e-01
1.277060985565185547e+00
-9.803951382637023926e-01
-3.246866941452026367e+00
4.648782014846801758e-01
-5.314931869506835938e-01
-2.089589595794677734e+00
1.296573519706726074e+00
-1.245979428291320801e+00
2.965416669845581055e+00
2.734773159027099609e+00
-1.159943699836730957e+00
2.600550413131713867e+00
1.746381759643554688e+00
3.450443983078002930e+00
4.627695083618164062e+00
-3.895689249038696289e-01
-1.246486663818359375e+00
-1.320669174194335938e+00
2.714980602264404297e+00
-1.967775106430053711e+00
-2.747976541519165039e+00
9.566057324409484863e-01
-2.808627128601074219e+00
-1.163205027580261230e+00
7.103791832923889160e-01
-8.561152219772338867e-01
3.187198936939239502e-01
-7.690340280532836914e-02
2.537815809249877930e+00
5.410146713256835938e-01
1.853414297103881836e+00
2.217957019805908203e+00
2.217300653457641602e+00
7.744156837463378906e+00
3.490231513977050781e+00
3.832319736480712891e+00
2.966536998748779297e+00
-3.850812911987304688e+00
1.685428142547607422e+00
-1.356061220169067383e+00
-1.120908617973327637e+00
4.400210857391357422e+00
4.055113792419433594e+00
-9.272299408912658691e-01
-3.248106241226196289e-01
4.944686412811279297e+00
-1.410150647163391113e+00
-1.290484666824340820e-01
2.480842113494873047e+00
-4.163798332214355469e+00
-2.568858265876770020e-01
-2.897347927093505859e+00
-3.492683410644531250e+00
1.518399477005004883e+00
2.679543018341064453e+00
5.468577146530151367e-01
6.090442538261413574e-01
1.554638504981994629e+00
1.649216413497924805e+00
9.325349330902099609e-02
-1.183022737503051758e+00
7.246538996696472168e-01
1.269743919372558594e+00
9.578960418701171875e+00
3.236104488372802734e+00
-6.736226677894592285e-01
-1.656466007232666016e+00
-7.745325565338134766e-02
-8.458279967308044434e-01
-2.216999530792236328e+00
7.144868850708007812e+00
2.081834316253662109e+00
-4.691258072853088379e-01
1.717539072036743164e+00
-4.181110858917236328e+00
2.794242382049560547e+00
2.940160751342773438e+00
1.285021066665649414e+00
8.381087183952331543e-01
4.965906739234924316e-01
1.869923591613769531e+00
1.086566448211669922e+00
-1.002814292907714844e+00
-8.238452076911926270e-01
8.305882215499877930e-01
-5.119108557701110840e-01
-1.628330826759338379e+00
7.502769231796264648e-01
-7.301454544067382812e-01
4.395090341567993164e-01
4.119082927703857422e+00
2.532886862754821777e-01
-1.554544270038604736e-01
3.077880144119262695e+00
3.230788230895996094e+00
-5.086219310760498047e-02
-3.232902586460113525e-01
3.028994083404541016e+00
2.609027385711669922e+00
-3.802396059036254883e-01
1.371822834014892578e+00
-2.672028541564941406e+00
-7.915008068084716797e-01
-7.641414999961853027e-01
5.909720063209533691e-01
1.512193202972412109e+00
1.331066966056823730e+00
4.114910125732421875e+00
-2.583632946014404297e+00
1.665824532508850098e+00
-1.323489904403686523e+00
1.383325815200805664e+00
3.328426480293273926e-01
-2.345708370208740234e+00
-1.189236998558044434e+00
4.462775230407714844e+00
-8.107533454895019531e-01
-3.149273395538330078e+00
3.824344873428344727e+00
1.791353464126586914e+00
-1.574996411800384521e-01
1.082192778587341309e+00
5.462932586669921875e+00
2.406581640243530273e+00
4.552472114562988281e+00
-1.012925386428833008e+00
3.117159605026245117e+00
1.535130500793457031e+00
-2.770199060440063477e+00
6.920202374458312988e-01
-1.940520286560058594e+00
9.116482734680175781e-01
7.062252044677734375e+00
1.131904602050781250e+00
9.739860296249389648e-01
3.149130344390869141e-01
-7.846376895904541016e-01
1.902767300605773926e+00
1.010183215141296387e+00
3.214377760887145996e-01
-1.339255571365356445e+00
2.977756738662719727e+00
-1.352325201034545898e+00
7.749873161315917969e+00
1.409721016883850098e+00
3.451464414596557617e+00
2.234787344932556152e-01
5.934047102928161621e-01
-3.280682086944580078e+00
-4.141294956207275391e-02
6.471634387969970703e+00
5.022295117378234863e-01
6.714905798435211182e-02
-2.398956060409545898e+00
2.971321821212768555e+00
1.639532089233398438e+00
1.223456144332885742e+00
7.315737009048461914e-01
4.307053089141845703e-01
-2.542457103729248047e+00
3.015838861465454102e+00
1.483979225158691406e+00
-1.435457348823547363e+00
-2.929132938385009766e+00
1.092495918273925781e+00
-3.809013366699218750e+00
-2.682247757911682129e-02
-1.218710184097290039e+00
1.028363466262817383e+00
-3.210011720657348633e+00
-3.754379510879516602e+00
-6.196710467338562012e-01
-4.060157775878906250e+00
-8.804775476455688477e-01
-5.538131237030029297e+00
-3.277540683746337891e+00
-4.655098915100097656e+00
-4.157832145690917969e+00
-7.297559976577758789e-01
-2.294445514678955078e+00
-5.294710397720336914e-01
2.143893718719482422e+00
-1.471211433410644531e+00
-3.861750125885009766e+00
-1.052586436271667480e+00
-4.060738086700439453e+00
-1.927703022956848145e+00
-4.068264365196228027e-01
-1.747957468032836914e+00
9.225862622261047363e-01
-3.058980107307434082e-01
2.067348957061767578e+00
-9.382326006889343262e-01
-3.030416369438171387e-01
-2.163610458374023438e+00
-4.273401260375976562e+00
-2.667975664138793945e+00
-4.020060598850250244e-01
-2.824139833450317383e+00
-3.311491012573242188e+00
-1.135965585708618164e+00
-3.968583106994628906e+00
-2.294020175933837891e+00
-5.225991725921630859e+00
-1.926609992980957031e+00
5.636199712753295898e-01
-3.838130712509155273e+00
2.446099519729614258e+00
-2.237607002258300781e+00
8.478400230407714844e+00
1.885638713836669922e+00
3.431213378906250000e+00
3.549201011657714844e+00
1.001246333122253418e+00
6.849533081054687500e+00
3.441676139831542969e+00
1.946943283081054688e+00
3.750330448150634766e+00
9.665627479553222656e+00
6.743212223052978516e+00
-1.975000143051147461e+00
8.840710520744323730e-01
4.614018440246582031e+00
2.840883970260620117e+00
1.557541847229003906e+00
-2.879231274127960205e-01
5.184736251831054688e-01
-1.823339939117431641e+00
1.512869596481323242e+00
-4.459702968597412109e-01
-8.277409076690673828e-01
-1.842682719230651855e+00
-5.074501514434814453e+00
-4.690823554992675781e+00
-4.417792797088623047e+00
-6.913876533508300781e-01
-2.629716157913208008e+00
-3.897308111190795898e-01
7.669753074645996094e+00
