-1.171473979949951172e+00
1.253461360931396484e+00
-1.084524154663085938e+00
-2.158007621765136719e+00
7.023051381111145020e-03
-4.715845584869384766e+00
-1.658167362213134766e+00
-1.447479486465454102e+00
-1.030966043472290039e-01
-1.853553652763366699e+00
1.107987165451049805e-01
3.118136405944824219e+00
-1.403655409812927246e+00
3.305526673793792725e-01
2.526697397232055664e+00
-1.672799885272979736e-01
-3.038537979125976562e+00
2.074110031127929688e+00
1.161552667617797852e+00
-2.051287889480590820e-01
-3.279359579086303711e+00
1.067716479301452637e-01
-3.147474765777587891e+00
-2.819708347320556641e+00
-3.248293161392211914e+00
-4.855785369873046875e+00
-5.053268909454345703e+00
-4.117560386657714844e+00
-1.529099941253662109e+00
-4.818874835968017578e+00
-4.893176555633544922e+00
-6.514273881912231445e-01
-4.629816532135009766e+00
-1.931043863296508789e+00
9.801856279373168945e-01
-1.373909473419189453e+00
-1.531833291053771973e+00
-6.619338989257812500e-01
-1.393407106399536133e+00
-4.465374469757080078e+00
-3.488018989562988281e+00
-4.009208202362060547e+00
-1.220767736434936523e+00
-3.955577850341796875e+00
-5.204694271087646484e+00
-3.887497782707214355e-01
-6.917906761169433594e+00
-1.882619380950927734e+00
-3.466743469238281250e+00
-6.017339229583740234e+00
-2.891966819763183594e+00
5.911937952041625977e-01
-1.122707724571228027e+00
-8.432083725929260254e-01
1.220741868019104004e+00
2.011852741241455078e+00
-1.043853163719177246e-01
-4.366673469543457031e+00
-1.399451255798339844e+00
1.851828098297119141e-01
2.817426443099975586e+00
1.134621500968933105e-01
1.756440877914428711e+00
-1.789282441139221191e+00
6.112123727798461914e-01
-2.725373983383178711e+00
9.054664373397827148e-01
-4.772444665431976318e-01
-1.491860985755920410e+00
2.163385391235351562e+00
-7.004725933074951172e-02
4.783198237419128418e-01
-1.006684064865112305e+00
4.531096935272216797e+00
4.508105278015136719e+00
1.956842184066772461e+00
1.025360226631164551e+00
3.421617984771728516e+00
1.346827507019042969e+00
-1.232573270797729492e+00
2.048751354217529297e+00
2.726442813873291016e+00
3.802052736282348633e-01
2.504243850708007812e-01
1.424702286720275879e+00
-3.943868160247802734e+00
1.518032550811767578e-01
-1.573479890823364258e+00
2.551720142364501953e-01
7.527559995651245117e-01
-1.576452016830444336e+00
-2.171619415283203125e+00
-2.620964050292968750e-01
-3.824407577514648438e+00
2.405574321746826172e+00
-1.239885807037353516e+00
1.059440374374389648e-01
2.262306213378906250e-02
-1.825538635253906250e+00
-1.895154714584350586e+00
-2.639877796173095703e+00
-1.099213838577270508e+00
-3.942704677581787109e+00
4.433777332305908203e-01
-3.424993753433227539e+00
-2.930685520172119141e+00
-1.215756893157958984e+00
1.229563832283020020e+00
-1.958725810050964355e+00
-1.990260481834411621e-01
-3.381597042083740234e+00
-3.177810668945312500e+00
-1.337172746658325195e+00
-4.920227825641632080e-01
-5.298567295074462891e+00
1.543703913688659668e+00
-6.573638319969177246e-01
2.987295150756835938e+00
1.685909926891326904e-01
-1.082579374313354492e+00
-2.745585918426513672e+00
-6.055802106857299805e-02
-4.675407409667968750e-01
-2.485715389251708984e+00
-2.309989452362060547e+00
1.299291849136352539e-01
7.849614620208740234e-01
-2.512597084045410156e+00
-2.623197078704833984e+00
-5.134064197540283203e+00
-3.682585477828979492e+00
-2.306001186370849609e+00
1.280917525291442871e-01
-2.338855028152465820e+00
-3.061174869537353516e+00
-3.987375259399414062e+00
-3.375222206115722656e+00
-3.867528438568115234e+00
-1.408775091171264648e+00
1.715103983879089355e-01
6.816709041595458984e-01
-2.489696502685546875e+00
-3.223569869995117188e+00
-8.693162798881530762e-01
-1.492060661315917969e+00
-2.509716510772705078e+00
-4.297541141510009766e+00
-4.931443214416503906e+00
-2.067975044250488281e+00
-4.563650131225585938e+00
-3.524325132369995117e+00
1.586044788360595703e+00
-1.272565603256225586e+00
-2.862823605537414551e-01
-1.913086175918579102e+00
2.040859699249267578e+00
1.377962589263916016e+00
-1.554764151573181152e+00
-5.360913276672363281e-01
-8.981118202209472656e-01
-4.062893390655517578e+00
1.464340090751647949e+00
8.191226720809936523e-01
3.919087052345275879e-01
4.214098751544952393e-01
-1.237199425697326660e+00
1.223679304122924805e+00
7.211588621139526367e-01
-1.578671693801879883e+00
-1.881568193435668945e+00
4.826799035072326660e-03
9.428580403327941895e-01
9.269059300422668457e-01
-3.639853000640869141e-01
-3.887721061706542969e+00
-3.558063030242919922e+00
-4.193256378173828125e+00
-2.072794198989868164e+00
-9.831916689872741699e-01
7.870852947235107422e-01
-1.323750257492065430e+00
-2.109269380569458008e+00
1.870267510414123535e+00
5.936070084571838379e-01
-9.281662702560424805e-01
1.921569228172302246e+00
-4.799098148941993713e-02
-1.290977001190185547e+00
-5.760827660560607910e-01
-3.756723999977111816e-01
-1.423443317413330078e+00
2.246248275041580200e-01
1.613673686981201172e+00
-2.811729907989501953e-02
-5.004902839660644531e+00
-1.077684879302978516e+00
-7.971900105476379395e-01
7.433559894561767578e-01
7.277137041091918945e-01
4.239956855773925781e+00
-5.106547474861145020e-01
6.819463372230529785e-01
-5.852694511413574219e-01
1.568607330322265625e+00
1.967788219451904297e+00
-1.064819812774658203e+00
-1.634179353713989258e+00
-3.192072153091430664e+00
5.027327537536621094e-01
1.249266028404235840e+00
-6.466611623764038086e-01
-1.442985057830810547e+00
7.819256186485290527e-01
-1.067774295806884766e+00
-3.299606561660766602e+00
1.928084135055541992e+00
1.550384640693664551e+00
2.735409975051879883e+00
1.973489761352539062e+00
9.868305921554565430e-01
-9.143744707107543945e-01
-1.702068805694580078e+00
-1.204521417617797852e+00
2.474307775497436523e+00
-9.041973948478698730e-02
-1.615676403045654297e+00
2.459704875946044922e-01
-2.423721075057983398e+00
-1.341457128524780273e+00
-9.369444847106933594e-01
-8.289793729782104492e-01
-3.631178140640258789e-01
-3.237760305404663086e+00
-1.894450783729553223e+00
2.035221815109252930e+00
-3.786959886550903320e+00
-1.362460732460021973e+00
1.665936708450317383e+00
2.576253652572631836e+00
-1.046044230461120605e+00
2.452305555343627930e+00
-3.179144859313964844e-02
-7.183468341827392578e-01
1.684864163398742676e-01
-2.422381401062011719e+00
9.530857801437377930e-01
-1.009163141250610352e+00
7.283056378364562988e-01
-2.881136834621429443e-01
1.034648299217224121e+00
-5.542718172073364258e-01
3.713716030120849609e+00
-7.025135755538940430e-01
1.105644702911376953e+00
3.033520221710205078e+00
9.724253416061401367e-02
-1.187889575958251953e+00
-3.617143392562866211e+00
2.810170173645019531e+00
-6.450527906417846680e-02
-8.307058811187744141e-01
-1.652251482009887695e+00
-9.756273031234741211e-01
-3.783938288688659668e-02
2.716569423675537109e+00
7.452955245971679688e-01
2.879292368888854980e-01
2.541131973266601562e-01
-1.617196798324584961e+00
-3.239215612411499023e+00
-4.940663337707519531e+00
-3.951251268386840820e+00
-2.880482435226440430e+00
-5.807631969451904297e+00
-2.195140361785888672e+00
-4.408694744110107422e+00
-7.858833789825439453e+00
-1.890266656875610352e+00
-4.602256774902343750e+00
-3.756801366806030273e+00
-2.908375024795532227e+00
-1.795913934707641602e+00
-1.082774639129638672e+00
1.773670673370361328e+00
-1.556871652603149414e+00
-2.775528430938720703e+00
-9.186229109764099121e-01
-3.544748306274414062e+00
-7.163459658622741699e-01
-2.647072315216064453e+00
1.029057621955871582e+00
-6.325672149658203125e+00
-3.960528969764709473e-02
-3.111096858978271484e+00
-3.647693634033203125e+00
-1.483358502388000488e+00
-4.947711944580078125e+00
-5.221444606781005859e+00
-5.727552413940429688e+00
-5.906486034393310547e+00
-2.221808433532714844e+00
6.233649849891662598e-01
-3.331991672515869141e+00
-3.997298181056976318e-01
-2.775406122207641602e+00
-1.051222920417785645e+00
-1.373187541961669922e+00
-3.070634841918945312e+00
-1.416772246360778809e+00
1.784143686294555664e+00
4.072615146636962891e+00
-3.122876882553100586e+00
-2.903002500534057617e+00
1.687765121459960938e+00
2.600816190242767334e-01
-4.583262920379638672e+00
-7.857710719108581543e-01
-3.353556156158447266e+00
-4.943268775939941406e+00
-2.514185190200805664e+00
-1.473513364791870117e+00
3.685192823410034180e+00
-1.457291960716247559e+00
-7.904267907142639160e-01
-3.110623121261596680e+00
-3.189995288848876953e+00
-1.885685682296752930e+00
-3.142364978790283203e+00
-2.227965354919433594e+00
-2.528244972229003906e+00
-5.320032238960266113e-01
-3.942717075347900391e+00
-2.065785408020019531e+00
1.930424571037292480e+00
-4.536891937255859375e+00
-4.937745094299316406e+00
-1.465702652931213379e+00
-4.249371051788330078e+00
1.473690271377563477e+00
-3.703904151916503906e-01
-1.359944343566894531e-01
-2.048909664154052734e+00
-3.615489721298217773e+00
-3.573301315307617188e+00
-3.868667125701904297e+00
1.482643127441406250e+00
5.407228469848632812e-01
1.329852819442749023e+00
-1.880268573760986328e+00
1.350416779518127441e+00
-1.168918967247009277e+00
-4.746059894561767578e+00
-4.008401393890380859e+00
-4.550838947296142578e+00
1.593876242637634277e+00
-3.043364286422729492e-01
-4.265618801116943359e+00
-1.059688776731491089e-01
-5.976169109344482422e-01
-2.180851221084594727e+00
-1.866931080818176270e+00
-2.048817396163940430e+00
-5.332976341247558594e+00
-2.684801578521728516e+00
-1.222129821777343750e+00
-3.344130992889404297e+00
-3.739768028259277344e+00
-3.670642852783203125e+00
-5.577958583831787109e+00
-3.270067453384399414e+00
-4.446709632873535156e+00
-7.003834247589111328e+00
-8.404937744140625000e+00
-4.131972312927246094e+00
-2.716332912445068359e+00
-4.558000564575195312e+00
-1.065822601318359375e+00
-2.579928159713745117e+00
-1.860530257225036621e+00
-1.913781166076660156e+00
-3.534964084625244141e+00
3.079884946346282959e-01
-4.079166889190673828e+00
-3.858739852905273438e+00
-3.759278774261474609e+00
-1.656229496002197266e+00
-3.847452163696289062e+00
-3.178719520568847656e+00
-1.872772932052612305e+00
-4.046023845672607422e+00
-4.584702014923095703e+00
-2.446265697479248047e+00
1.659108042716979980e+00
-7.069252133369445801e-01
-3.614564895629882812e+00
-2.098375558853149414e+00
2.708721160888671875e+00
-9.745590090751647949e-01
1.811063528060913086e+00
3.129031360149383545e-01
1.735750079154968262e+00
3.501324057579040527e-01
5.293853282928466797e+00
1.632756710052490234e+00
8.281445503234863281e-01
7.247968196868896484e+00
-2.897238016128540039e+00
-1.614831924438476562e+00
2.013583660125732422e+00
9.791960716247558594e-01
6.805292606353759766e+00
2.640806436538696289e+00
-9.835416078567504883e-01
1.934821009635925293e+00
-8.371817469596862793e-01
2.801880121231079102e+00
1.949675679206848145e-01
6.513505458831787109e+00
-2.440392017364501953e+00
4.479629993438720703e+00
2.092974662780761719e+00
1.774474740028381348e+00
-2.135629653930664062e+00
-1.087213754653930664e+00
-5.267548561096191406e-02
4.202973365783691406e+00
-1.313781738281250000e+00
1.545606136322021484e+00
3.160608291625976562e+00
-2.485858201980590820e-01
-4.728387892246246338e-01
-2.404543638229370117e+00
-2.835910916328430176e-01
-2.780911445617675781e+00
2.664893388748168945e+00
5.771805047988891602e-01
2.792339086532592773e+00
-5.008484125137329102e-01
-2.540291547775268555e+00
4.205686450004577637e-01
-1.188770651817321777e+00
-1.288981318473815918e+00
1.064851284027099609e+00
5.520307540893554688e+00
2.883726119995117188e+00
-2.150518178939819336e+00
-6.339606046676635742e-01
1.343209028244018555e+00
3.398000717163085938e+00
1.277222514152526855e+00
5.320532798767089844e+00
7.572360634803771973e-01
6.955006718635559082e-02
-2.731287956237792969e+00
1.580078840255737305e+00
3.748475313186645508e-01
-4.649139046669006348e-01
2.808311939239501953e+00
-2.664396047592163086e+00
3.868149280548095703e+00
-8.462190628051757812e-01
5.142146587371826172e+00
1.374945282936096191e+00
-7.556890249252319336e-01
2.614478111267089844e+00
7.443627119064331055e-01
-3.309571743011474609e+00
-1.119508981704711914e+00
3.420502543449401855e-01
-1.294886589050292969e+00
-1.174835085868835449e+00
2.394337177276611328e+00
1.209793329238891602e+00
-4.465968608856201172e+00
1.612037420272827148e+00
6.481034755706787109e-01
7.377136945724487305e-01
-1.937336087226867676e+00
5.244303226470947266e+00
-1.015633463859558105e+00
-5.100017786026000977e-01
1.220831632614135742e+00
-1.308287620544433594e+00
3.148165225982666016e+00
-2.680538654327392578e+00
-2.887331247329711914e+00
-1.309588551521301270e-01
2.173034667968750000e+00
2.726489305496215820e+00
1.772703886032104492e+00
1.243828296661376953e+00
-4.192184805870056152e-01
2.850951552391052246e-01
8.067568540573120117e-01
-1.390922367572784424e-01
7.336121201515197754e-01
3.041982173919677734e+00
2.490591049194335938e+00
1.684892892837524414e+00
4.559527039527893066e-01
3.711982488632202148e+00
1.478289216756820679e-01
2.798157215118408203e+00
-1.950438916683197021e-01
-3.919591307640075684e-01
-7.508006691932678223e-01
2.074613571166992188e+00
-1.087384343147277832e+00
-2.482300996780395508e+00
-2.388000965118408203e+00
3.407867550849914551e-01
-1.546191871166229248e-01
-6.889715194702148438e+00
3.373193025588989258e+00
-6.136686801910400391e-01
3.246211290359497070e+00
-1.963325858116149902e+00
1.918826103210449219e+00
4.169804573059082031e+00
4.762980937957763672e+00
-1.445162296295166016e+00
-2.131923913955688477e+00
1.392841339111328125e-02
1.615722179412841797e-01
1.393954753875732422e+00
3.062811374664306641e+00
-9.178720712661743164e-01
-5.353518724441528320e-01
-4.373707771301269531e+00
9.134547710418701172e-01
1.033898949623107910e+00
3.216285407543182373e-01
1.041726827621459961e+00
2.776960372924804688e+00
-3.047430515289306641e+00
-3.761676073074340820e+00
1.691956520080566406e+00
3.955030918121337891e+00
5.236987590789794922e+00
4.264280319213867188e+00
1.276775956153869629e+00
4.145817160606384277e-01
2.836600542068481445e-01
1.985087633132934570e+00
1.693389862775802612e-01
5.735757350921630859e+00
3.747200965881347656e-02
-2.601481914520263672e+00
-6.112201213836669922e-01
5.680332660675048828e+00
-7.213863849639892578e+00
-2.411340713500976562e+00
2.354441404342651367e+00
8.539835214614868164e-01
4.207987785339355469e-01
9.322041273117065430e-02
2.050376415252685547e+00
2.032185554504394531e+00
-4.545608162879943848e-02
2.465214729309082031e+00
2.005108594894409180e+00
1.159578680992126465e+00
7.626700401306152344e-01
-1.781419396400451660e+00
-1.017239093780517578e+00
3.440032243728637695e+00
-5.684546828269958496e-01
-9.976832866668701172e-01
9.508888721466064453e-01
2.410872459411621094e+00
5.314512550830841064e-02
-6.135918140411376953e+00
-2.268332540988922119e-01
1.505149602890014648e+00
4.751935005187988281e-01
-1.298370361328125000e-01
-1.837171077728271484e+00
9.507641196250915527e-01
-2.276633977890014648e+00
2.311008691787719727e+00
4.112045764923095703e-01
2.590428590774536133e-01
-1.994937777519226074e+00
-1.458802372217178345e-01
3.800874710083007812e+00
-6.301165223121643066e-01
-3.550792336463928223e-01
6.982451677322387695e-01
3.545107126235961914e+00
4.164729118347167969e-01
-1.039946526288986206e-01
7.048032760620117188e+00
2.509720563888549805e+00
1.958906054496765137e+00
1.982927083969116211e+00
-2.199261665344238281e+00
2.588820219039916992e+00
-2.401374340057373047e+00
3.459547758102416992e-01
7.053291797637939453e+00
-3.137500524520874023e+00
1.505829095840454102e-01
7.768394947052001953e-01
1.831849455833435059e+00
-1.276188850402832031e+00
-8.100498318672180176e-01
-1.855328679084777832e-01
2.446196675300598145e-01
1.981264114379882812e+00
-2.333079814910888672e+00
3.007789373397827148e+00
8.527765274047851562e+00
3.298301696777343750e-01
-3.724131584167480469e-01
3.194598436355590820e+00
1.293665170669555664e+00
2.318083047866821289e+00
2.416590452194213867e+00
-5.095657706260681152e-02
3.419232368469238281e+00
5.118674755096435547e+00
3.438100516796112061e-01
-2.201875209808349609e+00
-5.907645821571350098e-01
1.339429736137390137e+00
-2.898658514022827148e-01
-4.070314407348632812e+00
-3.149637460708618164e+00
3.937226772308349609e+00
-5.421935558319091797e+00
-1.070527791976928711e+00
-4.186187744140625000e+00
2.234679698944091797e+00
-7.271517515182495117e-01
2.570967912673950195e+00
-2.358721256256103516e+00
2.413746356964111328e+00
3.947494029998779297e+00
2.465341567993164062e+00
2.308097839355468750e+00
-2.398874521255493164e+00
-4.701502621173858643e-02
3.672820806503295898e+00
1.267980575561523438e+00
-8.539080619812011719e-03
3.994442224502563477e+00
3.849676609039306641e+00
-3.092902183532714844e+00
-2.248055934906005859e+00
-3.414833068847656250e+00
-2.242364883422851562e+00
1.949356079101562500e+00
9.753306508064270020e-01
-1.441122770309448242e+00
1.281060934066772461e+00
3.290711402893066406e+00
2.195484399795532227e+00
-1.252376556396484375e+00
5.579051971435546875e+00
-2.816566824913024902e-01
3.998377561569213867e+00
-8.582806587219238281e-01
-1.344115495681762695e+00
1.808772683143615723e+00
2.065229177474975586e+00
1.404494524002075195e+00
1.018836021423339844e+00
3.108965396881103516e+00
1.310565114021301270e+00
2.084388732910156250e+00
2.864781141281127930e+00
2.459702491760253906e+00
5.988534450531005859e+00
-4.196601390838623047e+00
-2.211863517761230469e+00
6.714704632759094238e-01
-1.346831440925598145e+00
8.555418848991394043e-01
2.450006484985351562e+00
4.722616672515869141e+00
3.130610585212707520e-01
1.902541637420654297e+00
1.292124032974243164e+00
5.659704208374023438e-01
-1.739816784858703613e+00
-3.587880849838256836e+00
-4.797934532165527344e+00
-5.561575293540954590e-01
1.815000176429748535e-01
1.348857164382934570e+00
-1.365612745285034180e-01
1.470600724220275879e+00
2.247906684875488281e+00
6.033272147178649902e-01
-1.607131719589233398e+00
2.828319072723388672e+00
2.058358192443847656e+00
3.532775044441223145e-01
2.040783643722534180e+00
1.133592605590820312e+00
4.364212989807128906e+00
5.719928741455078125e+00
-1.050623059272766113e+00
-6.985138654708862305e-01
-2.256349086761474609e+00
-7.833442091941833496e-01
2.548895835876464844e+00
-1.061077356338500977e+00
-1.676354885101318359e+00
3.700451850891113281e-01
2.513091802597045898e+00
-1.642378449440002441e+00
-6.853959560394287109e-01
3.118503570556640625e+00
-3.061714649200439453e+00
1.366770744323730469e+00
5.000381469726562500e+00
-2.631198644638061523e+00
2.110411822795867920e-01
-1.637086868286132812e-01
-6.139438629150390625e+00
4.735731124877929688e+00
2.030514240264892578e+00
3.780313968658447266e+00
1.020546555519104004e+00
1.055333971977233887e+00
6.181806325912475586e-01
6.079796314239501953e+00
-5.445619821548461914e-01
-2.185365557670593262e-01
5.917633175849914551e-01
1.433609843254089355e+00
-1.783407211303710938e+00
1.128387451171875000e+00
-2.187793970108032227e+00
7.573865413665771484e+00
-8.901214003562927246e-01
-4.279480457305908203e+00
3.827024936676025391e+00
4.855993390083312988e-01
-6.683217883110046387e-01
2.865993976593017578e+00
-3.081641495227813721e-01
3.978563070297241211e+00
-1.765159726142883301e+00
6.676325201988220215e-02
-4.608783125877380371e-01
9.315960407257080078e-01
2.764452457427978516e+00
-3.653541207313537598e-01
3.828781366348266602e+00
3.741538524627685547e+00
-1.160950064659118652e+00
2.205631732940673828e+00
-2.575545787811279297e+00
2.493496656417846680e+00
9.788001775741577148e-01
3.678182363510131836e-01
-1.402845859527587891e+00
-8.937385678291320801e-01
-8.908796310424804688e-01
-5.361701250076293945e-01
3.418315172195434570e+00
-1.785324454307556152e+00
-1.469063758850097656e+00
-1.085938096046447754e+00
-3.158256411552429199e-02
-9.894217252731323242e-01
1.231445312500000000e+00
7.904742956161499023e-01
2.086039781570434570e+00
-1.172060012817382812e+00
4.380501270294189453e+00
-2.409426212310791016e+00
2.128571033477783203e+00
1.794019937515258789e+00
1.612087190151214600e-01
-2.651248693466186523e+00
-7.649219036102294922e-01
6.956112384796142578e-02
-9.919409751892089844e-01
-4.678699374198913574e-02
1.015170454978942871e+00
-1.429638743400573730e+00
2.958377301692962646e-01
2.136574268341064453e+00
-2.251467227935791016e+00
6.334332942962646484e+00
-1.728661656379699707e-01
1.860105752944946289e+00
1.095636010169982910e+00
3.671073913574218750e-01
4.862720489501953125e+00
2.607269525527954102e+00
1.883628845214843750e+00
7.896475315093994141e+00
5.472829818725585938e+00
9.587216973304748535e-01
-4.003101825714111328e+00
2.717873096466064453e+00
-1.535159230232238770e+00
-1.594677567481994629e+00
3.932797431945800781e+00
2.179192781448364258e+00
-3.780547618865966797e+00
2.982253789901733398e+00
1.268857955932617188e+00
7.648478984832763672e+00
7.708004713058471680e-01
3.826746940612792969e-01
-2.099168539047241211e+00
-6.003646254539489746e-01
-2.073207855224609375e+00
-2.293432474136352539e+00
-5.550849437713623047e-01
6.112721920013427734e+00
-5.182696580886840820e-01
-8.916586637496948242e-02
2.375000715255737305e+00
-5.189482569694519043e-01
7.067118883132934570e-01
-4.364305734634399414e-01
5.734312057495117188e+00
-9.609982967376708984e-01
5.396578311920166016e+00
4.327579736709594727e-01
6.091780662536621094e-01
-3.804808139801025391e+00
2.664608478546142578e+00
-6.210618019104003906e-01
-6.657879352569580078e-01
3.243909835815429688e+00
6.580403327941894531e+00
-2.635957956314086914e+00
1.434481024742126465e+00
-2.720848023891448975e-01
2.693241357803344727e+00
3.678359985351562500e+00
-1.502164125442504883e+00
2.202333688735961914e+00
3.058178663253784180e+00
3.910485029220581055e+00
3.687174320220947266e+00
4.835852146148681641e+00
-1.759384155273437500e+00
-3.851381540298461914e-01
-3.213626384735107422e+00
8.512997627258300781e-01
-1.048951506614685059e+00
1.216962814331054688e+00
1.078391909599304199e+00
4.231261730194091797e+00
-6.795215010643005371e-01
2.291308641433715820e+00
4.026298046112060547e+00
2.080376863479614258e+00
-8.989936113357543945e-01
-1.693345546722412109e+00
4.423599243164062500e+00
-2.547200620174407959e-01
-8.504787087440490723e-01
1.591122150421142578e+00
6.372207403182983398e-01
-8.913016319274902344e-01
7.417752742767333984e-01
2.313682794570922852e+00
9.909577369689941406e-01
8.924251794815063477e-01
3.068450450897216797e+00
-8.509534597396850586e-01
1.918162584304809570e+00
-1.757615804672241211e+00
5.635122656822204590e-01
7.507586479187011719e-02
-2.831680297851562500e+00
1.019290328025817871e+00
2.784416198730468750e+00
-1.196530699729919434e+00
-1.672885179519653320e+00
2.399014472961425781e+00
3.680449485778808594e+00
-2.095612585544586182e-01
2.240701198577880859e+00
5.742521286010742188e+00
2.267794460058212280e-01
3.150885105133056641e+00
-1.230332851409912109e+00
-8.909250497817993164e-01
1.444034218788146973e+00
-7.347791790962219238e-01
2.986495256423950195e+00
-1.018037557601928711e+00
2.595118284225463867e+00
1.561683535575866699e+00
4.051760673522949219e+00
-6.245508790016174316e-02
-2.936951875686645508e+00
-2.772133827209472656e+00
-8.357673883438110352e-01
-1.028044462203979492e+00
3.035867452621459961e+00
-2.268393516540527344e+00
1.102743744850158691e-01
5.794601440429687500e-01
6.198776245117187500e+00
3.903254985809326172e+00
1.514871358871459961e+00
-3.614334106445312500e+00
1.576058506965637207e+00
2.427251577377319336e+00
-2.987560987472534180e+00
5.026024341583251953e+00
3.834194898605346680e+00
2.046824432909488678e-02
-2.144445896148681641e+00
8.266364932060241699e-01
4.708883166313171387e-02
2.241810083389282227e+00
-5.772185921669006348e-01
1.565317511558532715e+00
-1.335133552551269531e+00
2.894771099090576172e+00
-7.483016252517700195e-01
7.078168392181396484e-01
-4.657530188560485840e-01
-5.324494838714599609e-01
-2.783987998962402344e+00
2.008517980575561523e+00
5.717747807502746582e-01
1.127299189567565918e+00
-2.354248762130737305e+00
1.208624958992004395e+00
2.980188846588134766e+00
3.793874979019165039e-01
-4.151174426078796387e-01
-9.952224493026733398e-01
-2.203636169433593750e+00
-4.088797271251678467e-01
-5.938184261322021484e-02
-2.151626825332641602e+00
1.525766134262084961e+00
8.763347268104553223e-01
-1.657910197973251343e-01
-1.656562328338623047e+00
-1.630369067192077637e+00
-2.578752994537353516e+00
-6.852436065673828125e-01
1.319544672966003418e+00
-2.301120162010192871e-01
-1.051804542541503906e+00
2.271464824676513672e+00
8.978285789489746094e-01
2.776266098022460938e+00
2.824224531650543213e-01
3.556128740310668945e+00
-1.937416553497314453e+00
-1.285632967948913574e+00
-1.885976076126098633e+00
3.086020946502685547e+00
5.259808897972106934e-01
-6.759997606277465820e-01
-1.570176482200622559e-01
1.142700195312500000e+00
-1.185826063156127930e+00
-4.026295185089111328e+00
-2.390089511871337891e+00
6.181899905204772949e-01
-2.508028507232666016e+00
1.158672571182250977e+00
-1.364738464355468750e+00
8.284829139709472656e+00
3.239262819290161133e+00
3.603066444396972656e+00
2.542129516601562500e+00
3.924596309661865234e-01
3.908168077468872070e+00
-1.042240738868713379e+00
-2.507734298706054688e-01
2.941546916961669922e+00
6.040775775909423828e+00
3.878386974334716797e+00
4.342192411422729492e-02
9.552541971206665039e-01
2.769521236419677734e+00
8.233809471130371094e-01
5.452225208282470703e-01
-2.082895636558532715e-01
1.403032779693603516e+00
-1.739258527755737305e+00
2.703648805618286133e+00
6.170874834060668945e-01
4.356057345867156982e-01
1.538213014602661133e+00
-1.761991977691650391e+00
-4.284575581550598145e-02
-1.459510326385498047e-01
2.886965036392211914e+00
-5.816903710365295410e-02
1.823856115341186523e+00
5.634553909301757812e+00
