4.881620407104492188e-05
1.301185846328735352e+00
-2.081722736358642578e+00
-1.419154405593872070e-01
-9.192014932632446289e-01
-1.551651358604431152e+00
1.879713535308837891e+00
-2.468796730041503906e+00
-2.403144121170043945e+00
1.279035806655883789e-01
-5.748357176780700684e-01
-2.216772794723510742e+00
-1.930456995964050293e+00
-3.431404829025268555e+00
-1.337646484375000000e+00
-2.568390369415283203e+00
-3.766265153884887695e+00
-8.131338357925415039e-01
-5.808886289596557617e-01
-4.841214179992675781e+00
-6.097171306610107422e+00
-1.271654248237609863e+00
-7.192361354827880859e-01
-2.350236892700195312e+00
-3.470234870910644531e+00
-1.907789468765258789e+00
-4.072204589843750000e+00
-2.353265285491943359e+00
-1.001053452491760254e+00
-3.747132778167724609e+00
-5.737606525421142578e+00
-3.452772140502929688e+00
-6.725072383880615234e+00
-7.259728312492370605e-01
3.817607164382934570e-01
-1.105988621711730957e+00
-9.767007231712341309e-01
-2.020888328552246094e-01
2.009914159774780273e+00
-3.024099349975585938e+00
-2.278359234333038330e-02
-1.145334720611572266e+00
-5.347729921340942383e-01
-5.130033016204833984e+00
-6.230583190917968750e-01
5.758774280548095703e-01
-3.428914546966552734e-01
-1.138081550598144531e+00
-1.291582226753234863e+00
-4.522969722747802734e+00
-2.492834091186523438e+00
-1.817573666572570801e+00
2.799271345138549805e-01
-1.059574127197265625e+00
-1.096145510673522949e+00
1.491267919540405273e+00
-7.562285065650939941e-01
-4.128241539001464844e+00
-8.138544559478759766e-01
6.048630475997924805e-01
1.913454413414001465e+00
1.342899560928344727e+00
3.673758745193481445e+00
8.373973965644836426e-01
3.779306888580322266e+00
3.936709403991699219e+00
1.539238214492797852e+00
-1.381338000297546387e+00
-7.400068640708923340e-02
1.579353809356689453e-01
-4.726331233978271484e+00
-2.164997100830078125e+00
-2.089950323104858398e+00
-2.257336854934692383e+00
-1.112114071846008301e+00
-2.147278547286987305e+00
-1.578763484954833984e+00
-1.165273189544677734e+00
-5.641789436340332031e-01
-9.681228399276733398e-01
-2.566536426544189453e+00
-1.551410317420959473e+00
-2.092721939086914062e+00
-7.078638076782226562e-01
2.264774799346923828e+00
-4.063099861145019531e+00
7.600395679473876953e-01
-2.340942382812500000e+00
-3.793012499809265137e-01
-1.052329540252685547e+00
4.822277426719665527e-01
-3.590988874435424805e+00
9.145916700363159180e-01
-4.757288455963134766e+00
-9.855266213417053223e-01
-3.678718566894531250e+00
2.640591144561767578e+00
-1.397619128227233887e+00
-1.971156954765319824e+00
-7.714416980743408203e-01
-3.723699569702148438e+00
-2.010802507400512695e+00
-5.020892143249511719e+00
-1.655441761016845703e+00
-1.579776048660278320e+00
-3.771736383438110352e+00
-4.567414224147796631e-01
6.612374186515808105e-01
1.410147786140441895e+00
3.617647409439086914e+00
-2.693236112594604492e+00
3.333384037017822266e+00
3.378582000732421875e-02
-1.357085704803466797e+00
-3.918660640716552734e+00
9.206414222717285156e-02
-8.359847068786621094e-01
1.754399538040161133e+00
-3.508204460144042969e+00
-4.814436912536621094e+00
-4.078832626342773438e+00
-4.541669368743896484e+00
-1.524695515632629395e+00
-5.117435932159423828e+00
-3.373746395111083984e+00
-4.298857212066650391e+00
-1.733079791069030762e+00
-1.637507200241088867e+00
-2.206954240798950195e+00
-1.977026224136352539e+00
9.546222686767578125e-01
-2.365104436874389648e+00
1.063773632049560547e+00
-7.929745316505432129e-01
8.009499311447143555e-01
-4.753204345703125000e+00
-4.343938827514648438e+00
-4.877875328063964844e+00
-2.058646678924560547e+00
-4.803675174713134766e+00
-2.041073560714721680e+00
-3.176333904266357422e+00
-4.244642257690429688e+00
-6.386875152587890625e+00
5.342199802398681641e-01
-1.188511371612548828e+00
-3.622679233551025391e+00
-2.719009637832641602e+00
-4.933326244354248047e-01
3.498390913009643555e-01
4.913962632417678833e-02
1.301187634468078613e+00
-2.684465885162353516e+00
5.767384767532348633e-01
-1.092651367187500000e+00
-1.859749913215637207e+00
5.239373445510864258e-02
-1.554516792297363281e+00
-9.206628203392028809e-01
3.275573253631591797e+00
-2.170161008834838867e-01
2.745488166809082031e+00
1.666655063629150391e+00
-7.962917685508728027e-01
1.720157861709594727e+00
-2.097421646118164062e+00
1.016642808914184570e+00
1.997729420661926270e+00
1.179548978805541992e+00
-5.034455657005310059e-01
-1.338701725006103516e+00
3.977720975875854492e+00
4.764693260192871094e+00
1.924167752265930176e+00
-5.601611137390136719e+00
-4.028017997741699219e+00
8.763511180877685547e-01
-3.069048166275024414e+00
2.940106868743896484e+00
3.625214099884033203e-01
-1.703600049018859863e+00
1.477547168731689453e+00
-1.705855250358581543e+00
-1.476193904876708984e+00
1.316701173782348633e-01
1.887283802032470703e+00
-3.444489240646362305e+00
-2.530397653579711914e+00
7.572901248931884766e-01
-2.542450666427612305e+00
1.149751186370849609e+00
-1.205606937408447266e+00
-6.299094557762145996e-01
-2.862151145935058594e+00
-2.989710807800292969e+00
-2.024155139923095703e+00
-3.273720741271972656e+00
-7.521900534629821777e-02
-1.080580234527587891e+00
6.404113173484802246e-01
2.174378931522369385e-01
-2.226828187704086304e-01
1.578381061553955078e-01
1.239150524139404297e+00
2.254183292388916016e+00
-2.342248439788818359e+00
-3.588795661926269531e-01
-5.707560181617736816e-01
7.715599536895751953e-01
6.676732301712036133e-01
-2.513544321060180664e+00
1.192375659942626953e+00
9.029517322778701782e-02
-5.454825162887573242e-01
-2.147367954254150391e+00
5.812297463417053223e-01
4.374172687530517578e+00
6.524255871772766113e-01
-1.063697576522827148e+00
-2.442188978195190430e+00
-1.870530486106872559e+00
-2.417300462722778320e+00
2.148602962493896484e+00
-1.530755877494812012e+00
-3.786764144897460938e+00
-6.835331916809082031e-01
2.073849201202392578e+00
-3.932368159294128418e-01
-5.767496824264526367e-01
8.899179100990295410e-01
2.506597340106964111e-01
-2.393976747989654541e-01
-5.226756334304809570e-01
-1.356108069419860840e+00
1.167747974395751953e+00
-2.408931732177734375e+00
-8.233798742294311523e-01
1.562009811401367188e+00
3.116283893585205078e+00
-1.203695297241210938e+00
2.242296457290649414e+00
2.642218112945556641e+00
5.522139072418212891e-01
-3.095485568046569824e-01
-3.151477336883544922e+00
-3.659749329090118408e-01
1.791786193847656250e+00
3.106064319610595703e+00
-1.749491691589355469e-01
-8.869835734367370605e-02
-9.349991679191589355e-01
1.609964609146118164e+00
-4.668945312500000000e+00
2.941830873489379883e+00
-1.175792455673217773e+00
-2.868368029594421387e-01
-2.718796253204345703e+00
1.204248905181884766e+00
8.514366745948791504e-01
-3.235555648803710938e+00
-2.502725601196289062e+00
-4.277711868286132812e+00
-3.921080827713012695e+00
-8.673212528228759766e-01
5.932847023010253906e+00
1.899366497993469238e+00
-1.305452108383178711e+00
-5.546481609344482422e-01
-9.048730134963989258e-01
-1.319321751594543457e+00
-3.319665670394897461e+00
-2.264788150787353516e+00
-1.782353162765502930e+00
4.649426639080047607e-01
-2.664865970611572266e+00
-4.242423057556152344e+00
-5.317001819610595703e+00
-3.564477443695068359e+00
-4.839911937713623047e+00
-3.006237030029296875e+00
-1.980040669441223145e+00
4.564104378223419189e-01
2.578050851821899414e+00
-9.894078969955444336e-01
-3.052853822708129883e+00
-2.640222072601318359e+00
-1.216924667358398438e+00
-3.491140127182006836e+00
-9.463816285133361816e-01
-3.494094848632812500e+00
8.149123191833496094e-02
-3.440036535263061523e+00
7.848703861236572266e-01
-3.045140027999877930e+00
4.047085046768188477e-01
-1.138631820678710938e+00
1.254064440727233887e-01
-2.549768924713134766e+00
-8.641269207000732422e-01
-3.118577480316162109e+00
-2.433456420898437500e+00
1.037040948867797852e+00
-2.639379501342773438e+00
-3.762476444244384766e+00
-1.537994503974914551e+00
-1.747944235801696777e+00
-3.067708015441894531e+00
-1.448685169219970703e+00
-6.519465446472167969e-01
-1.786145448684692383e+00
4.666833877563476562e+00
-3.341747760772705078e+00
-2.509319305419921875e+00
-8.844728469848632812e-01
-1.241554975509643555e+00
-3.452753067016601562e+00
-3.170197010040283203e+00
-4.083297729492187500e+00
-8.876213431358337402e-01
-1.119791030883789062e+00
-3.622425317764282227e+00
-2.134564399719238281e+00
-3.997649192810058594e+00
-1.928998112678527832e+00
-4.422192573547363281e+00
-3.548598766326904297e+00
-6.527608871459960938e+00
-3.092430591583251953e+00
-2.398279428482055664e+00
-6.449331343173980713e-02
8.246585726737976074e-01
-9.416950941085815430e-01
2.191154479980468750e+00
2.127620458602905273e+00
-4.042440414428710938e+00
-4.393986701965332031e+00
-1.307236671447753906e+00
-5.137063026428222656e+00
1.289879560470581055e+00
3.716752290725708008e+00
3.340866565704345703e+00
4.271486759185791016e+00
2.072069883346557617e+00
-1.494322538375854492e+00
-3.036725521087646484e+00
3.472118854522705078e+00
3.394487380981445312e+00
2.544659376144409180e-01
-1.325979232788085938e-01
3.464534580707550049e-01
1.411262989044189453e+00
-1.820183515548706055e+00
-1.865991353988647461e+00
3.873817920684814453e-01
1.011548280715942383e+00
-1.778009414672851562e+00
-1.110959529876708984e+00
-1.815337777137756348e+00
2.094808578491210938e+00
-6.546054482460021973e-01
-3.318430185317993164e+00
1.324314117431640625e+00
-1.877552032470703125e+00
-1.118839859962463379e+00
-1.095692515373229980e+00
-2.856829881668090820e+00
-3.380706310272216797e+00
-7.926081180572509766e+00
-6.882448673248291016e+00
-5.276726722717285156e+00
-5.827669620513916016e+00
-4.089020729064941406e+00
-6.315345287322998047e+00
-5.664002418518066406e+00
-2.752700805664062500e+00
-5.819105148315429688e+00
-1.102154254913330078e+00
-3.206352472305297852e+00
-4.099211215972900391e+00
-3.712303876876831055e+00
-2.229854106903076172e+00
-3.226522922515869141e+00
-1.831953167915344238e+00
-7.415465116500854492e-01
-1.642928123474121094e+00
2.029655218124389648e+00
3.508793711662292480e-01
1.079577922821044922e+00
-8.763939738273620605e-01
-2.858883380889892578e+00
-3.282270193099975586e+00
-1.749512434005737305e+00
2.236240386962890625e+00
-1.370047330856323242e-01
-1.334239959716796875e+00
-1.288853168487548828e+00
3.894081592559814453e+00
-3.515886306762695312e+00
6.237957954406738281e+00
-3.964066505432128906e-03
-2.240336179733276367e+00
1.294746547937393188e-01
-2.201662212610244751e-02
-1.377828717231750488e+00
3.694709539413452148e+00
7.067780971527099609e+00
-5.591820240020751953e+00
4.012380123138427734e+00
1.770990967750549316e+00
2.947472333908081055e+00
4.298060417175292969e+00
2.625925302505493164e+00
9.674620628356933594e-02
-6.716106534004211426e-01
2.672755002975463867e+00
2.250731229782104492e+00
7.074068188667297363e-01
6.429012298583984375e+00
1.656933784484863281e+00
6.405659675598144531e+00
-8.026227951049804688e-01
1.264531612396240234e-01
7.721450328826904297e-01
-1.439038038253784180e+00
4.783533096313476562e+00
4.324372768402099609e+00
-1.507235407829284668e+00
3.326994657516479492e+00
5.761587023735046387e-01
3.660228252410888672e+00
4.706310853362083435e-02
-2.736007452011108398e+00
-2.726412534713745117e+00
3.138337850570678711e+00
6.560882568359375000e+00
3.522684335708618164e+00
3.469724655151367188e+00
1.577913284301757812e+00
-9.149941205978393555e-01
-2.461592435836791992e+00
-2.170108795166015625e+00
1.667645931243896484e+00
-4.007391333580017090e-01
7.454521179199218750e+00
-5.999054312705993652e-01
-2.621136665344238281e+00
5.323771953582763672e+00
6.883045434951782227e-01
1.442260026931762695e+00
1.062247157096862793e+00
3.030614852905273438e+00
-3.097249507904052734e+00
9.822537899017333984e-01
-1.603884696960449219e+00
6.461812257766723633e-01
1.837077021598815918e+00
-1.684376478195190430e+00
-1.687418699264526367e+00
-4.951849579811096191e-01
2.006983757019042969e-02
3.517014980316162109e+00
-3.374129772186279297e+00
2.366911172866821289e+00
3.189229488372802734e+00
3.726416587829589844e+00
-1.839042901992797852e+00
-2.174008131027221680e+00
-6.477112770080566406e-01
1.412656068801879883e+00
-3.486567974090576172e+00
9.630044698715209961e-01
-1.126663684844970703e+00
-4.146249294281005859e-01
-4.208958148956298828e+00
3.262154102325439453e+00
2.514841318130493164e+00
2.440052509307861328e+00
-3.919362783432006836e+00
7.196346282958984375e+00
-3.650672674179077148e+00
1.946884155273437500e+00
2.845614910125732422e+00
-1.039601445198059082e+00
5.991029739379882812e-01
-2.737866401672363281e+00
-2.148745059967041016e+00
-2.384267807006835938e+00
1.214296579360961914e+00
1.300354599952697754e-01
1.756865262985229492e+00
-7.405662536621093750e-01
-1.663986921310424805e+00
2.426497936248779297e+00
-7.632117867469787598e-01
-4.581833362579345703e+00
-3.957438230514526367e+00
1.742825269699096680e+00
2.586759090423583984e+00
2.566930055618286133e+00
-2.863068819046020508e+00
1.260660529136657715e+00
-1.220061540603637695e+00
2.424470186233520508e+00
-3.376194834709167480e-02
2.055653810501098633e+00
2.392391711473464966e-01
-2.854133844375610352e-01
-2.999166250228881836e+00
7.293809652328491211e-01
2.391559839248657227e+00
4.668478965759277344e+00
-1.772498011589050293e+00
-5.650957107543945312e+00
-8.386643528938293457e-01
-1.125532627105712891e+00
1.588643550872802734e+00
-2.391695789992809296e-02
3.113580226898193359e+00
5.065210342407226562e+00
8.026958465576171875e+00
2.098262786865234375e+00
3.979814946651458740e-01
2.913979768753051758e+00
-1.772158622741699219e+00
-5.153076171875000000e+00
4.019879102706909180e-01
-1.535867571830749512e+00
-1.376214981079101562e+00
-4.343070983886718750e+00
2.489053010940551758e-01
5.940291404724121094e+00
1.615291237831115723e+00
-5.590221881866455078e+00
4.472993850708007812e+00
-2.707685232162475586e+00
-8.407139778137207031e+00
1.762975931167602539e+00
3.401092052459716797e+00
2.544559955596923828e+00
8.849187850952148438e+00
1.616939663887023926e+00
-1.969066500663757324e+00
2.033605098724365234e+00
1.728564262390136719e+00
-2.459754228591918945e+00
-2.320961952209472656e-01
-2.962790727615356445e+00
2.933749675750732422e+00
-2.588585853576660156e+00
8.998200416564941406e+00
-6.482727050781250000e+00
3.092473983764648438e+00
3.826236009597778320e+00
2.158806800842285156e+00
2.286063194274902344e+00
8.045020103454589844e-01
5.440926551818847656e+00
8.144866228103637695e-01
-1.824381589889526367e+00
1.792986989021301270e-01
3.037161827087402344e+00
-9.777925014495849609e-01
3.108697414398193359e+00
-9.854701757431030273e-01
-3.053178548812866211e+00
8.011410713195800781e+00
-1.304140329360961914e+00
-2.054583072662353516e+00
-2.322281837463378906e+00
1.047585725784301758e+00
-4.470601081848144531e-01
-1.405185937881469727e+00
-8.597587347030639648e-01
4.053012132644653320e-01
2.776847600936889648e+00
-2.274163007736206055e+00
4.422568082809448242e-01
-2.528866529464721680e-01
-3.576279163360595703e+00
-1.894253253936767578e+00
5.297982692718505859e+00
-9.708184003829956055e-01
1.575536012649536133e+00
-4.589529514312744141e+00
4.646035671234130859e+00
4.176293373107910156e+00
4.002010226249694824e-01
-5.649985074996948242e-01
4.509681701660156250e+00
-2.538916587829589844e+00
-6.589955836534500122e-02
4.633535861968994141e+00
-5.326203703880310059e-01
1.148481965065002441e+00
-3.194557666778564453e+00
-2.926666736602783203e+00
1.272976994514465332e-01
-5.473273992538452148e-01
5.435634851455688477e-01
4.807715892791748047e+00
-1.935319900512695312e+00
1.499043107032775879e-01
2.102073132991790771e-01
1.204664349555969238e+00
-2.659619569778442383e+00
-1.301979780197143555e+00
-4.453222155570983887e-01
1.989338636398315430e+00
2.296689271926879883e+00
-1.590582728385925293e-02
4.693799018859863281e+00
5.392491817474365234e+00
1.033551692962646484e+00
-2.634056806564331055e+00
6.365491747856140137e-01
-2.712199211120605469e+00
2.052842140197753906e+00
1.227482914924621582e+00
-8.325901627540588379e-02
4.464842796325683594e+00
7.382106781005859375e+00
2.228685021400451660e-01
-1.253946065902709961e+00
-3.865064978599548340e-01
4.445887804031372070e-01
2.720053195953369141e+00
-3.238653421401977539e+00
-3.205030918121337891e+00
3.652913570404052734e+00
-1.831370353698730469e+00
-1.684010982513427734e+00
1.547608852386474609e+00
1.966422796249389648e-01
-3.227003812789916992e-01
-1.387893557548522949e+00
-1.150609493255615234e+00
5.190232753753662109e+00
3.392691135406494141e+00
4.304253458976745605e-01
1.837807893753051758e-02
-1.564403057098388672e+00
8.279312849044799805e-01
7.201335430145263672e-01
-2.005136013031005859e+00
2.072761058807373047e-01
3.891032457351684570e+00
3.376901626586914062e+00
2.225069522857666016e+00
-2.096050739288330078e+00
-2.312583923339843750e+00
-1.992817044258117676e+00
2.888199329376220703e+00
4.032498598098754883e-01
1.239816904067993164e+00
2.322450876235961914e+00
2.392558097839355469e+00
2.294090837240219116e-01
-6.761035919189453125e-01
4.601415157318115234e+00
5.124518394470214844e+00
1.279388070106506348e+00
-2.029233932495117188e+00
1.421969175338745117e+00
2.547734975814819336e+00
5.071742057800292969e+00
1.036980152130126953e+00
-2.306371212005615234e+00
-1.319109082221984863e+00
1.976018786430358887e+00
5.824519634246826172e+00
1.216408967971801758e+00
4.950715065002441406e+00
5.328881740570068359e+00
5.671752691268920898e-01
1.098408699035644531e-01
2.218800306320190430e+00
-2.814376831054687500e+00
-5.186898708343505859e+00
1.041814088821411133e+00
1.236345767974853516e-01
-6.906837224960327148e-01
-3.784668445587158203e-01
-1.210096240043640137e+00
-1.594358205795288086e+00
-2.253319025039672852e+00
-4.933209419250488281e-01
-1.991323232650756836e+00
-1.560845136642456055e+00
3.429611921310424805e+00
-2.225708961486816406e+00
2.734761238098144531e-01
6.852155923843383789e-01
6.713498592376708984e+00
3.369199037551879883e+00
-2.352703571319580078e+00
-3.320925235748291016e-01
1.198787689208984375e-01
-1.947495698928833008e+00
2.172327339649200439e-01
-7.410550713539123535e-01
1.092747116088867188e+01
5.032941818237304688e+00
-2.284182071685791016e+00
-1.373821496963500977e-01
2.005583524703979492e+00
1.442780971527099609e+00
-2.935999393463134766e+00
-2.190881222486495972e-01
-1.820008993148803711e+00
4.523497581481933594e+00
-1.799616813659667969e+00
2.136861324310302734e+00
1.548291921615600586e+00
2.163482189178466797e+00
-2.391784667968750000e+00
-3.323991298675537109e+00
3.803763866424560547e+00
-1.329087257385253906e+00
-1.265821218490600586e+00
-7.784547209739685059e-01
-3.450438737869262695e+00
8.137416839599609375e+00
5.266694068908691406e+00
-5.992425680160522461e-01
1.648163437843322754e+00
-2.441237270832061768e-01
-3.714522123336791992e+00
1.507464289665222168e+00
5.328588962554931641e+00
-4.293588995933532715e-01
1.771266937255859375e+00
2.483213901519775391e+00
-9.178254008293151855e-01
6.461906433105468750e-02
-6.918128728866577148e-01
6.641359806060791016e+00
2.187125921249389648e+00
1.269822955131530762e+00
1.994689583778381348e+00
-1.595974087715148926e+00
-5.864856243133544922e-01
4.653197288513183594e+00
2.105625391006469727e+00
1.222891092300415039e+00
-1.499781489372253418e+00
-1.606270313262939453e+00
1.823907136917114258e+00
1.935277342796325684e+00
7.735317945480346680e-01
2.611693739891052246e-01
4.331057548522949219e+00
3.037894964218139648e-01
2.975938796997070312e+00
-7.864969968795776367e-01
-8.228743076324462891e-01
-2.586400508880615234e-02
1.191340565681457520e+00
3.132084608078002930e-01
-1.182272195816040039e+00
-1.439607381820678711e+00
-2.148305416107177734e+00
1.799067497253417969e+00
4.698656499385833740e-01
-2.019027471542358398e+00
-6.859254240989685059e-01
2.392200678586959839e-01
-2.676586866378784180e+00
-1.062395572662353516e-01
6.678692817687988281e+00
3.942993164062500000e+00
1.907795548439025879e+00
-1.215034842491149902e+00
4.024655818939208984e+00
-1.354325413703918457e-01
1.764292001724243164e+00
1.537105083465576172e+00
-1.751446723937988281e+00
-4.376333236694335938e+00
1.858696579933166504e+00
1.736445307731628418e+00
-1.606470346450805664e+00
8.306134939193725586e-01
3.560382843017578125e+00
-3.464768409729003906e+00
-2.488146066665649414e+00
-8.899219036102294922e-01
-3.097242593765258789e+00
4.682289123535156250e+00
-2.033835887908935547e+00
1.521347761154174805e+00
3.794264793395996094e+00
2.081965804100036621e-01
3.598825931549072266e+00
1.566109776496887207e+00
6.547893524169921875e+00
3.840626716613769531e+00
3.198285818099975586e+00
8.810846209526062012e-01
-3.162139892578125000e+00
2.076659679412841797e+00
-1.199127197265625000e+00
-1.824410557746887207e+00
1.686686635017395020e+00
4.251830101013183594e+00
-2.082775115966796875e+00
4.807483196258544922e+00
2.111583471298217773e+00
-1.011817216873168945e+00
2.666137218475341797e+00
2.226517677307128906e+00
-2.440907001495361328e+00
-4.931876063346862793e-01
-1.409693002700805664e+00
-3.871408939361572266e+00
1.166265249252319336e+00
1.616259813308715820e+00
-1.120211362838745117e+00
6.217394471168518066e-01
1.408052444458007812e+00
2.136836200952529907e-01
3.211709022521972656e+00
-1.598741650581359863e+00
3.746200561523437500e+00
-5.439463853836059570e-01
4.703152656555175781e+00
3.462147712707519531e-02
-2.591254711151123047e-01
-3.044045925140380859e+00
-2.459448575973510742e-01
1.132810831069946289e+00
-2.665315389633178711e+00
6.523227691650390625e-01
3.347216129302978516e+00
-9.372284412384033203e-01
-4.923892021179199219e-02
-4.544082164764404297e+00
2.085931062698364258e+00
2.891541242599487305e+00
2.526833057403564453e+00
1.892234563827514648e+00
4.889580309391021729e-01
3.553124070167541504e-01
-7.707030773162841797e-01
-1.317740976810455322e-01
1.171706914901733398e+00
6.342432498931884766e-01
-2.685819149017333984e+00
-9.690135717391967773e-02
-1.721057295799255371e-01
2.173967838287353516e+00
-1.716321587562561035e+00
6.481558322906494141e+00
6.137578487396240234e+00
8.006561994552612305e-01
3.085500240325927734e+00
-1.940578222274780273e-02
1.066377758979797363e+00
-1.280830860137939453e+00
2.075260877609252930e+00
3.144144296646118164e+00
-1.066599369049072266e+00
2.369849920272827148e+00
-5.701041817665100098e-01
1.063761711120605469e+00
-4.217215478420257568e-01
4.976434707641601562e+00
2.035177230834960938e+00
2.992678165435791016e+00
4.376109123229980469e+00
-2.190745830535888672e+00
-7.852127552032470703e-01
-1.861521005630493164e+00
8.729325532913208008e-01
-1.137221232056617737e-01
-1.077399969100952148e+00
-1.160557746887207031e+00
2.535685300827026367e+00
-6.992917060852050781e-01
-5.328790187835693359e+00
1.354186296463012695e+00
2.009596824645996094e+00
-2.197242259979248047e+00
2.184921205043792725e-01
3.972315788269042969e+00
-1.214236497879028320e+00
3.551352500915527344e+00
2.815744638442993164e+00
-1.300454616546630859e+00
2.028754472732543945e+00
-3.898043632507324219e+00
6.241858959197998047e+00
-2.364842891693115234e+00
2.790815591812133789e+00
7.210210800170898438e+00
-3.213566541671752930e-01
-1.198448896408081055e+00
8.752942085266113281e-02
7.043300867080688477e-01
2.048584938049316406e+00
1.482727527618408203e+00
3.094720602035522461e+00
-1.500942587852478027e+00
3.086053371429443359e+00
-3.220224857330322266e+00
5.590338706970214844e+00
-1.864372372627258301e+00
-4.477584362030029297e-02
-1.257848262786865234e+00
2.123146057128906250e+00
1.422881484031677246e+00
4.770091474056243896e-01
5.320307254791259766e+00
2.698224306106567383e+00
4.885552883148193359e+00
-3.114054203033447266e+00
1.877773523330688477e+00
5.881331920623779297e+00
1.592209696769714355e+00
-5.334156751632690430e-01
4.215546131134033203e+00
5.090487003326416016e-01
5.967407226562500000e+00
4.216877937316894531e+00
1.568531095981597900e-01
-8.801151514053344727e-01
-3.729589581489562988e-01
-3.889229774475097656e+00
-1.775374531745910645e+00
3.913838267326354980e-01
1.906316518783569336e+00
-1.625935554504394531e+00
-1.914435386657714844e+00
1.901242733001708984e-01
-2.400278568267822266e+00
7.720743417739868164e-01
-4.147910118103027344e+00
-9.021321535110473633e-01
-2.914566993713378906e+00
-3.116723537445068359e+00
-4.784148216247558594e+00
-4.323173165321350098e-01
-2.008470535278320312e+00
-8.928140997886657715e-01
-4.225499629974365234e+00
-2.982237100601196289e+00
-3.802873134613037109e+00
-2.075161457061767578e+00
-1.851699709892272949e+00
1.348941445350646973e+00
-1.388438701629638672e+00
5.979244709014892578e+00
3.090880870819091797e+00
8.562551736831665039e-01
1.293440699577331543e+00
1.232049226760864258e+00
9.728899598121643066e-02
-6.395090818405151367e-01
2.916273474693298340e-02
3.653156757354736328e+00
-1.796797513961791992e+00
-2.704780101776123047e+00
4.898324310779571533e-01
-1.670849561691284180e+00
-3.260941982269287109e+00
-4.353222370147705078e+00
-1.500620007514953613e+00
-9.347299337387084961e-01
-3.175726652145385742e+00
-4.274736642837524414e-01
-3.148592472076416016e+00
5.976161479949951172e+00
3.881138801574707031e+00
6.290284633636474609e+00
6.686994552612304688e+00
-7.793976068496704102e-01
3.457412719726562500e+00
1.441470503807067871e+00
3.599684238433837891e-01
5.780450344085693359e+00
5.635703086853027344e+00
4.967154502868652344e+00
1.142002582550048828e+00
-9.734154939651489258e-01
4.842142105102539062e+00
2.252745628356933594e+00
6.206682920455932617e-01
4.516824483871459961e-01
1.784771800041198730e+00
-4.355121135711669922e+00
6.814640760421752930e-01
-3.318621158599853516e+00
6.253718137741088867e-01
-1.034482717514038086e+00
-4.073351860046386719e+00
-3.999665021896362305e+00
-1.560178279876708984e+00
1.247334778308868408e-01
5.707146525382995605e-01
2.477232456207275391e+00
8.238648414611816406e+00
