-1.981037855148315430e-01
4.807002067565917969e+00
-3.536221265792846680e+00
-1.559972763061523438e-03
7.055798768997192383e-01
-4.758356571197509766e+00
-3.300178527832031250e+00
-2.015105247497558594e+00
-7.051705121994018555e-01
-1.312342166900634766e+00
1.625417470932006836e-01
-3.209233283996582031e-02
2.676940858364105225e-01
-1.158415794372558594e+00
-1.757060289382934570e+00
-2.169001340866088867e+00
-1.131332755088806152e+00
-3.255013942718505859e+00
-7.053992748260498047e-01
-1.891052007675170898e+00
-2.979853868484497070e+00
1.530195713043212891e+00
9.444737434387207031e-01
-5.695255994796752930e-01
-5.868789553642272949e-01
-2.609109163284301758e+00
-1.599788665771484375e+00
-3.883513212203979492e-01
-2.385048151016235352e+00
-2.788189888000488281e+00
-1.363928437232971191e+00
-8.232676982879638672e-01
-3.829075813293457031e+00
-6.162639260292053223e-01
-6.809453368186950684e-01
-2.636668682098388672e+00
-1.362207293510437012e+00
-2.092443227767944336e+00
-5.358233302831649780e-02
-1.199571847915649414e+00
7.427281737327575684e-01
-1.904716789722442627e-01
1.172078251838684082e-01
-2.717828035354614258e+00
-1.005452275276184082e+00
2.731618165969848633e+00
-2.313379764556884766e+00
6.414231061935424805e-01
2.767584800720214844e+00
-3.105293273925781250e+00
7.375337481498718262e-01
-2.364598989486694336e+00
-1.338796496391296387e+00
-2.484555244445800781e+00
2.056435942649841309e-01
1.888906717300415039e+00
1.106973767280578613e+00
-6.006294727325439453e+00
4.552255153656005859e+00
-2.044024467468261719e+00
-2.687847614288330078e-01
1.367545485496520996e+00
2.746562957763671875e-01
-2.641208648681640625e+00
4.964818954467773438e-01
4.004234075546264648e-01
1.526451230049133301e+00
3.734717071056365967e-01
-1.099584221839904785e+00
-1.892596006393432617e+00
-1.238126158714294434e+00
-3.691453456878662109e+00
-7.430489659309387207e-01
-3.065275028347969055e-02
-5.489677190780639648e-01
-1.239224076271057129e+00
7.140164375305175781e-01
-8.310424089431762695e-01
-3.753804445266723633e+00
-3.258257627487182617e+00
2.792121410369873047e+00
1.774084210395812988e+00
2.146364688873291016e+00
-3.017735481262207031e-01
1.606398940086364746e+00
1.420330166816711426e+00
2.026413202285766602e+00
-1.668200135231018066e+00
1.732023954391479492e+00
1.850727200508117676e-01
-2.893187999725341797e+00
-1.352679133415222168e+00
-9.431705474853515625e-01
1.872248411178588867e+00
-2.072448730468750000e-01
-3.597008228302001953e+00
1.071580648422241211e-01
-1.605479001998901367e+00
-1.091146469116210938e-02
9.504873752593994141e-01
-2.907185554504394531e+00
-6.893166899681091309e-01
-3.116444587707519531e+00
2.043150901794433594e+00
-3.997329711914062500e+00
-3.554334640502929688e+00
-9.122434854507446289e-01
-2.609438180923461914e+00
-6.941767334938049316e-01
5.150099396705627441e-01
-4.378922939300537109e+00
-2.032657623291015625e+00
2.621990442276000977e-02
-3.371033072471618652e-01
-4.426987648010253906e+00
-3.775749683380126953e+00
-3.464220046997070312e+00
6.671535968780517578e-01
-3.227749109268188477e+00
-4.953358173370361328e+00
-4.144807815551757812e+00
-3.495441913604736328e+00
-2.944612026214599609e+00
-6.180745124816894531e+00
-4.362545490264892578e+00
-4.640155315399169922e+00
-2.401019573211669922e+00
-4.296136796474456787e-01
-5.910081863403320312e-01
-2.920036315917968750e+00
-1.244907379150390625e-01
-5.454976558685302734e-01
1.322844982147216797e+00
-4.879412055015563965e-01
1.791979908943176270e+00
-2.263265848159790039e-01
-2.485173940658569336e+00
-4.353940963745117188e+00
2.344527482986450195e+00
-2.600204944610595703e+00
-6.890429258346557617e-01
-1.462738752365112305e+00
-6.995180845260620117e-01
-2.465997219085693359e+00
7.729940414428710938e-01
-8.440089225769042969e-01
-3.982835531234741211e+00
-2.821590185165405273e+00
5.731415748596191406e-01
-7.089368104934692383e-01
-1.469367444515228271e-01
-5.035637021064758301e-01
-4.939957141876220703e+00
-1.809235453605651855e+00
-3.661547183990478516e+00
-1.218548536300659180e+00
-1.497960090637207031e-01
-4.049324989318847656e+00
-4.597851753234863281e+00
8.909898996353149414e-02
-2.672714471817016602e+00
-6.235231757164001465e-01
-7.214670777320861816e-01
3.802614808082580566e-01
-1.587871462106704712e-01
-2.410104751586914062e+00
1.018952965736389160e+00
-2.718006134033203125e+00
-5.406832695007324219e-02
-2.152960062026977539e+00
2.031570076942443848e-01
4.503677487373352051e-01
3.263632059097290039e-01
2.146904230117797852e+00
-2.271316766738891602e+00
-2.374952316284179688e+00
-9.241206049919128418e-01
-1.713980197906494141e+00
1.176353931427001953e+00
-2.306588888168334961e+00
-6.119759559631347656e+00
9.666849374771118164e-01
2.118110418319702148e+00
-6.670497655868530273e-01
9.450018405914306641e-01
2.403790473937988281e+00
-3.955080270767211914e+00
-2.617911338806152344e+00
-8.823071718215942383e-01
-4.861993789672851562e-01
-1.346546530723571777e+00
2.152303218841552734e+00
-1.178777694702148438e+00
-5.729088306427001953e+00
-3.204193353652954102e+00
-1.716813683509826660e+00
-4.248860478401184082e-01
1.429139852523803711e+00
-3.995693325996398926e-01
5.567233562469482422e-01
-2.693926572799682617e+00
-2.084243774414062500e+00
-1.770316362380981445e+00
-7.613605856895446777e-01
-1.739695549011230469e+00
6.149012446403503418e-01
6.940760016441345215e-01
-6.041667461395263672e-01
2.147222757339477539e-01
7.276337742805480957e-01
1.187844991683959961e+00
1.554174900054931641e+00
-1.780720055103302002e-01
-9.324979186058044434e-01
-1.622405052185058594e+00
2.439775705337524414e+00
-4.110707640647888184e-01
-8.215808868408203125e-01
-8.123095035552978516e-01
-1.143870830535888672e+00
-3.157901048660278320e+00
-1.803207755088806152e+00
1.364008188247680664e-01
-2.338245868682861328e+00
-3.456047773361206055e+00
-2.773801803588867188e+00
8.177358508110046387e-01
-3.998342514038085938e+00
-2.761255979537963867e+00
2.965098321437835693e-01
-5.528740882873535156e+00
-1.562721848487854004e+00
-2.870029211044311523e+00
-5.282708406448364258e-01
6.210309863090515137e-01
-1.113162040710449219e+00
-2.638422966003417969e+00
-2.437518596649169922e+00
-1.037001132965087891e+00
-3.313501834869384766e+00
2.334872245788574219e+00
-5.959753990173339844e-01
-7.102718949317932129e-02
-6.907104849815368652e-01
-5.215086936950683594e+00
-3.239777803421020508e+00
-2.869357466697692871e-01
2.938551425933837891e+00
9.218519926071166992e-01
1.081929087638854980e+00
-3.897915840148925781e+00
3.810935974121093750e+00
-4.311460494995117188e+00
-2.047471523284912109e+00
-5.464587211608886719e-01
4.636101722717285156e-01
-2.280041694641113281e+00
-1.414010167121887207e+00
8.081935048103332520e-01
-3.684518337249755859e+00
-4.404365539550781250e+00
-5.315876007080078125e+00
-1.605711221694946289e+00
-2.250634193420410156e+00
-9.025748372077941895e-01
-2.346913814544677734e+00
-2.384626865386962891e+00
-5.478476881980895996e-01
-2.310455322265625000e+00
1.619658619165420532e-01
-2.225581407546997070e+00
-5.289717912673950195e-01
3.427565991878509521e-01
5.255454778671264648e-01
-1.022338867187500000e-03
-3.324754238128662109e+00
-2.609857082366943359e+00
-1.386384248733520508e+00
-3.940015792846679688e+00
1.252995252609252930e+00
-7.105672955513000488e-01
-1.468564867973327637e-01
-2.408752441406250000e+00
2.022187709808349609e+00
-4.079244613647460938e+00
-3.580171585083007812e+00
7.294582128524780273e-01
-3.379009246826171875e+00
8.596480488777160645e-01
-7.589101791381835938e-01
1.533887624740600586e+00
-3.213235616683959961e+00
1.058694601058959961e+00
-1.627818942070007324e+00
-1.561678528785705566e+00
-4.119807183742523193e-01
3.343304872512817383e+00
-1.826433300971984863e+00
-2.809978961944580078e+00
-1.628855228424072266e+00
-5.196654319763183594e+00
-1.175596237182617188e+00
-5.466473579406738281e+00
-1.368453741073608398e+00
-5.240257263183593750e+00
-4.181219577789306641e+00
-4.785786151885986328e+00
-3.122312545776367188e+00
-5.447982549667358398e-01
-2.500048875808715820e-01
9.282843470573425293e-01
-2.606761455535888672e+00
-3.772558450698852539e+00
-1.558027267456054688e+00
1.075296878814697266e+00
-3.085131168365478516e+00
-5.255864143371582031e+00
-4.108195304870605469e+00
-4.486507892608642578e+00
-4.938601553440093994e-01
-1.778272032737731934e+00
-4.788517951965332031e-01
-1.933760404586791992e+00
-2.640696525573730469e+00
-4.097920417785644531e+00
-2.769795656204223633e+00
-5.611286640167236328e+00
-2.876209259033203125e+00
-3.067951440811157227e+00
-2.820346117019653320e+00
2.740693807601928711e+00
2.158433437347412109e+00
-3.372465372085571289e-01
8.721103072166442871e-01
-3.678323268890380859e+00
-2.128645896911621094e+00
3.712937831878662109e+00
-6.294111013412475586e-01
-1.720572710037231445e+00
-3.617805242538452148e-01
1.560237407684326172e+00
2.326777219772338867e+00
6.550756096839904785e-01
-9.984921813011169434e-01
-1.659634470939636230e+00
4.604693055152893066e-01
1.683036804199218750e+00
4.020932197570800781e+00
2.106611728668212891e+00
3.112239599227905273e+00
3.950383663177490234e+00
-2.594525814056396484e-01
-2.128944396972656250e+00
1.363845944404602051e+00
4.752016544342041016e+00
4.775518894195556641e+00
1.219639062881469727e+00
3.582620024681091309e-01
3.346902132034301758e-01
-1.155890226364135742e-01
1.033435344696044922e+00
-1.596372365951538086e+00
-3.230476856231689453e+00
-2.189778566360473633e+00
-3.304713487625122070e+00
1.600126624107360840e-01
8.840030431747436523e-01
-1.314065694808959961e+00
-5.894215106964111328e-01
-2.801703214645385742e+00
-2.601858615875244141e+00
-1.567552685737609863e+00
-5.091140270233154297e+00
-2.784057378768920898e+00
3.295733034610748291e-02
-2.062492072582244873e-01
1.865819096565246582e+00
-4.357131004333496094e+00
-1.945585131645202637e+00
-2.592612028121948242e+00
-2.926921129226684570e+00
1.648286581039428711e+00
-6.289911270141601562e-01
8.892424106597900391e-01
-1.106039881706237793e+00
1.400535106658935547e+00
-2.506194353103637695e+00
1.151085853576660156e+00
-4.723167419433593750e-01
8.446419239044189453e-02
-7.061451673507690430e-02
2.083222866058349609e+00
-9.506476521492004395e-01
-2.219186782836914062e+00
-1.912530541419982910e+00
2.001899003982543945e+00
3.203947544097900391e+00
8.726835250854492188e-01
3.853978157043457031e+00
2.686527490615844727e+00
3.200241923332214355e-01
-1.096837520599365234e+00
1.353882551193237305e+00
1.795604705810546875e+00
2.922359704971313477e+00
7.721158981323242188e+00
-1.665168851613998413e-01
1.421819329261779785e+00
-1.184226989746093750e+00
4.602201461791992188e+00
7.539971351623535156e+00
1.311345100402832031e+00
-2.035284042358398438e-02
2.939755439758300781e+00
-7.694172263145446777e-01
-5.467629432678222656e-01
3.640651106834411621e-01
4.890117645263671875e+00
-9.479471445083618164e-01
5.422584533691406250e+00
1.570802807807922363e+00
-8.469040393829345703e-01
-1.434254527091979980e+00
1.446433305740356445e+00
3.559064149856567383e+00
4.484878063201904297e+00
4.529798626899719238e-01
1.353670001029968262e+00
2.468580603599548340e-01
1.982098817825317383e+00
2.133523941040039062e+00
-9.643505215644836426e-01
8.649753332138061523e-01
-1.935219764709472656e+00
9.234791994094848633e-01
1.603794813156127930e+00
2.122297286987304688e+00
3.699472188949584961e+00
1.032703280448913574e+00
-1.103001117706298828e+00
3.974983692169189453e-01
-8.369576930999755859e-01
3.532228946685791016e+00
3.333904981613159180e+00
-9.351499676704406738e-01
-4.000323414802551270e-01
1.510743379592895508e+00
4.947549343109130859e+00
3.193072080612182617e+00
3.012210369110107422e+00
7.382778167724609375e+00
-3.438444137573242188e+00
-2.127148628234863281e+00
-2.950253725051879883e+00
-2.053058147430419922e-02
1.431390166282653809e+00
-3.409145355224609375e+00
1.636194109916687012e+00
7.908667922019958496e-01
3.637486100196838379e-01
3.001657485961914062e+00
-3.503018379211425781e+00
-5.333508253097534180e-01
1.749302148818969727e-01
8.463639020919799805e-01
-2.449235439300537109e+00
-5.043542981147766113e-01
-5.686313509941101074e-01
-2.104866504669189453e-01
-5.645446300506591797e+00
-1.026728987693786621e+00
1.475333094596862793e+00
4.164589405059814453e+00
1.131966829299926758e+00
3.205480575561523438e-01
4.092000961303710938e+00
-2.431312084197998047e+00
-3.845974683761596680e+00
2.146611690521240234e+00
-3.962509393692016602e+00
6.828960180282592773e-01
1.464637398719787598e+00
-3.504389762878417969e+00
4.692650794982910156e+00
-1.341749906539916992e+00
-9.088933467864990234e-01
-3.260563015937805176e-01
3.766810894012451172e-01
2.894665598869323730e-01
7.111709117889404297e-01
-2.098443508148193359e-01
2.424777269363403320e+00
1.136848330497741699e-01
-1.279110670089721680e+00
-1.531647205352783203e+00
-2.880005121231079102e+00
2.303661584854125977e+00
4.918049812316894531e+00
3.317315578460693359e+00
-1.671857237815856934e-01
1.056482887268066406e+01
9.360433220863342285e-01
2.058613538742065430e+00
8.310364484786987305e-01
1.091529369354248047e+00
2.901560783386230469e+00
-2.448733568191528320e+00
2.196103781461715698e-01
-1.656540036201477051e-01
-3.296489000320434570e+00
3.033285617828369141e+00
-1.360433816909790039e+00
-6.120490431785583496e-01
-2.735501527786254883e-02
-1.809497117996215820e+00
5.084937810897827148e-02
-2.470883131027221680e+00
2.519504785537719727e+00
3.384075641632080078e+00
2.746506214141845703e+00
1.034936904907226562e+00
-5.422784686088562012e-01
-6.361889839172363281e-01
1.565417170524597168e+00
-1.247127294540405273e+00
4.068877696990966797e+00
-6.441577672958374023e-01
-2.569509983062744141e+00
-1.252766132354736328e+00
1.094008684158325195e-01
6.807491302490234375e+00
1.617002367973327637e+00
-9.834870696067810059e-01
1.685600638389587402e+00
-4.378216743469238281e+00
-7.634839534759521484e+00
2.901135206222534180e+00
3.188912391662597656e+00
1.696359515190124512e+00
-6.487355232238769531e-01
-1.022746801376342773e+00
-3.257370471954345703e+00
-7.701710462570190430e-01
1.852392554283142090e+00
-3.386336803436279297e+00
9.840114116668701172e-01
3.539547324180603027e-01
-1.696426153182983398e+00
-5.453684806823730469e+00
7.582870483398437500e+00
-3.556171894073486328e+00
6.407463550567626953e-02
7.383126616477966309e-01
1.129506111145019531e+00
2.994171857833862305e+00
-1.343818664550781250e+00
-2.145857065916061401e-01
3.315762042999267578e+00
1.880455911159515381e-01
1.694816112518310547e+00
2.763395547866821289e+00
3.018645048141479492e+00
1.492150425910949707e+00
1.249183654785156250e+00
-1.627600193023681641e-02
2.011520862579345703e+00
-1.080543756484985352e+00
-4.575266838073730469e+00
-8.756276369094848633e-01
1.595661640167236328e+00
1.959309458732604980e+00
-3.963538169860839844e+00
-7.857301235198974609e-01
-8.505283594131469727e-01
-2.898915767669677734e+00
2.160609960556030273e-01
-2.796000242233276367e-02
-2.127929687500000000e+00
6.694816350936889648e-01
-1.034098863601684570e+00
3.363957405090332031e+00
-2.266172885894775391e+00
-2.113250255584716797e+00
-5.200352072715759277e-01
-1.088551759719848633e+00
-4.101496338844299316e-01
1.339056015014648438e+00
3.621458053588867188e+00
2.765478849411010742e+00
4.124722480773925781e+00
7.698312997817993164e-01
4.274598598480224609e+00
-4.723027944564819336e-01
9.371699094772338867e-01
9.885783195495605469e-01
-2.611455917358398438e+00
4.304849147796630859e+00
5.667452216148376465e-01
-1.708548426628112793e+00
4.991379737854003906e+00
-1.029114961624145508e+00
5.367187857627868652e-01
-1.458815455436706543e+00
-7.733474969863891602e-01
2.032582610845565796e-01
-7.383511662483215332e-01
6.988036632537841797e-02
-2.235337495803833008e-01
1.650899529457092285e+00
4.897038638591766357e-01
3.727194786071777344e+00
9.602048873901367188e+00
7.449401617050170898e-01
1.832151174545288086e+00
3.674508094787597656e+00
-2.190628349781036377e-01
2.152053117752075195e+00
2.881570816040039062e+00
-1.967878639698028564e-01
3.406416177749633789e+00
4.293677806854248047e+00
-5.442569404840469360e-02
-2.011530101299285889e-01
2.668917417526245117e+00
-3.495549440383911133e+00
9.775811433792114258e-01
-2.374570846557617188e+00
-2.573950052261352539e+00
4.206086635589599609e+00
-5.245826244354248047e-01
-1.280344128608703613e-01
-3.209508657455444336e+00
9.214603900909423828e-02
3.367584228515625000e+00
2.850972414016723633e+00
-1.399945020675659180e+00
4.139057636260986328e+00
4.350429534912109375e+00
1.301577568054199219e+00
1.045548200607299805e+00
-2.786242961883544922e+00
-3.568244576454162598e-01
-7.924596071243286133e-01
-2.114602565765380859e+00
-9.222512245178222656e-01
2.498549222946166992e+00
4.849761962890625000e+00
-1.762050986289978027e-01
-3.140892505645751953e+00
1.505604505538940430e+00
-1.042954087257385254e+00
9.751822352409362793e-01
7.445174455642700195e-01
2.169890403747558594e+00
3.787233829498291016e+00
-3.834542632102966309e-01
3.618218898773193359e+00
2.304670810699462891e+00
1.063489675521850586e+00
1.151761531829833984e+00
4.967491626739501953e+00
-2.882109642028808594e+00
-3.535110712051391602e+00
7.015838623046875000e+00
1.510651350021362305e+00
7.977573275566101074e-01
-3.015507221221923828e+00
2.162569522857666016e+00
5.447477817535400391e+00
5.001796722412109375e+00
1.710759162902832031e+00
1.817907333374023438e+00
5.096184730529785156e+00
-1.643067836761474609e+00
-1.743194103240966797e+00
-2.094947695732116699e-01
-2.018139839172363281e+00
-6.050018072128295898e-01
-2.125422000885009766e+00
-7.645758986473083496e-01
-9.654794931411743164e-01
-7.455507516860961914e-01
1.208990812301635742e-01
1.017502546310424805e+00
3.184107542037963867e-01
4.557216763496398926e-01
-7.035858154296875000e+00
-1.169134855270385742e+00
-2.900794982910156250e+00
-8.115453720092773438e-01
-4.255139827728271484e+00
2.233303546905517578e+00
4.006621837615966797e-01
2.804225683212280273e-02
1.061125516891479492e+00
2.250251293182373047e+00
3.965369224548339844e+00
-2.459373325109481812e-01
-1.061532616615295410e+00
2.203455448150634766e+00
3.569006919860839844e+00
5.451950073242187500e+00
-8.776782155036926270e-01
4.233978748321533203e+00
1.500937938690185547e+00
3.180388212203979492e+00
1.821601390838623047e-01
-2.776267051696777344e+00
-6.299328207969665527e-01
1.759683609008789062e+00
6.303601264953613281e+00
2.241149902343750000e+00
-1.342474937438964844e+00
-4.185321331024169922e-01
-1.991401433944702148e+00
-2.877499818801879883e+00
4.797966003417968750e+00
-8.074780106544494629e-01
1.647236943244934082e+00
-9.083358645439147949e-01
-3.658611536026000977e+00
2.426969289779663086e+00
-1.060797929763793945e+00
1.576471209526062012e+00
6.637378931045532227e-01
-9.177572131156921387e-01
-2.275428175926208496e-01
-2.608637213706970215e-01
2.422465324401855469e+00
-2.260161876678466797e+00
3.320052027702331543e-01
1.549417734146118164e+00
2.465803027153015137e-01
1.833207011222839355e+00
-2.373725891113281250e+00
2.530019283294677734e+00
-2.097102880477905273e+00
1.655686616897583008e+00
8.257290124893188477e-01
2.856816291809082031e+00
2.433589220046997070e+00
3.205837011337280273e+00
-1.678333520889282227e+00
2.965523958206176758e+00
2.393420219421386719e+00
-6.631735563278198242e-01
3.750228643417358398e+00
3.146662414073944092e-01
-5.630630254745483398e-02
2.511031866073608398e+00
6.485778331756591797e+00
3.167787551879882812e+00
-7.317678332328796387e-01
5.647862553596496582e-01
-1.475721120834350586e+00
1.823606014251708984e+00
-6.055089235305786133e-01
1.111100196838378906e+00
3.906551599502563477e-01
2.164218902587890625e+00
1.141533493995666504e+00
-2.987041473388671875e+00
3.446896314620971680e+00
1.352283358573913574e+00
1.834594011306762695e+00
2.030550479888916016e+00
-3.981538057327270508e+00
3.738830566406250000e+00
1.871439576148986816e+00
5.144674777984619141e-01
1.062265038490295410e-02
-2.744963407516479492e+00
1.188563108444213867e+00
-1.036455392837524414e+00
4.303923249244689941e-01
2.229934453964233398e+00
1.244692325592041016e+00
-1.275032997131347656e+00
1.797814249992370605e+00
3.035129308700561523e-01
-1.242542982101440430e+00
-1.041382074356079102e+00
1.494730591773986816e+00
1.789515495300292969e+00
2.428225517272949219e+00
2.069539546966552734e+00
2.107081651687622070e+00
3.268084824085235596e-01
-2.768516540527343750e+00
9.466098546981811523e-01
-2.213225841522216797e+00
-7.169342637062072754e-01
4.363666057586669922e+00
-5.520908832550048828e-01
4.828907489776611328e+00
8.724425315856933594e+00
4.489017486572265625e+00
5.901628732681274414e-01
5.196422338485717773e-01
-9.133777618408203125e-01
-2.963301420211791992e+00
-1.767667889595031738e+00
4.754271030426025391e+00
4.088415145874023438e+00
-1.713175773620605469e+00
4.595761775970458984e+00
5.700725913047790527e-01
2.328370571136474609e+00
-1.085943698883056641e+00
-1.402380704879760742e+00
-2.798056125640869141e+00
-1.256382107734680176e+00
1.534720182418823242e+00
2.912036776542663574e-01
-1.869772076606750488e+00
4.833546161651611328e+00
-3.046066999435424805e+00
1.480614542961120605e-01
1.413379907608032227e+00
-7.245242595672607422e-03
-8.784005641937255859e-01
-8.470644354820251465e-01
1.709829449653625488e+00
-3.161461830139160156e+00
4.596459865570068359e-01
3.345304012298583984e+00
1.113292098045349121e+00
-2.354983806610107422e+00
-1.164939761161804199e+00
5.087456703186035156e-01
-2.211666822433471680e+00
3.167910277843475342e-01
7.093828201293945312e+00
-2.055230855941772461e+00
-2.773766994476318359e+00
-4.125418663024902344e-01
1.278694748878479004e+00
1.034524202346801758e+00
-2.793881416320800781e+00
6.247342586517333984e+00
-3.477453470230102539e+00
1.140390276908874512e+00
1.884795784950256348e+00
3.199409246444702148e+00
9.495499134063720703e-01
2.040468931198120117e+00
-2.822182893753051758e+00
1.844320774078369141e+00
-2.785867214202880859e+00
-7.275536656379699707e-02
2.592458486557006836e+00
2.499794006347656250e+00
-2.591744422912597656e+00
9.563218355178833008e-01
1.460488140583038330e-01
-1.576085805892944336e+00
-2.549241542816162109e+00
-3.205912590026855469e+00
6.814976692199707031e+00
2.270083189010620117e+00
-9.849478602409362793e-01
1.303587317466735840e+00
5.738786220550537109e+00
2.973755121231079102e+00
-7.101899981498718262e-01
3.600631475448608398e+00
-2.053573131561279297e-01
-2.832711935043334961e-01
1.794639229774475098e+00
2.278517931699752808e-01
-1.108811140060424805e+00
-8.274243474006652832e-01
5.239889621734619141e+00
1.480417609214782715e+00
-2.242156505584716797e+00
6.778479814529418945e-01
3.295204639434814453e+00
-3.753534317016601562e+00
-1.724020242691040039e-01
4.937053680419921875e+00
-1.659007072448730469e-01
-1.216019511222839355e+00
2.345836639404296875e+00
2.545445919036865234e+00
1.030880451202392578e+00
4.435967445373535156e+00
-4.590873718261718750e+00
1.146457195281982422e+00
2.668949365615844727e+00
1.088437438011169434e+00
5.727274894714355469e+00
-4.574969708919525146e-01
5.305096149444580078e+00
1.876761198043823242e+00
-1.512410283088684082e+00
3.524600982666015625e+00
2.294025421142578125e+00
-2.149989604949951172e+00
1.899128437042236328e+00
-1.583418250083923340e-02
2.425179481506347656e+00
-3.896231412887573242e+00
5.506998896598815918e-01
-3.842592239379882812e+00
5.605959892272949219e+00
4.179553985595703125e+00
-4.686056375503540039e-01
1.583921313285827637e+00
4.466136932373046875e+00
-1.946292400360107422e+00
-3.909454107284545898e+00
-8.019573688507080078e-01
3.092751502990722656e+00
2.341782569885253906e+00
-1.987813711166381836e-01
8.788391947746276855e-01
1.063049554824829102e+00
-1.049759984016418457e-02
6.292177200317382812e+00
3.113313674926757812e+00
8.249658346176147461e-01
7.366809844970703125e-01
3.939469814300537109e+00
1.318558216094970703e+00
-4.495842933654785156e+00
-8.110105395317077637e-01
-5.362182140350341797e+00
-2.442916631698608398e-01
-3.550238609313964844e+00
1.992507219314575195e+00
-2.302729129791259766e+00
-4.145182609558105469e+00
-5.215663313865661621e-01
-4.274828910827636719e+00
-2.501025199890136719e+00
-2.876848936080932617e+00
-2.615578651428222656e+00
-2.905181407928466797e+00
-5.680977106094360352e-01
-1.008097171783447266e+00
-3.606317996978759766e+00
-5.139132022857666016e+00
-2.529520750045776367e+00
-2.111087799072265625e+00
-1.641955137252807617e+00
-5.265112876892089844e+00
-2.496546983718872070e+00
-1.085093691945075989e-01
-2.185838699340820312e+00
-3.375931978225708008e+00
-1.449743270874023438e+00
-3.495228528976440430e+00
-1.859764933586120605e+00
1.683439016342163086e+00
1.012005567550659180e+00
-2.176386862993240356e-01
-2.918067216873168945e+00
-4.869455814361572266e+00
3.410402297973632812e+00
7.089220881462097168e-01
-3.258917808532714844e+00
-6.942948698997497559e-01
-4.316945075988769531e+00
-2.585020065307617188e+00
-3.080389022827148438e+00
-3.825887203216552734e+00
1.922382831573486328e+00
-3.774890184402465820e+00
-5.393367409706115723e-01
-3.091577291488647461e+00
1.122904300689697266e+01
2.459861755371093750e+00
6.978465080261230469e+00
2.664045095443725586e-01
1.002932071685791016e+00
3.577955722808837891e+00
1.254843950271606445e+00
3.117460489273071289e+00
3.634311676025390625e+00
5.902988433837890625e+00
9.594914913177490234e-01
3.658719539642333984e+00
1.956728935241699219e+00
4.492788791656494141e+00
2.330257415771484375e+00
2.496772766113281250e+00
-2.297252655029296875e+00
2.714317798614501953e+00
-2.527212142944335938e+00
8.056122064590454102e-01
-2.532992839813232422e+00
6.460248827934265137e-01
3.217385411262512207e-01
-4.078058242797851562e+00
-9.872040748596191406e-01
-1.809565782546997070e+00
-1.117109179496765137e+00
-7.922546863555908203e-01
3.040578365325927734e+00
4.745572090148925781e+00
