1.306221485137939453e-01
3.000526189804077148e+00
-3.048789978027343750e+00
-1.243436098098754883e+00
-4.580975174903869629e-01
-2.768993854522705078e+00
-2.543153285980224609e+00
-1.433311223983764648e+00
-2.864036560058593750e+00
-1.157268404960632324e+00
-1.115181446075439453e+00
3.758060932159423828e-02
-8.242458105087280273e-01
-2.496138811111450195e+00
2.546436548233032227e+00
-1.524023175239562988e+00
-1.276232004165649414e+00
-1.792370915412902832e+00
4.881939291954040527e-01
-9.605034589767456055e-01
-2.790752649307250977e+00
-7.721541523933410645e-01
-5.178841948509216309e-01
1.008993387222290039e+00
-5.411556959152221680e-01
-3.024690628051757812e+00
-1.406833171844482422e+00
-1.255144476890563965e+00
-3.143471717834472656e+00
-1.344121932983398438e+00
-3.529090881347656250e+00
6.994212865829467773e-01
-1.855841398239135742e+00
4.310365319252014160e-01
-8.195132613182067871e-01
-4.804672718048095703e+00
-1.808396100997924805e+00
-4.624548435211181641e+00
1.789371967315673828e+00
-1.338533401489257812e+00
-5.578743815422058105e-01
-2.543645858764648438e+00
2.843791484832763672e+00
-1.210932135581970215e+00
-2.274847030639648438e+00
1.055748701095581055e+00
-9.544214010238647461e-01
3.119751214981079102e+00
-8.421534895896911621e-01
-2.215710639953613281e+00
-1.267340183258056641e+00
-3.657172918319702148e-01
-9.791344404220581055e-01
-2.634695529937744141e+00
-1.001946806907653809e+00
-7.423141002655029297e-01
-1.599132418632507324e-01
-5.850177764892578125e+00
-1.202822923660278320e+00
-3.122399806976318359e+00
3.950347304344177246e-01
-1.166087269783020020e+00
-2.449373245239257812e+00
-3.493091583251953125e+00
7.662598490715026855e-01
5.664855241775512695e-03
2.895475149154663086e+00
-1.286840200424194336e+00
-4.032799303531646729e-01
-9.582793712615966797e-02
-1.591235041618347168e+00
-1.462717771530151367e+00
-2.952282667160034180e+00
1.795314669609069824e+00
1.533869028091430664e+00
-2.997329711914062500e+00
-1.487239003181457520e-01
2.356180906295776367e+00
-1.609283804893493652e+00
-1.939570903778076172e+00
1.460789442062377930e-01
-1.107657432556152344e+00
-2.464462041854858398e+00
7.611932754516601562e-01
4.014577388763427734e+00
-2.055993318557739258e+00
1.425531506538391113e-01
-5.297810435295104980e-01
1.559396743774414062e+00
-1.664558500051498413e-01
1.386385440826416016e+00
-5.634297132492065430e-01
2.662754058837890625e+00
-1.847574949264526367e+00
5.424846172332763672e+00
1.068207144737243652e+00
3.918362140655517578e+00
-1.343035578727722168e+00
-3.822308540344238281e+00
-2.444758653640747070e+00
-2.716450214385986328e+00
7.199026346206665039e-01
-4.637920856475830078e+00
-9.428393244743347168e-01
-2.236509799957275391e+00
-5.191524982452392578e+00
5.032750964164733887e-02
1.588605642318725586e+00
3.215511560440063477e+00
3.802173376083374023e+00
-1.934738874435424805e+00
-1.486800312995910645e+00
6.134355664253234863e-01
-1.588091373443603516e+00
-4.444819450378417969e+00
1.507735371589660645e+00
-2.148001790046691895e-01
1.310065984725952148e+00
1.039989709854125977e+00
-4.642135500907897949e-01
-4.334537982940673828e+00
-6.661337614059448242e-01
-1.788139224052429199e+00
-2.221782684326171875e+00
-2.838997364044189453e+00
-6.100248694419860840e-01
-2.735160589218139648e-01
-3.272699117660522461e+00
-7.375248670578002930e-01
-3.378655910491943359e+00
-4.173666000366210938e+00
-9.140599966049194336e-01
1.122269868850708008e+00
-1.703525900840759277e+00
-3.377810001373291016e+00
-2.798230171203613281e+00
-2.666635751724243164e+00
-3.725859165191650391e+00
-2.844452857971191406e-03
-1.997702360153198242e+00
-9.534755945205688477e-01
-3.655680179595947266e+00
-2.273062705993652344e+00
-2.476902961730957031e+00
-1.049889802932739258e+00
-2.586194276809692383e+00
-5.102396488189697266e+00
-2.212676048278808594e+00
-4.898841381072998047e-01
-1.665147066116333008e+00
-1.173594236373901367e+00
2.152646631002426147e-01
-1.067950367927551270e+00
-4.632914662361145020e-01
-1.555851936340332031e+00
-4.641197025775909424e-01
1.881723880767822266e+00
-4.042375087738037109e-02
3.654778599739074707e-01
-1.047745943069458008e+00
-2.652392625808715820e+00
1.782169938087463379e+00
7.110670804977416992e-01
-8.581538796424865723e-01
1.051214694976806641e+00
2.251511812210083008e-01
1.509945988655090332e+00
-6.884093880653381348e-01
-1.387430191040039062e+00
-2.903864383697509766e-01
4.779011607170104980e-01
3.245821714401245117e+00
7.313798069953918457e-01
8.418557047843933105e-01
-2.674482107162475586e+00
-1.918281197547912598e+00
-2.268480300903320312e+00
-1.124958515167236328e+00
2.606526374816894531e+00
-7.143046855926513672e-01
-4.054099023342132568e-01
6.287652254104614258e-01
8.582040071487426758e-01
2.285875082015991211e+00
1.680423378944396973e+00
2.989300727844238281e+00
-1.440058708190917969e+00
-1.172389030456542969e+00
9.751777648925781250e-01
1.299199104309082031e+00
1.637508630752563477e+00
1.992653250694274902e+00
2.792360782623291016e-01
-1.000488162040710449e+00
-1.386813044548034668e+00
2.073602437973022461e+00
1.361719846725463867e+00
9.452662467956542969e-01
1.080084562301635742e+00
3.169471263885498047e+00
5.132426023483276367e-01
1.526726961135864258e+00
6.081640720367431641e-03
2.224919557571411133e+00
-1.541970372200012207e-01
1.530924141407012939e-01
1.424072384834289551e-01
-1.500579953193664551e+00
-1.238651573657989502e-01
8.029192686080932617e-01
2.017748832702636719e+00
1.309489846229553223e+00
-1.984281092882156372e-02
2.071134805679321289e+00
-9.397528171539306641e-01
3.280337095260620117e+00
2.396219730377197266e+00
3.484173059463500977e+00
-4.691247940063476562e-01
1.931069254875183105e+00
-9.765684604644775391e-03
2.038695216178894043e-01
-4.248133897781372070e-01
2.370808601379394531e+00
-6.736855506896972656e-01
-2.146912097930908203e+00
1.176497936248779297e+00
-1.070680022239685059e-01
-9.076292514801025391e-01
1.443312644958496094e+00
-2.078191041946411133e-01
7.692354917526245117e-01
-3.633170127868652344e-01
-9.040723443031311035e-01
2.298658132553100586e+00
-2.482945442199707031e+00
-1.030449867248535156e+00
3.079920291900634766e+00
1.966602802276611328e+00
2.392733693122863770e-01
2.790341377258300781e+00
-1.327854156494140625e+00
1.914547801017761230e+00
4.041505455970764160e-01
-3.524548053741455078e+00
1.081421613693237305e+00
-4.622727036476135254e-01
1.146653175354003906e+00
-4.947161674499511719e-02
-1.741715908050537109e+00
-1.674024105072021484e+00
2.186942577362060547e+00
-2.516599178314208984e+00
9.391728043556213379e-01
1.914309144020080566e+00
-1.338999986648559570e+00
-4.441750645637512207e-01
9.994169324636459351e-02
1.613607406616210938e+00
-1.937480688095092773e+00
-3.082463264465332031e+00
-3.297303438186645508e+00
-1.810338020324707031e+00
-1.653287529945373535e+00
4.709984660148620605e-01
-2.952153086662292480e-01
-6.322384476661682129e-01
-3.529135584831237793e-01
-2.904064655303955078e+00
-1.397717475891113281e+00
-3.398532629013061523e+00
-2.386332988739013672e+00
-7.499331235885620117e-01
-3.104808568954467773e+00
-3.193248271942138672e+00
-2.579284667968750000e+00
-3.450274467468261719e+00
-3.153113126754760742e+00
-5.768850803375244141e+00
-1.445246577262878418e+00
-2.613738059997558594e+00
-1.340692639350891113e-01
1.594239711761474609e+00
2.392070055007934570e+00
-1.270973801612854004e+00
-1.104300141334533691e+00
-6.013844013214111328e-01
-2.394856929779052734e+00
-1.992875337600708008e+00
-9.550023078918457031e-01
-1.647977232933044434e-01
-2.281869411468505859e+00
-1.940403580665588379e-01
-1.384460687637329102e+00
-3.007364273071289062e-02
-4.238098859786987305e-03
9.931878447532653809e-01
-2.790740013122558594e+00
-2.601925849914550781e+00
-2.559198856353759766e+00
-7.477988600730895996e-01
-7.131825089454650879e-01
-1.700505375862121582e+00
-7.942658662796020508e-01
-2.436896324157714844e+00
-2.224972963333129883e+00
-3.408986806869506836e+00
-2.870142459869384766e-03
-5.156171917915344238e-01
-5.683228373527526855e-01
4.345402121543884277e-01
-6.576149463653564453e-01
-2.176808357238769531e+00
1.656689763069152832e+00
1.311190962791442871e+00
1.259374380111694336e+00
-2.444570302963256836e+00
-1.618261814117431641e+00
-7.858322858810424805e-01
-2.418242692947387695e+00
-2.284495115280151367e+00
9.196445941925048828e-01
2.710126638412475586e-01
2.292623996734619141e+00
-2.268817663192749023e+00
-7.706289887428283691e-01
-2.347272396087646484e+00
-1.052016615867614746e+00
-2.885048091411590576e-02
6.672964096069335938e-01
1.878935337066650391e+00
-1.224116325378417969e+00
-5.973954200744628906e-01
2.448630809783935547e+00
-5.298000812530517578e+00
-4.409153461456298828e+00
1.313939929008483887e+00
-2.764003515243530273e+00
1.792598366737365723e-01
-3.915629088878631592e-01
5.789762735366821289e-01
-5.961868762969970703e-01
-1.019671559333801270e+00
-3.775572299957275391e+00
-2.045742988586425781e+00
-3.832649588584899902e-01
-1.074771761894226074e+00
1.646011233329772949e+00
1.727650761604309082e+00
-1.167648792266845703e+00
1.698404788970947266e+00
-1.243850231170654297e+00
-3.367178201675415039e+00
-2.954922199249267578e+00
3.780888557434082031e+00
-1.270428419113159180e+00
-1.600972414016723633e+00
-4.150867164134979248e-01
-2.386755198240280151e-01
-3.850712180137634277e-01
-1.987209796905517578e+00
-4.191077947616577148e-01
-1.906207323074340820e+00
-4.096421718597412109e+00
-1.161314249038696289e+00
-2.644236326217651367e+00
-2.547913551330566406e+00
-2.433235645294189453e+00
-2.909601688385009766e+00
-1.428864002227783203e+00
-3.702917337417602539e+00
-3.298189163208007812e+00
-4.932577610015869141e+00
-4.182463169097900391e+00
-2.043574571609497070e+00
-4.476037025451660156e+00
-2.992021083831787109e+00
-2.468085289001464844e+00
-1.400054931640625000e+00
-1.809205532073974609e+00
-4.147666931152343750e+00
-1.365969896316528320e+00
-2.224171876907348633e+00
-1.534680366516113281e+00
-5.094946861267089844e+00
3.421875238418579102e+00
2.437829971313476562e-05
-2.433967590332031250e+00
-3.343803882598876953e-01
-5.583944320678710938e-01
-7.162411212921142578e-01
-2.115055084228515625e+00
3.623714923858642578e+00
3.012565374374389648e+00
-1.614995241165161133e+00
1.340002536773681641e+00
1.856146693229675293e+00
1.688140511512756348e+00
1.496767401695251465e+00
4.080035209655761719e+00
9.452777504920959473e-01
-2.536464452743530273e+00
9.624177217483520508e-01
-1.551286101341247559e+00
5.866593122482299805e-01
5.267502307891845703e+00
-2.145078659057617188e+00
1.680236220359802246e+00
-4.953348636627197266e-01
2.158376455307006836e+00
1.170462965965270996e+00
1.891837120056152344e+00
-2.710019350051879883e+00
-2.088397741317749023e+00
2.583515882492065430e+00
2.992293357849121094e+00
-5.678527355194091797e+00
5.978610515594482422e+00
-1.062550425529479980e+00
1.862732768058776855e+00
-1.642750263214111328e+00
1.990878582000732422e-01
-3.573932647705078125e+00
2.891879081726074219e-01
2.868733644485473633e+00
5.201120376586914062e+00
-8.288844227790832520e-01
4.796766936779022217e-01
1.155175447463989258e+00
-3.646897077560424805e-01
-3.428470849990844727e+00
-7.074689865112304688e-01
-1.775303959846496582e+00
-2.333673477172851562e+00
4.689624786376953125e+00
2.373070001602172852e+00
2.313350915908813477e+00
1.135701894760131836e+00
-7.290018796920776367e-01
-3.051407039165496826e-01
-1.925240397453308105e+00
-1.036736369132995605e+00
7.494174242019653320e-01
4.831672668457031250e+00
9.859511852264404297e-01
-2.583185672760009766e+00
3.915933609008789062e+00
4.347873210906982422e+00
8.110899925231933594e-01
1.958625674247741699e+00
8.470479846000671387e-01
3.216481924057006836e+00
1.594185471534729004e+00
-1.060503482818603516e+00
-1.540001630783081055e-01
1.461731195449829102e+00
-2.447002649307250977e+00
1.737883329391479492e+00
-4.363444805145263672e+00
1.873025894165039062e+00
1.655962705612182617e+00
-3.508118152618408203e+00
4.779003858566284180e-01
1.983894824981689453e+00
4.855210781097412109e+00
-1.036285519599914551e+00
-8.492922782897949219e-02
-2.406107187271118164e+00
-1.529577970504760742e+00
-3.432119846343994141e+00
2.268975377082824707e-01
-2.020699083805084229e-01
-1.286645174026489258e+00
-6.005817651748657227e-01
5.956720829010009766e+00
2.004325866699218750e+00
4.373744726181030273e-01
-4.062017440795898438e+00
4.543883800506591797e+00
-2.514387369155883789e+00
-1.180137634277343750e+00
1.045232057571411133e+00
-1.095736145973205566e+00
4.105503559112548828e+00
-3.521087169647216797e+00
-6.195625662803649902e-02
-3.166942834854125977e+00
6.183415412902832031e+00
2.926154375076293945e+00
2.958663463592529297e+00
1.672219038009643555e+00
-2.152687549591064453e+00
1.943633556365966797e+00
-1.134633779525756836e+00
6.011338233947753906e-01
-1.398378968238830566e+00
3.198122739791870117e+00
3.780426502227783203e+00
2.036120891571044922e+00
-1.072646617889404297e+00
3.049611330032348633e+00
1.900014877319335938e+00
2.508723258972167969e+00
-1.052155017852783203e+00
2.046796560287475586e+00
-1.089071750640869141e+00
1.179363965988159180e+00
9.874158501625061035e-01
-3.609810113906860352e+00
5.032026767730712891e-01
2.016112804412841797e-01
-3.469228744506835938e+00
-5.516100883483886719e+00
-1.246792078018188477e-02
5.662037134170532227e-01
7.397563457489013672e-01
6.955451965332031250e-01
1.068076372146606445e+00
1.280730247497558594e+00
4.061535835266113281e+00
-1.026408970355987549e-01
9.195536375045776367e-03
-2.759912312030792236e-01
-5.913426876068115234e-01
-2.849506616592407227e+00
4.761133193969726562e+00
-2.825267076492309570e+00
-2.154464960098266602e+00
-2.638765335083007812e+00
-9.984833002090454102e-01
5.267107009887695312e+00
-2.980705201625823975e-01
1.253541469573974609e+00
4.197662353515625000e+00
-2.499331235885620117e+00
-8.143405914306640625e+00
-1.792205810546875000e+00
2.742249250411987305e+00
4.299965858459472656e+00
3.714126825332641602e+00
-1.293641805648803711e+00
-2.144304275512695312e+00
-7.318392992019653320e-01
2.046203613281250000e-01
-2.832045793533325195e+00
6.903449892997741699e-01
-1.710796117782592773e+00
-6.848738193511962891e-01
-5.303443908691406250e+00
6.762133121490478516e+00
-7.007335186004638672e+00
-2.554626226425170898e+00
1.078944802284240723e+00
-1.239186286926269531e+00
2.403716087341308594e+00
-3.011668443679809570e+00
5.041028022766113281e+00
2.380774021148681641e+00
-2.331914007663726807e-01
1.581279516220092773e+00
-2.296959877014160156e+00
-1.998224616050720215e+00
3.124027729034423828e+00
9.726083278656005859e-02
-1.470687389373779297e+00
3.670149564743041992e+00
-2.672248125076293945e+00
-3.773441553115844727e+00
1.385087370872497559e+00
1.124201893806457520e+00
6.066656112670898438e-01
-5.947995185852050781e+00
1.059864044189453125e+00
-2.259311676025390625e+00
-2.702892541885375977e+00
-1.103700876235961914e+00
-1.618825197219848633e+00
-1.680125117301940918e+00
1.130127668380737305e+00
2.123834609985351562e+00
4.780969619750976562e+00
-1.544836521148681641e+00
1.279411911964416504e-01
-5.125078201293945312e+00
2.130230665206909180e+00
2.043166399002075195e+00
-1.199641585350036621e+00
-1.272629141807556152e+00
3.371391057968139648e+00
-1.638261795043945312e+00
-3.471247851848602295e-01
7.907047748565673828e+00
-2.586923837661743164e-01
4.279018938541412354e-01
-8.279102444648742676e-01
-1.548703670501708984e+00
-5.024781227111816406e-01
-1.723453640937805176e+00
-4.462743997573852539e-01
5.346831321716308594e+00
-2.252354621887207031e-01
1.028624534606933594e+00
-2.694807767868041992e+00
-1.024138212203979492e+00
-1.231376409530639648e+00
5.832839608192443848e-01
1.926251649856567383e-01
-1.993036746978759766e+00
-1.303089857101440430e+00
-1.506599307060241699e+00
3.323775053024291992e+00
4.711448192596435547e+00
3.298847675323486328e-01
5.092405676841735840e-01
4.367464065551757812e+00
-3.588404417037963867e+00
4.508124828338623047e+00
1.080795168876647949e+00
-1.381694376468658447e-01
4.892457485198974609e+00
3.187062740325927734e+00
-2.496631443500518799e-01
-9.802501201629638672e-01
-1.920166730880737305e+00
-1.480067253112792969e+00
6.988030672073364258e-01
8.589196205139160156e-01
-3.778517484664916992e+00
1.910215616226196289e+00
-2.856921672821044922e+00
-4.143567681312561035e-01
1.187554001808166504e-01
-1.052950382232666016e+00
-1.130127787590026855e+00
1.531646966934204102e+00
-2.087001323699951172e+00
4.565010547637939453e+00
3.105707645416259766e+00
-2.452559471130371094e+00
-5.285081863403320312e-01
-2.727147340774536133e+00
9.575557708740234375e-01
7.903980016708374023e-01
1.364112854003906250e+00
-1.551536560058593750e+00
-6.915701627731323242e-01
1.936191558837890625e+00
-2.375810742378234863e-01
-2.794983863830566406e+00
8.813081383705139160e-01
-8.405042886734008789e-01
2.651064157485961914e+00
-6.966263055801391602e-01
7.309219241142272949e-01
3.333093404769897461e+00
1.225495815277099609e+00
1.285640597343444824e+00
-2.058257818222045898e+00
7.080114841461181641e+00
1.199444651603698730e+00
1.997128605842590332e+00
-2.716411113739013672e+00
-2.524061679840087891e+00
3.906034469604492188e+00
-4.703013300895690918e-01
-4.816438555717468262e-01
-2.146377563476562500e-01
2.471501350402832031e+00
1.593732237815856934e+00
2.359996318817138672e+00
-3.631223142147064209e-01
5.124141573905944824e-01
3.559699535369873047e+00
-8.981357216835021973e-01
-2.864905357360839844e+00
2.246328592300415039e+00
1.786451637744903564e-01
-1.335754752159118652e+00
2.428650140762329102e+00
5.403744697570800781e+00
2.508177757263183594e-01
-1.925373792648315430e+00
3.576946854591369629e-01
-2.534967422485351562e+00
-3.619059324264526367e-01
-2.957951068878173828e+00
-4.152743339538574219e+00
-7.754965126514434814e-02
1.894337654113769531e+00
1.696936607360839844e+00
-5.711901187896728516e-01
2.383121252059936523e+00
5.301788806915283203e+00
-1.467196464538574219e+00
-1.573164820671081543e+00
2.240654706954956055e+00
1.141118645668029785e+00
-1.884826779365539551e+00
1.663582086563110352e+00
2.492218017578125000e+00
5.348853588104248047e+00
4.786476612091064453e+00
-4.976618766784667969e+00
-3.184721946716308594e+00
3.190611004829406738e-01
-4.620004892349243164e-01
-3.303365707397460938e-01
-3.631915748119354248e-01
-1.439587354660034180e+00
2.844754219055175781e+00
1.615381956100463867e+00
-8.590219020843505859e-01
2.196832895278930664e-01
9.174643754959106445e-01
-1.914701461791992188e-01
-2.150536060333251953e+00
4.872093677520751953e+00
-2.419389247894287109e+00
1.355033755302429199e+00
7.034345269203186035e-01
-3.595593214035034180e+00
5.011640071868896484e+00
-1.616165637969970703e-01
1.136995792388916016e+00
7.308858633041381836e-01
1.110749125480651855e+00
-2.658913612365722656e+00
4.497636318206787109e+00
1.504607439041137695e+00
-7.513332962989807129e-01
-6.615951061248779297e-01
5.149073004722595215e-01
1.717595815658569336e+00
-1.466652870178222656e+00
-2.300993680953979492e+00
7.663293838500976562e+00
-5.043844580650329590e-01
-8.008570075035095215e-01
2.765852928161621094e+00
4.646169543266296387e-01
-3.095425605773925781e+00
3.889179468154907227e+00
4.643844664096832275e-01
1.184372901916503906e+00
-3.251206874847412109e+00
-1.077954769134521484e+00
3.059848546981811523e-01
-1.183748483657836914e+00
4.994588851928710938e+00
2.568151712417602539e+00
4.539368629455566406e+00
-1.660122156143188477e+00
-1.904388070106506348e+00
2.103264808654785156e+00
-2.494313240051269531e+00
1.964795112609863281e+00
2.439029932022094727e+00
-1.653817176818847656e+00
-4.939498901367187500e-01
3.351897597312927246e-01
2.110756874084472656e+00
-9.144419431686401367e-01
1.976421117782592773e+00
-2.415768384933471680e+00
-3.838215351104736328e+00
1.302766561508178711e+00
-3.939034938812255859e+00
-9.920233488082885742e-01
5.326629430055618286e-02
6.160894632339477539e-01
-1.910295367240905762e+00
-1.759430766105651855e+00
3.895308017730712891e+00
-2.142395496368408203e+00
6.358624100685119629e-01
4.830189704895019531e+00
1.592756807804107666e-01
-2.419722795486450195e+00
-1.601369261741638184e+00
-1.532349586486816406e-01
-4.603026509284973145e-01
-1.281967401504516602e+00
1.425448656082153320e+00
-3.086910247802734375e+00
-1.780541419982910156e+00
4.059837341308593750e+00
-1.483096599578857422e+00
1.809181213378906250e+00
-2.313724517822265625e+00
7.454037666320800781e-01
-3.004432916641235352e-01
-3.157165646553039551e-01
1.334079027175903320e+00
-2.036118030548095703e+00
6.485140800476074219e+00
3.008947372436523438e+00
2.137485027313232422e+00
1.229481697082519531e-01
-3.814846038818359375e+00
-1.187075376510620117e+00
-2.274291515350341797e+00
-2.181726694107055664e+00
1.434553265571594238e+00
-8.350815176963806152e-01
-2.037094831466674805e+00
1.769063234329223633e+00
1.886069059371948242e+00
1.110800743103027344e+00
3.511026203632354736e-01
-4.182083606719970703e-01
-4.560259342193603516e+00
1.883850932121276855e+00
-1.220853805541992188e+00
-7.677224278450012207e-01
6.048679351806640625e-02
5.398211479187011719e+00
-8.922874927520751953e-02
-2.019221544265747070e+00
9.256893992424011230e-01
-3.462158918380737305e+00
1.693428754806518555e-01
1.640505313873291016e+00
1.061810374259948730e+00
-9.867501258850097656e-01
6.376857280731201172e+00
1.641415834426879883e+00
6.539064049720764160e-01
-4.206344127655029297e+00
-7.462118864059448242e-01
1.099183559417724609e+00
-2.303748607635498047e+00
2.421053886413574219e+00
4.343035697937011719e+00
-4.673427939414978027e-01
1.828174591064453125e+00
-4.649261236190795898e-01
2.247933387756347656e+00
2.589492797851562500e+00
3.703364729881286621e-01
3.017140150070190430e+00
-9.170275330543518066e-01
3.798775911331176758e+00
-2.753235101699829102e-01
1.826794624328613281e+00
-9.477458596229553223e-01
-1.711572766304016113e+00
-1.763425588607788086e+00
-1.314444422721862793e+00
-8.410437107086181641e-01
2.125412225723266602e-03
-9.075380563735961914e-01
2.746610164642333984e+00
9.470283985137939453e-03
1.809033274650573730e+00
1.942209959030151367e+00
1.567686200141906738e+00
-8.759617805480957031e-03
-2.144560337066650391e+00
3.066001653671264648e+00
3.307040691375732422e+00
-1.483567953109741211e+00
7.503939867019653320e-01
-4.247871339321136475e-01
1.921321749687194824e-01
-9.011257886886596680e-01
8.397808670997619629e-01
-3.521077632904052734e-01
-7.044165134429931641e-01
2.213962554931640625e+00
6.265243291854858398e-01
-3.033211231231689453e-01
-2.664422988891601562e+00
8.581652641296386719e-01
-1.842206269502639771e-01
-2.819393396377563477e+00
-2.467745304107666016e+00
1.390856742858886719e+00
-1.011616349220275879e+00
-2.915307521820068359e+00
3.664951086044311523e+00
9.057272672653198242e-01
-1.760605812072753906e+00
1.494639873504638672e+00
2.783091068267822266e+00
8.875331878662109375e-01
3.287299394607543945e+00
-7.457727193832397461e-01
2.083381652832031250e+00
1.212296128273010254e+00
-2.347064256668090820e+00
-9.145559072494506836e-01
-2.304667472839355469e+00
3.294116735458374023e+00
4.161868095397949219e+00
2.000616550445556641e+00
1.546052575111389160e+00
-1.457840919494628906e+00
-1.965581059455871582e+00
2.180836200714111328e+00
-1.288336217403411865e-01
2.032572746276855469e+00
-1.847520589828491211e+00
-1.618068218231201172e-01
-2.157453060150146484e+00
7.703623771667480469e+00
3.440551757812500000e+00
4.051312923431396484e+00
-1.489845275878906250e+00
-1.501198559999465942e-01
-2.801509797573089600e-01
-2.145305871963500977e+00
6.355263233184814453e+00
3.516847133636474609e+00
2.548313856124877930e+00
-1.185350775718688965e+00
1.739534616470336914e+00
-1.617425441741943359e+00
1.754266738891601562e+00
2.059083700180053711e+00
2.440713405609130859e+00
-8.117039203643798828e-01
3.751879692077636719e+00
8.554472923278808594e-01
2.652078866958618164e+00
-1.229590773582458496e+00
2.392726659774780273e+00
-1.818254351615905762e+00
1.509434580802917480e+00
-8.497780561447143555e-01
6.432440280914306641e-01
-2.356784582138061523e+00
-4.511194229125976562e+00
8.968184590339660645e-01
-3.466588020324707031e+00
-2.279063940048217773e+00
-1.838958978652954102e+00
-2.429888248443603516e+00
3.779785335063934326e-01
1.484330892562866211e+00
-1.135093331336975098e+00
-1.932020306587219238e+00
-2.952959775924682617e+00
-1.178226709365844727e+00
-2.516158819198608398e-01
-2.731270790100097656e+00
-1.275218486785888672e+00
-2.067433357238769531e+00
-1.371057271957397461e+00
-4.713744521141052246e-01
1.336882710456848145e+00
9.499288797378540039e-01
1.414364099502563477e+00
2.088166624307632446e-01
2.453031539916992188e+00
3.041665077209472656e+00
-2.543241977691650391e-01
2.890173196792602539e-01
-2.263395309448242188e+00
3.165165424346923828e+00
1.532216072082519531e+00
-2.296602249145507812e+00
-1.725568532943725586e+00
1.372144520282745361e-01
-2.329872608184814453e+00
-3.502639770507812500e+00
-1.397909283638000488e+00
-9.738790988922119141e-02
-4.444197177886962891e+00
2.067664861679077148e-01
-8.984212279319763184e-01
4.372501850128173828e+00
4.294233798980712891e+00
5.081188201904296875e+00
6.719415187835693359e+00
1.367492824792861938e-01
2.019825458526611328e+00
3.908284187316894531e+00
2.776283979415893555e+00
2.114167451858520508e+00
5.633054256439208984e+00
4.035011768341064453e+00
-1.217369794845581055e+00
3.569666862487792969e+00
3.447690486907958984e+00
2.849151134490966797e+00
4.803622245788574219e+00
-1.076511859893798828e+00
2.381369352340698242e+00
3.414046168327331543e-01
3.338905334472656250e+00
-1.352860927581787109e-01
2.418967723846435547e+00
-1.721780896186828613e+00
-2.154875993728637695e+00
-1.976452708244323730e+00
-1.540152072906494141e+00
5.796513557434082031e-01
-3.916806697845458984e+00
1.551394224166870117e+00
1.649959564208984375e+00
