6.794215440750122070e-01
2.855643033981323242e+00
-8.650571107864379883e-01
-3.419798612594604492e-01
-1.596910953521728516e+00
-2.322730064392089844e+00
-1.853106617927551270e+00
-1.557551622390747070e-01
9.955784082412719727e-01
-2.004928112030029297e+00
-2.505193948745727539e-01
3.823444843292236328e-01
-2.619462609291076660e-01
-3.298246145248413086e+00
-1.121324300765991211e-01
-7.557975053787231445e-01
2.018171548843383789e-01
-7.684782743453979492e-01
-1.287816524505615234e+00
-3.939573764801025391e+00
-4.969995021820068359e+00
-1.421049714088439941e+00
-1.208374857902526855e+00
-2.208607673645019531e+00
-2.693163633346557617e+00
-2.409517765045166016e+00
-4.202933311462402344e+00
-1.951826333999633789e+00
-2.627914190292358398e+00
-3.523569345474243164e+00
-3.329064130783081055e+00
7.091333866119384766e-01
-5.253952503204345703e+00
-2.170430898666381836e+00
-1.519906282424926758e+00
-3.741426467895507812e+00
-3.560430765151977539e+00
-2.512926816940307617e+00
6.477925926446914673e-02
-1.990523934364318848e+00
2.841908693313598633e+00
-4.060950875282287598e-02
1.392566859722137451e-01
-8.650388717651367188e-01
-5.030272006988525391e-01
3.093296289443969727e-01
6.791211962699890137e-01
-1.297253668308258057e-01
-1.394957304000854492e-02
-4.669827938079833984e+00
-2.309266805648803711e+00
-1.611432790756225586e+00
-7.977370023727416992e-01
-1.372677564620971680e+00
9.308710098266601562e-01
2.997790098190307617e+00
1.199367046356201172e+00
-3.747812271118164062e+00
1.605222702026367188e+00
1.312404036521911621e+00
3.818175077438354492e+00
1.516980767250061035e+00
1.430491447448730469e+00
-1.287843346595764160e+00
5.384415626525878906e+00
7.128022909164428711e-01
2.974584698677062988e-01
-6.230636835098266602e-01
-1.164492607116699219e+00
-9.523642063140869141e-02
-1.836200237274169922e+00
-4.408397674560546875e-01
-2.311651945114135742e+00
-1.089613512158393860e-02
8.225083351135253906e-01
-8.916442394256591797e-01
1.231178343296051025e-01
1.658686637878417969e+00
-2.022802114486694336e+00
5.381605029106140137e-02
-1.783777475357055664e-01
-1.150204062461853027e+00
-3.841392397880554199e-01
9.636805057525634766e-01
3.056180000305175781e+00
-2.706277370452880859e+00
1.239861726760864258e+00
-1.581129550933837891e+00
2.142066955566406250e+00
9.625830054283142090e-01
1.248560667037963867e+00
-1.664537906646728516e+00
2.120365381240844727e+00
-1.918977022171020508e+00
1.141402006149291992e+00
-1.060085058212280273e+00
2.454429626464843750e+00
-1.661507844924926758e+00
-2.099876165390014648e+00
-1.824504613876342773e+00
-4.901530742645263672e+00
-3.583374023437500000e+00
-4.522497177124023438e+00
-1.268868923187255859e+00
-3.979624271392822266e+00
-2.832365751266479492e+00
-2.155090570449829102e+00
6.692075729370117188e-01
-9.600106477737426758e-01
3.123779773712158203e+00
-4.453406333923339844e+00
-1.124579071998596191e+00
1.842179894447326660e-01
-1.498073101043701172e+00
-3.269234180450439453e+00
-2.617308139801025391e+00
-3.529594898223876953e+00
2.485428571701049805e+00
-2.985100746154785156e+00
-2.434518575668334961e+00
-4.494832992553710938e+00
-3.213552236557006836e+00
-3.574321508407592773e+00
-3.776460647583007812e+00
-3.560499668121337891e+00
-2.876618385314941406e+00
-1.738439083099365234e+00
-3.320873260498046875e+00
-3.078045845031738281e+00
-2.730741977691650391e+00
-2.925945758819580078e+00
-2.111076354980468750e+00
-6.318039894104003906e-01
-3.053748607635498047e-01
-5.881536006927490234e-02
-1.947582840919494629e+00
-4.419114112854003906e+00
-5.401991844177246094e+00
1.549481153488159180e-01
-3.130962133407592773e+00
-1.533865332603454590e+00
-3.076895713806152344e+00
-1.966130614280700684e+00
-3.727489471435546875e+00
-1.265303850173950195e+00
-1.339531779289245605e+00
-3.880504608154296875e+00
-4.048843383789062500e+00
7.772990465164184570e-01
-2.099546909332275391e+00
-1.232850551605224609e+00
1.358189940452575684e+00
-2.441238403320312500e+00
3.898955881595611572e-02
-2.629877805709838867e+00
-3.089540243148803711e+00
-4.542378187179565430e-01
-1.645843386650085449e+00
-1.118619680404663086e+00
-7.057861089706420898e-01
-3.451767683029174805e+00
4.812309741973876953e-01
-7.262897491455078125e-02
-1.595697045326232910e+00
-1.084350347518920898e+00
-1.912511587142944336e+00
-1.172675848007202148e+00
-2.851938724517822266e+00
-8.813710212707519531e-01
-1.928270816802978516e+00
1.427830696105957031e+00
1.985814332962036133e+00
2.913826227188110352e+00
9.602572321891784668e-01
-3.257967710494995117e+00
-4.855240821838378906e+00
-2.040097475051879883e+00
-1.368815660476684570e+00
8.056898713111877441e-01
-1.303527355194091797e+00
-3.091644287109375000e+00
-1.546881556510925293e+00
7.490888237953186035e-01
-6.907917261123657227e-01
-1.564620614051818848e+00
2.615419387817382812e+00
-1.841432571411132812e+00
-2.252531766891479492e+00
-1.720017194747924805e+00
-1.400824427604675293e+00
-9.213771820068359375e-01
-1.506109535694122314e-01
-2.238081097602844238e-01
-1.530268192291259766e+00
-3.233060836791992188e+00
-2.346247673034667969e+00
-9.726329445838928223e-01
-2.144064426422119141e+00
-4.464931190013885498e-01
1.005774021148681641e+00
-2.815565168857574463e-01
-3.403366804122924805e-01
-8.100587129592895508e-01
2.967792987823486328e+00
1.612391233444213867e+00
-3.545667886734008789e+00
-1.962961912155151367e+00
-1.292100787162780762e+00
-2.271008014678955078e+00
1.986221075057983398e-01
-3.248876810073852539e+00
-1.257246136665344238e+00
2.877807915210723877e-01
-6.008476018905639648e-03
-1.880390644073486328e+00
-1.339509844779968262e+00
-1.608483791351318359e+00
-6.766619682312011719e-01
-1.517952203750610352e+00
2.228195965290069580e-01
-1.805567502975463867e+00
-3.266990184783935547e+00
-1.549070119857788086e+00
2.276051044464111328e-01
-1.999572038650512695e+00
-6.777130365371704102e-01
-2.994363903999328613e-01
-2.867420673370361328e+00
-1.543335676193237305e+00
-1.034087613224983215e-01
1.368758976459503174e-01
-1.620219707489013672e+00
-2.208422660827636719e+00
-2.323176145553588867e+00
4.729286730289459229e-01
-2.234864711761474609e+00
-3.359261989593505859e+00
-4.599134325981140137e-01
-1.897370100021362305e+00
-2.459609985351562500e+00
2.125109195709228516e+00
-1.063424587249755859e+00
5.960794687271118164e-01
-3.565132617950439453e-03
-5.895985603332519531e+00
-2.533860206604003906e+00
-2.831799745559692383e+00
8.795351386070251465e-01
4.395329952239990234e-01
-5.579218268394470215e-03
-1.224854230880737305e+00
2.434790611267089844e+00
-3.181862354278564453e+00
-2.315111756324768066e-01
-5.320285558700561523e-01
1.267965793609619141e+00
-3.149948120117187500e+00
-1.687120318412780762e+00
9.808929562568664551e-01
-9.963202476501464844e-01
-2.884573936462402344e+00
-2.172195672988891602e+00
-1.981900215148925781e+00
-6.540808677673339844e-01
-6.393359899520874023e-01
-8.156889677047729492e-01
-2.692720413208007812e+00
-2.409823179244995117e+00
-1.647055983543395996e+00
-1.829836487770080566e+00
-2.931680440902709961e+00
-1.809226393699645996e+00
-2.023581743240356445e+00
-1.170673012733459473e+00
-2.160995960235595703e+00
-4.179514408111572266e+00
-5.300961017608642578e+00
-1.980006814002990723e+00
-4.165827751159667969e+00
-7.062058448791503906e-01
-2.442790985107421875e+00
9.514930844306945801e-01
-1.116810798645019531e+00
2.942499160766601562e+00
-2.273109912872314453e+00
-2.560230731964111328e+00
-1.350230813026428223e+00
-3.385285854339599609e+00
-1.717728614807128906e+00
-2.338538408279418945e+00
3.426821231842041016e-01
-4.599346160888671875e+00
8.297439813613891602e-01
-2.408918380737304688e+00
-1.871704816818237305e+00
-2.728856086730957031e+00
6.107963919639587402e-01
-4.113391876220703125e+00
-3.421734094619750977e+00
-3.067859172821044922e+00
-1.982913732528686523e+00
1.380123496055603027e+00
-2.875309467315673828e+00
-4.254988670349121094e+00
-3.603034019470214844e+00
-3.076531410217285156e+00
-2.273636102676391602e+00
-3.737683773040771484e+00
-6.785030364990234375e-01
1.323063373565673828e-01
4.199290752410888672e+00
-1.519252657890319824e+00
-2.714002847671508789e+00
2.921323776245117188e-01
2.433494567871093750e+00
5.769130587577819824e-02
8.648234009742736816e-01
-1.725218176841735840e+00
-1.439076304435729980e+00
-2.731237411499023438e-01
-1.505296111106872559e+00
-1.190217256546020508e+00
-2.643597126007080078e-02
-2.156937122344970703e-02
-2.999928951263427734e+00
-2.447458267211914062e+00
-3.849494457244873047e+00
-4.555876255035400391e+00
-5.515221118927001953e+00
-3.244206666946411133e+00
3.856456279754638672e-02
-4.141588211059570312e+00
1.046856641769409180e-01
2.772906303405761719e+00
-5.430114269256591797e+00
-1.944194316864013672e+00
2.123036861419677734e+00
-1.682665109634399414e+00
1.485703587532043457e-01
1.326436042785644531e+00
1.531169414520263672e+00
-5.669674873352050781e-01
-1.148108243942260742e+00
-5.280137062072753906e+00
-3.651575803756713867e+00
-4.542309939861297607e-01
1.411145687103271484e+00
-5.009114742279052734e-03
-1.306333065032958984e+00
2.851395905017852783e-01
2.210637331008911133e-01
-2.526433467864990234e+00
-3.556913375854492188e+00
-8.100802302360534668e-01
4.363011837005615234e+00
-2.579433917999267578e-01
-1.734063386917114258e+00
-5.431686639785766602e-01
1.470978111028671265e-01
3.417974710464477539e-01
-2.426697015762329102e+00
-2.789386987686157227e+00
-4.455031871795654297e+00
-2.978541612625122070e+00
-6.839287281036376953e-02
-2.506651401519775391e+00
-2.164637088775634766e+00
-5.400205135345458984e+00
-5.438322067260742188e+00
-4.726303577423095703e+00
-4.333310127258300781e+00
-3.483338356018066406e+00
-6.045060634613037109e+00
-2.511293649673461914e+00
1.289407759904861450e-01
-4.371059417724609375e+00
-3.617380261421203613e-01
-3.026080608367919922e+00
-2.080523967742919922e+00
-3.276190757751464844e+00
-2.983633279800415039e+00
6.455861926078796387e-01
-8.100723028182983398e-01
1.731207072734832764e-01
-1.129857897758483887e+00
-9.098328948020935059e-01
-3.338655948638916016e+00
-7.923597097396850586e-01
-2.015112400054931641e+00
-9.361231327056884766e-01
-1.411394238471984863e+00
1.671202480792999268e-01
2.222602844238281250e+00
-1.362331867218017578e+00
-1.975207924842834473e+00
-2.267795801162719727e-02
1.035711646080017090e+00
-1.283627748489379883e+00
3.747523546218872070e+00
2.839990615844726562e+00
-3.032053709030151367e+00
1.067347049713134766e+00
1.585352063179016113e+00
-1.013820171356201172e+00
1.378282308578491211e+00
5.494913578033447266e+00
-9.631043672561645508e-01
9.197622537612915039e-03
5.899037122726440430e-01
1.774383664131164551e+00
4.154036521911621094e+00
5.028043746948242188e+00
2.081702947616577148e-01
8.797898888587951660e-01
5.722880363464355469e-02
3.372139334678649902e-01
-3.720833063125610352e+00
5.778515815734863281e+00
7.567748427391052246e-01
2.824717521667480469e+00
-1.434565544128417969e+00
1.843170881271362305e+00
-4.440117359161376953e+00
-6.294459104537963867e-02
3.670582532882690430e+00
5.696191310882568359e+00
-2.926604270935058594e+00
2.108384370803833008e+00
1.730082273483276367e+00
7.892623543739318848e-02
-2.201278209686279297e+00
1.094681859016418457e+00
-1.538637638092041016e+00
1.353240251541137695e+00
1.630702137947082520e+00
4.998579621315002441e-01
3.081602811813354492e+00
-1.790242195129394531e-01
-2.893742084503173828e+00
-1.607278585433959961e+00
-4.246824979782104492e-01
-3.622887134552001953e-01
2.056447982788085938e+00
6.486377716064453125e+00
-1.605505824089050293e+00
-4.153398871421813965e-01
2.260092735290527344e+00
3.251015424728393555e+00
2.327043056488037109e+00
1.121912240982055664e+00
3.605897426605224609e+00
1.196363925933837891e+00
1.300702810287475586e+00
-7.187345623970031738e-01
1.691538333892822266e+00
4.264665126800537109e+00
5.678935348987579346e-02
-5.468297004699707031e-02
-1.042619466781616211e+00
1.913230895996093750e+00
2.879137516021728516e+00
-2.443893194198608398e+00
4.066334247589111328e+00
1.524881839752197266e+00
1.831459045410156250e+00
-3.967113196849822998e-01
-1.173479318618774414e+00
-2.893139362335205078e+00
9.059353470802307129e-01
-1.472631454467773438e+00
1.671974778175354004e+00
-1.851804018020629883e+00
2.816801548004150391e+00
-7.283452749252319336e-01
1.985287666320800781e+00
2.522313833236694336e+00
7.824927568435668945e-01
-4.269124984741210938e+00
6.601099491119384766e+00
-3.119581460952758789e+00
-6.751713752746582031e-01
2.838974952697753906e+00
8.271611928939819336e-01
2.428702831268310547e+00
-2.487072467803955078e+00
-7.291309833526611328e-01
-3.965383052825927734e+00
-4.631376266479492188e-01
2.242524147033691406e+00
3.533358097076416016e+00
5.863596796989440918e-01
-1.708186388015747070e+00
5.802630186080932617e-01
6.499537825584411621e-01
-2.367189407348632812e+00
-9.422907829284667969e-01
1.707719206809997559e+00
1.876120448112487793e+00
1.601253509521484375e+00
1.300150156021118164e-01
4.308598995208740234e+00
1.662529945373535156e+00
5.212525367736816406e+00
9.032922983169555664e-01
1.522278785705566406e-02
-2.592108845710754395e-01
-6.991064548492431641e-01
-1.080940008163452148e+00
6.217373013496398926e-01
9.364436864852905273e-01
1.527912378311157227e+00
-2.581880807876586914e+00
-2.506952524185180664e+00
-6.604668498039245605e-01
-3.448373973369598389e-01
2.903729438781738281e+00
9.147017002105712891e-01
3.793212890625000000e+00
4.590460300445556641e+00
3.064575433731079102e+00
2.213358879089355469e+00
-2.032948017120361328e+00
1.648874878883361816e+00
6.138737201690673828e-01
-3.504851579666137695e+00
2.380336523056030273e+00
-1.295402407646179199e+00
-1.632628202438354492e+00
-2.621288299560546875e+00
-1.513489484786987305e-01
3.018921375274658203e+00
-1.299914836883544922e+00
1.323589324951171875e+00
4.771637916564941406e+00
-3.834513664245605469e+00
-6.225167751312255859e+00
2.361136674880981445e-01
5.424113750457763672e+00
3.739326000213623047e+00
3.602212190628051758e+00
4.259092807769775391e-01
-2.354343414306640625e+00
-8.095192909240722656e-02
-1.761033177375793457e+00
-3.486993551254272461e+00
2.345027923583984375e+00
-1.782291531562805176e-01
-1.368447780609130859e+00
-1.659199833869934082e+00
1.021577453613281250e+01
-6.054825782775878906e+00
-2.362110137939453125e+00
3.431947469711303711e+00
-2.285603880882263184e-01
1.797593235969543457e-01
-1.321414351463317871e+00
3.357729673385620117e+00
1.634647607803344727e+00
-1.713334798812866211e+00
8.054725527763366699e-01
-1.505500912666320801e+00
-9.680575132369995117e-01
6.603043079376220703e-01
2.031123161315917969e+00
5.476331710815429688e-02
2.537580251693725586e+00
-2.274803638458251953e+00
-3.708167791366577148e+00
-1.989576816558837891e+00
2.864783287048339844e+00
7.059372961521148682e-02
-7.225782871246337891e+00
1.696450114250183105e+00
-5.437445044517517090e-01
1.107138872146606445e+00
-2.518036127090454102e+00
1.123212695121765137e+00
-3.241815805435180664e+00
1.191604971885681152e+00
1.147315740585327148e+00
4.170540809631347656e+00
-2.890836596488952637e-01
1.510380983352661133e+00
-3.227828979492187500e+00
5.048082351684570312e+00
2.021646022796630859e+00
9.376630187034606934e-01
-1.414367794990539551e+00
5.744643688201904297e+00
-3.520411252975463867e-01
-9.895610213279724121e-01
5.428905963897705078e+00
-4.903092980384826660e-01
2.255671024322509766e+00
2.498494386672973633e-01
-4.200649261474609375e-02
3.743923902511596680e+00
-1.947723269462585449e+00
1.523261785507202148e+00
5.652762413024902344e+00
3.295291066169738770e-01
2.131650209426879883e+00
-2.809335947036743164e+00
1.056508541107177734e+00
-1.673297762870788574e+00
-1.048287987709045410e+00
2.975873231887817383e+00
2.018460631370544434e-01
2.414496183395385742e+00
1.002326309680938721e-01
3.418141841888427734e+00
6.140365600585937500e+00
-4.676609039306640625e-01
1.319884777069091797e+00
1.061031103134155273e+00
-3.483205556869506836e+00
6.387642621994018555e-01
3.052244186401367188e+00
-6.932433843612670898e-01
4.661767005920410156e+00
1.715590476989746094e+00
1.643726825714111328e+00
-1.439009904861450195e+00
1.640428781509399414e+00
2.603956460952758789e-01
5.821045637130737305e-01
-2.445093870162963867e+00
-5.190810680389404297e+00
3.802643775939941406e+00
-1.401453971862792969e+00
1.246933579444885254e+00
1.259513139724731445e+00
1.208047151565551758e+00
1.509881019592285156e-01
7.615166306495666504e-01
-1.707479715347290039e+00
3.075513601303100586e+00
4.808117389678955078e+00
3.070371627807617188e+00
3.976920366287231445e+00
-1.809168338775634766e+00
1.259307026863098145e+00
2.840082645416259766e-01
-3.985027372837066650e-01
3.871629238128662109e-01
3.378104925155639648e+00
4.867794036865234375e+00
-4.454108476638793945e-01
-1.329620599746704102e+00
-8.364440202713012695e-01
-3.412991523742675781e+00
2.711108446121215820e+00
-6.373993158340454102e-01
-5.989637970924377441e-01
2.413845777511596680e+00
1.247226715087890625e+00
2.081768035888671875e+00
-1.205881118774414062e+00
3.437983751296997070e+00
3.664898157119750977e+00
4.283622264862060547e+00
-1.375833988189697266e+00
-9.830101132392883301e-01
2.314760684967041016e+00
1.625356197357177734e+00
1.730042695999145508e-02
-2.552512645721435547e+00
1.971598505973815918e+00
2.147692680358886719e+00
7.104196071624755859e+00
7.548043131828308105e-01
1.926809787750244141e+00
8.171713829040527344e+00
-2.130809783935546875e+00
-7.841399312019348145e-01
4.604548215866088867e-02
-3.216524839401245117e+00
-1.084474205970764160e+00
-1.500418305397033691e+00
3.355866670608520508e+00
-2.075741767883300781e+00
-1.829098224639892578e+00
-2.605049133300781250e+00
-9.038708806037902832e-01
-7.779429554939270020e-01
-4.600523948669433594e+00
-3.741663217544555664e+00
1.098449945449829102e+00
-8.872182369232177734e-01
1.636177539825439453e+00
-1.622371673583984375e+00
1.230650305747985840e+00
6.018646717071533203e+00
1.319754123687744141e+00
-2.911273956298828125e+00
1.205138921737670898e+00
6.986233711242675781e+00
7.073717713356018066e-01
2.478776693344116211e+00
3.713793039321899414e+00
7.510793209075927734e+00
5.358366966247558594e+00
-3.421897411346435547e+00
3.926527500152587891e-01
2.367663145065307617e+00
-3.105401992797851562e-04
2.870913028717041016e+00
2.211003303527832031e+00
-2.734261035919189453e+00
3.266623973846435547e+00
5.288881778717041016e+00
2.772867679595947266e-02
-1.889241456985473633e+00
2.722084522247314453e+00
1.375074386596679688e+00
-4.022713661193847656e+00
9.442836761474609375e+00
-3.144720077514648438e+00
9.709404706954956055e-01
-3.600249886512756348e-01
-3.346369504928588867e+00
6.434475421905517578e+00
2.376734972000122070e+00
4.423177242279052734e+00
-8.773869276046752930e-01
-1.824419617652893066e+00
-2.048742771148681641e+00
4.086658000946044922e+00
2.285647869110107422e+00
3.073568940162658691e-01
5.030449032783508301e-01
4.401755928993225098e-01
2.792503237724304199e-01
-1.118822455406188965e+00
-3.220946788787841797e+00
8.282490730285644531e+00
-1.827405095100402832e-01
1.667884349822998047e+00
3.458978176116943359e+00
-1.922490745782852173e-01
-1.724483966827392578e+00
3.833629608154296875e+00
1.662786841392517090e+00
1.611705422401428223e+00
-1.931341290473937988e+00
-2.428100585937500000e+00
2.064135551452636719e+00
1.491183042526245117e+00
2.963757038116455078e+00
1.931010365486145020e+00
4.804655075073242188e+00
1.649946689605712891e+00
1.528647065162658691e+00
1.964548826217651367e+00
-2.152720928192138672e+00
9.807956218719482422e-01
9.121744632720947266e-01
3.306208848953247070e-01
1.677029728889465332e-01
-1.528196334838867188e+00
2.770748138427734375e-01
1.412909388542175293e+00
3.676840305328369141e+00
1.871047317981719971e-01
-1.219920635223388672e+00
1.135527372360229492e+00
-4.773256301879882812e+00
3.472151756286621094e+00
1.641452550888061523e+00
1.305558681488037109e+00
8.106257915496826172e-01
-3.290343046188354492e+00
4.185670375823974609e+00
2.401218712329864502e-01
1.163821458816528320e+00
4.361117362976074219e+00
1.664319753646850586e+00
-2.824505329132080078e+00
-6.962153911590576172e-01
-3.197991847991943359e-01
-1.457104444503784180e+00
-1.010893106460571289e+00
6.602853536605834961e-02
6.294535398483276367e-01
-5.754536390304565430e-01
-1.395042061805725098e+00
-2.814621686935424805e+00
1.567537546157836914e+00
9.215017557144165039e-01
1.390783667564392090e+00
1.062105894088745117e-01
1.152784109115600586e+00
7.579639434814453125e+00
1.940585076808929443e-01
6.086443424224853516e+00
8.963239669799804688e+00
4.321129322052001953e+00
1.384813189506530762e+00
-5.898180484771728516e+00
1.144134998321533203e-01
-4.083965301513671875e+00
-9.297372102737426758e-01
6.151184082031250000e+00
4.636758804321289062e+00
2.173705995082855225e-01
1.176067590713500977e+00
2.557735443115234375e+00
2.309959888458251953e+00
2.075883865356445312e+00
-1.849772334098815918e-01
-3.309540987014770508e+00
-1.433344632387161255e-01
-2.657156705856323242e+00
-3.078788518905639648e+00
1.269222736358642578e+00
3.160962104797363281e+00
-2.243453025817871094e+00
1.141120433807373047e+00
3.872554898262023926e-01
-8.086227774620056152e-01
-2.749922037124633789e+00
-3.333458900451660156e-01
3.698818683624267578e+00
2.621531486511230469e-01
5.631933689117431641e+00
6.966215372085571289e-01
-3.993314802646636963e-01
-3.231837034225463867e+00
-3.482351303100585938e-01
-4.620795249938964844e-01
-2.557413101196289062e+00
3.057142019271850586e+00
5.966934204101562500e+00
-3.619533777236938477e-01
2.004239320755004883e+00
-1.623208522796630859e+00
1.782950878143310547e+00
2.425406694412231445e+00
1.718265414237976074e+00
2.859397888183593750e+00
-2.354961633682250977e-02
8.870781660079956055e-01
3.172824144363403320e+00
3.293894529342651367e-01
1.136514902114868164e+00
1.424868583679199219e+00
5.204108953475952148e-01
-2.952405214309692383e+00
-2.445461153984069824e-01
1.128790676593780518e-01
-2.882611453533172607e-01
4.323834896087646484e+00
1.549799203872680664e+00
1.643931984901428223e+00
3.124471664428710938e+00
1.410773515701293945e+00
6.753205060958862305e-01
-1.825915098190307617e+00
7.683408260345458984e+00
1.479334473609924316e+00
-8.528935313224792480e-01
2.079473733901977539e+00
3.417175769805908203e+00
3.667474985122680664e-01
4.009331464767456055e-01
2.161548376083374023e+00
-6.191563606262207031e-01
4.426832199096679688e-01
2.374831199645996094e+00
-4.503033161163330078e-01
-4.926751255989074707e-01
-9.730538129806518555e-01
2.734424352645874023e+00
2.813558816909790039e+00
-3.522239923477172852e+00
6.170444488525390625e-01
2.280462741851806641e+00
-4.448279440402984619e-01
-2.045619964599609375e+00
6.613201141357421875e+00
1.296595811843872070e+00
-2.248394489288330078e-02
2.092812776565551758e+00
5.566061496734619141e+00
1.342724204063415527e+00
1.604548096656799316e+00
-2.545762658119201660e-01
-5.671308040618896484e-01
1.012451052665710449e+00
-2.502265930175781250e+00
2.646031379699707031e+00
-2.789136886596679688e+00
1.887219190597534180e+00
4.245868682861328125e+00
2.525495886802673340e-01
1.358463525772094727e+00
7.536578774452209473e-01
-1.413452029228210449e-01
2.186874389648437500e+00
3.397102653980255127e-01
1.554465770721435547e+00
-2.832962274551391602e+00
2.926384210586547852e+00
-4.449405193328857422e+00
7.673459053039550781e+00
2.304249525070190430e+00
1.292426109313964844e+00
1.673382997512817383e+00
2.572362899780273438e+00
3.738206028938293457e-01
-2.611137151718139648e+00
3.992045640945434570e+00
7.023862838745117188e+00
3.281956434249877930e+00
-6.620401144027709961e-01
4.702022075653076172e+00
3.593217134475708008e+00
2.729401111602783203e+00
6.764433979988098145e-01
8.379426598548889160e-01
-7.335189580917358398e-01
3.399607658386230469e+00
1.757125854492187500e-01
9.981859922409057617e-01
-9.307935237884521484e-01
1.459284722805023193e-01
-3.018345832824707031e+00
2.800776064395904541e-01
-3.341406822204589844e+00
-1.552609324455261230e+00
-5.171864032745361328e+00
-3.020434141159057617e+00
7.296259403228759766e-01
-2.047931671142578125e+00
1.270232200622558594e-01
-3.996080160140991211e+00
-3.267631530761718750e+00
-3.446218490600585938e+00
-1.103131175041198730e+00
-1.321201801300048828e+00
-1.591546297073364258e+00
-3.554451465606689453e+00
-1.275944113731384277e+00
-1.330992460250854492e+00
-1.406378388404846191e+00
-1.836020588874816895e+00
-7.368361949920654297e-01
-1.458190798759460449e+00
1.337712645530700684e+00
1.971297502517700195e+00
5.456979274749755859e+00
3.122733592987060547e+00
2.179402828216552734e+00
2.463629245758056641e+00
2.028697490692138672e+00
-1.976440250873565674e-01
-7.919565439224243164e-01
-2.509236812591552734e+00
1.344651460647583008e+00
-3.989743590354919434e-01
-3.016339302062988281e+00
-2.259947538375854492e+00
-2.374710321426391602e+00
-2.472025871276855469e+00
-3.997670888900756836e+00
-1.600876748561859131e-01
3.288927078247070312e+00
-3.458950757980346680e+00
2.087049007415771484e+00
3.355139791965484619e-01
9.210695266723632812e+00
3.741935253143310547e+00
3.617706537246704102e+00
2.593418836593627930e+00
1.194200217723846436e-01
4.142581462860107422e+00
1.153579473495483398e+00
-1.142760992050170898e+00
4.008942127227783203e+00
6.185792446136474609e+00
4.100506782531738281e+00
-2.688506603240966797e+00
1.389409065246582031e+00
2.170442581176757812e+00
2.246449470520019531e+00
2.265947580337524414e+00
4.162521362304687500e-01
2.134647369384765625e+00
-1.923675298690795898e+00
2.054021835327148438e+00
-3.132131576538085938e+00
-1.716704726219177246e+00
3.051769137382507324e-01
-3.929481983184814453e+00
-1.994481086730957031e+00
-3.305378675460815430e+00
-2.120662689208984375e+00
-1.595286369323730469e+00
4.404297351837158203e+00
6.650633811950683594e+00
