4.521417617797851562e-01
6.991885304450988770e-01
9.046456217765808105e-01
3.755350112915039062e-01
-3.451491594314575195e-01
-1.711972355842590332e+00
-6.010969877243041992e-01
-1.571701526641845703e+00
-1.759519219398498535e+00
-1.262913465499877930e+00
-6.451063156127929688e-01
-1.605345010757446289e+00
-3.837920427322387695e-01
1.127139806747436523e+00
1.981942892074584961e+00
2.041908204555511475e-01
-2.373250007629394531e+00
7.425806522369384766e-01
1.436544060707092285e-01
-1.917678713798522949e+00
-3.430458068847656250e+00
-2.118885755538940430e+00
-4.983424186706542969e+00
-2.535681486129760742e+00
-1.383965134620666504e+00
-4.081528186798095703e+00
-2.269546985626220703e+00
-9.368184804916381836e-01
-1.662934899330139160e+00
-4.456493854522705078e+00
-4.407276630401611328e+00
-1.418984055519104004e+00
-8.506122589111328125e+00
-1.196936011314392090e+00
-2.072885513305664062e+00
-4.246294975280761719e+00
-3.493918657302856445e+00
-2.039980649948120117e+00
-2.710131883621215820e+00
-2.026188373565673828e+00
-2.759957909584045410e-01
-3.519052982330322266e+00
-9.131812453269958496e-01
-4.472412109375000000e+00
-4.498962163925170898e-01
-2.431913137435913086e+00
-3.807078003883361816e-01
-3.302801847457885742e+00
-3.349747061729431152e-01
-3.684527873992919922e+00
-3.649567127227783203e+00
-3.802517890930175781e+00
-9.409221410751342773e-01
-1.045322656631469727e+00
-1.919709086418151855e+00
-6.268705129623413086e-01
-2.020804882049560547e+00
-4.327023983001708984e+00
-1.146514654159545898e+00
-1.336895108222961426e+00
2.282575607299804688e+00
3.992572128772735596e-01
8.418453931808471680e-01
-2.798395156860351562e+00
9.474840164184570312e-01
-1.657591819763183594e+00
-1.526061534881591797e+00
-8.799222111701965332e-02
-5.258786678314208984e-01
-1.252562403678894043e+00
-1.281634092330932617e+00
-3.329054355621337891e+00
-5.546724319458007812e+00
-2.664332628250122070e+00
-2.472999095916748047e+00
-2.596013545989990234e+00
-9.198100566864013672e-01
-1.089116334915161133e-01
-3.279793560504913330e-01
-1.310855865478515625e+00
7.883607149124145508e-01
-9.810386300086975098e-01
-2.299904584884643555e+00
-3.225512981414794922e+00
3.590968132019042969e+00
-3.909636974334716797e+00
-3.698152005672454834e-01
-7.359056472778320312e-01
2.243217706680297852e+00
7.791360020637512207e-01
2.013123512268066406e+00
-1.743140220642089844e+00
2.974160671234130859e+00
-3.312527894973754883e+00
4.673929810523986816e-01
-2.079129219055175781e+00
2.754876136779785156e+00
-1.439781308174133301e+00
-7.405878305435180664e-01
-2.881932258605957031e+00
-2.729439735412597656e+00
-8.712171316146850586e-01
-4.257338523864746094e+00
-2.403318643569946289e+00
-1.381703257560729980e+00
-1.441719055175781250e+00
2.830108404159545898e-01
1.135354757308959961e+00
6.483072042465209961e-01
9.061203598976135254e-01
-3.445909500122070312e+00
1.184239387512207031e+00
-1.205329895019531250e+00
-1.569888830184936523e+00
-1.972580552101135254e+00
-2.735416412353515625e+00
-4.941785335540771484e-01
1.425201892852783203e-01
-1.082695960998535156e+00
-1.823254108428955078e+00
-4.208766937255859375e+00
-2.817677974700927734e+00
-3.378080606460571289e+00
-5.293236255645751953e+00
-2.454411387443542480e-01
-1.795482993125915527e+00
-1.662269473075866699e+00
-9.018490314483642578e-01
-8.471941947937011719e-01
-1.991217374801635742e+00
-1.150678038597106934e+00
-6.561893224716186523e-01
-8.835631608963012695e-02
-1.353990435600280762e+00
-2.682684898376464844e+00
-3.051731586456298828e+00
7.411253452301025391e-01
-1.648487210273742676e+00
-6.651145219802856445e-01
-2.198467493057250977e+00
5.486190319061279297e-01
-9.443076848983764648e-01
-2.356170415878295898e-01
-1.137832522392272949e+00
-2.022094726562500000e+00
-8.435335159301757812e-01
-1.927558898925781250e+00
-8.261081576347351074e-02
-2.905154824256896973e-01
1.325306296348571777e-01
-1.241004467010498047e+00
-2.105015814304351807e-01
-1.822489023208618164e+00
-3.110244870185852051e-01
2.664504051208496094e-01
-9.105399250984191895e-02
1.573933124542236328e+00
-9.243450164794921875e-01
-2.862865209579467773e+00
1.431098103523254395e+00
-2.285942554473876953e+00
2.909536838531494141e+00
4.506221771240234375e+00
-2.946774959564208984e-01
2.723322153091430664e+00
2.710326194763183594e+00
2.657969951629638672e+00
1.105880737304687500e-02
8.240050077438354492e-01
-1.496788263320922852e+00
-1.730407714843750000e+00
2.156751155853271484e+00
1.973241448402404785e+00
-4.090058803558349609e-01
-2.677946090698242188e+00
-1.963317036628723145e+00
-2.131957054138183594e+00
-3.196892023086547852e+00
3.152768850326538086e+00
-1.111750677227973938e-01
-4.847669005393981934e-01
-2.543809652328491211e+00
1.405145168304443359e+00
9.346290230751037598e-01
1.824168324470520020e+00
2.199018716812133789e+00
-2.204754114151000977e+00
6.975103914737701416e-02
-2.691560685634613037e-01
1.183428287506103516e+00
4.453385472297668457e-01
-2.087484598159790039e-01
-7.942891716957092285e-01
-4.344449937343597412e-01
-2.776234865188598633e+00
1.540374159812927246e+00
-1.280899941921234131e-01
3.081012964248657227e+00
1.297044634819030762e+00
2.677495956420898438e+00
-1.902189493179321289e+00
2.812607884407043457e-01
3.348366320133209229e-01
-3.563723564147949219e-01
1.746857166290283203e+00
9.777871966361999512e-01
8.711103796958923340e-01
1.111437082290649414e+00
2.306927442550659180e+00
2.303346395492553711e+00
1.434794425964355469e+00
9.278432726860046387e-01
3.224686682224273682e-01
5.585845112800598145e-01
1.078848123550415039e+00
-2.711673378944396973e-01
4.743179082870483398e-01
5.870655775070190430e-01
3.357088565826416016e-02
1.616929531097412109e+00
-9.175331592559814453e-01
1.193481683731079102e-01
2.348527908325195312e+00
-3.454037904739379883e-01
-1.435850977897644043e+00
2.540881633758544922e-01
-1.944310426712036133e+00
-5.966311693191528320e-01
-2.203570604324340820e+00
8.648079037666320801e-01
9.512017965316772461e-01
-3.916376233100891113e-01
1.568515539169311523e+00
9.481253027915954590e-01
2.716881990432739258e+00
-1.506469011306762695e+00
1.170543789863586426e+00
2.279280900955200195e+00
3.370410919189453125e+00
2.257575988769531250e+00
3.467112541198730469e+00
2.411573410034179688e+00
3.859435558319091797e+00
1.609331607818603516e+00
-4.635146856307983398e-01
3.030483245849609375e+00
-1.597450017929077148e+00
1.451027393341064453e+00
1.223391771316528320e+00
-4.615010321140289307e-02
6.561380624771118164e-01
7.928209304809570312e-01
-2.108641415834426880e-01
1.586802721023559570e+00
3.999702453613281250e+00
2.820895671844482422e+00
5.353158116340637207e-01
1.780837178230285645e+00
1.113001585006713867e+00
-1.654013156890869141e+00
2.649939060211181641e-01
-2.483824253082275391e+00
-1.538764476776123047e+00
2.129268169403076172e+00
3.286583900451660156e+00
1.776479125022888184e+00
-2.216084480285644531e+00
-8.601241111755371094e-01
-4.002461433410644531e+00
-1.154360294342041016e+00
-1.303675293922424316e+00
-1.504577159881591797e+00
-6.084381937980651855e-01
1.031210064888000488e+00
-1.862492859363555908e-01
-4.111607551574707031e+00
-4.322468280792236328e+00
-1.703842639923095703e+00
-3.823565006256103516e+00
-1.933211803436279297e+00
-1.884279727935791016e+00
1.499839067459106445e+00
1.580260515213012695e+00
2.699301242828369141e+00
1.164319634437561035e+00
6.130816340446472168e-01
-3.274134695529937744e-01
-1.016680002212524414e+00
-2.625590085983276367e+00
-3.714184999465942383e+00
-1.372665166854858398e-01
-1.755421876907348633e+00
1.397520601749420166e-01
-2.851607561111450195e+00
-1.213546991348266602e-01
1.338046193122863770e+00
-1.061254739761352539e-02
-4.470303058624267578e+00
-3.993527412414550781e+00
-3.461404800415039062e+00
-2.664639949798583984e+00
-7.312917709350585938e-01
-3.657455444335937500e+00
-2.189087629318237305e+00
-3.976078987121582031e+00
-4.462027072906494141e+00
-2.589114904403686523e+00
-3.582046031951904297e+00
-4.538059234619140625e-03
-9.813697338104248047e-01
3.167712688446044922e-01
-1.023410201072692871e+00
9.021554887294769287e-02
9.112183451652526855e-01
3.834159076213836670e-01
4.678345322608947754e-01
6.438758969306945801e-01
-2.012148380279541016e+00
-4.214600622653961182e-01
4.340294003486633301e-01
-3.228492259979248047e+00
1.266665697097778320e+00
-5.160757303237915039e-01
5.114580392837524414e-01
-1.152663350105285645e+00
2.550193071365356445e-01
-2.534105062484741211e+00
1.911729097366333008e+00
7.606049776077270508e-01
-1.630508542060852051e+00
3.647120237350463867e+00
-5.469426512718200684e-01
1.764076352119445801e+00
2.858356237411499023e+00
-4.640941619873046875e+00
-3.886409759521484375e+00
-1.165966868400573730e+00
-4.666695117950439453e+00
3.571124792098999023e+00
2.583187341690063477e+00
1.080906152725219727e+00
-3.239469051361083984e+00
-5.399618148803710938e+00
-2.273214101791381836e+00
-8.300660848617553711e-01
5.002027153968811035e-01
1.456157416105270386e-01
3.499094247817993164e-01
1.188728094100952148e+00
-8.298658132553100586e-01
-4.249027967453002930e-01
-8.592610955238342285e-01
-1.439662814140319824e+00
-1.510166168212890625e+00
7.801374197006225586e-01
-5.451539754867553711e-01
-2.168242454528808594e+00
-1.026696801185607910e+00
-3.666815757751464844e+00
-1.867748856544494629e+00
-2.383182764053344727e+00
-3.980393409729003906e-01
-2.282788276672363281e+00
-2.121601581573486328e+00
-8.346680402755737305e-01
3.786825537681579590e-01
-2.693361282348632812e+00
-4.559531211853027344e+00
-3.081973552703857422e+00
-1.569308996200561523e+00
-3.656567096710205078e+00
-5.608755350112915039e-01
-4.240071773529052734e+00
-2.251348733901977539e+00
-2.265591382980346680e+00
-3.001812696456909180e+00
-1.413270354270935059e+00
-4.486176490783691406e+00
-2.814225196838378906e+00
-3.941444396972656250e+00
-3.271931648254394531e+00
-2.132683277130126953e+00
-8.262723684310913086e-01
-2.694013118743896484e+00
-3.857774972915649414e+00
1.434366703033447266e+00
2.312513589859008789e-01
-6.660014390945434570e-01
-9.493163824081420898e-01
-2.245215177536010742e+00
-3.763882875442504883e+00
-1.503507137298583984e+00
2.658036231994628906e+00
-1.441200375556945801e+00
-2.796809673309326172e+00
4.239582419395446777e-01
-1.023846387863159180e+00
-4.117826461791992188e+00
2.651414394378662109e+00
3.987841010093688965e-01
-7.104220986366271973e-01
-5.588073730468750000e-01
2.008858203887939453e+00
-2.269526958465576172e+00
1.487291336059570312e+00
1.514495372772216797e+00
-2.193969249725341797e+00
-1.568510770797729492e+00
-4.116337776184082031e+00
-7.903784513473510742e-01
-9.327315092086791992e-01
4.254484653472900391e+00
-1.608882665634155273e+00
-9.837842583656311035e-01
5.461051464080810547e+00
-1.028649091720581055e+00
-2.315690755844116211e+00
6.180729389190673828e+00
5.190875530242919922e-01
4.335265159606933594e-01
-8.555876016616821289e-01
-1.069601297378540039e+00
-8.471552133560180664e-01
-5.974688529968261719e+00
-1.073905467987060547e+00
5.016744613647460938e+00
-3.352449893951416016e+00
5.680322647094726562e+00
-2.770788669586181641e+00
2.656336784362792969e+00
-2.145091772079467773e+00
1.296102046966552734e+00
-2.685829639434814453e+00
1.552023887634277344e+00
6.751146316528320312e+00
-4.018349051475524902e-01
2.781852483749389648e+00
2.740192174911499023e+00
-2.425666570663452148e+00
-2.016408205032348633e+00
-2.947692394256591797e+00
-5.094803810119628906e+00
-2.283205270767211914e+00
5.422803878784179688e+00
-5.661720037460327148e-02
5.123133063316345215e-01
4.310748100280761719e+00
4.595293998718261719e+00
1.141904592514038086e-01
1.661433100700378418e+00
-1.893295526504516602e+00
1.420766830444335938e+00
4.611672878265380859e+00
-3.505957126617431641e-01
-1.772109746932983398e+00
1.816744685173034668e+00
-1.914075136184692383e+00
4.019511699676513672e+00
-5.062861740589141846e-02
4.067464828491210938e+00
3.318682670593261719e+00
9.354874491691589355e-01
5.125730514526367188e+00
1.614002227783203125e+00
5.989379405975341797e+00
-2.365913093090057373e-01
-1.481284737586975098e+00
-2.645714521408081055e+00
-2.484098434448242188e+00
-1.000462412834167480e+00
-1.741288065910339355e+00
-1.157254219055175781e+00
-2.175209522247314453e+00
-4.088760375976562500e+00
7.188572883605957031e+00
-7.116110622882843018e-02
5.782455205917358398e-01
-2.070994377136230469e+00
3.179157733917236328e+00
-1.173589229583740234e+00
-3.359760046005249023e-01
2.653593540191650391e+00
-6.426254510879516602e-01
-5.812817811965942383e-01
-1.833944559097290039e+00
-8.501651287078857422e-01
-2.914014577865600586e+00
1.780792355537414551e+00
-6.813297867774963379e-01
6.839988708496093750e+00
1.194875240325927734e+00
-7.293901920318603516e+00
4.799244403839111328e+00
2.874594926834106445e-01
-3.623603343963623047e+00
-4.133561253547668457e-01
2.853428840637207031e+00
3.407051563262939453e+00
-5.898081064224243164e-01
-8.083907365798950195e-01
-8.083721399307250977e-01
2.639843940734863281e+00
4.031958103179931641e+00
-8.591184020042419434e-01
1.682809948921203613e+00
-3.769337534904479980e-01
-8.208479881286621094e-01
-1.217877030372619629e+00
-2.017711639404296875e+00
1.417779803276062012e+00
1.063384056091308594e+00
8.826989680528640747e-02
-3.812639474868774414e+00
-1.609921693801879883e+00
2.155055761337280273e+00
-1.237744092941284180e+00
7.490725517272949219e-01
1.044338464736938477e+00
2.865571498870849609e+00
1.275030255317687988e+00
2.841722011566162109e+00
-3.555856466293334961e+00
1.880963325500488281e+00
3.754141330718994141e-01
-4.867412745952606201e-01
1.761658668518066406e+00
-2.200489044189453125e+00
-2.088889837265014648e+00
-2.608826398849487305e+00
2.033012390136718750e+00
4.267892837524414062e+00
-1.630192101001739502e-01
-8.830780386924743652e-01
7.296715259552001953e+00
-1.646967649459838867e+00
-5.946409702301025391e+00
8.622397780418395996e-01
3.709619045257568359e-01
2.571724176406860352e+00
4.458034515380859375e+00
6.364750862121582031e-01
2.924420356750488281e+00
8.707593679428100586e-01
2.382705211639404297e-01
-2.944666862487792969e+00
5.290668487548828125e+00
1.003035902976989746e-01
-2.778430938720703125e+00
-2.532021045684814453e+00
6.877758502960205078e+00
-4.477472305297851562e+00
1.400072336196899414e+00
5.230299949645996094e+00
-9.147101640701293945e-02
-1.575627326965332031e-01
-1.699662327766418457e+00
6.983702659606933594e+00
2.979377746582031250e+00
9.771424531936645508e-01
1.288586705923080444e-01
-9.864558577537536621e-01
-3.045312881469726562e+00
4.952768802642822266e+00
2.530403137207031250e+00
2.132782697677612305e+00
9.745700955390930176e-01
-3.053781509399414062e+00
-1.514359116554260254e+00
6.096996068954467773e-01
-1.132709383964538574e+00
-2.920346260070800781e-01
-6.915221214294433594e+00
2.200901508331298828e+00
-3.677167177200317383e+00
1.324829339981079102e+00
-2.490898132324218750e+00
-2.955044269561767578e+00
-1.540839910507202148e+00
2.453682184219360352e+00
1.978897154331207275e-01
2.813548564910888672e+00
6.972746849060058594e-01
-1.959324717521667480e+00
-5.240634441375732422e+00
3.897084712982177734e+00
2.555181980133056641e+00
-2.719002008438110352e+00
1.564185261726379395e+00
7.097601413726806641e+00
-2.031669378280639648e+00
-1.842142641544342041e-02
7.033185005187988281e+00
-2.069229841232299805e+00
-1.425244808197021484e-01
-5.529423952102661133e-01
7.472544908523559570e-01
4.160231351852416992e-02
9.370476007461547852e-01
-2.188127040863037109e+00
4.490329742431640625e+00
-1.081665039062500000e+00
2.772767305374145508e+00
-3.852643251419067383e+00
-2.590790987014770508e-01
2.594004154205322266e+00
3.085602045059204102e+00
1.259084820747375488e+00
-4.551527023315429688e+00
4.274602413177490234e+00
-1.304014921188354492e+00
1.864870309829711914e+00
5.737515449523925781e+00
1.119246482849121094e-01
1.222970247268676758e+00
1.271601080894470215e+00
-5.905159711837768555e-01
3.488222122192382812e+00
1.791749477386474609e+00
1.018405258655548096e-01
2.231018304824829102e+00
6.883972167968750000e+00
-1.048900485038757324e+00
1.385484218597412109e+00
2.907639741897583008e-01
-2.013672590255737305e+00
2.436558008193969727e-01
1.223307132720947266e+00
-1.987016558647155762e+00
6.932925581932067871e-01
1.799775838851928711e+00
4.396523833274841309e-01
2.309949636459350586e+00
-4.361178874969482422e-01
1.288128495216369629e+00
-3.985433876514434814e-01
-4.069455862045288086e-01
6.758610248565673828e+00
3.954115629196166992e+00
2.513980865478515625e+00
3.772203683853149414e+00
-1.184352636337280273e+00
2.056107044219970703e+00
-1.513861894607543945e+00
1.281476259231567383e+00
6.767581105232238770e-01
2.961220026016235352e+00
-1.388616919517517090e+00
6.205562353134155273e-01
-4.647274017333984375e+00
4.889808893203735352e-01
-1.665332674980163574e+00
-6.551648378372192383e-01
-2.175257205963134766e+00
5.201869606971740723e-01
1.695937812328338623e-01
5.712966442108154297e+00
6.444380879402160645e-01
-3.872339963912963867e+00
8.383112907409667969e+00
9.534938931465148926e-01
3.371897220611572266e+00
-2.326144218444824219e+00
1.814915537834167480e-01
1.525921702384948730e+00
1.118188858032226562e+00
-3.870829105377197266e+00
-1.384140133857727051e+00
-2.211343050003051758e+00
-5.140767097473144531e-01
7.913684844970703125e+00
-4.223533630371093750e+00
9.117021560668945312e-01
5.161118030548095703e+00
-2.179712533950805664e+00
-1.148295164108276367e+00
-1.410439610481262207e+00
1.042562723159790039e+00
4.102772474288940430e-01
-1.230052351951599121e+00
1.866253614425659180e+00
1.940290212631225586e+00
1.628169775009155273e+00
5.523735284805297852e-01
1.120498180389404297e-01
-2.360330104827880859e+00
-2.898408174514770508e+00
-3.934374094009399414e+00
-2.182955741882324219e+00
-5.736266970634460449e-01
2.207617759704589844e+00
-2.309273481369018555e-01
-9.001631140708923340e-01
6.393640995025634766e+00
2.075005292892456055e+00
6.503465175628662109e-01
1.296411991119384766e+00
1.344419240951538086e+00
-2.027969807386398315e-01
1.105123519897460938e+00
8.982657194137573242e-01
5.155658721923828125e+00
8.601857185363769531e+00
-3.719224214553833008e+00
3.052825927734375000e-01
1.123475074768066406e+00
-1.661715507507324219e-01
2.756143212318420410e-01
3.804206550121307373e-01
-1.705809593200683594e+00
7.013192176818847656e+00
-1.904114484786987305e+00
2.915514707565307617e-01
-8.932539224624633789e-01
-2.556579709053039551e-01
-8.847860097885131836e-01
-5.163022518157958984e+00
3.279940605163574219e+00
-3.908271789550781250e+00
1.814823865890502930e+00
-7.109712958335876465e-01
-1.885459184646606445e+00
8.769183158874511719e+00
1.510857582092285156e+00
1.883823394775390625e+00
-6.026766896247863770e-01
-1.105756878852844238e+00
-1.527596116065979004e+00
1.116671681404113770e+00
3.167049407958984375e+00
-1.537542343139648438e+00
3.497200608253479004e-01
-2.319254875183105469e-01
-1.361491084098815918e-01
6.242215633392333984e-01
-4.866672515869140625e+00
5.179780960083007812e+00
1.145050525665283203e+00
-1.306949615478515625e+00
-7.579420804977416992e-01
-2.709355354309082031e+00
-4.342607021331787109e+00
6.599383354187011719e+00
2.596498966217041016e+00
3.424849033355712891e+00
-2.305056571960449219e+00
-2.659926414489746094e+00
1.875849485397338867e+00
5.612307786941528320e-01
6.640309810638427734e+00
3.324296236038208008e+00
8.888024330139160156e+00
5.903594493865966797e-01
1.193890213966369629e+00
8.269639015197753906e-01
-1.485482573509216309e+00
1.112343430519104004e+00
1.510010957717895508e+00
-2.990651726722717285e-01
-7.244777083396911621e-01
1.396734416484832764e-01
-1.051619052886962891e+00
1.931702256202697754e+00
-1.344958066940307617e+00
-4.214155375957489014e-01
-2.253143191337585449e-01
-2.837003231048583984e+00
-3.325425386428833008e+00
-9.743419885635375977e-01
1.690969705581665039e+00
1.988870024681091309e+00
1.812132358551025391e+00
-2.623665571212768555e+00
2.669780731201171875e+00
2.510586977005004883e+00
6.351625919342041016e-01
6.469280719757080078e+00
-1.245221853256225586e+00
7.033959627151489258e-01
-3.839993476867675781e-01
-1.164824247360229492e+00
-8.191471099853515625e-01
-1.656478404998779297e+00
2.028432369232177734e+00
3.932372927665710449e-01
-1.424598693847656250e+00
1.123093605041503906e+00
7.290344834327697754e-01
-1.017681479454040527e+00
2.330387234687805176e-01
1.739144802093505859e+00
1.932328581809997559e+00
2.343440532684326172e+00
2.762921810150146484e+00
8.345112204551696777e-01
3.681540966033935547e+00
2.871790170669555664e+00
-2.873116731643676758e-02
4.457142353057861328e+00
3.760063946247100830e-01
2.026599407196044922e+00
-1.459064245223999023e+00
-2.870869159698486328e+00
-2.817702293395996094e+00
1.088578701019287109e-01
-2.693336009979248047e+00
1.852379560470581055e+00
9.011970520019531250e+00
3.518383741378784180e+00
3.627501726150512695e+00
5.627425909042358398e-01
-4.412419319152832031e+00
-8.373652100563049316e-01
2.060551166534423828e+00
-7.312478423118591309e-01
1.289528608322143555e+00
2.344393968582153320e+00
3.244828224182128906e+00
5.495160818099975586e-02
2.988476753234863281e+00
-2.670008540153503418e-01
-5.305334329605102539e-01
2.067993640899658203e+00
-4.789997935295104980e-01
-1.350263595581054688e+00
1.033006954193115234e+01
2.822479248046875000e+00
-2.194254636764526367e+00
-5.636690616607666016e+00
1.602049708366394043e+00
-1.409945487976074219e+00
-3.854361474514007568e-01
5.339658737182617188e+00
1.366015672683715820e+00
-1.172150850296020508e+00
1.038964509963989258e+00
-1.315994262695312500e+00
3.515057325363159180e+00
1.721542477607727051e+00
2.159878730773925781e+00
3.703277349472045898e+00
1.344796121120452881e-01
7.010524272918701172e-01
7.102077007293701172e+00
-1.577849864959716797e+00
7.321326732635498047e-01
3.143074512481689453e-01
-9.731553196907043457e-01
-4.264117240905761719e+00
-1.763982176780700684e-01
1.036135673522949219e+00
2.111688852310180664e+00
2.668996572494506836e+00
1.597694635391235352e+00
1.301922440528869629e+00
3.553679466247558594e+00
6.050789356231689453e-01
-2.121324539184570312e+00
-3.278244733810424805e+00
5.217232227325439453e+00
-1.037003159523010254e+00
-3.769601821899414062e+00
-1.178387403488159180e+00
9.890633821487426758e-01
7.122486829757690430e-01
-2.617119550704956055e-01
1.980696916580200195e+00
4.541337490081787109e-01
2.760255336761474609e-01
1.736270427703857422e+00
2.957555770874023438e+00
-3.971674740314483643e-01
-1.925342679023742676e+00
5.352890491485595703e-02
-1.030262827873229980e+00
-3.834110975265502930e+00
2.028737366199493408e-01
-1.828393220901489258e+00
-1.436702847480773926e+00
-3.950855255126953125e+00
7.687815666198730469e+00
1.054300904273986816e+00
-5.225161314010620117e-01
5.768887400627136230e-01
3.445356130599975586e+00
1.366180479526519775e-01
9.357625007629394531e+00
-1.353532671928405762e-01
-1.799856781959533691e+00
2.342866659164428711e+00
-1.496538758277893066e+00
-1.272158861160278320e+00
-5.549546718597412109e+00
1.944374442100524902e-01
9.037878036499023438e+00
3.733846187591552734e+00
1.073728442192077637e+00
1.218274235725402832e-01
-6.798585653305053711e-01
-6.194835901260375977e-02
-1.459803819656372070e+00
-1.037324905395507812e+00
-3.126037597656250000e+00
2.888569831848144531e+00
-5.776095390319824219e-01
7.697364807128906250e+00
1.006061911582946777e+00
6.009881973266601562e+00
-7.999070286750793457e-01
4.610277175903320312e+00
-2.684505462646484375e+00
1.369019150733947754e-01
7.925448894500732422e+00
2.298813343048095703e+00
2.388700246810913086e+00
-1.777390837669372559e+00
5.544476985931396484e+00
2.240784168243408203e+00
2.145629644393920898e+00
-6.617793440818786621e-01
-4.473936557769775391e-01
-2.557852506637573242e+00
5.168594360351562500e+00
7.047739028930664062e-01
-2.272326707839965820e+00
-3.003655910491943359e+00
-1.125750064849853516e+00
-2.804882049560546875e+00
-2.668763875961303711e+00
-4.624918937683105469e+00
1.019019603729248047e+00
-1.908231735229492188e+00
-2.746543169021606445e+00
3.983215093612670898e-01
-4.436765193939208984e+00
-3.325238704681396484e+00
-6.104852199554443359e+00
-1.615590929985046387e+00
-2.645870447158813477e+00
-1.126394152641296387e+00
-3.401278495788574219e+00
-3.879790782928466797e+00
-4.010003566741943359e+00
-2.492111206054687500e+00
-3.845726490020751953e+00
-3.283693075180053711e+00
-1.825060725212097168e+00
-1.281709671020507812e+00
-6.525167822837829590e-01
-7.415854334831237793e-01
2.632028102874755859e+00
1.829782962799072266e+00
5.904070138931274414e-01
-4.853532314300537109e-01
-1.972791671752929688e+00
1.368942856788635254e-01
-3.312771797180175781e+00
-2.507125616073608398e+00
-3.062935113906860352e+00
3.502520084381103516e+00
-4.331648349761962891e+00
-4.645704269409179688e+00
-3.093236923217773438e+00
-5.515682220458984375e+00
-1.144871830940246582e+00
-5.821193695068359375e+00
-2.572695970535278320e+00
2.753921508789062500e+00
-3.855746030807495117e+00
4.695588350296020508e-01
-2.028241157531738281e+00
3.282634735107421875e+00
3.557762145996093750e+00
7.234572172164916992e-01
4.512834548950195312e+00
-9.183999300003051758e-01
3.826747179031372070e+00
3.062698364257812500e+00
1.467668533325195312e+00
5.976716995239257812e+00
3.450848102569580078e+00
4.553836345672607422e+00
9.580745100975036621e-01
2.681206464767456055e+00
6.356077194213867188e-01
2.983786582946777344e+00
8.593991994857788086e-01
-2.465651988983154297e+00
1.519676208496093750e+00
1.378962844610214233e-01
-1.636411666870117188e+00
-1.469426631927490234e+00
9.928122162818908691e-01
-4.971264600753784180e-01
-3.179467201232910156e+00
-4.644533157348632812e+00
-2.855560302734375000e+00
-2.081952571868896484e+00
-2.142621040344238281e+00
-1.074746966361999512e+00
3.567146301269531250e+00
