5.200995206832885742e-01
2.795534372329711914e+00
-5.156641006469726562e+00
-8.172119259834289551e-01
4.638902544975280762e-01
-1.795312285423278809e+00
-1.236521840095520020e+00
-4.513317108154296875e+00
-1.511799931526184082e+00
8.979729413986206055e-01
4.223687648773193359e-01
-1.958477854728698730e+00
-5.041165351867675781e-01
4.688008129596710205e-01
3.915114998817443848e-01
-2.264809310436248779e-01
-3.165155649185180664e+00
-2.107813358306884766e+00
-7.347772717475891113e-01
-3.328682899475097656e+00
-2.422074556350708008e+00
1.619196832180023193e-01
1.206627488136291504e-01
-7.148172855377197266e-01
8.291025161743164062e-01
-6.032972335815429688e-01
4.111357927322387695e-01
-2.750416278839111328e+00
-8.444488644599914551e-01
-1.754999637603759766e+00
-3.027180433273315430e+00
-1.620573878288269043e+00
-2.729306697845458984e+00
2.964947819709777832e-01
1.100599169731140137e-01
-6.703933477401733398e-01
-8.883662223815917969e-01
3.165727853775024414e-02
2.886734962463378906e+00
-2.637173414230346680e+00
-2.402047157287597656e+00
-1.371223688125610352e+00
-5.060046315193176270e-01
-1.657062053680419922e+00
-2.082544803619384766e+00
5.095208168029785156e+00
-2.517347097396850586e+00
2.505673646926879883e+00
-2.259573340415954590e-01
-5.486116558313369751e-02
2.988493204116821289e+00
-1.219907522201538086e+00
-1.195305585861206055e-01
-1.427032947540283203e+00
3.133056640625000000e+00
1.906787633895874023e+00
1.836915493011474609e+00
-3.103645801544189453e+00
3.497341394424438477e+00
-8.543559312820434570e-01
3.227063655853271484e+00
3.783177375793457031e+00
3.187944173812866211e+00
-7.272235751152038574e-01
7.714838385581970215e-01
4.061365127563476562e+00
4.387447834014892578e+00
1.661555409431457520e+00
3.624317884445190430e+00
9.009946584701538086e-01
7.540385723114013672e-01
-1.462285280227661133e+00
1.345821857452392578e+00
3.688385963439941406e+00
5.059091567993164062e+00
2.347750902175903320e+00
3.262278318405151367e+00
3.796022415161132812e+00
2.009856939315795898e+00
-1.186688184738159180e+00
8.849066495895385742e-01
-1.629199981689453125e+00
2.833716392517089844e+00
-2.488505125045776367e+00
2.847754478454589844e+00
-3.023370742797851562e+00
1.471885204315185547e+00
-2.800613164901733398e+00
-6.769123077392578125e-01
-2.024462074041366577e-01
-6.316645145416259766e-01
-5.642704963684082031e-01
-9.252421855926513672e-01
-1.920789480209350586e-01
-1.756108283996582031e+00
-2.847671985626220703e+00
2.697409629821777344e+00
-8.888509869575500488e-01
-8.763817548751831055e-01
-2.177810668945312500e+00
-5.627908110618591309e-01
9.613609313964843750e-01
-2.978768348693847656e+00
2.308602333068847656e-01
-1.729937076568603516e+00
-1.882305145263671875e+00
-5.785198211669921875e-01
1.922217369079589844e+00
1.920858979225158691e+00
2.665108680725097656e+00
-2.745855331420898438e+00
-1.453950405120849609e-01
-2.441821694374084473e-01
2.799030244350433350e-01
-2.744700908660888672e+00
-1.844912767410278320e-01
2.664943933486938477e-01
2.475985050201416016e+00
-3.870038390159606934e-01
6.292206048965454102e-02
-1.241086483001708984e+00
-9.505558013916015625e-02
4.330799579620361328e-01
-1.816266894340515137e+00
-1.516188263893127441e+00
-4.910700023174285889e-01
-3.240373432636260986e-01
-1.646655321121215820e+00
-1.654704928398132324e+00
-2.134858369827270508e+00
1.795298814773559570e+00
-1.264411449432373047e+00
2.221532344818115234e+00
1.375410556793212891e+00
-1.718200087547302246e+00
1.731914281845092773e-01
-2.722113370895385742e+00
-8.353610038757324219e-01
-5.649474859237670898e-01
-2.185173511505126953e+00
-1.333598017692565918e+00
-3.369755744934082031e+00
-5.693476200103759766e-01
-2.071774959564208984e+00
-3.471322774887084961e+00
-4.065764904022216797e+00
-5.637047290802001953e+00
-3.194447517395019531e+00
-2.300839424133300781e+00
-4.365722537040710449e-01
-3.306253194808959961e+00
1.152993738651275635e-02
-2.642605781555175781e+00
-2.226686179637908936e-01
-3.079024553298950195e+00
-3.720576763153076172e-01
5.727157592773437500e-01
5.455169677734375000e-01
-3.493936955928802490e-01
-6.203442811965942383e-01
9.679444432258605957e-01
-2.233018726110458374e-01
1.329187989234924316e+00
1.834298968315124512e+00
5.127592086791992188e-01
-1.445410132408142090e+00
1.282867193222045898e+00
-3.537997007369995117e-01
-2.199175357818603516e-01
-9.830386638641357422e-01
1.476455926895141602e+00
-8.387917876243591309e-01
-1.790342926979064941e-01
6.189211010932922363e-01
-1.028941512107849121e+00
-7.882465124130249023e-01
-3.003918170928955078e+00
-2.036233663558959961e+00
-3.194919228553771973e-01
-2.280929565429687500e+00
-3.390205621719360352e+00
2.368114948272705078e+00
-2.892534732818603516e-01
-5.681486129760742188e-01
2.289425134658813477e-01
-2.929950952529907227e-01
-1.632940530776977539e+00
-1.096014022827148438e+00
1.608845949172973633e+00
-1.531064629554748535e+00
-1.410467743873596191e+00
1.497598171234130859e+00
2.163796186447143555e+00
2.262828350067138672e-01
-1.521876454353332520e+00
-1.675443053245544434e+00
-1.305655956268310547e+00
1.460372924804687500e+00
-2.197214841842651367e+00
3.573368310928344727e+00
-1.040512323379516602e+00
1.039924383163452148e+00
1.229732990264892578e+00
-1.496893882751464844e+00
7.674893140792846680e-01
-6.853923797607421875e-01
-1.553688526153564453e+00
-3.107692301273345947e-01
-9.712680578231811523e-01
1.583150506019592285e+00
9.554399847984313965e-01
2.398165941238403320e+00
1.069502472877502441e+00
8.765150904655456543e-01
-1.063060283660888672e+00
1.605800390243530273e+00
2.473946571350097656e+00
2.590501785278320312e+00
1.180434465408325195e+00
1.890877604484558105e+00
-3.487211167812347412e-01
1.451600790023803711e+00
-2.127766609191894531e+00
6.691159009933471680e-01
-4.087691307067871094e+00
-3.248241245746612549e-01
2.967062473297119141e+00
-1.755580663681030273e+00
-1.518166661262512207e-01
-9.081724882125854492e-01
-2.143933534622192383e+00
-1.624459505081176758e+00
-2.808319926261901855e-01
-9.058093428611755371e-01
1.299913406372070312e+00
-2.062991619110107422e+00
-3.526155233383178711e+00
6.279307603836059570e-01
-1.406879127025604248e-01
-1.391311645507812500e+00
-4.010390043258666992e-01
-1.559246182441711426e+00
-7.494465112686157227e-01
-1.805844664573669434e+00
-1.829624772071838379e+00
-9.127335548400878906e-01
-1.233714699745178223e+00
2.321265220642089844e+00
1.460349559783935547e-01
-2.298858880996704102e+00
-2.110579013824462891e+00
8.625452518463134766e-01
-1.773037195205688477e+00
-1.112311840057373047e+00
8.677779436111450195e-01
4.613622426986694336e-01
-1.908206701278686523e+00
-9.021465778350830078e-01
-2.028728246688842773e+00
-1.619966506958007812e+00
-2.202539443969726562e+00
-3.221898317337036133e+00
-3.392757177352905273e+00
-1.256119251251220703e+00
2.212270975112915039e+00
8.164990544319152832e-01
1.354606866836547852e+00
-3.576092720031738281e-01
-3.282741069793701172e+00
1.215191006660461426e+00
-4.944533109664916992e-01
-9.668792486190795898e-01
2.435215711593627930e-01
-1.488489210605621338e-01
1.037989616394042969e+00
-3.128336668014526367e-01
-2.389193773269653320e+00
-1.696781277656555176e+00
-2.477442741394042969e+00
-1.240534782409667969e+00
-1.001396536827087402e+00
-9.206002354621887207e-01
1.634959220886230469e+00
1.412460327148437500e+00
-1.566353797912597656e+00
-1.487877607345581055e+00
1.486379623413085938e+00
-1.330676317214965820e+00
-4.310615658760070801e-01
-3.035382926464080811e-01
1.506524085998535156e+00
-1.271240830421447754e+00
2.927370786666870117e+00
-2.258090019226074219e+00
1.442570686340332031e-01
4.161116600036621094e+00
-8.703658580780029297e-01
1.718827009201049805e+00
-2.962226152420043945e+00
-1.647790074348449707e+00
-2.760546684265136719e+00
-7.502242326736450195e-01
-4.282814979553222656e+00
-1.758474230766296387e+00
-1.944928884506225586e+00
-2.770091533660888672e+00
-3.834735393524169922e+00
-1.803608059883117676e+00
1.383742570877075195e+00
1.385974884033203125e+00
-5.138031244277954102e-01
-1.511287689208984375e+00
-3.270990371704101562e+00
1.947064161300659180e+00
3.205207109451293945e+00
-1.567152142524719238e+00
-1.935891389846801758e+00
-1.521086454391479492e+00
-5.058034062385559082e-01
1.621142625808715820e+00
-1.564858436584472656e+00
2.230978012084960938e-01
-1.457719802856445312e-01
1.797905325889587402e+00
-1.492214083671569824e+00
-1.343602657318115234e+00
-3.476392745971679688e+00
1.364484429359436035e-01
8.232504725456237793e-01
7.981838583946228027e-01
1.047142505645751953e+00
1.937783479690551758e+00
1.691331982612609863e+00
-1.989631533622741699e+00
-1.590940237045288086e+00
-3.152866363525390625e+00
-6.134241819381713867e-01
2.627649903297424316e-01
-3.239478111267089844e+00
-1.361919403076171875e+00
1.394316196441650391e+00
2.936884880065917969e+00
1.096796751022338867e+00
-1.024189591407775879e+00
-2.140437126159667969e+00
-3.373940587043762207e-01
-1.068453669548034668e+00
-8.939008712768554688e-01
-1.748705387115478516e+00
-9.133903980255126953e-01
1.379511833190917969e+00
-2.966432332992553711e+00
-1.286118626594543457e+00
-1.206629395484924316e+00
1.748975157737731934e+00
-9.187240600585937500e-01
-9.378823637962341309e-01
6.955507993698120117e-01
7.012248039245605469e-01
5.419623851776123047e-01
-4.201829731464385986e-01
1.579487323760986328e+00
-2.235140800476074219e+00
7.311997413635253906e-01
3.016034364700317383e+00
4.763307273387908936e-01
-8.301550149917602539e-01
-2.776299715042114258e+00
-3.419898748397827148e-01
-8.359175920486450195e-01
-2.892702817916870117e+00
-1.424355387687683105e+00
-4.737664222717285156e+00
-2.601073980331420898e+00
-1.219126462936401367e+00
-3.081878185272216797e+00
-1.304876804351806641e-02
2.895805835723876953e-01
3.701105713844299316e-01
8.537247180938720703e-01
-9.533238410949707031e-01
9.856687784194946289e-01
-1.291503667831420898e+00
3.383987903594970703e+00
-1.417075395584106445e-01
2.233407258987426758e+00
-2.733310222625732422e+00
7.999758720397949219e-01
-9.959452152252197266e-01
-1.852734804153442383e+00
-1.233575344085693359e+00
1.126978754997253418e+00
-1.261046409606933594e+00
2.503015995025634766e-01
3.322434425354003906e-02
-3.023684322834014893e-01
3.248866558074951172e+00
-5.416274070739746094e+00
4.536424160003662109e+00
3.401564598083496094e+00
1.045122265815734863e+00
-1.457917213439941406e+00
-2.758948802947998047e-01
-2.924010992050170898e+00
-2.466333389282226562e+00
2.170813083648681641e+00
-3.746888935565948486e-01
1.228274106979370117e+00
-1.682111263275146484e+00
4.448847293853759766e+00
3.724274158477783203e+00
5.683296203613281250e+00
7.840681076049804688e-02
2.294595241546630859e+00
1.498051285743713379e+00
5.748075246810913086e-01
2.128278911113739014e-01
2.837166070938110352e+00
-2.183427333831787109e+00
3.982989311218261719e+00
1.871355652809143066e+00
-1.827964067459106445e+00
-1.473014116287231445e+00
-2.125087022781372070e+00
1.856742620468139648e+00
-4.687651246786117554e-02
-1.242088675498962402e-01
3.827288746833801270e-01
-1.522180676460266113e+00
1.240170717239379883e+00
-4.188762009143829346e-01
2.990120649337768555e-01
-9.471485614776611328e-01
-4.827039837837219238e-01
4.894524574279785156e+00
1.169110894203186035e+00
1.133145689964294434e+00
3.195831179618835449e-01
-2.442405700683593750e+00
-6.599611043930053711e-01
-2.895109176635742188e+00
-5.809400081634521484e-01
-6.926809549331665039e-01
4.467440605163574219e+00
5.804814100265502930e-01
7.139414548873901367e-01
4.895060539245605469e+00
1.610113978385925293e+00
2.991807699203491211e+00
9.433377981185913086e-01
4.268385887145996094e+00
-9.909089207649230957e-01
1.024129033088684082e+00
-1.772371768951416016e+00
1.135969400405883789e+00
-1.800392866134643555e+00
-1.793901443481445312e+00
2.381455898284912109e+00
-4.477208256721496582e-01
2.174718141555786133e+00
-5.723272562026977539e-01
5.384074449539184570e-01
2.984795093536376953e+00
-7.483187913894653320e-01
4.930589199066162109e+00
2.584900379180908203e+00
-3.016717672348022461e+00
1.607066392898559570e+00
-6.823433637619018555e-01
-3.277617931365966797e+00
-2.631642341613769531e+00
-1.148473024368286133e+00
-4.250771999359130859e-01
-3.054768085479736328e+00
5.524534702301025391e+00
4.288464188575744629e-01
5.239013671875000000e+00
-4.050032615661621094e+00
2.485726833343505859e+00
-2.519767045974731445e+00
-1.074950933456420898e+00
2.596468448638916016e+00
-2.632087945938110352e+00
2.079108476638793945e+00
-4.399394035339355469e+00
-4.088085889816284180e-02
-3.434186279773712158e-01
1.083487749099731445e+00
-2.014011144638061523e-01
2.768258094787597656e+00
3.566211462020874023e-02
-3.308328151702880859e+00
-7.668488025665283203e-01
-2.665099501609802246e-01
2.512646436691284180e+00
4.973028302192687988e-01
1.353110790252685547e+00
1.321783065795898438e-01
-4.706807136535644531e-01
-3.264003992080688477e+00
7.042130231857299805e-01
2.290598392486572266e+00
1.849665164947509766e+00
-1.388484239578247070e+00
4.610719382762908936e-01
-1.780061960220336914e+00
1.213006377220153809e+00
7.515218853950500488e-01
-3.769518613815307617e+00
3.833475589752197266e+00
-1.922655820846557617e+00
-1.331578016281127930e+00
-4.920041561126708984e+00
1.853110790252685547e+00
-1.248938918113708496e+00
1.199178457260131836e+00
-1.556300044059753418e+00
2.632815361022949219e+00
3.186675071716308594e+00
3.182284832000732422e+00
2.942260742187500000e+00
-2.966518700122833252e-01
2.416169643402099609e-01
-1.184386491775512695e+00
-1.294385075569152832e+00
-3.151081323623657227e+00
-1.658190727233886719e+00
-3.544673442840576172e+00
-3.984073400497436523e+00
-5.148620605468750000e-01
3.922775983810424805e+00
-2.947497129440307617e+00
-1.251426935195922852e-01
6.036406993865966797e+00
-1.694128990173339844e+00
-5.940371036529541016e+00
-9.892041683197021484e-01
-4.144888520240783691e-01
1.001827120780944824e+00
4.643836975097656250e+00
1.297275900840759277e+00
-1.768257021903991699e+00
1.319813728332519531e+00
3.531762361526489258e-01
-8.735732436180114746e-01
6.988358497619628906e-01
-6.615914106369018555e-01
-3.726346969604492188e+00
-4.144690513610839844e+00
5.568741321563720703e+00
-6.735294818878173828e+00
-5.415877103805541992e-01
3.310270071029663086e+00
-9.448736310005187988e-01
-1.213264822959899902e+00
-2.297445058822631836e+00
2.609628438949584961e+00
1.709372282028198242e+00
8.061141967773437500e-01
-1.059860706329345703e+00
-7.961661219596862793e-01
-1.097493767738342285e+00
-1.731235235929489136e-01
-1.248088121414184570e+00
2.555809020996093750e-01
2.523896932601928711e+00
-3.866181969642639160e-01
-2.396578073501586914e+00
4.304253101348876953e+00
-2.272218704223632812e+00
1.386150360107421875e+00
-3.486242532730102539e+00
-2.769088447093963623e-01
-1.076016664505004883e+00
-1.634314537048339844e+00
1.355399370193481445e+00
6.500816345214843750e-02
2.839763402938842773e+00
-5.044025182723999023e-01
1.462775230407714844e+00
8.847117424011230469e-01
-4.141708016395568848e-01
1.054664015769958496e+00
-3.060004472732543945e+00
1.215291261672973633e+00
2.366529941558837891e+00
1.197592020034790039e+00
-1.152725338935852051e+00
2.628466367721557617e+00
8.205755949020385742e-01
-3.710762739181518555e+00
5.058452129364013672e+00
-3.438612937927246094e+00
8.688040375709533691e-01
5.681761503219604492e-01
5.090928077697753906e-02
1.192647576332092285e+00
1.850310683250427246e+00
-3.144375085830688477e+00
4.864562988281250000e+00
-8.128857612609863281e-02
1.791697502136230469e+00
-1.273479342460632324e+00
-1.009178400039672852e+00
-3.679377794265747070e+00
1.996853470802307129e+00
-2.306595444679260254e-01
-4.829083979129791260e-01
7.155746817588806152e-01
-1.837251782417297363e+00
3.730279922485351562e+00
8.523438453674316406e+00
-1.397325992584228516e+00
-2.431550741195678711e+00
5.536267280578613281e+00
-2.316048860549926758e+00
5.547249317169189453e+00
2.342440843582153320e+00
-2.424064576625823975e-01
4.689408302307128906e+00
5.088803768157958984e+00
-2.273456752300262451e-01
9.115678071975708008e-02
-2.198632359504699707e-01
-2.372725725173950195e+00
-2.158937692642211914e+00
-3.042492628097534180e+00
-2.153192520141601562e+00
-1.866881847381591797e+00
-2.546965837478637695e+00
-9.844531416893005371e-01
-1.537586688995361328e+00
3.742412924766540527e-01
-1.837377190589904785e+00
1.185860753059387207e+00
-2.224719762802124023e+00
3.020580530166625977e+00
1.879123300313949585e-01
-1.126125007867813110e-01
5.018555521965026855e-01
-2.105697870254516602e+00
1.691804289817810059e+00
6.640132069587707520e-01
-7.477352619171142578e-01
-2.332458496093750000e-01
3.610933065414428711e+00
4.073084831237792969e+00
-4.897186160087585449e-02
-2.056607246398925781e+00
1.549019813537597656e+00
-2.198008537292480469e+00
-7.857784628868103027e-01
3.062269687652587891e+00
1.268997907638549805e+00
-4.314910471439361572e-01
2.955626010894775391e+00
-9.560337066650390625e-01
-1.657850742340087891e-01
7.850954532623291016e+00
3.498725891113281250e+00
-1.134613752365112305e+00
-1.725260376930236816e+00
-1.582135677337646484e+00
6.317300200462341309e-01
8.923257589340209961e-01
-2.875559329986572266e-01
-4.777134418487548828e+00
1.659359216690063477e+00
2.577707290649414062e+00
6.813881397247314453e+00
-1.925720572471618652e-01
1.362618207931518555e+00
-2.469152584671974182e-02
-2.822236537933349609e+00
-5.092867374420166016e+00
-2.831063270568847656e+00
-1.639524221420288086e+00
-1.801917672157287598e+00
-1.927010655403137207e+00
-1.107434988021850586e+00
1.170257329940795898e+00
-1.278748512268066406e+00
5.007935762405395508e-01
2.254105091094970703e+00
-1.344567179679870605e+00
-1.158116459846496582e+00
-5.284994125366210938e+00
8.353931307792663574e-01
-1.389873504638671875e+00
6.566147804260253906e-01
-1.718781232833862305e+00
8.850907683372497559e-01
7.996496558189392090e-01
-2.359595775604248047e+00
-1.873604059219360352e+00
2.629026889801025391e+00
1.385796189308166504e+00
5.438966274261474609e+00
-8.953553438186645508e-01
3.665694952011108398e+00
2.359314918518066406e+00
3.493085145950317383e+00
-1.518741846084594727e+00
1.972035288810729980e+00
2.416379213333129883e+00
-1.809172034263610840e+00
-1.887102723121643066e+00
-2.347562789916992188e+00
-1.828340053558349609e+00
1.496714234352111816e+00
-1.709789514541625977e+00
-5.648435354232788086e-01
-8.337051868438720703e-01
-9.857569336891174316e-01
-2.821609973907470703e+00
-6.315971612930297852e-01
2.204918384552001953e+00
-2.598146915435791016e+00
-2.915118932723999023e+00
-6.210693717002868652e-01
-2.400636434555053711e+00
3.315213441848754883e+00
4.990220069885253906e-02
2.188295364379882812e+00
-1.405959367752075195e+00
-8.367846012115478516e-01
-4.932966709136962891e+00
-6.278975009918212891e-01
2.131899833679199219e+00
-3.100483655929565430e+00
-7.810013294219970703e-01
1.569432020187377930e-01
-9.570196866989135742e-01
2.768688440322875977e+00
-1.371937990188598633e+00
9.363027572631835938e+00
-5.003876686096191406e-01
2.415193915367126465e-01
3.369822025299072266e+00
-5.750368833541870117e-01
-4.605723857879638672e+00
1.165337753295898438e+01
-5.526730418205261230e-02
1.926851511001586914e+00
1.051320075988769531e+00
-3.827776670455932617e+00
2.066151499748229980e-01
4.331068098545074463e-01
2.344310760498046875e+00
-1.013284206390380859e+00
8.764043807983398438e+00
1.921871066093444824e+00
-1.684134125709533691e+00
2.825564861297607422e+00
-1.654308795928955078e+00
2.342461347579956055e-01
2.043072283267974854e-01
-1.388365507125854492e+00
-1.272706270217895508e+00
7.763985991477966309e-01
-2.001228332519531250e+00
-5.134197473526000977e-01
-2.305466890335083008e+00
-1.820607662200927734e+00
7.456591129302978516e-01
-1.852077245712280273e+00
-5.045725107192993164e-01
-2.753903865814208984e+00
1.723512768745422363e+00
6.816171407699584961e-01
-2.398354530334472656e+00
-3.664971590042114258e+00
3.336137771606445312e+00
-8.996130824089050293e-01
1.344064950942993164e+00
7.304228305816650391e+00
2.073319196701049805e+00
-1.742043018341064453e+00
-3.592029094696044922e+00
-1.732269763946533203e+00
-3.293912887573242188e+00
-9.674563407897949219e-01
1.402268648147583008e+00
-1.281174063682556152e+00
-1.406270265579223633e+00
5.194939970970153809e-01
-1.071433782577514648e+00
-1.873504519462585449e-01
2.229364156723022461e+00
1.157869696617126465e+00
1.513260722160339355e+00
1.114997863769531250e+00
1.770763874053955078e+00
4.944532513618469238e-01
1.193121147155761719e+01
-9.635583758354187012e-01
3.162348985671997070e+00
5.474705100059509277e-01
-2.211896419525146484e+00
-7.606489658355712891e-01
8.414080739021301270e-01
-6.496616601943969727e-01
1.150884509086608887e+00
-2.541651010513305664e+00
-3.052358627319335938e+00
3.322620093822479248e-01
4.364447593688964844e+00
-9.155570268630981445e-01
1.541795134544372559e+00
-8.517959713935852051e-01
-7.545499324798583984e+00
-9.217035174369812012e-01
-3.560217618942260742e-01
-6.721982359886169434e-01
-2.530940055847167969e+00
4.807887554168701172e+00
5.710661411285400391e-02
-1.563435316085815430e+00
1.307021260261535645e+00
-2.440881013870239258e+00
-2.174216508865356445e+00
-2.171991109848022461e+00
3.294744014739990234e+00
2.888028025627136230e-01
7.709903717041015625e+00
2.617043972015380859e+00
-2.414082527160644531e+00
-3.353354930877685547e+00
2.380535602569580078e+00
1.226367950439453125e+00
-3.075077772140502930e+00
2.746594905853271484e+00
-9.068085551261901855e-01
-3.918822526931762695e+00
1.822279453277587891e+00
-2.747268676757812500e+00
1.566127181053161621e+00
6.070905923843383789e-01
-1.422961473464965820e+00
3.738060593605041504e-01
1.317832112312316895e+00
4.277112960815429688e+00
3.264540672302246094e+00
-3.211655020713806152e-01
1.539460897445678711e+00
-1.437703967094421387e+00
-2.727458000183105469e+00
-1.319227933883666992e+00
-2.111703395843505859e+00
1.235375642776489258e+00
3.156825304031372070e+00
3.091172218322753906e+00
-1.139002561569213867e+00
7.756277322769165039e-01
5.242085933685302734e+00
-2.434277772903442383e+00
-1.461203575134277344e+00
6.529517769813537598e-01
1.522354006767272949e+00
1.609443724155426025e-01
3.223569989204406738e-01
-7.657684087753295898e-01
-1.367190599441528320e+00
2.823033571243286133e+00
1.380282521247863770e+00
2.976896762847900391e+00
1.359360456466674805e+00
-2.538001060485839844e+00
8.525503873825073242e-01
1.441253423690795898e+00
-2.745214939117431641e+00
-1.353510379791259766e+00
2.510756969451904297e+00
-1.488895535469055176e+00
-4.135314941406250000e+00
1.443006038665771484e+00
4.031790494918823242e-01
-6.149874925613403320e-01
-3.242013216018676758e+00
2.865907430648803711e+00
2.001530647277832031e+00
-1.104906201362609863e+00
7.979007363319396973e-01
1.183170080184936523e+00
8.737602233886718750e-01
8.469831466674804688e+00
-2.313791513442993164e+00
4.254115581512451172e+00
8.277671337127685547e-01
-4.403033852577209473e-01
1.904078722000122070e+00
-2.493652343750000000e+00
4.733708858489990234e+00
4.850661158561706543e-01
4.341728687286376953e+00
-1.541720330715179443e-01
-8.673939108848571777e-01
-1.814761757850646973e+00
-1.507687807083129883e+00
-4.393211007118225098e-02
1.020333766937255859e+00
-3.829704761505126953e+00
2.523827552795410156e-02
-5.478324890136718750e-01
6.142879486083984375e+00
2.640819072723388672e+00
3.678502559661865234e+00
-6.385783553123474121e-01
-8.031721413135528564e-02
-3.162445306777954102e+00
6.275000572204589844e-01
1.004910469055175781e+01
2.383421421051025391e+00
6.553843021392822266e-01
-2.590856790542602539e+00
-1.100128889083862305e-02
-1.727171301841735840e+00
1.330079436302185059e+00
-2.113049745559692383e+00
-6.758654117584228516e-02
-1.848110079765319824e+00
4.563750267028808594e+00
2.334905862808227539e-01
-4.602267444133758545e-01
-2.606008291244506836e+00
-2.165919303894042969e+00
-4.207373142242431641e+00
-2.037033557891845703e+00
-3.716929912567138672e+00
8.912212848663330078e-01
-2.031944274902343750e+00
-6.010795593261718750e+00
2.045544862747192383e+00
-4.201773643493652344e+00
-4.923315048217773438e+00
-4.113492965698242188e+00
7.328399419784545898e-01
-8.209867477416992188e-01
7.571281790733337402e-01
3.121945261955261230e-01
4.187231063842773438e+00
1.330263853073120117e+00
1.271908879280090332e+00
-2.712634086608886719e+00
-3.799278140068054199e-01
-4.417992234230041504e-01
1.586309909820556641e+00
4.203432798385620117e-01
-1.232414722442626953e+00
-3.343178510665893555e+00
4.023764729499816895e-01
-2.580797433853149414e+00
8.698489069938659668e-01
-8.664572834968566895e-01
2.280879974365234375e+00
2.388212203979492188e+00
-1.109863281250000000e+00
-2.582485437393188477e+00
-1.191298365592956543e-01
-1.199991941452026367e+00
-2.786999225616455078e+00
-3.144685983657836914e+00
-4.469859123229980469e+00
-3.479767322540283203e+00
-3.841288328170776367e+00
-6.096390724182128906e+00
9.508900046348571777e-01
-3.572050333023071289e+00
-1.458100795745849609e+00
-4.445627927780151367e-01
2.201416492462158203e+00
3.238643407821655273e-01
3.474775075912475586e+00
2.270232439041137695e+00
-2.852051258087158203e+00
4.885977745056152344e+00
-2.284042835235595703e-01
1.103235244750976562e+00
1.617408156394958496e+00
-1.820430755615234375e-01
4.226164817810058594e-01
1.550464868545532227e+00
1.921097278594970703e+00
1.699874520301818848e+00
2.062998056411743164e+00
4.828804969787597656e+00
-7.073330879211425781e-01
2.521593093872070312e+00
-2.461687088012695312e+00
1.415676236152648926e+00
2.190415143966674805e+00
2.472707271575927734e+00
1.393497586250305176e-01
-1.036294937133789062e+00
-2.149529755115509033e-01
6.396395564079284668e-01
8.353624343872070312e-01
-1.080915570259094238e+00
4.965472221374511719e+00
7.779151201248168945e-01
