1.051972270011901855e+00
4.200370788574218750e+00
-3.706515550613403320e+00
-1.467903494834899902e+00
-2.289463281631469727e+00
-2.115782022476196289e+00
-1.132476925849914551e-01
-1.709435582160949707e-01
-4.631749391555786133e-01
1.076214432716369629e+00
-2.947250008583068848e-01
-3.171570301055908203e+00
-2.117754936218261719e+00
1.035669445991516113e-01
-1.278053998947143555e+00
-1.275589108467102051e+00
-2.882624864578247070e+00
7.083319425582885742e-01
2.639398574829101562e-01
-1.318303346633911133e+00
-4.154662132263183594e+00
-3.704301595687866211e+00
-4.421782016754150391e+00
-1.816547274589538574e+00
3.227879524230957031e+00
1.124378681182861328e+00
2.249341905117034912e-01
-9.395024776458740234e-01
2.919182538986206055e+00
-5.991210937500000000e-01
8.484008908271789551e-01
-5.132013559341430664e-02
-2.168753385543823242e+00
-1.108250617980957031e+00
1.913419723510742188e+00
-1.191139817237854004e+00
1.285021424293518066e+00
3.486884355545043945e+00
3.649240255355834961e+00
-4.757181107997894287e-01
-2.300027847290039062e+00
1.945587396621704102e+00
-6.575787067413330078e-01
5.153748393058776855e-01
3.032438755035400391e+00
3.256287097930908203e+00
3.806383907794952393e-01
2.902117669582366943e-01
8.411214947700500488e-01
-1.096923351287841797e+00
5.173113942146301270e-01
-2.841752529144287109e+00
1.546885967254638672e+00
5.066652774810791016e+00
4.955720424652099609e+00
1.821312904357910156e+00
7.539862632751464844e+00
1.869832754135131836e+00
3.301464080810546875e+00
1.804467439651489258e+00
5.339468002319335938e+00
2.366312026977539062e+00
6.547980785369873047e+00
1.945109009742736816e+00
6.576540470123291016e-01
3.868151903152465820e+00
5.528455257415771484e+00
8.886793851852416992e-01
3.453000545501708984e+00
2.244493961334228516e+00
-4.369196891784667969e+00
-5.748907923698425293e-01
-3.125417828559875488e-01
-5.468996167182922363e-01
1.125935912132263184e+00
3.386133909225463867e-02
3.244911670684814453e+00
4.676234722137451172e-01
1.582093358039855957e+00
5.145881772041320801e-01
-2.231653690338134766e+00
-2.983847141265869141e+00
9.233664274215698242e-01
-1.904816031455993652e+00
2.256154060363769531e+00
-1.724161505699157715e+00
-2.426137924194335938e-01
-7.742505073547363281e-01
-2.565824091434478760e-01
1.358578652143478394e-01
7.044811844825744629e-01
1.643293857574462891e+00
-1.258826613426208496e+00
-1.921164751052856445e+00
-9.330866336822509766e-01
-1.395523548126220703e+00
2.434216976165771484e+00
-2.720338821411132812e+00
-1.517855048179626465e+00
-2.734786033630371094e+00
-3.286309719085693359e+00
5.231976509094238281e-02
-2.062152624130249023e+00
9.145942330360412598e-01
-4.798094928264617920e-01
-5.185410976409912109e-01
-5.038201808929443359e-01
-2.362459450960159302e-01
2.923569202423095703e+00
3.975461721420288086e+00
-6.494328379631042480e-02
5.052794814109802246e-01
-3.481525182723999023e-02
1.099877357482910156e-01
-7.207556962966918945e-01
2.498714447021484375e+00
-1.426342844963073730e+00
3.860854625701904297e+00
-1.601517438888549805e+00
-7.823343873023986816e-01
-4.358849048614501953e+00
-4.089495658874511719e+00
-1.722003340721130371e+00
-2.697024583816528320e+00
-9.304231405258178711e-02
-2.345442295074462891e+00
-1.438261628150939941e+00
-3.073858499526977539e+00
-3.862518787384033203e+00
-2.993046045303344727e+00
-4.615613818168640137e-01
-5.120644569396972656e-01
-6.520740389823913574e-01
-1.864308118820190430e-01
-1.838012933731079102e-01
-2.599553108215332031e+00
-2.981004714965820312e+00
-3.469678640365600586e+00
-3.426098823547363281e+00
-2.309368610382080078e+00
3.659307956695556641e-01
-2.770709514617919922e+00
-3.396909236907958984e+00
-4.480710029602050781e+00
-4.379413127899169922e+00
-3.737001419067382812e+00
-7.717408657073974609e+00
-4.475659847259521484e+00
-9.833230972290039062e-01
5.891323089599609375e-01
-3.570919036865234375e+00
6.113989353179931641e-01
1.437990546226501465e+00
-7.214668393135070801e-01
2.323890686035156250e+00
1.898580074310302734e+00
3.550690174102783203e+00
1.874689340591430664e+00
-6.809288263320922852e-01
-2.632128953933715820e+00
3.003278970718383789e+00
1.252444148063659668e+00
4.508634567260742188e+00
2.394795417785644531e+00
3.374567508697509766e+00
1.944322228431701660e+00
4.409602880477905273e-01
-2.330797672271728516e+00
-1.780147790908813477e+00
-1.892665624618530273e+00
-1.971572160720825195e+00
-1.227123260498046875e+00
-2.281565368175506592e-01
-1.430548667907714844e+00
-2.794324398040771484e+00
-5.835916399955749512e-01
-8.020629882812500000e-01
-2.517357826232910156e+00
2.133744955062866211e-02
-9.150450229644775391e-01
-5.158099174499511719e+00
8.327499628067016602e-01
1.393901944160461426e+00
1.529922723770141602e+00
-2.015901565551757812e+00
1.513629913330078125e+00
1.205769181251525879e+00
2.159733772277832031e-01
-3.432685434818267822e-01
2.949546277523040771e-01
3.752879500389099121e-01
-1.709428191184997559e+00
1.417782545089721680e+00
-4.770761132240295410e-01
-5.797224044799804688e-01
-7.038272619247436523e-01
7.744749784469604492e-01
1.644064784049987793e+00
8.053408861160278320e-01
1.871691048145294189e-01
2.153308629989624023e+00
4.979550361633300781e+00
7.103918194770812988e-01
-9.104636311531066895e-01
1.457430362701416016e+00
2.027940750122070312e+00
-6.688985824584960938e-01
8.001403510570526123e-02
-4.359057247638702393e-01
-1.695773363113403320e+00
-2.239927053451538086e-01
-1.843317747116088867e+00
2.325349092483520508e+00
-1.922873973846435547e+00
8.111999630928039551e-01
2.001266479492187500e+00
1.213607668876647949e+00
3.546336412429809570e+00
3.267509937286376953e+00
1.234771132469177246e+00
-1.201952219009399414e+00
1.212477922439575195e+00
-5.526697635650634766e-02
-1.444264531135559082e+00
-3.491143941879272461e+00
-9.609006643295288086e-01
1.075446903705596924e-01
2.903128266334533691e-01
1.104147195816040039e+00
1.473044037818908691e+00
-1.524011731147766113e+00
4.769701659679412842e-01
1.771685838699340820e+00
9.483124613761901855e-01
1.862906455993652344e+00
-8.214339613914489746e-01
-2.794580459594726562e+00
3.961065292358398438e+00
1.225839376449584961e+00
1.416183471679687500e+00
8.647973537445068359e-01
3.120922088623046875e+00
-1.230859905481338501e-01
-6.940473318099975586e-01
-8.901844024658203125e-01
9.626706838607788086e-01
1.764805793762207031e+00
3.607857704162597656e+00
-8.648294210433959961e-01
1.570223271846771240e-02
-3.272709369659423828e+00
6.611665487289428711e-01
9.171169400215148926e-01
-3.117169141769409180e-01
3.703772068023681641e+00
1.627121210098266602e+00
-1.047944545745849609e+00
1.715687215328216553e-01
-4.675211906433105469e+00
-1.830985546112060547e+00
-2.023639678955078125e+00
-3.240390300750732422e+00
-2.193595647811889648e+00
9.123150110244750977e-01
3.267846345901489258e+00
2.088320732116699219e+00
-9.158694744110107422e-01
-3.530279397964477539e-01
-1.555461168289184570e+00
-2.107260465621948242e+00
-4.052652359008789062e+00
-2.711028337478637695e+00
2.114648222923278809e-01
-2.706525564193725586e+00
-9.251501560211181641e-01
4.221296608448028564e-01
-3.875020980834960938e+00
-1.406961560249328613e+00
-4.017399311065673828e+00
-2.398278713226318359e+00
-1.413829922676086426e+00
1.262420654296875000e+00
3.044251918792724609e+00
1.044360399246215820e+00
2.199643373489379883e+00
4.865929782390594482e-01
-1.594504237174987793e+00
-3.279362916946411133e+00
1.037666201591491699e-01
-3.201695919036865234e+00
3.180924892425537109e+00
-3.436614990234375000e+00
4.541519641876220703e+00
-2.810534000396728516e+00
-3.945245742797851562e+00
1.730258941650390625e+00
-4.315942764282226562e+00
1.188164830207824707e+00
-2.203961372375488281e+00
-2.748842239379882812e+00
-2.313207149505615234e+00
-2.454725742340087891e+00
-1.409123182296752930e+00
-3.393257856369018555e+00
-3.016438007354736328e+00
-2.265755176544189453e+00
-2.790100336074829102e+00
-1.077662825584411621e+00
3.483946323394775391e-01
1.677419424057006836e+00
2.045973539352416992e+00
-6.301839351654052734e-01
-1.537261605262756348e+00
-6.843154430389404297e-01
1.982880830764770508e+00
-3.820487260818481445e-01
-2.638782024383544922e+00
-2.359530448913574219e+00
-6.276599168777465820e-01
-9.792554974555969238e-01
-2.901203393936157227e+00
-6.386299133300781250e-01
-1.241343617439270020e+00
-6.962525844573974609e-02
-2.271285533905029297e+00
-1.585762739181518555e+00
-2.351248264312744141e-01
3.275536298751831055e-01
-8.272163569927215576e-02
-1.537283420562744141e+00
3.800809860229492188e+00
7.951099872589111328e-01
2.338030338287353516e+00
3.668097257614135742e+00
-9.408122301101684570e-02
-1.040001988410949707e+00
-1.303114891052246094e+00
-1.719293892383575439e-01
3.036835432052612305e+00
-2.649340629577636719e+00
5.063842773437500000e+00
1.266277313232421875e+00
2.125801444053649902e-01
-2.163809061050415039e+00
-2.137295961380004883e+00
-2.818647146224975586e+00
-2.308922290802001953e+00
-6.458583831787109375e+00
-4.227350234985351562e+00
-5.871737003326416016e+00
-1.024938583374023438e+00
-2.442900657653808594e+00
-2.354277849197387695e+00
-4.800985336303710938e+00
-4.715692520141601562e+00
-1.737137079238891602e+00
-1.447949886322021484e+00
-7.359101772308349609e-01
3.684695482254028320e+00
1.737950325012207031e+00
-9.326857924461364746e-01
6.407892704010009766e+00
-1.717911511659622192e-01
-2.955615520477294922e-01
9.946146011352539062e-01
-1.351733505725860596e-01
-1.168832182884216309e-01
-3.852352142333984375e+00
-2.028992891311645508e+00
-2.960342645645141602e+00
-1.898967981338500977e+00
-2.072463035583496094e+00
-5.128438949584960938e+00
-1.215457439422607422e+00
-1.275171518325805664e+00
4.179293215274810791e-01
-1.862529158592224121e+00
1.234352707862854004e+00
2.720450758934020996e-01
5.009051561355590820e-01
-1.013155698776245117e+00
4.572086334228515625e-01
-4.088622033596038818e-01
2.617612838745117188e+00
-6.129683256149291992e-01
2.381852865219116211e+00
-3.455295085906982422e+00
6.219449043273925781e-01
-1.085642218589782715e+00
-1.831200599670410156e+00
-4.222708642482757568e-01
-2.104776859283447266e+00
1.276388525962829590e+00
-6.059029698371887207e-01
-4.887699127197265625e+00
-2.021945476531982422e+00
4.177036762237548828e+00
-3.411194801330566406e+00
5.077977180480957031e+00
1.444841146469116211e+00
-1.857972145080566406e+00
-1.007987737655639648e+00
1.234527826309204102e+00
-7.624937534332275391e+00
-4.228487968444824219e+00
-6.946408152580261230e-01
-1.207018256187438965e+00
2.938432991504669189e-02
-1.250130176544189453e+00
-1.156841754913330078e+00
3.213860094547271729e-02
7.223830699920654297e+00
-7.177889347076416016e-03
-7.492868602275848389e-02
4.143583297729492188e+00
1.646301150321960449e+00
-3.885376214981079102e+00
-2.193597406148910522e-01
-4.385135173797607422e-01
6.667882204055786133e-01
-1.244732618331909180e+00
4.723668694496154785e-01
-1.416384696960449219e+00
-2.745443582534790039e+00
5.695912361145019531e+00
-1.060282588005065918e+00
1.418195962905883789e+00
5.387439131736755371e-01
4.481822848320007324e-01
1.230698347091674805e+00
-2.295967817306518555e+00
2.385987192392349243e-01
-3.892704248428344727e+00
2.265271425247192383e+00
5.652953147888183594e+00
3.749257326126098633e+00
5.642389059066772461e-01
-3.997948646545410156e+00
-2.494235038757324219e+00
-3.477369844913482666e-01
-2.457915306091308594e+00
-1.001849412918090820e+00
-4.450518608093261719e+00
8.624773979187011719e+00
2.800998210906982422e+00
-1.093796968460083008e+00
5.834765434265136719e+00
2.673200368881225586e+00
1.064159125089645386e-01
1.309359669685363770e-01
-4.252978265285491943e-01
-2.443649053573608398e+00
3.722646713256835938e+00
-2.528731346130371094e+00
-1.201813101768493652e+00
5.593118667602539062e-01
-3.316431760787963867e+00
5.368698120117187500e+00
2.764101743698120117e+00
-1.096205711364746094e+00
-9.025667905807495117e-01
1.866929829120635986e-01
8.287178874015808105e-01
-3.228799104690551758e-01
5.198470592498779297e+00
9.524986743927001953e-01
-5.457740306854248047e+00
-3.072377920150756836e+00
-2.943711280822753906e+00
1.994228363037109375e-02
-9.325271844863891602e-01
-1.641849517822265625e+00
-3.944142341613769531e+00
5.811634063720703125e-01
5.248406887054443359e+00
-3.285435438156127930e+00
1.879018902778625488e+00
-3.409630537033081055e+00
4.533417701721191406e+00
-3.430934190750122070e+00
2.710142135620117188e+00
2.856109619140625000e+00
8.176352977752685547e-01
-2.094028472900390625e+00
-7.359348297119140625e+00
3.470366954803466797e+00
-3.682074546813964844e+00
4.814453721046447754e-01
-4.002141356468200684e-01
9.833160638809204102e-01
-2.574889063835144043e-01
-5.265193939208984375e+00
5.329333543777465820e-01
-1.990795850753784180e+00
-4.381657540798187256e-01
-5.661935806274414062e-01
5.564461708068847656e+00
-9.468244910240173340e-01
1.098054647445678711e-02
-1.613183736801147461e+00
-4.204354763031005859e+00
1.766999006271362305e+00
2.398405790328979492e+00
-4.764312505722045898e-01
2.886168956756591797e+00
-1.923803091049194336e+00
2.217830896377563477e+00
1.357182383537292480e+00
-1.503660202026367188e+00
4.289268016815185547e+00
-6.986957788467407227e-01
-1.657187104225158691e+00
-4.498810768127441406e+00
-1.386462688446044922e+00
5.578989982604980469e-01
5.091360807418823242e-01
8.738266229629516602e-01
-1.455844879150390625e+00
1.473378539085388184e+00
5.513100624084472656e+00
2.038166522979736328e+00
-3.893182873725891113e-01
2.545727252960205078e+00
-9.170660972595214844e-01
-2.523235797882080078e+00
-2.907248258590698242e+00
-4.125494956970214844e+00
-3.195056676864624023e+00
-3.838241100311279297e+00
1.656984090805053711e+00
2.577564716339111328e-01
-2.058923244476318359e+00
-9.509827494621276855e-01
6.059885501861572266e+00
-1.005311489105224609e+00
-6.816381454467773438e+00
-3.844174146652221680e+00
-2.223000764846801758e+00
-4.195677757263183594e+00
1.074339389801025391e+01
-3.592879295349121094e+00
9.164127707481384277e-01
4.335124492645263672e+00
-1.756864190101623535e-01
-6.515681147575378418e-01
-1.903757929801940918e+00
6.505598425865173340e-01
-2.932086467742919922e+00
-2.940421581268310547e+00
7.031674385070800781e+00
-4.476807594299316406e+00
2.839606285095214844e+00
5.107040405273437500e+00
-1.903137445449829102e+00
-4.772528648376464844e+00
4.283086061477661133e-01
4.949281215667724609e+00
2.510542392730712891e+00
-2.702440261840820312e+00
-2.743699550628662109e+00
-4.684515297412872314e-01
-2.534386157989501953e+00
-1.463203072547912598e+00
-6.590099334716796875e-01
-2.176771163940429688e-01
4.349891662597656250e+00
-1.034045577049255371e+00
1.382803082466125488e+00
-5.187566280364990234e-01
-4.669493436813354492e-01
-2.462194681167602539e+00
-3.008086681365966797e+00
-3.474632799625396729e-01
-3.748555660247802734e+00
-8.637213110923767090e-01
-8.607517480850219727e-01
-2.490818977355957031e+00
2.341180086135864258e+00
5.283925533294677734e-01
-2.450811862945556641e+00
2.963929653167724609e+00
-1.275616288185119629e+00
-9.253648519515991211e-01
-2.850794792175292969e+00
5.498331069946289062e+00
2.234935283660888672e+00
-2.700670719146728516e+00
-3.493643999099731445e-01
2.677144289016723633e+00
7.423447370529174805e-01
-1.128309845924377441e+00
1.283783245086669922e+01
-1.097521543502807617e+00
3.932459950447082520e-01
-4.060232162475585938e+00
-3.576186656951904297e+00
-7.345186471939086914e-01
-3.908882141113281250e-01
-3.516907691955566406e+00
4.546726942062377930e-01
2.492701292037963867e+00
1.140623092651367188e+00
-2.077561140060424805e+00
-2.812721490859985352e+00
-3.165328741073608398e+00
2.751138925552368164e+00
2.863526940345764160e-01
-1.889008581638336182e-01
5.458084106445312500e+00
-2.238040924072265625e+00
4.148132801055908203e+00
6.512018680572509766e+00
5.910675525665283203e-01
1.235255718231201172e+00
4.193987369537353516e+00
-1.847697973251342773e+00
5.592533111572265625e+00
1.566464424133300781e+00
1.124563574790954590e+00
3.478137493133544922e+00
5.963449478149414062e+00
-1.774161696434020996e+00
-1.639032065868377686e-01
4.809081554412841797e-03
-3.456618547439575195e+00
-2.594596385955810547e+00
3.942453265190124512e-01
-2.663974285125732422e+00
-3.613083124160766602e+00
1.658590555191040039e+00
-1.220475912094116211e+00
2.974320173263549805e+00
3.315098047256469727e+00
-9.110609292984008789e-01
-1.352751135826110840e+00
-1.233808994293212891e+00
5.989836692810058594e+00
2.313313007354736328e+00
-1.614003300666809082e+00
1.469504356384277344e+00
3.827254533767700195e+00
-4.217213988304138184e-01
-4.744682312011718750e-01
4.300463199615478516e-01
-9.120659828186035156e-01
3.538697957992553711e-02
5.981808662414550781e+00
2.013984680175781250e+00
-3.356827259063720703e+00
6.501467227935791016e-01
-4.436759471893310547e+00
-1.359162569046020508e+00
3.388127326965332031e+00
-6.363536715507507324e-01
2.682167768478393555e+00
2.955428600311279297e+00
-5.805180668830871582e-01
-1.880133390426635742e+00
7.155385494232177734e+00
5.329922199249267578e+00
7.055469155311584473e-01
-1.966220378875732422e+00
2.393879175186157227e+00
-2.426268339157104492e+00
1.025571823120117188e+00
-1.250687599182128906e+00
-9.316444396972656250e-03
-4.684467613697052002e-02
-1.398893833160400391e+00
3.217308998107910156e+00
-1.260327577590942383e+00
1.044928908348083496e+00
-2.382613658905029297e+00
5.366377234458923340e-01
-2.341790437698364258e+00
-1.384546518325805664e+00
-2.522523641586303711e+00
-2.157586097717285156e+00
-3.597783565521240234e+00
2.784991502761840820e+00
1.169757008552551270e+00
-2.150107383728027344e+00
1.238117337226867676e+00
-1.306760787963867188e+00
-1.084775328636169434e+00
1.773038506507873535e-01
-5.784611701965332031e+00
9.711013734340667725e-02
2.154608964920043945e-01
7.712980508804321289e-01
8.641791343688964844e-02
-9.254032373428344727e-02
5.037720680236816406e+00
-2.602464199066162109e+00
-1.935028076171875000e+00
3.286530017852783203e+00
7.471806526184082031e+00
5.824398040771484375e+00
-2.035655736923217773e+00
6.098756790161132812e-01
6.163105487823486328e+00
1.262703418731689453e+00
-3.937764883041381836e+00
-6.002528667449951172e-01
8.129115700721740723e-01
-2.287962436676025391e-01
6.552267074584960938e-02
9.810050725936889648e-01
-9.275119900703430176e-01
5.943282127380371094e+00
-3.429716825485229492e+00
-5.514101982116699219e-01
-6.229829788208007812e-02
-2.661765575408935547e+00
1.414691805839538574e+00
-2.726614236831665039e+00
1.048431158065795898e+00
-4.359399318695068359e+00
-6.460689544677734375e+00
-3.409887552261352539e-01
-3.644772291183471680e+00
9.928953170776367188e+00
1.351170539855957031e+00
2.075196981430053711e+00
-1.936000704765319824e+00
7.144683599472045898e-01
-4.056133270263671875e+00
-2.306265354156494141e+00
3.112580299377441406e+00
2.634821236133575439e-01
-1.208197832107543945e+00
8.090136051177978516e-01
1.380824565887451172e+00
-1.130431056022644043e+00
-2.120151758193969727e+00
5.109469890594482422e+00
8.598804473876953125e-02
9.329031109809875488e-01
1.529210567474365234e+00
2.060060977935791016e+00
-1.892541170120239258e+00
1.045908927917480469e+01
-2.526278495788574219e-01
4.485214233398437500e+00
-2.778789520263671875e+00
-2.224350690841674805e+00
1.946456909179687500e+00
-1.485544145107269287e-01
3.889176845550537109e+00
2.398252964019775391e+00
9.841389656066894531e+00
-2.046033859252929688e+00
-8.454008102416992188e-01
1.981031537055969238e+00
4.046315252780914307e-01
-3.461261749267578125e+00
2.046544551849365234e+00
1.497734427452087402e+00
-2.700552701950073242e+00
7.130793333053588867e-01
-3.044123649597167969e-01
-1.154184341430664062e-02
-1.667088508605957031e+00
1.751737743616104126e-01
1.012790799140930176e-01
2.907998561859130859e-01
-1.843429446220397949e+00
-4.847556352615356445e-01
2.959636688232421875e+00
1.696984648704528809e+00
-7.853149175643920898e-01
-2.206308126449584961e+00
3.606444358825683594e+00
-7.676996588706970215e-01
1.880365848541259766e+00
7.704797744750976562e+00
-2.568041086196899414e+00
-2.089958190917968750e-01
-9.821161031723022461e-01
-2.926575183868408203e+00
-7.127030372619628906e+00
1.503893733024597168e-02
2.338190555572509766e+00
-1.944327473640441895e+00
-4.019505977630615234e-01
-2.041685581207275391e+00
-8.542316406965255737e-02
2.976926326751708984e+00
-3.083711862564086914e-01
-2.602120041847229004e-01
1.534391283988952637e+00
-3.097518682479858398e+00
1.218002080917358398e+00
6.131539344787597656e+00
1.117696952819824219e+01
-1.880867362022399902e+00
-3.858783245086669922e-01
1.666666150093078613e+00
-1.172033548355102539e+00
1.248135447502136230e+00
-7.357614040374755859e-01
-1.721835136413574219e+00
-5.160494327545166016e+00
-2.635030984878540039e+00
-8.381747603416442871e-01
-1.888308525085449219e+00
5.175591945648193359e+00
-3.296991586685180664e+00
3.474323987960815430e+00
1.691359043121337891e+00
-6.303734779357910156e+00
-2.101008892059326172e+00
-8.589905500411987305e-01
-8.335835337638854980e-01
-2.160998821258544922e+00
5.369040966033935547e+00
2.443722009658813477e+00
-3.033461570739746094e+00
4.030327200889587402e-01
-2.241836190223693848e-01
-2.251925945281982422e+00
-4.752257347106933594e+00
3.137201786041259766e+00
2.820291042327880859e+00
8.298595428466796875e+00
1.300757288932800293e+00
-4.923003017902374268e-01
-3.164070367813110352e+00
1.490349411964416504e+00
-1.765039563179016113e-01
-3.052984237670898438e+00
2.280480146408081055e+00
-3.827085971832275391e+00
-3.868134737014770508e+00
-4.339193105697631836e-01
-2.733880043029785156e+00
1.094406008720397949e+00
3.754125833511352539e-01
9.527547359466552734e-01
-3.067037343978881836e+00
2.155544757843017578e+00
4.048730850219726562e+00
4.322702407836914062e+00
-6.787891983985900879e-01
2.493669986724853516e+00
2.617112636566162109e+00
-3.237219572067260742e+00
-3.194795846939086914e+00
1.725736021995544434e+00
9.123512506484985352e-01
2.628286838531494141e+00
1.072779893875122070e+00
2.851921081542968750e+00
-2.296947717666625977e+00
3.908918619155883789e+00
-5.352135300636291504e-01
-4.517963409423828125e+00
4.595348238945007324e-01
2.491488456726074219e-01
-2.023898601531982422e+00
-8.026470541954040527e-01
2.398358583450317383e+00
-7.912174463272094727e-01
-3.545920252799987793e-01
-1.093663930892944336e+00
2.593520164489746094e+00
-1.083887577056884766e+00
-1.957416772842407227e+00
1.034210109710693359e+01
1.119203090667724609e+00
-1.825574278831481934e+00
-5.478548049926757812e+00
1.000735998153686523e+00
-1.944677829742431641e+00
-3.729293346405029297e+00
-1.782670736312866211e+00
4.210757732391357422e+00
-2.425904273986816406e+00
-5.210274219512939453e+00
7.807986736297607422e-01
2.799507141113281250e+00
-1.702932119369506836e+00
1.617756843566894531e+00
4.727452278137207031e+00
-1.311400651931762695e+00
1.277115535736083984e+01
-4.044603109359741211e-01
1.906410217285156250e+00
-1.510565042495727539e+00
1.600310057401657104e-01
-1.904562115669250488e+00
4.341310262680053711e-01
3.039035797119140625e+00
7.336921215057373047e+00
2.410232067108154297e+00
-5.170578360557556152e-01
2.500020265579223633e+00
2.071784496307373047e+00
-2.544201850891113281e+00
7.760455608367919922e-01
-8.125206232070922852e-01
-3.353309869766235352e+00
1.295339941978454590e+00
-9.540240764617919922e-01
4.388484954833984375e+00
3.134631633758544922e+00
6.284090995788574219e+00
-1.921408891677856445e+00
-1.977391123771667480e+00
-7.986863255500793457e-01
8.174602389335632324e-01
8.870773315429687500e+00
-1.196129798889160156e+00
-1.685228109359741211e+00
-4.215569972991943359e+00
-1.704962253570556641e+00
9.158474206924438477e-01
4.902599334716796875e+00
-6.324883699417114258e-01
2.062678337097167969e-01
-3.435552835464477539e+00
5.166548728942871094e+00
4.658590316772460938e+00
1.288369059562683105e+00
-4.345704317092895508e-01
-1.026969909667968750e+00
-2.940320491790771484e+00
1.098735034465789795e-01
-2.559233188629150391e+00
1.547250986099243164e+00
-2.648147344589233398e+00
-2.906950235366821289e+00
1.438166618347167969e+00
-3.478170394897460938e+00
-1.662158846855163574e+00
-3.406819820404052734e+00
4.003135681152343750e+00
-1.737828254699707031e+00
-1.960522770881652832e+00
-5.860419869422912598e-01
8.645085990428924561e-02
-6.421169042587280273e-01
1.365867853164672852e+00
-2.672635078430175781e+00
4.684075713157653809e-02
-2.788003087043762207e-01
-5.172347426414489746e-01
-8.405433297157287598e-01
-2.302445173263549805e-01
1.423124670982360840e-01
2.399343490600585938e+00
-7.936028838157653809e-01
6.424409151077270508e-01
-7.996803522109985352e-01
1.601317644119262695e+00
-2.336643457412719727e+00
-2.466262578964233398e+00
-6.362825632095336914e-01
-1.824358582496643066e+00
-6.546316742897033691e-01
-1.302999854087829590e-01
-4.705833792686462402e-01
-2.088559627532958984e+00
8.492957949638366699e-01
-4.046313285827636719e+00
-4.972822666168212891e+00
-1.789656877517700195e-01
3.556394577026367188e-02
2.015713930130004883e+00
1.340018033981323242e+00
-1.968129754066467285e+00
1.971244812011718750e-02
-1.216960191726684570e+00
2.763105869293212891e+00
-3.312325477600097656e+00
1.969454288482666016e-01
-2.169157028198242188e+00
-1.814209222793579102e+00
4.345763921737670898e-01
-1.056591391563415527e+00
3.125933647155761719e+00
-2.031874656677246094e+00
2.398003101348876953e+00
1.612432241439819336e+00
-1.608601570129394531e+00
4.168053150177001953e+00
-1.405698299407958984e+00
7.320579290390014648e-01
-2.449881076812744141e+00
-4.321292042732238770e-01
-2.813000679016113281e-01
8.014098405838012695e-01
-8.009349107742309570e-01
9.657568931579589844e-01
-2.433637142181396484e+00
9.187316894531250000e-02
-4.681140184402465820e-03
-4.405808925628662109e+00
-1.663031697273254395e+00
5.304845809936523438e+00
