1.171438574790954590e+00
5.859163761138916016e+00
-1.106446862220764160e+00
-1.604009270668029785e+00
-1.668132185935974121e+00
2.581483840942382812e+00
-2.104079008102416992e+00
-1.497879743576049805e+00
-1.348596215248107910e+00
-1.422704100608825684e+00
1.068938970565795898e+00
2.036086559295654297e+00
-2.014662027359008789e-01
1.462711930274963379e+00
1.647120475769042969e+00
-1.060363531112670898e+00
-2.196193337440490723e-01
2.352172374725341797e+00
-8.602266311645507812e-01
-4.841208457946777344e-02
-4.928650856018066406e+00
-2.721989870071411133e+00
-5.443786621093750000e+00
-4.154304504394531250e+00
-1.986073970794677734e+00
-3.102320194244384766e+00
-1.240728616714477539e+00
-8.433415293693542480e-01
-2.395810365676879883e+00
1.510273933410644531e+00
-1.763942360877990723e+00
-1.299615859985351562e+00
-5.361247539520263672e+00
1.121957778930664062e+00
1.070884108543395996e+00
-8.570446372032165527e-01
3.184409856796264648e+00
-7.314250469207763672e-01
8.396886289119720459e-03
2.993330061435699463e-01
-1.711669564247131348e+00
-9.756590127944946289e-01
-2.464863061904907227e+00
-4.707159996032714844e-01
-7.728312015533447266e-01
-4.236755967140197754e-01
9.595113992691040039e-02
-7.878996133804321289e-01
3.255705237388610840e-01
-5.672257900238037109e+00
-3.742594718933105469e-01
-2.405753135681152344e+00
-9.587132930755615234e-02
4.846463799476623535e-01
3.120451927185058594e+00
2.084601163864135742e+00
3.489174842834472656e+00
-1.172668218612670898e+00
3.001630783081054688e+00
1.876739263534545898e+00
3.547581434249877930e+00
2.240172386169433594e+00
3.649499177932739258e+00
2.813399314880371094e+00
4.843355655670166016e+00
4.233733415603637695e-01
3.555963277816772461e+00
1.031748414039611816e+00
1.695563197135925293e+00
3.489799499511718750e-01
-2.435666561126708984e+00
6.811209321022033691e-01
-2.699161767959594727e+00
1.033695697784423828e+00
8.883792161941528320e-01
-1.846630573272705078e+00
2.729613542556762695e+00
4.123984277248382568e-01
-6.105091571807861328e-01
-1.536367177963256836e+00
-1.803460240364074707e+00
-1.018858075141906738e+00
3.046581745147705078e-01
-1.885021090507507324e+00
2.693023204803466797e+00
-3.243719637393951416e-01
9.622853994369506836e-01
2.056060552597045898e+00
1.237222671508789062e+00
-2.051858901977539062e+00
2.241838693618774414e+00
-6.903083324432373047e-01
-1.682818174362182617e+00
-3.235149621963500977e+00
8.441210389137268066e-01
-1.612107396125793457e+00
1.303598046302795410e+00
8.272470235824584961e-01
2.298542261123657227e+00
-1.712542414665222168e+00
-2.554353952407836914e+00
-5.403623580932617188e+00
-3.830948352813720703e+00
1.524142503738403320e+00
-3.089381456375122070e+00
-9.485954642295837402e-01
-2.298103332519531250e+00
4.008431434631347656e+00
-3.885899782180786133e-01
3.474785089492797852e+00
-4.646032333374023438e+00
-1.538546085357666016e-01
-2.205005168914794922e+00
-2.975178360939025879e-01
-2.761567354202270508e+00
-3.108362197875976562e+00
-1.949749350547790527e+00
3.847024917602539062e+00
-1.082806587219238281e+00
5.048460960388183594e-01
-2.403490543365478516e+00
-2.971698999404907227e+00
-1.754369258880615234e+00
-1.522863268852233887e+00
2.130316734313964844e+00
-8.342728018760681152e-01
-1.108972668647766113e+00
-3.066637039184570312e+00
-2.434340953826904297e+00
-3.883087635040283203e+00
-1.604481458663940430e+00
2.580666542053222656e+00
1.812006235122680664e-01
1.698330283164978027e+00
-7.989392876625061035e-01
-2.674989700317382812e+00
-1.292493581771850586e+00
1.604692935943603516e-01
-4.508305788040161133e-01
-1.165476083755493164e+00
5.643963813781738281e-02
-1.141637802124023438e+00
-2.139056205749511719e+00
-3.815480232238769531e+00
-1.994881629943847656e+00
-3.716662168502807617e+00
-5.859266281127929688e+00
-3.343769550323486328e+00
-1.817898750305175781e+00
4.962049722671508789e-01
-5.182299017906188965e-02
2.662729740142822266e+00
-6.760528087615966797e-01
1.918097972869873047e+00
-1.634162425994873047e+00
1.866663336753845215e+00
5.367889404296875000e-01
9.404826164245605469e-01
1.883167028427124023e+00
-1.402427554130554199e+00
-1.821039676666259766e+00
-2.117222070693969727e+00
1.121763944625854492e+00
-1.890659928321838379e+00
-4.757346510887145996e-01
5.416428446769714355e-01
-2.957903146743774414e-01
8.333671092987060547e-02
-2.057858467102050781e+00
-4.838629662990570068e-01
1.073869824409484863e+00
1.824151277542114258e+00
3.776902437210083008e+00
2.369041442871093750e+00
-3.533693790435791016e+00
-2.697057247161865234e+00
1.101692318916320801e+00
-1.098608493804931641e+00
4.777848124504089355e-01
-3.151529788970947266e+00
-2.822676181793212891e+00
7.478349804878234863e-01
-1.145771294832229614e-01
-1.440987110137939453e+00
-1.797332167625427246e+00
6.356929540634155273e-01
-2.534155130386352539e+00
5.706569552421569824e-01
-2.062357664108276367e+00
-2.049977540969848633e+00
-2.338746070861816406e+00
-1.837283611297607422e+00
2.963221073150634766e-01
5.480679273605346680e-01
-3.040786385536193848e-01
-1.433552026748657227e+00
-1.478073000907897949e+00
-9.544454216957092285e-01
2.439961433410644531e-01
-1.266073465347290039e+00
-4.496410787105560303e-01
4.826319813728332520e-01
-2.494231462478637695e+00
-3.353838324546813965e-01
5.252889990806579590e-01
5.043255686759948730e-01
-5.762443542480468750e-01
-9.514186382293701172e-01
1.584528088569641113e+00
-7.760578393936157227e-02
-7.616287469863891602e-01
4.291570186614990234e-01
-1.272496581077575684e-01
-1.040519475936889648e+00
1.033779144287109375e+00
8.885908722877502441e-01
-2.284259200096130371e-01
-6.166212558746337891e-01
4.589542746543884277e-02
-1.500505208969116211e+00
-2.596992254257202148e+00
-3.063820362091064453e+00
-9.253236055374145508e-01
-9.533220529556274414e-01
-2.908595085144042969e+00
-1.638667821884155273e+00
-3.916112780570983887e-01
-1.840756893157958984e+00
-4.718625068664550781e+00
-1.243444919586181641e+00
-5.985091924667358398e-01
-9.243227243423461914e-01
-1.360968112945556641e+00
-2.939611434936523438e+00
1.683593988418579102e+00
-2.937251806259155273e+00
-1.007932186126708984e+00
1.565774202346801758e+00
-5.194233655929565430e-01
-1.976722240447998047e+00
1.548999905586242676e+00
1.752781867980957031e-01
-1.636557459831237793e+00
-2.307739973068237305e+00
-2.305891513824462891e+00
-2.094999074935913086e+00
-1.022297859191894531e+00
7.431278824806213379e-01
1.183577895164489746e+00
-4.924418926239013672e-01
-6.502908468246459961e-02
8.727592229843139648e-02
-1.096434831619262695e+00
4.708221554756164551e-01
7.516772747039794922e-01
-1.934623956680297852e+00
-2.680682420730590820e+00
-2.998961687088012695e+00
-3.258135318756103516e+00
-8.519614934921264648e-01
-3.178381919860839844e+00
-4.376255989074707031e+00
-2.507143616676330566e-01
1.916362792253494263e-01
1.183303594589233398e+00
-1.420997262001037598e+00
-2.712003231048583984e+00
-3.660233497619628906e+00
-1.058322072029113770e+00
-1.839834570884704590e+00
-2.942032098770141602e+00
-3.675890207290649414e+00
-2.740412235260009766e+00
-1.766167998313903809e+00
-1.403072953224182129e+00
-2.069834232330322266e+00
-5.706270217895507812e+00
-5.299227833747863770e-01
-4.123075008392333984e+00
1.574069559574127197e-01
-1.798821926116943359e+00
2.785308599472045898e+00
-1.970195174217224121e-01
4.146814823150634766e+00
3.938381373882293701e-01
-1.394425392150878906e+00
-1.402157902717590332e+00
-4.607728958129882812e+00
-2.990650892257690430e+00
-3.877948284149169922e+00
-1.074099302291870117e+00
-7.860980033874511719e+00
8.249441385269165039e-01
-4.211525440216064453e+00
-5.428241729736328125e+00
-3.067780494689941406e+00
-1.663575172424316406e+00
-3.297406673431396484e+00
-6.635798215866088867e-01
-2.466637611389160156e+00
-3.353219985961914062e+00
-1.525400161743164062e+00
-3.526232242584228516e+00
-4.187847137451171875e+00
-2.783762454986572266e+00
-3.698561668395996094e+00
-3.405882358551025391e+00
-5.945840477943420410e-01
-1.520472764968872070e+00
-1.270938396453857422e+00
1.639407753944396973e+00
-2.909096240997314453e+00
-1.850783228874206543e+00
-1.800382852554321289e+00
9.322535991668701172e-02
-2.147727489471435547e+00
-3.446111679077148438e+00
-4.375207901000976562e+00
-5.508568286895751953e-01
2.956920862197875977e-02
-1.537928581237792969e+00
-3.980398178100585938e-03
3.210154771804809570e-01
-1.212170839309692383e+00
-2.896144151687622070e+00
-5.399088859558105469e-01
-5.215563774108886719e-01
-2.234158039093017578e+00
-4.959040880203247070e-01
-2.710997104644775391e+00
2.722856283187866211e+00
1.097935199737548828e+00
1.054509282112121582e+00
3.400508642196655273e+00
-3.804155588150024414e+00
-1.402425646781921387e+00
-3.377589702606201172e+00
-5.197246670722961426e-01
3.045439720153808594e+00
-5.567875385284423828e+00
-1.210967898368835449e+00
-1.567829012870788574e+00
-3.774050235748291016e+00
-5.797175884246826172e+00
-2.110911369323730469e+00
-5.708336353302001953e+00
-3.199542045593261719e+00
-4.895001411437988281e+00
-6.695333480834960938e+00
-5.665919780731201172e+00
-2.946646928787231445e+00
-5.707027435302734375e+00
-3.314652442932128906e+00
-4.430760860443115234e+00
-4.240147113800048828e+00
-3.947086334228515625e+00
-1.602096319198608398e+00
5.267889797687530518e-02
1.397369384765625000e+00
3.874187171459197998e-02
-1.554495096206665039e+00
-3.573599457740783691e-01
-3.786231040954589844e+00
-1.578747153282165527e+00
-9.631482362747192383e-01
-1.314095020294189453e+00
-5.672140121459960938e+00
-4.505275726318359375e+00
-5.398591995239257812e+00
-4.348860263824462891e+00
-3.788507699966430664e+00
-3.783919811248779297e+00
-6.065804004669189453e+00
-3.579344987869262695e+00
-3.659579515457153320e+00
-3.823855876922607422e+00
-2.794071674346923828e+00
-2.273600339889526367e+00
-2.756104469299316406e+00
-4.488232135772705078e+00
-3.092650651931762695e+00
-1.172834396362304688e+00
-6.977583765983581543e-01
-6.128139495849609375e-01
-4.077390670776367188e+00
-3.371534585952758789e+00
-4.303105354309082031e+00
-2.575280189514160156e+00
-2.451840877532958984e+00
-2.206182956695556641e+00
-1.187775850296020508e+00
-3.553909778594970703e+00
3.160827636718750000e+00
-1.452332019805908203e+00
-1.528709173202514648e+00
7.335926890373229980e-01
3.649979114532470703e+00
9.960078001022338867e-01
2.998688220977783203e+00
2.542849540710449219e+00
1.756386309862136841e-01
-2.443328857421875000e+00
-1.156476214528083801e-01
-4.416031837463378906e+00
-1.252343177795410156e+00
1.491762250661849976e-01
-1.037771940231323242e+00
-1.219166040420532227e+00
-1.651364922523498535e+00
6.935200691223144531e-01
-2.088963985443115234e+00
4.526139259338378906e+00
-8.785438537597656250e-02
-2.877936601638793945e+00
1.891607761383056641e+00
1.706569194793701172e+00
-9.424443840980529785e-01
3.843846797943115234e+00
9.693835377693176270e-01
1.195530414581298828e+00
-1.955139338970184326e-01
1.569061040878295898e+00
-1.223074495792388916e-01
-9.672735333442687988e-01
1.140567779541015625e+00
3.357458114624023438e-01
-6.448794603347778320e-01
1.036754846572875977e+00
-1.335140347480773926e+00
2.184813499450683594e+00
-2.277837753295898438e+00
1.980402708053588867e+00
-3.466963529586791992e+00
2.596120834350585938e+00
5.223330497741699219e+00
4.609186649322509766e+00
2.235917568206787109e+00
7.885077595710754395e-01
-5.556479692459106445e-01
-1.461978197097778320e+00
-5.691610574722290039e-01
-5.113959312438964844e-02
-5.115347862243652344e+00
4.577526092529296875e+00
-2.879226684570312500e+00
-8.157348632812500000e-02
4.071728229522705078e+00
1.575268149375915527e+00
-6.936528682708740234e-01
6.455122232437133789e-01
2.345406532287597656e+00
-1.476241827011108398e+00
1.811605453491210938e+00
4.327966868877410889e-01
-1.703207969665527344e+00
-1.088280677795410156e+00
1.979101151227951050e-01
2.087852716445922852e+00
-1.045924186706542969e+00
3.359102487564086914e+00
1.966414570808410645e+00
-2.012392759323120117e+00
6.285150647163391113e-01
2.111692428588867188e+00
1.550776004791259766e+00
-7.315196990966796875e-01
8.336198329925537109e-01
-3.514930963516235352e+00
-1.346222162246704102e+00
8.557749986648559570e-01
1.036862611770629883e+00
-2.539031028747558594e+00
-2.254386901855468750e+00
1.164290308952331543e+00
2.073507905006408691e-01
6.427382826805114746e-01
2.660936832427978516e+00
-6.718009710311889648e-01
2.906453609466552734e+00
-2.686131238937377930e+00
9.561026096343994141e-01
2.493252754211425781e+00
2.172704458236694336e+00
-4.295344650745391846e-01
-3.019179821014404297e+00
6.138189792633056641e+00
-3.180978059768676758e+00
3.031815290451049805e-01
3.359041929244995117e+00
-5.833091735839843750e-01
-1.208183526992797852e+00
-3.583763837814331055e+00
2.265304088592529297e+00
-4.207707345485687256e-01
-4.453938603401184082e-01
2.346895217895507812e+00
-3.896980285644531250e-01
-1.058582067489624023e+00
4.849539101123809814e-01
1.374807834625244141e+00
-3.247980117797851562e+00
5.373549461364746094e-01
1.223902225494384766e+00
2.908828020095825195e+00
4.679212093353271484e+00
2.538409948348999023e+00
1.129766464233398438e+00
-1.925006508827209473e+00
-2.926010489463806152e-01
2.077392935752868652e-01
1.022749900817871094e+00
-7.049732804298400879e-01
-1.869462490081787109e+00
4.955091476440429688e-01
1.315717697143554688e-01
1.224877357482910156e+00
3.162974119186401367e+00
-8.667244315147399902e-01
3.645885944366455078e+00
2.172282934188842773e+00
4.156574726104736328e+00
-2.174290716648101807e-01
7.438944578170776367e-01
-1.581852674484252930e+00
-5.094871520996093750e+00
-1.967568397521972656e+00
2.698774337768554688e+00
1.737429738044738770e+00
-4.696350693702697754e-01
2.907375812530517578e+00
4.378171920776367188e+00
-1.931841135025024414e+00
4.269301891326904297e+00
4.642156124114990234e+00
-1.497539997100830078e+00
-1.187926530838012695e+00
1.242374181747436523e+00
1.702785491943359375e+00
8.322583436965942383e-01
3.865533590316772461e+00
2.299289703369140625e-01
2.331669807434082031e+00
2.543367862701416016e+00
8.882349133491516113e-01
-7.293149828910827637e-01
5.472216129302978516e+00
-1.234592199325561523e+00
-1.206400156021118164e+00
-8.693654537200927734e-01
6.622317314147949219e+00
-4.647022724151611328e+00
3.765103816986083984e+00
3.440910816192626953e+00
-1.498530149459838867e+00
-1.567187309265136719e+00
-6.743434667587280273e-01
1.583273053169250488e+00
4.093987464904785156e+00
-1.463239431381225586e+00
-6.587632298469543457e-01
8.277099132537841797e-01
2.438078522682189941e-01
1.318517208099365234e+00
7.614910602569580078e-01
1.135007143020629883e+00
5.044101715087890625e+00
1.278312563896179199e+00
2.779100894927978516e+00
-3.530572652816772461e-01
-2.345690250396728516e+00
3.150554895401000977e-01
-4.195586204528808594e+00
3.441691875457763672e+00
1.347137928009033203e+00
-2.488622665405273438e-01
-1.186840295791625977e+00
-3.442267179489135742e-01
1.942128419876098633e+00
-1.138404011726379395e+00
1.379826068878173828e+00
-2.263057708740234375e+00
9.127039909362792969e-01
-1.290805697441101074e+00
1.874030977487564087e-01
5.044630050659179688e+00
6.451073169708251953e+00
-1.748493790626525879e+00
1.271698117256164551e+00
9.199877738952636719e+00
2.151202678680419922e+00
-5.064929723739624023e-01
8.717401504516601562e+00
-1.592998027801513672e+00
2.127981424331665039e+00
8.326208591461181641e-01
-2.007329940795898438e+00
-1.942318677902221680e-01
-7.111941576004028320e-01
6.243457794189453125e-01
-2.440404891967773438e-02
6.785898208618164062e-01
1.601154327392578125e+00
-3.184040784835815430e+00
-4.414146423339843750e+00
2.010592699050903320e+00
-3.457326292991638184e-01
4.930141448974609375e+00
-1.391294598579406738e+00
7.119773626327514648e-01
-3.293805122375488281e+00
4.153059482574462891e+00
6.225427627563476562e+00
-1.677825212478637695e+00
-3.061679363250732422e+00
2.604682683944702148e+00
4.408568143844604492e-03
5.370474338531494141e+00
4.145513057708740234e+00
2.368432521820068359e+00
9.825031161308288574e-01
3.191207408905029297e+00
-2.223499119281768799e-01
6.980243921279907227e-01
-1.390430331230163574e-01
-1.613589763641357422e+00
-2.827749252319335938e-01
1.199259996414184570e+00
1.702032387256622314e-01
6.402638554573059082e-01
2.219599962234497070e+00
-4.499482512474060059e-01
4.249446868896484375e+00
2.981681346893310547e+00
3.661156654357910156e+00
-1.746142387390136719e+00
1.542286634445190430e+00
5.333238124847412109e+00
-6.011096835136413574e-01
-6.946713924407958984e-01
1.212172031402587891e+00
-1.768181800842285156e+00
2.027592897415161133e+00
-2.802850008010864258e-01
1.413787126541137695e+00
-3.991894721984863281e-01
1.041896343231201172e+00
2.724061965942382812e+00
3.469454288482666016e+00
-2.137581706047058105e-01
-3.820493698120117188e+00
-7.545872926712036133e-01
2.579735040664672852e+00
-8.835606575012207031e-01
1.027897238731384277e+00
7.988592237234115601e-02
8.780592679977416992e-01
1.783825039863586426e+00
-3.351418972015380859e+00
1.408415079116821289e+00
4.904645442962646484e+00
1.051567792892456055e+00
-1.690208315849304199e+00
-1.154008865356445312e+00
-3.570872783660888672e+00
2.111647844314575195e+00
-3.607718348503112793e-01
3.075570106506347656e+00
1.219067215919494629e+00
4.260179996490478516e-01
5.678137779235839844e+00
-2.179584741592407227e+00
6.584674119949340820e-01
2.613095045089721680e-01
7.491424083709716797e-01
6.985945105552673340e-01
6.648020148277282715e-01
7.425973415374755859e-01
-9.267107248306274414e-01
-9.240362644195556641e-01
1.901361942291259766e+00
3.392531394958496094e+00
1.391940951347351074e+00
-6.926971077919006348e-01
-3.965593099594116211e+00
-3.424844145774841309e-01
-1.113448143005371094e+00
-2.731914043426513672e+00
-1.954694151878356934e+00
1.150954723358154297e+00
3.202620744705200195e-01
-4.583641529083251953e+00
3.815060853958129883e+00
4.708265304565429688e+00
-1.509821653366088867e+00
-1.347433924674987793e+00
2.266863882541656494e-01
6.119982242584228516e+00
5.001414418220520020e-01
-6.581721305847167969e-01
4.658030271530151367e-01
4.833673477172851562e+00
2.169139862060546875e+00
-2.921649932861328125e+00
-2.420007705688476562e+00
-1.254081249237060547e+00
-1.987269639968872070e+00
2.273701429367065430e-01
-9.762363135814666748e-02
-9.352023005485534668e-01
3.512634754180908203e+00
1.693483710289001465e+00
2.848301410675048828e+00
4.123220443725585938e+00
9.858189821243286133e-01
-1.010811805725097656e+00
-3.522867441177368164e+00
1.983609080314636230e+00
-5.661597251892089844e+00
-5.383068323135375977e-01
-2.562839984893798828e-01
1.773314237594604492e+00
4.602947711944580078e+00
2.364305257797241211e+00
4.222026348114013672e+00
-7.820429801940917969e-01
3.375376701354980469e+00
-3.330421209335327148e+00
2.985918045043945312e+00
4.756281852722167969e+00
2.538467168807983398e+00
-3.696717977523803711e+00
9.442494511604309082e-01
1.250103235244750977e+00
-8.562538623809814453e-01
-3.889809846878051758e+00
2.243869066238403320e+00
-6.928123235702514648e-01
2.670880854129791260e-01
3.909431934356689453e+00
7.069202065467834473e-01
1.404320716857910156e+00
3.209488153457641602e+00
-2.104643344879150391e+00
1.078189849853515625e+00
-1.719865083694458008e+00
1.342762589454650879e+00
2.574160575866699219e+00
1.437735438346862793e+00
4.007365226745605469e+00
3.153617858886718750e+00
4.722497940063476562e+00
-2.993271648883819580e-01
2.114654541015625000e+00
1.951614141464233398e+00
-1.733821392059326172e+00
-2.696426868438720703e+00
2.822218656539916992e+00
1.759289503097534180e-01
-1.046861410140991211e+00
2.182272195816040039e+00
-1.796963453292846680e+00
9.662515521049499512e-01
1.131065130233764648e+00
-2.765905380249023438e+00
-1.315978288650512695e+00
-9.198893308639526367e-01
-7.313496470451354980e-01
-9.164606332778930664e-01
-1.857125200331211090e-02
3.863059043884277344e+00
4.474249482154846191e-02
-1.678292155265808105e+00
5.941583514213562012e-01
3.227381706237792969e-01
1.748181104660034180e+00
2.888084411621093750e+00
-3.349912762641906738e-01
-2.090175390243530273e+00
-1.607421934604644775e-01
7.882422208786010742e-01
-1.026579618453979492e+00
-5.136747956275939941e-01
2.837168693542480469e+00
-3.238697528839111328e+00
-2.045850276947021484e+00
4.265864789485931396e-01
7.379580140113830566e-01
1.549024343490600586e+00
-9.009123444557189941e-01
5.331173419952392578e+00
1.867078185081481934e+00
-1.342122554779052734e+00
1.802352666854858398e+00
4.337022304534912109e+00
8.067773818969726562e+00
2.185217618942260742e+00
1.586485862731933594e+00
3.112267732620239258e+00
-2.595201492309570312e+00
3.508857250213623047e+00
-1.053320646286010742e+00
2.514786720275878906e+00
3.411276340484619141e-01
-1.149361133575439453e-01
2.225835800170898438e+00
-2.546525597572326660e-01
1.287652254104614258e+00
2.720592975616455078e+00
4.918998718261718750e+00
5.529464244842529297e+00
-3.234725236892700195e+00
-3.355127811431884766e+00
-1.627940416336059570e+00
2.361133098602294922e+00
-1.506054282188415527e+00
2.205397129058837891e+00
3.158816814422607422e+00
-1.579944014549255371e+00
3.053975105285644531e+00
1.904318928718566895e-01
-2.835288763046264648e+00
-1.644392251968383789e+00
2.301311016082763672e+00
5.282873630523681641e+00
4.320554256439208984e+00
4.036889672279357910e-01
1.435815453529357910e+00
-8.932399749755859375e-02
1.069333434104919434e+00
2.032463788986206055e+00
-1.290667533874511719e+00
2.354296684265136719e+00
-1.572179079055786133e+00
-1.312621951103210449e+00
-1.791008353233337402e+00
-7.320755720138549805e-01
7.258196473121643066e-01
2.080800294876098633e+00
1.102782011032104492e+00
-1.449235439300537109e+00
2.903258085250854492e+00
6.103500127792358398e-01
4.353477954864501953e+00
-8.202227950096130371e-02
-2.966898679733276367e-01
2.462059497833251953e+00
1.031679868698120117e+00
-4.366563796997070312e+00
3.871855258941650391e+00
3.197435379028320312e+00
4.100247621536254883e-01
3.848160266876220703e+00
2.436473131179809570e+00
-4.678202629089355469e+00
1.664281487464904785e+00
2.828544855117797852e+00
-2.337025165557861328e+00
-2.773745536804199219e+00
-1.951222777366638184e+00
-1.272248148918151855e+00
-2.275010347366333008e+00
5.343683719635009766e+00
-3.253422081470489502e-01
-2.691614151000976562e+00
-1.965573668479919434e+00
-1.281486988067626953e+00
-2.815624475479125977e+00
6.663396358489990234e-01
7.516667366027832031e+00
-1.341626286506652832e+00
-3.333229124546051025e-01
-2.463439941406250000e+00
4.137281477451324463e-01
-9.199737310409545898e-01
-1.976747035980224609e+00
8.695653676986694336e-01
3.540750741958618164e+00
-7.409437894821166992e-01
-2.365612983703613281e+00
5.599247932434082031e+00
-4.147642850875854492e-02
-8.349773287773132324e-02
3.219892024993896484e+00
5.622281551361083984e+00
-2.091439485549926758e+00
3.084479331970214844e+00
1.757983922958374023e+00
1.725260496139526367e+00
-1.076993644237518311e-01
2.293271541595458984e+00
-3.240669965744018555e+00
1.580895185470581055e-01
2.424850702285766602e+00
3.937747478485107422e+00
3.781492233276367188e+00
-1.692258000373840332e+00
6.237949848175048828e+00
5.089334964752197266e+00
4.333780765533447266e+00
2.765569686889648438e+00
5.850195288658142090e-01
-1.885901451110839844e+00
1.556586861610412598e+00
-5.122678279876708984e-01
4.416634559631347656e+00
4.270512580871582031e+00
2.746321439743041992e+00
-1.091968059539794922e+00
-1.365765333175659180e+00
1.140723943710327148e+00
1.489218235015869141e+00
4.965733528137207031e+00
-1.259424448013305664e+00
-5.346251726150512695e-01
-1.489046573638916016e+00
2.888941764831542969e-02
1.692019701004028320e+00
2.699785709381103516e+00
2.604443550109863281e+00
-1.984873414039611816e+00
-3.404748678207397461e+00
3.906180858612060547e+00
1.172505140304565430e+00
3.220990419387817383e+00
-7.161183357238769531e-01
3.042150497436523438e+00
-6.257763504981994629e-01
-3.786230087280273438e-02
-1.168185234069824219e+00
-3.810127973556518555e-01
-1.575411319732666016e+00
3.251096725463867188e+00
3.608036994934082031e+00
1.672000885009765625e-01
-1.081284523010253906e+00
-7.539434432983398438e-01
1.473732590675354004e+00
9.622672796249389648e-01
6.460916996002197266e-01
-1.013903617858886719e+00
-3.090818881988525391e+00
-2.265588998794555664e+00
-1.382958054542541504e+00
-2.673475027084350586e+00
2.584511041641235352e+00
-2.352634429931640625e+00
2.020576715469360352e+00
-1.446692705154418945e+00
-9.703207612037658691e-01
1.999838948249816895e-01
2.420014142990112305e+00
5.894201993942260742e-01
-2.213293552398681641e+00
8.225746750831604004e-01
6.613535284996032715e-01
-1.953603386878967285e+00
1.015184879302978516e+00
-1.133967757225036621e+00
-2.320153236389160156e+00
2.071145296096801758e+00
-1.335900664329528809e+00
-4.492858052253723145e-01
5.819550156593322754e-02
-1.320960372686386108e-01
-2.709912300109863281e+00
-2.067888498306274414e+00
3.977265357971191406e+00
-6.464902758598327637e-01
6.802987575531005859e+00
7.445286512374877930e-01
5.219244956970214844e-02
3.778491497039794922e+00
-2.396021485328674316e-01
4.320890426635742188e+00
-6.536139249801635742e-01
3.183191299438476562e+00
1.034011363983154297e+00
-1.351320743560791016e+00
2.305436134338378906e+00
8.301711082458496094e-02
1.350266098976135254e+00
-1.171877861022949219e+00
2.148337841033935547e+00
2.735523223876953125e+00
-1.277881860733032227e+00
-4.733169078826904297e-01
-1.660249233245849609e-01
2.816362380981445312e+00
-3.202094554901123047e+00
-6.503475457429885864e-02
-1.321489334106445312e+00
-3.745298385620117188e+00
-1.752910852432250977e+00
-4.339403152465820312e+00
-3.510188817977905273e+00
-3.823556423187255859e+00
-6.482588052749633789e-01
-3.196394681930541992e+00
-8.276185989379882812e-01
5.246339321136474609e+00
