9.068454504013061523e-01
6.735435009002685547e+00
-7.833001613616943359e-01
2.119083404541015625e+00
1.978411555290222168e+00
-9.379566311836242676e-01
1.678348183631896973e+00
8.605345487594604492e-01
-1.097184658050537109e+00
3.584889173507690430e-01
-2.696155905723571777e-01
1.984127759933471680e-01
4.508610665798187256e-01
-9.808003902435302734e-01
2.054537057876586914e+00
7.144739627838134766e-01
-1.288412094116210938e+00
-1.305150866508483887e+00
1.459121108055114746e-01
-3.861488342285156250e+00
-3.466049432754516602e+00
-9.226979613304138184e-01
-7.563866376876831055e-01
-2.514715433120727539e+00
-6.661326289176940918e-01
2.937743961811065674e-01
-7.017394900321960449e-01
-6.469839215278625488e-01
-2.059825420379638672e+00
2.448759317398071289e+00
-8.075220584869384766e-01
-5.270585417747497559e-02
-2.793389320373535156e+00
1.684392690658569336e+00
1.569187164306640625e+00
-1.639313697814941406e+00
-3.437410593032836914e-01
5.344218611717224121e-01
1.008879899978637695e+00
-1.388625055551528931e-01
-2.832839965820312500e+00
-1.626363396644592285e+00
-5.534614920616149902e-01
-1.457895636558532715e+00
-1.042643189430236816e+00
3.150471925735473633e+00
-1.047415852546691895e+00
6.788210868835449219e-01
-2.645874977111816406e+00
-8.552287817001342773e-01
3.342029571533203125e+00
-3.294264793395996094e+00
-3.169796943664550781e+00
-3.618364095687866211e+00
-1.318220496177673340e+00
-4.267087280750274658e-01
-1.298388242721557617e+00
-3.324332952499389648e+00
1.245894193649291992e+00
-2.179541110992431641e+00
4.572229385375976562e-01
-2.728285789489746094e+00
-6.186017394065856934e-01
-8.725258111953735352e-01
1.975620865821838379e+00
3.696295022964477539e+00
-5.726411342620849609e-01
-8.504924774169921875e-01
-8.477053046226501465e-02
-9.174047112464904785e-01
-3.742316007614135742e+00
2.338682889938354492e+00
6.052359938621520996e-01
-2.906037569046020508e-01
3.738708972930908203e+00
-1.454741239547729492e+00
1.393192052841186523e+00
3.003612041473388672e+00
2.785582780838012695e+00
-5.674508810043334961e-01
1.516744017601013184e+00
-1.357976198196411133e+00
1.543954849243164062e+00
-2.746957302093505859e+00
3.981228351593017578e+00
-1.622526645660400391e+00
3.244242668151855469e-01
-1.412460207939147949e+00
2.123345136642456055e+00
1.587615251541137695e+00
4.021358013153076172e+00
1.166439533233642578e+00
-8.501272201538085938e-01
1.722499847412109375e+00
3.211178541183471680e+00
-3.311192035675048828e+00
2.368712902069091797e+00
-5.064700841903686523e-01
1.116743087768554688e-01
-2.406957864761352539e+00
-2.864196300506591797e-01
-1.612977623939514160e+00
-1.693029999732971191e+00
3.048907518386840820e-01
-2.415564060211181641e+00
-2.188619136810302734e+00
-8.880711793899536133e-01
4.788101196289062500e+00
3.869430303573608398e+00
4.749826431274414062e+00
-3.286939620971679688e+00
1.657419204711914062e+00
1.435282468795776367e+00
-7.908198833465576172e-01
-2.769655704498291016e+00
1.076201438903808594e+00
-1.601926803588867188e+00
3.655015945434570312e+00
8.903414011001586914e-01
1.028836011886596680e+00
-2.255831241607666016e+00
-2.108321785926818848e-01
-1.072861850261688232e-01
-6.227204799652099609e-01
-2.184699773788452148e-01
-2.240300178527832031e-02
1.093128085136413574e+00
-1.373560428619384766e+00
-1.484430670738220215e+00
-9.328947067260742188e-01
-1.059394836425781250e+00
1.461237668991088867e-01
1.715621232986450195e+00
6.110150814056396484e-01
-2.264475584030151367e+00
2.116520881652832031e+00
-7.493015527725219727e-01
-2.179566860198974609e+00
6.990652084350585938e-01
-2.645279884338378906e+00
3.140784502029418945e-01
-2.129718780517578125e+00
4.575635194778442383e-01
-2.064965724945068359e+00
-5.653955936431884766e-01
-1.319428205490112305e+00
-4.552752494812011719e+00
1.013372063636779785e+00
2.999366760253906250e+00
1.539893031120300293e+00
2.349142313003540039e+00
9.347071051597595215e-01
-1.393771290779113770e+00
-7.706380486488342285e-01
-8.423190116882324219e-01
-2.288325309753417969e+00
-1.173007011413574219e+00
-6.494339704513549805e-01
-1.917809247970581055e-02
-1.694836258888244629e+00
-1.328473567962646484e+00
-1.029619455337524414e+00
5.222113132476806641e-01
-1.057204961776733398e+00
-1.032150030136108398e+00
-1.965825676918029785e+00
-6.979577541351318359e-01
-4.268210887908935547e+00
-2.107552528381347656e+00
-3.351545095443725586e+00
-1.823933959007263184e+00
-1.427150726318359375e+00
-2.928744077682495117e+00
-1.784568548202514648e+00
-2.852395534515380859e+00
-4.934352934360504150e-01
-3.848894596099853516e+00
-4.199069499969482422e+00
-8.457999825477600098e-01
-2.197238206863403320e+00
-2.823033332824707031e+00
-1.519766688346862793e+00
1.391396820545196533e-01
8.594048619270324707e-01
-1.154346108436584473e+00
1.662014245986938477e+00
-3.109268426895141602e+00
1.953205585479736328e+00
-1.242553472518920898e+00
1.364631295204162598e+00
-2.398086071014404297e+00
-1.113909482955932617e-01
-1.058083057403564453e+00
1.050039649009704590e+00
-3.406230211257934570e+00
-6.164684295654296875e-01
-1.143199443817138672e+00
-1.199964404106140137e+00
3.461086750030517578e-02
1.246105670928955078e+00
-2.622464656829833984e+00
1.980802536010742188e+00
-1.410183668136596680e+00
-3.428541421890258789e-01
8.744549751281738281e-02
-6.509793996810913086e-01
4.134368896484375000e-02
-2.624451637268066406e+00
-2.168458700180053711e+00
1.040503740310668945e+00
-1.974706411361694336e+00
-2.913653850555419922e-02
-1.992627978324890137e+00
9.311193823814392090e-01
-2.425318956375122070e+00
-1.375798135995864868e-01
-5.844860672950744629e-01
1.590560674667358398e+00
6.754872202873229980e-02
8.881237506866455078e-01
-2.012732267379760742e+00
1.999837636947631836e+00
-2.607650756835937500e+00
-5.089126825332641602e-01
-4.081994056701660156e+00
-3.023393392562866211e+00
-5.133290886878967285e-01
-2.903102159500122070e+00
-1.888298988342285156e+00
-4.149624705314636230e-01
-2.561485767364501953e+00
-1.673372149467468262e+00
-1.929178953170776367e+00
-5.498425364494323730e-01
2.589204609394073486e-01
-1.380661487579345703e+00
-2.826020956039428711e+00
1.371198892593383789e+00
-1.927532911300659180e+00
-2.181070566177368164e+00
-2.543323993682861328e+00
-2.888360023498535156e+00
-6.734520196914672852e-03
-2.818079233169555664e+00
-3.201014280319213867e+00
-3.741050064563751221e-01
-4.465735435485839844e+00
-8.208742141723632812e-01
-1.048156499862670898e+00
1.426151514053344727e+00
-2.276100516319274902e-01
5.346009135246276855e-02
-5.009994506835937500e-01
-5.969952940940856934e-01
6.498657464981079102e-01
-3.768888115882873535e-01
-1.699031114578247070e+00
-2.070540904998779297e+00
-2.911809921264648438e+00
-5.069750547409057617e-02
-6.269162297248840332e-01
-1.664662837982177734e+00
-3.273648738861083984e+00
-2.213591575622558594e+00
1.235823273658752441e+00
1.554549694061279297e+00
3.627588748931884766e-01
-2.365407347679138184e-02
-2.337263107299804688e+00
-7.398263216018676758e-01
-5.364467144012451172e+00
-1.400640606880187988e+00
-6.463652849197387695e-01
-1.458287715911865234e+00
-3.373128175735473633e-01
9.173423051834106445e-03
-2.252975940704345703e+00
-2.989241838455200195e+00
-3.008125782012939453e+00
-2.043351173400878906e+00
-1.392399191856384277e+00
2.688554048538208008e+00
1.471752524375915527e-01
3.011831760406494141e+00
3.560441434383392334e-01
-1.002388715744018555e+00
-1.919690012931823730e+00
-1.655782461166381836e+00
3.863234519958496094e-01
-1.467661857604980469e+00
6.650966405868530273e-02
-2.794170141220092773e+00
3.420933783054351807e-01
4.599915742874145508e-01
4.888668656349182129e-02
5.350854396820068359e-01
-1.075110316276550293e+00
-1.398176789283752441e+00
-2.956291675567626953e+00
-1.168828606605529785e+00
-8.235573768615722656e-02
-6.239498853683471680e-01
-1.100386619567871094e+00
-1.892251372337341309e-01
-2.829807996749877930e+00
1.118028759956359863e-01
-7.546693682670593262e-01
1.178839087486267090e+00
8.949975967407226562e-01
2.011789560317993164e+00
3.876024723052978516e+00
4.064236879348754883e-01
-2.618855237960815430e+00
1.705980300903320312e-02
2.019040822982788086e+00
-2.202503681182861328e-01
-1.467106223106384277e+00
-1.791745543479919434e+00
-2.624721229076385498e-01
1.104973077774047852e+00
-2.043469429016113281e+00
2.605857610702514648e+00
4.584623575210571289e-01
3.358280181884765625e+00
1.808117389678955078e+00
1.776921033859252930e+00
-1.494783878326416016e+00
2.868232727050781250e-01
-8.506061434745788574e-01
6.436225175857543945e-01
1.972770929336547852e+00
-1.427921772003173828e+00
1.129981398582458496e+00
6.792340278625488281e-01
-4.707348346710205078e-01
-2.505277156829833984e+00
-1.790008544921875000e-01
2.819336652755737305e+00
1.977335691452026367e+00
-2.819714546203613281e+00
3.265459537506103516e-01
2.533579990267753601e-02
-3.177973747253417969e+00
-1.247342109680175781e+00
-9.465813040733337402e-01
-2.028820753097534180e+00
-1.187736243009567261e-01
-4.850962758064270020e-02
-4.224810123443603516e+00
-3.072039604187011719e+00
-1.185530781745910645e+00
5.245214700698852539e-01
-2.972040176391601562e+00
-2.965694427490234375e+00
1.769152283668518066e+00
-4.125961303710937500e+00
-2.433302879333496094e+00
-6.426137685775756836e-02
-7.900949716567993164e-01
1.066694855690002441e+00
6.594066023826599121e-01
1.078113794326782227e+00
-2.779451370239257812e+00
-1.379479289054870605e+00
-1.050460040569305420e-01
-2.814519405364990234e-01
-1.055597901344299316e+00
-3.473875761032104492e+00
-1.336692690849304199e+00
-4.960441589355468750e-02
-2.709820985794067383e+00
-3.496487140655517578e+00
-3.289127349853515625e+00
-4.072173118591308594e+00
6.201490759849548340e-01
-1.200632929801940918e+00
-2.434272766113281250e-01
-2.886584520339965820e+00
-2.953786849975585938e-01
-5.294814109802246094e-01
-1.687817692756652832e+00
4.193282127380371094e-01
-3.292742729187011719e+00
8.219098448753356934e-01
-1.674051284790039062e+00
5.840216279029846191e-01
-1.479326605796813965e+00
-5.313665270805358887e-01
-3.542827367782592773e-01
1.846766471862792969e-02
-1.207978427410125732e-01
8.212885260581970215e-01
4.884626388549804688e+00
5.114988327026367188e+00
-1.138857126235961914e+00
2.608559131622314453e+00
3.665449142456054688e+00
8.806641101837158203e-01
1.186103105545043945e+00
-4.891787767410278320e-01
-2.183825254440307617e+00
-7.844565510749816895e-01
-8.706565499305725098e-01
6.412402391433715820e-01
-2.219310283660888672e+00
2.153780937194824219e+00
1.126812547445297241e-01
-2.915951967239379883e+00
-4.009450674057006836e-01
4.538213729858398438e+00
1.587531328201293945e+00
4.379303455352783203e+00
-1.235835433006286621e+00
5.545507669448852539e-01
2.601205587387084961e+00
6.976743936538696289e-01
-3.825336098670959473e-01
7.730550765991210938e-01
2.122095823287963867e+00
2.920647859573364258e+00
-2.618557214736938477e-02
1.216908931732177734e+00
-3.111270189285278320e+00
-2.200523614883422852e+00
-2.769424915313720703e-01
2.363271713256835938e+00
9.897351264953613281e-04
1.153517127037048340e+00
1.258519768714904785e+00
-2.266945838928222656e-01
-3.599871873855590820e+00
-6.296571493148803711e-01
-2.874761581420898438e+00
3.288319110870361328e+00
3.781475305557250977e+00
1.994101285934448242e+00
7.462006211280822754e-01
9.846042990684509277e-01
-7.853493690490722656e-01
-1.806338548660278320e+00
-2.478456497192382812e-01
-8.650681972503662109e-01
-1.554463624954223633e+00
5.633294105529785156e+00
-5.919264554977416992e-01
3.205979108810424805e+00
5.988134860992431641e+00
1.834673643112182617e+00
1.614398956298828125e+00
-1.537048935890197754e+00
2.788661241531372070e+00
-4.892687320709228516e+00
2.172532081604003906e-01
3.534329533576965332e-01
5.317430496215820312e-01
-1.987240791320800781e+00
-2.190498352050781250e+00
2.719294548034667969e+00
-3.063173890113830566e-01
2.311015367507934570e+00
1.436067819595336914e-01
-9.617062807083129883e-01
3.620153903961181641e+00
4.062865376472473145e-01
-7.737578153610229492e-01
1.878746598958969116e-02
-5.768001556396484375e+00
-2.887956619262695312e+00
-2.487006664276123047e+00
-3.755244314670562744e-01
1.074058055877685547e+00
-5.131102800369262695e-01
2.865655422210693359e-01
-1.110997796058654785e+00
1.091374158859252930e+00
-1.545194685459136963e-01
-3.698455095291137695e-01
-4.222814083099365234e+00
1.050089597702026367e+00
-3.709088563919067383e+00
4.340082406997680664e-01
2.904755592346191406e+00
-1.375214815139770508e+00
2.787437438964843750e+00
-1.624018549919128418e+00
7.666640281677246094e-01
1.500794410705566406e+00
3.069116592407226562e+00
-4.916936159133911133e-02
2.147489786148071289e+00
-1.198639869689941406e-01
-2.501170158386230469e+00
3.056203722953796387e-01
-1.496619284152984619e-01
3.139712512493133545e-01
-2.467636913061141968e-01
1.812111139297485352e+00
1.390477299690246582e+00
-7.317256927490234375e-02
-3.107277393341064453e+00
-2.385360717773437500e+00
1.997097015380859375e+00
-2.177337646484375000e+00
-1.077076673507690430e+00
1.902889966964721680e+00
1.443560123443603516e+00
-5.312643051147460938e-01
-1.032592058181762695e+00
-1.912597417831420898e+00
1.589274883270263672e+00
-1.753073930740356445e-01
-2.870551109313964844e+00
-3.214389085769653320e+00
3.594577312469482422e-03
-2.177400827407836914e+00
-4.861242175102233887e-01
1.969355463981628418e+00
7.537874579429626465e-01
2.065651416778564453e+00
1.167173504829406738e+00
1.823249459266662598e+00
-1.113647818565368652e+00
-1.879540681838989258e+00
-1.597428321838378906e-01
-3.958322763442993164e+00
-1.927417755126953125e+00
4.171937704086303711e-03
1.840463995933532715e+00
6.965540647506713867e-01
4.165363311767578125e-02
3.184229373931884766e+00
-3.209481716156005859e+00
1.792620301246643066e+00
2.554588317871093750e+00
-2.276877403259277344e+00
-7.418158054351806641e+00
-1.170614957809448242e+00
9.188256263732910156e-01
2.565104007720947266e+00
4.312108993530273438e+00
7.317572832107543945e-01
1.088789820671081543e+00
3.859633922576904297e+00
-1.768842339515686035e+00
-7.130674123764038086e-01
-1.051695466041564941e+00
4.570056438446044922e+00
-4.697927474975585938e+00
-3.556788921356201172e+00
6.444890022277832031e+00
-6.050466537475585938e+00
1.755034923553466797e-02
4.524081230163574219e+00
-3.804540038108825684e-01
-9.026484489440917969e-01
-2.833457469940185547e+00
6.204111576080322266e+00
3.752747535705566406e+00
3.087034702301025391e+00
1.774290204048156738e-02
-2.480550289154052734e+00
-5.027495622634887695e-01
3.947283029556274414e+00
-4.384670257568359375e-01
-1.193292140960693359e-01
1.961119890213012695e+00
-1.822360754013061523e+00
-2.028238296508789062e+00
-1.036985635757446289e+00
-5.023008823394775391e+00
-1.002029538154602051e+00
-4.255853176116943359e+00
2.626795291900634766e+00
-1.417458176612854004e+00
-1.207714319229125977e+00
4.429697394371032715e-01
-1.153900623321533203e-01
1.416517376899719238e+00
-1.337307810783386230e+00
1.511876821517944336e+00
2.854838371276855469e+00
-1.754045248031616211e+00
-1.234423995018005371e+00
-3.371150732040405273e+00
-4.855555295944213867e-01
9.516789913177490234e-01
-9.311996698379516602e-01
-3.779099464416503906e+00
2.718553304672241211e+00
4.149166345596313477e-01
-3.389177620410919189e-01
9.593394279479980469e+00
-2.354167938232421875e+00
1.333884239196777344e+00
1.032897949218750000e+00
3.194652795791625977e-01
-8.860725164413452148e-01
-2.302496910095214844e+00
1.393469095230102539e+00
2.721405267715454102e+00
2.988170623779296875e+00
9.091153740882873535e-01
-4.516418457031250000e+00
-1.893122076988220215e+00
-1.705347895622253418e-01
2.252640008926391602e+00
2.385286808013916016e+00
-1.286058545112609863e+00
4.048426628112792969e+00
-3.233439445495605469e+00
3.289436578750610352e+00
7.464138984680175781e+00
-2.871455669403076172e+00
-8.711423873901367188e-01
4.115800857543945312e+00
6.955888867378234863e-02
5.119863033294677734e+00
1.569424152374267578e+00
5.699944496154785156e-01
3.272025585174560547e+00
2.050912857055664062e+00
-9.980599880218505859e-01
-8.179440498352050781e-01
3.149712085723876953e-01
-2.029638528823852539e+00
-5.649430155754089355e-01
-7.636326551437377930e-01
-5.777354240417480469e+00
-6.629722714424133301e-01
5.636281967163085938e-01
-1.049048185348510742e+00
1.988941431045532227e+00
1.664901256561279297e+00
1.344171762466430664e-01
-1.638900279998779297e+00
-1.741617918014526367e+00
4.047940254211425781e+00
3.215538501739501953e+00
1.198548674583435059e+00
4.807312011718750000e+00
-4.372140884399414062e+00
6.090688705444335938e-01
-1.262493252754211426e+00
-4.438109099864959717e-01
9.646130204200744629e-01
1.776076793670654297e+00
-3.797868490219116211e-01
-1.046149015426635742e+00
-2.164021968841552734e+00
-1.431452155113220215e+00
6.153172254562377930e-02
9.993707537651062012e-01
-1.098719000816345215e+00
1.527346491813659668e+00
7.770022004842758179e-02
1.276435136795043945e+00
-1.355317950248718262e+00
7.723795771598815918e-01
5.369520664215087891e+00
9.380843639373779297e-01
1.035442471504211426e+00
-9.289674162864685059e-01
-1.892647504806518555e+00
5.948702096939086914e-01
2.809566974639892578e+00
2.507248640060424805e+00
8.398824334144592285e-01
-2.903756499290466309e-01
9.601889848709106445e-01
1.410409092903137207e+00
3.705489635467529297e-02
4.462319016456604004e-01
-8.011527657508850098e-01
-1.107212066650390625e+00
-3.397042036056518555e+00
-2.574704170227050781e+00
-2.774652957916259766e+00
-4.085694551467895508e-01
-2.620347738265991211e-01
-7.480757832527160645e-01
2.885998725891113281e+00
-9.125540256500244141e-01
1.817822456359863281e-03
1.787772893905639648e+00
-1.969957202672958374e-01
-8.423560857772827148e-01
-5.386091232299804688e+00
2.829971909523010254e-02
3.953475952148437500e-01
-3.320837020874023438e-02
-1.407963514328002930e+00
4.198018014430999756e-01
4.478217124938964844e+00
3.883896470069885254e-01
-2.970422267913818359e+00
2.907100677490234375e+00
5.497826099395751953e+00
2.027048110961914062e+00
1.636023223400115967e-01
2.554312467575073242e+00
3.108455657958984375e+00
3.283808231353759766e+00
-1.398658514022827148e+00
-3.704257011413574219e-01
2.829907894134521484e+00
-2.351789712905883789e+00
-1.484532237052917480e+00
1.178724408149719238e+00
1.325207054615020752e-01
3.191620826721191406e+00
1.811143636703491211e+00
1.065498948097229004e+00
-1.668751955032348633e+00
5.248512029647827148e-01
8.982799649238586426e-01
-2.890568256378173828e+00
2.500446796417236328e+00
-3.853073120117187500e+00
-1.527928709983825684e+00
-1.701186656951904297e+00
-2.480090856552124023e+00
5.069112777709960938e+00
4.002890586853027344e-01
1.666005373001098633e+00
5.815683603286743164e-01
1.233810901641845703e+00
-5.832761287689208984e+00
2.265893459320068359e+00
1.507288217544555664e-01
7.996553182601928711e-02
-1.270664691925048828e+00
1.488922119140625000e+00
1.614548563957214355e-01
2.888401508331298828e+00
-5.564894676208496094e+00
3.523941278457641602e+00
-1.689635276794433594e+00
1.807667911052703857e-01
6.333424091339111328e+00
-3.257129341363906860e-03
-2.567484378814697266e+00
8.054384231567382812e+00
-6.887105703353881836e-01
1.471783638000488281e+00
-2.287024557590484619e-01
-1.241518735885620117e+00
1.472141027450561523e+00
1.803064227104187012e+00
2.019691705703735352e+00
3.119232654571533203e+00
7.408643245697021484e+00
-2.066343277692794800e-01
-7.312662601470947266e-01
2.411804676055908203e+00
-2.198751211166381836e+00
-2.033726215362548828e+00
2.440328598022460938e+00
-3.214007377624511719e+00
-2.745411872863769531e+00
2.985461711883544922e+00
-4.851162433624267578e-01
-5.481624603271484375e-01
1.584250688552856445e+00
-3.309402704238891602e+00
-8.930478692054748535e-01
-4.301019012928009033e-02
-4.541322708129882812e+00
-7.720645666122436523e-01
6.560751795768737793e-01
1.840728640556335449e+00
-1.227264285087585449e+00
-5.958873748779296875e+00
2.873861312866210938e+00
-5.139979720115661621e-01
1.859316825866699219e+00
4.399179935455322266e+00
6.598035097122192383e-01
-3.144710302352905273e+00
-1.424286127090454102e+00
-2.141894817352294922e+00
-2.861610651016235352e+00
-2.492464303970336914e+00
3.676975250244140625e+00
-2.427993774414062500e+00
-4.019056797027587891e+00
-1.068249464035034180e+00
-1.185981273651123047e+00
1.590065062046051025e-01
-2.830279469490051270e-01
1.851514577865600586e+00
4.102532863616943359e-01
1.701785087585449219e+00
2.043724656105041504e-01
4.103594422340393066e-01
9.005154609680175781e+00
1.566858172416687012e+00
1.678187251091003418e-01
5.730843544006347656e-01
-4.989723682403564453e+00
1.301183462142944336e+00
7.996631264686584473e-01
3.492385864257812500e+00
1.745312333106994629e+00
-2.571043014526367188e+00
9.062058925628662109e-01
-2.310758829116821289e+00
4.949616909027099609e+00
-3.264033317565917969e+00
1.455496430397033691e+00
4.643840491771697998e-01
-4.464548110961914062e+00
-1.823069691658020020e+00
6.342223286628723145e-02
-1.270687341690063477e+00
1.292458772659301758e-01
1.311334729194641113e+00
1.454739332199096680e+00
-1.735595941543579102e+00
1.938310146331787109e+00
-1.216819882392883301e-01
-4.714083671569824219e+00
-2.307900667190551758e+00
2.665466785430908203e+00
-9.722700119018554688e-01
4.104312419891357422e+00
-6.121492385864257812e-01
1.340083956718444824e+00
-3.278137207031250000e+00
-1.505228281021118164e-01
-2.081831932067871094e+00
-1.288956880569458008e+00
7.958747148513793945e-01
1.182426214218139648e-01
-5.814237594604492188e-01
3.453472852706909180e-01
-1.582579851150512695e+00
9.792964458465576172e-01
1.795264482498168945e+00
1.371041536331176758e-01
-1.236281394958496094e+00
1.277557373046875000e+00
3.302153825759887695e+00
6.496526241302490234e+00
-4.668560028076171875e-01
1.707371711730957031e+00
-8.322681188583374023e-01
9.698933959007263184e-01
-2.424697875976562500e+00
-1.135187745094299316e-01
4.111142456531524658e-01
1.841256737709045410e+00
3.089159250259399414e+00
-1.480826616287231445e+00
-3.386619567871093750e+00
3.882538974285125732e-01
9.567967057228088379e-01
-1.436201333999633789e+00
-6.767603754997253418e-01
-2.604695558547973633e-01
1.733873188495635986e-01
-2.126775264739990234e+00
4.040977060794830322e-01
-1.366955399513244629e+00
9.543834924697875977e-01
-1.876553893089294434e+00
-1.536799907684326172e+00
3.747150897979736328e-01
-3.216819763183593750e-01
7.073465347290039062e+00
8.309611082077026367e-01
2.514804363250732422e+00
-8.859523534774780273e-01
2.627857446670532227e+00
-2.192521572113037109e+00
-6.016664505004882812e+00
-1.110223054885864258e+00
1.887222290039062500e+00
-2.506261467933654785e-01
-3.623821258544921875e+00
4.812207221984863281e+00
-1.157563924789428711e-02
-8.850477933883666992e-01
1.321008086204528809e+00
2.925752401351928711e+00
-3.363924503326416016e+00
1.426981806755065918e+00
7.866340279579162598e-01
4.520564079284667969e-01
-4.023080348968505859e+00
2.730603694915771484e+00
-3.297361731529235840e-01
-3.003709793090820312e+00
6.203226089477539062e+00
1.685939669609069824e+00
2.510272502899169922e+00
1.208439350128173828e+00
2.039841651916503906e+00
-1.850529551506042480e+00
2.439054250717163086e-01
1.592233180999755859e-01
-6.256035566329956055e-01
-4.320150375366210938e+00
-7.437436580657958984e-01
1.148180246353149414e+00
8.621878623962402344e+00
3.747027873992919922e+00
4.145076751708984375e+00
-1.260681748390197754e-01
-3.231696486473083496e-01
-4.831431210041046143e-01
2.145203113555908203e+00
3.616373777389526367e+00
-2.744115591049194336e-01
7.644783854484558105e-01
-4.851027727127075195e-01
-1.454282045364379883e+00
4.189642429351806641e+00
6.089163780212402344e+00
1.677007794380187988e+00
6.065213680267333984e-01
-2.784835815429687500e+00
5.547307968139648438e+00
3.079378604888916016e+00
6.911497116088867188e-01
-8.921929597854614258e-01
1.094122171401977539e+00
-1.983223319053649902e+00
-2.492636680603027344e+00
-1.105746030807495117e+00
4.615187644958496094e-03
-4.770718574523925781e+00
-3.275634288787841797e+00
9.059542417526245117e-02
-3.430088043212890625e+00
-3.805310010910034180e+00
-1.290770292282104492e+00
-1.347591280937194824e+00
-8.079475164413452148e-01
-3.641797900199890137e-01
-2.075885772705078125e+00
-1.266462326049804688e+00
-3.021592855453491211e+00
-2.239060163497924805e+00
-1.629576206207275391e+00
5.710234642028808594e-01
-8.121069669723510742e-01
2.704785823822021484e+00
1.195821881294250488e+00
-1.544947385787963867e+00
1.947969913482666016e+00
1.505686759948730469e+00
2.383901357650756836e+00
1.763928771018981934e+00
3.245418787002563477e+00
2.606812477111816406e+00
-1.303188204765319824e+00
1.408155262470245361e-02
3.268125653266906738e-01
8.252630233764648438e-01
1.391803741455078125e+00
-2.734550476074218750e+00
-4.952498912811279297e+00
-2.141490221023559570e+00
-2.053108930587768555e+00
-2.868892669677734375e+00
-2.737960338592529297e+00
4.022471427917480469e+00
-2.101447105407714844e+00
3.432962894439697266e+00
2.536474227905273438e+00
2.714068293571472168e-01
2.161204338073730469e+00
-1.423447728157043457e-01
7.424754619598388672e+00
-7.092621922492980957e-01
3.705701828002929688e+00
3.267281055450439453e-01
-6.379837989807128906e-01
3.405753374099731445e+00
-3.608450412750244141e+00
2.647557258605957031e+00
-5.784153342247009277e-01
3.252413749694824219e+00
7.834591388702392578e+00
2.589435815811157227e+00
4.224473953247070312e+00
2.394615650177001953e+00
3.093322038650512695e+00
-1.013429760932922363e+00
1.942234158515930176e+00
-2.587773799896240234e-01
-2.635662853717803955e-01
-7.609003782272338867e-01
-6.822810769081115723e-01
-1.032853603363037109e+00
1.485771656036376953e+00
-7.274479866027832031e-01
-2.784568071365356445e+00
2.238961696624755859e+00
3.017699241638183594e+00
