5.739401578903198242e-01
1.847639799118041992e+00
-2.838401079177856445e+00
-1.580886125564575195e+00
-1.465118527412414551e+00
1.264840960502624512e+00
-7.497358322143554688e-01
5.670804977416992188e-01
-2.357424497604370117e-01
-7.624267935752868652e-01
-3.927686691284179688e+00
-1.629286766052246094e+00
-4.764457225799560547e+00
-3.065396308898925781e+00
1.142956733703613281e+00
-2.228445053100585938e+00
-3.526565551757812500e+00
1.805821299552917480e+00
1.684283733367919922e+00
-2.827571153640747070e+00
-4.595035552978515625e+00
-2.356317758560180664e+00
-1.126875162124633789e+00
-1.357718586921691895e+00
-1.469472050666809082e+00
-2.677975177764892578e+00
-4.148118972778320312e+00
-2.417852401733398438e+00
-1.329918503761291504e+00
-1.663912653923034668e+00
-3.497563362121582031e+00
3.043714165687561035e-02
-5.116812229156494141e+00
-1.612503290176391602e+00
2.033072948455810547e+00
-5.168888568878173828e+00
-2.210812568664550781e+00
-4.885463118553161621e-01
4.754137694835662842e-01
-4.899504661560058594e+00
-2.193078994750976562e+00
-2.992582798004150391e+00
-2.949862718582153320e+00
-3.959360122680664062e+00
-2.918387413024902344e+00
-9.178426861763000488e-02
-1.469897747039794922e+00
-3.290912628173828125e+00
-3.631036043167114258e+00
-6.715837001800537109e+00
-3.336735010147094727e+00
-2.249407768249511719e-01
2.158742904663085938e+00
2.708725929260253906e+00
-1.265713095664978027e+00
3.906041383743286133e+00
4.857970237731933594e+00
-1.099035382270812988e+00
-1.382933616638183594e+00
2.388994216918945312e+00
2.968209266662597656e+00
2.051010608673095703e+00
2.102064371109008789e+00
1.281742811203002930e+00
4.624945640563964844e+00
2.872085869312286377e-01
2.836772203445434570e+00
-2.207988798618316650e-01
1.379128575325012207e+00
3.024432659149169922e+00
-5.526923179626464844e+00
1.865280419588088989e-01
-3.934057235717773438e+00
-2.182736873626708984e+00
-9.580650925636291504e-01
-1.549053549766540527e+00
1.883372902870178223e+00
2.484912395477294922e+00
-1.230939865112304688e+00
-3.797805786132812500e+00
-2.657265663146972656e+00
-1.633976697921752930e+00
-2.206576317548751831e-01
-1.397988557815551758e+00
3.669166088104248047e+00
-1.907503247261047363e+00
-1.263894438743591309e-01
2.043749094009399414e+00
6.249982833862304688e+00
5.214114785194396973e-01
1.606877565383911133e+00
-1.243457555770874023e+00
1.018253087997436523e+00
-6.568852663040161133e-01
1.870494484901428223e-01
-3.421041965484619141e-01
3.952307701110839844e+00
3.248292207717895508e-01
-3.978320837020874023e+00
-1.936702609062194824e+00
-2.574676752090454102e+00
-8.093255758285522461e-01
-4.331134319305419922e+00
-9.468062520027160645e-01
-1.782828927040100098e+00
-1.006940245628356934e+00
-5.049202442169189453e-01
2.160397291183471680e+00
1.319056034088134766e+00
3.736243009567260742e+00
-1.651198148727416992e+00
-1.233941316604614258e-01
-8.216065764427185059e-01
-2.564871311187744141e+00
-5.087714195251464844e+00
1.891464114189147949e+00
1.796313047409057617e+00
5.719679594039916992e-01
7.025531530380249023e-01
-1.908124923706054688e+00
-6.902400970458984375e+00
-1.618655920028686523e+00
-1.453167676925659180e+00
-3.753494739532470703e+00
-7.752948999404907227e-01
-2.760657787322998047e+00
-2.804227590560913086e+00
-2.901681900024414062e+00
-3.096694231033325195e+00
-3.520586967468261719e+00
-1.285586833953857422e+00
9.846587181091308594e-01
7.198541760444641113e-01
-4.270620346069335938e+00
-3.195821285247802734e+00
-5.808138847351074219e+00
-2.572113513946533203e+00
-1.963423609733581543e+00
-9.531844258308410645e-01
-3.132316589355468750e+00
-2.044571399688720703e+00
-4.337267875671386719e+00
-4.581543445587158203e+00
-5.122885704040527344e+00
-2.905049324035644531e+00
-2.027974367141723633e+00
-2.083138942718505859e+00
-5.190181732177734375e+00
-1.876831650733947754e+00
-1.788041710853576660e+00
-5.178491115570068359e+00
2.199491977691650391e+00
-5.755663514137268066e-01
2.798455715179443359e+00
2.813899040222167969e+00
1.482501626014709473e+00
1.046876192092895508e+00
1.268625974655151367e+00
-5.953074693679809570e-01
-1.751152634620666504e+00
-3.400013208389282227e+00
1.245768427848815918e+00
3.841877460479736328e+00
-1.762259155511856079e-01
-8.903232812881469727e-01
1.113836169242858887e+00
1.140370965003967285e-01
-6.021632552146911621e-01
-9.481278657913208008e-01
-3.864657640457153320e+00
-2.690410614013671875e+00
1.985274076461791992e+00
2.107720851898193359e+00
-1.135478258132934570e+00
-2.374913692474365234e+00
-3.245025157928466797e+00
-4.213757514953613281e+00
-3.144061088562011719e+00
-4.536098837852478027e-01
-1.037304759025573730e+00
1.289235115051269531e+00
-9.279553890228271484e-01
1.545548796653747559e+00
5.020740628242492676e-01
2.542582154273986816e-01
1.004873156547546387e+00
-1.602957025170326233e-02
1.602899074554443359e+00
1.298847943544387817e-01
-1.586906671524047852e+00
1.467442035675048828e+00
1.626284003257751465e+00
1.579055070877075195e+00
2.714075565338134766e+00
-4.385426267981529236e-02
9.498552083969116211e-01
2.006465673446655273e+00
1.576809167861938477e+00
1.114446878433227539e+00
3.635680913925170898e+00
-3.467075526714324951e-01
2.473811388015747070e+00
5.513211488723754883e-01
2.441326856613159180e+00
4.001853942871093750e+00
2.321212589740753174e-01
-1.802416086196899414e+00
9.245287179946899414e-01
1.882074594497680664e+00
4.468763768672943115e-01
-1.813677549362182617e+00
2.736185193061828613e-01
-1.813117980957031250e+00
2.793316245079040527e-01
-8.037426471710205078e-01
-2.314772129058837891e+00
1.986036181449890137e+00
2.187394618988037109e+00
-1.604053527116775513e-01
2.931069135665893555e-01
1.785263717174530029e-01
-1.662421464920043945e+00
-1.779483437538146973e+00
2.643004417419433594e+00
-3.706430792808532715e-01
2.132663726806640625e-01
4.297808408737182617e-01
-1.995576918125152588e-01
-1.814396381378173828e+00
2.595524549484252930e+00
4.488214015960693359e+00
3.266903638839721680e+00
1.426140069961547852e+00
-5.467006564140319824e-01
1.983155250549316406e+00
-6.135439872741699219e-01
-1.365114688873291016e+00
2.744699239730834961e+00
3.211410045623779297e+00
8.973012566566467285e-01
1.262231230735778809e+00
1.917744994163513184e+00
2.815691471099853516e+00
-1.730169653892517090e+00
-4.649798572063446045e-01
2.047356605529785156e+00
-1.012450695037841797e+00
2.287590026855468750e+00
-2.897022008895874023e+00
-6.412607431411743164e-01
-2.012676239013671875e+00
1.435108542442321777e+00
1.745201468467712402e+00
1.478140354156494141e+00
3.183197736740112305e+00
1.056430459022521973e+00
9.741166234016418457e-01
8.662338852882385254e-01
7.264773249626159668e-01
1.615190505981445312e+00
-1.120747923851013184e-01
-1.138871192932128906e+00
-3.866391777992248535e-01
5.297406673431396484e+00
3.352390050888061523e+00
-2.255873978137969971e-01
-1.329307913780212402e+00
-2.564931392669677734e+00
-1.812363147735595703e+00
-3.145479917526245117e+00
-2.569915533065795898e+00
1.047784209251403809e+00
-2.524996757507324219e+00
-4.652274131774902344e+00
-1.735756397247314453e+00
-2.924360513687133789e+00
-4.471900939941406250e+00
-8.443362116813659668e-01
-4.343105792999267578e+00
6.704805791378021240e-02
-9.114000797271728516e-01
-1.902453899383544922e+00
6.470318436622619629e-01
3.963036298751831055e+00
1.688953161239624023e+00
-2.343187332153320312e+00
-1.738263666629791260e-01
-1.494724988937377930e+00
-7.579991817474365234e-01
-2.324348926544189453e+00
3.075422644615173340e-01
-3.183454751968383789e+00
2.589901685714721680e+00
-3.912195444107055664e+00
-5.097625255584716797e-01
1.431103587150573730e+00
-1.601037263870239258e+00
2.575909197330474854e-01
-3.949167728424072266e+00
-3.776117324829101562e+00
-3.415687084197998047e-01
-2.099215507507324219e+00
-2.536382436752319336e+00
-1.354985237121582031e+00
-2.087808609008789062e+00
-1.273594141006469727e+00
-5.076927185058593750e+00
-2.578213214874267578e+00
-1.946288347244262695e+00
1.206779241561889648e+00
1.182793140411376953e+00
-5.212049961090087891e+00
-3.533450126647949219e+00
-6.407530307769775391e-01
-9.146279692649841309e-01
-5.141440629959106445e-01
-3.067675113677978516e+00
-3.249106884002685547e+00
-2.167049646377563477e+00
-1.369912147521972656e+00
-2.849007606506347656e+00
-1.107770800590515137e+00
-1.248335838317871094e+00
-3.321181297302246094e+00
-1.720416784286499023e+00
-2.054981946945190430e+00
-2.384376049041748047e+00
-1.906537413597106934e+00
-1.962243080139160156e+00
1.439688682556152344e+00
1.588527917861938477e+00
-1.035608172416687012e+00
2.880516052246093750e+00
3.967816114425659180e+00
-1.043937921524047852e+00
-4.248394489288330078e+00
-3.200317025184631348e-01
-3.850841522216796875e+00
5.866114616394042969e+00
-3.640216588973999023e-01
-7.816185355186462402e-01
-2.935544848442077637e-01
-1.693492174148559570e+00
-3.358789920806884766e+00
-8.346927165985107422e-01
-8.148089647293090820e-01
-1.593024611473083496e+00
-6.037726998329162598e-01
2.955340147018432617e-01
-8.502498865127563477e-01
-1.201546430587768555e+00
-3.010541677474975586e+00
-2.571840763092041016e+00
-5.026092529296875000e+00
1.738261580467224121e-01
1.331583619117736816e+00
-2.089492321014404297e+00
-2.315059900283813477e+00
3.078309297561645508e+00
1.521638274192810059e+00
-2.416768312454223633e+00
2.624223709106445312e+00
-2.992128133773803711e+00
-1.514301657676696777e+00
1.637156009674072266e+00
5.264804363250732422e-01
-9.212334752082824707e-01
-2.296741485595703125e+00
-5.738698244094848633e-01
-2.246991395950317383e-01
-1.443376779556274414e+00
-3.220874309539794922e+00
-4.849376201629638672e+00
-5.754655361175537109e+00
1.178272485733032227e+00
9.815159440040588379e-02
-3.209164142608642578e+00
-8.593517541885375977e-01
7.402530312538146973e-02
-2.162262439727783203e+00
-3.214364528656005859e+00
-6.989475488662719727e-01
-8.508706092834472656e-01
-8.819240927696228027e-01
-2.733442306518554688e+00
1.034126281738281250e+00
-7.856785058975219727e-01
2.065595388412475586e+00
6.081459522247314453e-01
-4.097355842590332031e+00
-6.240873336791992188e-01
-6.017019152641296387e-01
2.811183929443359375e+00
2.811116933822631836e+00
-2.979480028152465820e+00
-2.963427066802978516e+00
9.391576051712036133e-01
-8.666675686836242676e-01
4.578035354614257812e+00
1.721259593963623047e+00
-1.136620402336120605e+00
-1.937542915344238281e+00
4.506217002868652344e+00
-4.993348598480224609e+00
-2.239668130874633789e+00
1.229393243789672852e+00
-2.784081459045410156e+00
-3.352623462677001953e+00
-4.311080455780029297e+00
-9.817457199096679688e-01
-2.793378829956054688e+00
7.071421146392822266e+00
1.989880800247192383e-01
-2.121679067611694336e+00
3.378751039505004883e+00
3.223169565200805664e+00
-3.940630197525024414e+00
6.296418666839599609e+00
2.049657106399536133e-01
4.136723995208740234e+00
-1.050654411315917969e+00
-7.687704563140869141e-01
-1.527763605117797852e+00
-3.229237794876098633e-01
1.662694215774536133e+00
4.382226467132568359e-01
-2.581557035446166992e+00
-8.581509590148925781e-01
-4.886044502258300781e+00
1.834047794342041016e+00
-2.892678022384643555e+00
1.685670614242553711e+00
-4.994031906127929688e+00
3.534399271011352539e+00
5.821120262145996094e+00
1.788916587829589844e+00
-4.964455962181091309e-01
-1.314185619354248047e+00
-2.622016429901123047e+00
-7.130352854728698730e-01
-4.211218357086181641e-01
7.112523913383483887e-01
-2.958946228027343750e+00
1.191374874114990234e+01
-1.052908301353454590e+00
-2.470575809478759766e+00
1.827233195304870605e+00
5.562092304229736328e+00
3.088967323303222656e+00
-2.612848758697509766e+00
1.212603807449340820e+00
3.374291896820068359e+00
2.850277900695800781e+00
-1.572269201278686523e+00
-2.346771955490112305e+00
1.508095264434814453e+00
-1.493310689926147461e+00
3.289782524108886719e+00
-1.035889029502868652e+00
-2.293465137481689453e-01
-1.240979790687561035e+00
2.516395092010498047e+00
2.165656566619873047e+00
1.052462697029113770e+00
4.746807098388671875e+00
7.707078456878662109e-01
-2.629585504531860352e+00
-8.315225839614868164e-01
-3.277329206466674805e+00
2.110698699951171875e+00
5.430282354354858398e-01
-6.666911244392395020e-01
-5.404207229614257812e+00
7.690258026123046875e-01
2.928807497024536133e+00
-1.919802188873291016e+00
-2.775399684906005859e-01
-3.382148027420043945e+00
3.207458496093750000e+00
-4.091536998748779297e+00
-3.170593261718750000e+00
-3.051641583442687988e-01
-9.287427663803100586e-01
3.207768917083740234e+00
-7.887054443359375000e+00
2.173303127288818359e+00
-1.544665694236755371e+00
-7.259726524353027344e-02
2.475392818450927734e-01
-1.481493473052978516e+00
3.055316805839538574e-01
-2.896258354187011719e+00
4.716471135616302490e-01
-1.099735617637634277e+00
8.440937399864196777e-01
-6.526980996131896973e-01
5.028654098510742188e+00
4.142122268676757812e-01
-8.252822756767272949e-01
-1.636643171310424805e+00
-9.279583394527435303e-02
1.121724128723144531e+00
3.469316482543945312e+00
-5.447292327880859375e-02
3.473809003829956055e+00
3.408132076263427734e+00
1.939832210540771484e+00
6.417171359062194824e-01
2.405261695384979248e-01
1.723925352096557617e+00
-2.334133386611938477e-01
-1.967332005500793457e+00
-3.392248392105102539e+00
5.250527858734130859e-01
1.587978363037109375e+00
6.361120700836181641e+00
1.018980503082275391e+00
-4.139480590820312500e+00
5.393460273742675781e+00
4.112712144851684570e-01
2.693443775177001953e+00
-1.202237844467163086e+00
1.236278653144836426e+00
-3.466348409652709961e+00
-6.175553202629089355e-01
8.882474899291992188e-02
9.543187618255615234e-01
-1.985766649246215820e+00
-1.402579784393310547e+00
5.125432968139648438e+00
2.750638484954833984e+00
3.219739347696304321e-02
1.307469606399536133e+00
6.751557350158691406e+00
-4.392548084259033203e+00
-2.365391969680786133e+00
-3.086905956268310547e+00
3.853309154510498047e-02
5.588759183883666992e-01
6.101083755493164062e+00
-3.002507209777832031e+00
1.032169938087463379e+00
7.016705870628356934e-01
3.077331542968750000e+00
-4.328684806823730469e-01
2.862335681915283203e+00
2.173950076103210449e-01
-3.493620157241821289e+00
-3.200394153594970703e+00
5.567684650421142578e+00
-4.376976013183593750e+00
2.570422887802124023e+00
5.739783287048339844e+00
-1.509577751159667969e+00
-2.818876504898071289e+00
-3.765975952148437500e+00
1.336492419242858887e+00
-1.642660498619079590e+00
-2.340094327926635742e+00
-1.163154602050781250e+00
4.281210899353027344e+00
-4.026371002197265625e+00
2.043753564357757568e-01
-2.957561492919921875e+00
-1.905061960220336914e+00
-6.133699417114257812e-02
-1.258123993873596191e+00
8.234311342239379883e-01
2.249838829040527344e+00
-1.663453936576843262e+00
3.127704262733459473e-01
-6.209614276885986328e+00
3.277268648147583008e+00
-2.228523731231689453e+00
9.092316627502441406e-01
-2.983040094375610352e+00
-2.612199783325195312e+00
-5.817883610725402832e-01
1.944854736328125000e+00
-1.887639522552490234e+00
1.036716818809509277e+00
1.053337335586547852e+00
-1.033171772956848145e+00
-4.744743347167968750e+00
5.526360511779785156e+00
-1.499411463737487793e-01
-3.585942268371582031e+00
-9.596297740936279297e-01
4.942598819732666016e+00
1.879518032073974609e+00
-2.266989946365356445e+00
1.095104122161865234e+01
-1.178310632705688477e+00
1.027594685554504395e+00
-1.734435796737670898e+00
-3.935084342956542969e+00
-1.072714686393737793e+00
2.847505569458007812e+00
-2.683434009552001953e+00
3.320608615875244141e+00
-4.358246326446533203e-01
1.457288503646850586e+00
-3.635993719100952148e+00
-2.361214160919189453e+00
-2.781515359878540039e+00
-9.180307984352111816e-01
2.333515405654907227e+00
1.521894335746765137e-01
8.684587478637695312e-01
-9.050989151000976562e-01
3.821920394897460938e+00
8.240409851074218750e+00
-4.400434494018554688e+00
-9.516359865665435791e-02
3.221447229385375977e+00
2.486125469207763672e+00
6.183044433593750000e+00
5.122368335723876953e-01
2.159853458404541016e+00
3.889311790466308594e+00
4.282577037811279297e+00
-1.479576110839843750e+00
9.513090550899505615e-02
5.121238231658935547e-01
-3.054431676864624023e+00
-1.520263910293579102e+00
2.165033340454101562e+00
-4.371611118316650391e+00
2.970927357673645020e-01
1.731759309768676758e-01
1.474381208419799805e+00
3.418762445449829102e+00
-9.825778007507324219e-02
-2.277283191680908203e+00
-2.719864606857299805e+00
-2.132786035537719727e+00
6.617940902709960938e+00
1.483462005853652954e-01
4.114347100257873535e-01
3.098965644836425781e+00
-6.503525376319885254e-01
8.508902788162231445e-01
-2.220820426940917969e+00
2.795576572418212891e+00
3.011242747306823730e-01
2.312044143676757812e+00
3.950899600982666016e+00
7.320512533187866211e-01
-1.393089056015014648e+00
3.884729743003845215e-01
1.088369727134704590e+00
6.873524188995361328e-01
-1.153909206390380859e+00
-1.679468393325805664e+00
-1.810005903244018555e+00
1.425693631172180176e+00
-1.083664774894714355e+00
-2.102915763854980469e+00
8.493778228759765625e+00
6.223973751068115234e+00
-2.074418544769287109e+00
-3.372200965881347656e+00
1.374382376670837402e-01
-2.956975460052490234e+00
-1.988897323608398438e-01
-2.244172811508178711e+00
3.531259536743164062e+00
-6.356052160263061523e-01
-9.202436208724975586e-01
3.529451847076416016e+00
-2.872818708419799805e+00
-6.603357195854187012e-01
-1.652997851371765137e+00
2.483071327209472656e+00
-3.138776779174804688e+00
-3.835318803787231445e+00
1.381899595260620117e+00
-3.518164157867431641e-02
1.468880772590637207e-01
4.328125000000000000e+00
3.127765655517578125e+00
-2.892624139785766602e-01
-1.549393296241760254e+00
-1.728750228881835938e+00
6.503574252128601074e-01
-3.220014333724975586e+00
-1.243695616722106934e+00
-3.802109360694885254e-01
-9.279345273971557617e-01
2.301802635192871094e+00
-1.855960249900817871e+00
-7.464959621429443359e-01
5.338598251342773438e+00
-1.604549288749694824e-01
-4.587642669677734375e+00
3.184574127197265625e+00
5.871577739715576172e+00
1.540091633796691895e-02
1.863928794860839844e+00
4.616554379463195801e-01
4.464338302612304688e+00
2.961818456649780273e+00
-3.256171464920043945e+00
-3.301426410675048828e+00
-4.842680096626281738e-01
-3.902932167053222656e+00
-3.716331720352172852e-01
-1.370723485946655273e+00
-2.290197372436523438e+00
3.675404548645019531e+00
1.140467524528503418e+00
3.348811149597167969e+00
7.647014856338500977e-01
-1.608401298522949219e+00
3.492879390716552734e+00
-3.064414501190185547e+00
2.509732842445373535e-01
-3.159612417221069336e+00
-3.665792942047119141e+00
4.114161968231201172e+00
2.476847410202026367e+00
6.689583778381347656e+00
1.977480053901672363e+00
1.982937574386596680e+00
-3.141758918762207031e+00
3.907611370086669922e+00
-3.802480697631835938e+00
5.639190673828125000e-01
2.955939292907714844e+00
2.185139179229736328e+00
-4.092782974243164062e+00
1.489623427391052246e+00
1.923342704772949219e+00
-1.463783264160156250e+00
-5.981443405151367188e+00
9.053117752075195312e+00
-2.032162666320800781e+00
2.433325290679931641e+00
1.097034931182861328e+00
1.414371877908706665e-01
-2.076965093612670898e+00
5.407753467559814453e+00
-7.475314140319824219e-01
-2.592738151550292969e+00
-3.041013240814208984e+00
-1.749922513961791992e+00
1.583553791046142578e+00
1.057358860969543457e+00
6.575191020965576172e+00
2.220541715621948242e+00
9.056836128234863281e+00
-3.949114382266998291e-01
-2.896178364753723145e-01
2.766376495361328125e+00
-2.852967023849487305e+00
-1.398568391799926758e+00
1.461400508880615234e+00
-1.191202163696289062e+00
-4.294043183326721191e-01
-7.760018110275268555e-01
-2.725064754486083984e-01
8.586643338203430176e-01
-2.652810335159301758e+00
-1.061853051185607910e+00
-2.211210250854492188e+00
-2.458200693130493164e+00
-2.401790380477905273e+00
8.733013868331909180e-01
3.635788679122924805e+00
3.210172414779663086e+00
1.806889176368713379e+00
-3.022608995437622070e+00
4.551614284515380859e+00
2.106494426727294922e+00
2.521258831024169922e+00
4.232395648956298828e+00
-1.646069049835205078e+00
-2.728444099426269531e+00
1.144005060195922852e+00
-4.364993095397949219e+00
-4.596821784973144531e+00
-2.740363121032714844e+00
-6.029117107391357422e-02
-7.173244953155517578e-01
-1.587455749511718750e+00
-1.041378736495971680e+00
-1.077209949493408203e+00
6.506915092468261719e+00
-3.733931183815002441e-01
-2.520588040351867676e-01
1.531484723091125488e+00
-3.007666826248168945e+00
2.673893213272094727e+00
5.975332736968994141e+00
6.786044120788574219e+00
3.072485208511352539e+00
1.618919372558593750e+00
2.633385658264160156e+00
-3.189655542373657227e+00
1.794813394546508789e+00
-2.171845674514770508e+00
1.355916261672973633e+00
-1.578664422035217285e+00
-3.794294834136962891e+00
-2.531993091106414795e-01
5.246494770050048828e+00
5.165338993072509766e+00
-1.464500069618225098e+00
4.546414375305175781e+00
4.515053272247314453e+00
-4.152546882629394531e+00
1.380498647689819336e+00
-6.622576117515563965e-01
3.880078554153442383e+00
-1.152462244033813477e+00
7.095777988433837891e-01
3.711301803588867188e+00
-4.077388286590576172e+00
1.947052955627441406e+00
-5.250348567962646484e+00
-3.021234035491943359e+00
-4.222785949707031250e+00
-7.707029581069946289e-01
3.258029937744140625e+00
7.879207134246826172e+00
1.116708517074584961e-01
6.919867396354675293e-01
-1.747677326202392578e+00
4.058857917785644531e+00
-2.528115272521972656e+00
-2.945320367813110352e+00
2.643426418304443359e+00
1.156428575515747070e+00
4.071311354637145996e-01
9.140725135803222656e-01
-4.144219875335693359e+00
1.988064408302307129e+00
1.596936821937561035e+00
1.890196561813354492e+00
-3.610418558120727539e+00
2.139529466629028320e+00
6.528568267822265625e+00
2.830029010772705078e+00
1.733234882354736328e+00
5.430716276168823242e-01
1.767045378684997559e+00
-4.420157074928283691e-01
-2.192552804946899414e+00
-1.856802701950073242e+00
5.625762939453125000e+00
3.214107513427734375e+00
-1.658457875251770020e+00
1.391204237937927246e+00
-9.262722730636596680e-01
5.353510379791259766e-01
1.017866015434265137e+00
-4.774399280548095703e+00
-2.387596845626831055e+00
-5.729137659072875977e-01
9.853887557983398438e-01
3.483104705810546875e-02
5.364059925079345703e+00
-1.520497202873229980e+00
-4.289475083351135254e-02
-3.585340976715087891e+00
3.497962474822998047e+00
-3.932126045227050781e+00
-3.138462066650390625e+00
7.966942787170410156e+00
8.447152972221374512e-01
-2.344170570373535156e+00
-5.405321121215820312e+00
-1.788902759552001953e+00
-1.806612014770507812e+00
-4.998158454895019531e+00
-8.443381786346435547e-01
1.246263980865478516e+00
-1.444695234298706055e+00
-3.989989519119262695e+00
2.736484527587890625e+00
6.427630186080932617e-01
-9.822674989700317383e-01
1.081256866455078125e+00
6.495058536529541016e+00
-6.176633834838867188e-01
6.197006702423095703e+00
-1.055309534072875977e+00
1.354438066482543945e+00
1.581311225891113281e-02
-1.791371941566467285e+00
2.087602138519287109e+00
1.254034757614135742e+00
1.814034461975097656e+00
1.642547488212585449e+00
1.241390466690063477e+00
-2.435504198074340820e+00
2.689622879028320312e+00
1.333973407745361328e-01
3.747055292129516602e+00
2.949047803878784180e+00
-1.321662902832031250e+00
-6.787131726741790771e-02
1.303432703018188477e+00
-1.614944934844970703e+00
8.614373207092285156e-02
-7.990468740463256836e-01
4.156410217285156250e+00
-1.383520841598510742e+00
-3.555700063705444336e+00
1.904322266578674316e+00
-3.744043707847595215e-01
8.139806747436523438e+00
7.735784053802490234e-01
-3.417039632797241211e+00
-3.336351871490478516e+00
-1.906385421752929688e+00
8.794331550598144531e-02
2.588275671005249023e+00
1.188295960426330566e+00
6.625369191169738770e-01
-4.148142814636230469e+00
4.939273595809936523e-01
1.113636732101440430e+00
3.968070030212402344e+00
1.006963968276977539e+00
3.204304456710815430e+00
-1.101173400878906250e+00
1.877942204475402832e+00
1.160656929016113281e+00
-1.440844535827636719e-01
-7.522636651992797852e-02
-4.156283438205718994e-01
3.787304878234863281e+00
-1.567646265029907227e+00
-1.466512918472290039e+00
1.878448724746704102e+00
9.988034963607788086e-01
1.445940852165222168e+00
2.405612230300903320e+00
9.025209546089172363e-01
-4.748030006885528564e-02
2.682985544204711914e+00
2.063673019409179688e+00
3.722794651985168457e-01
2.600639581680297852e+00
3.084834575653076172e+00
-9.798719882965087891e-01
1.329285621643066406e+00
3.951205968856811523e+00
3.741203069686889648e+00
2.654361724853515625e+00
2.211939811706542969e+00
7.728350162506103516e-02
2.410743713378906250e+00
2.216388463973999023e+00
3.100123405456542969e+00
1.497942686080932617e+00
-3.533778488636016846e-01
2.834430932998657227e-01
7.373320460319519043e-01
-1.245852828025817871e+00
1.501361846923828125e+00
1.196063876152038574e+00
-9.580398201942443848e-01
-2.493912220001220703e+00
-1.925553083419799805e+00
1.502504944801330566e+00
-2.200618743896484375e+00
1.447702884674072266e+00
-6.178966760635375977e-01
2.214647769927978516e+00
-2.158539295196533203e-01
1.111382961273193359e+00
1.673832654953002930e+00
-1.946586132049560547e+00
3.179515600204467773e-01
2.990458607673645020e-01
-2.295431852340698242e+00
-8.882970809936523438e-01
5.485002517700195312e+00
2.248124837875366211e+00
-4.285128712654113770e-01
3.472774505615234375e+00
1.716597199440002441e+00
-9.096383452415466309e-01
2.378008365631103516e+00
1.394727945327758789e+00
1.603933095932006836e+00
-2.562774658203125000e+00
-1.247880339622497559e+00
-1.276243925094604492e+00
3.011322021484375000e-01
-1.599462270736694336e+00
-1.388073205947875977e+00
-1.534053444862365723e+00
-3.990350961685180664e+00
-1.358048617839813232e-01
-2.826992034912109375e+00
1.026657104492187500e+00
6.551652908325195312e+00
