-2.953884005546569824e-01
3.162879705429077148e+00
-4.321490287780761719e+00
1.670914888381958008e-01
-1.408054947853088379e+00
-1.201282024383544922e+00
1.354166269302368164e+00
-1.857599616050720215e+00
-2.688098430633544922e+00
-1.311551451683044434e+00
1.762461662292480469e+00
-1.444602847099304199e+00
-1.720868349075317383e+00
-1.314170509576797485e-01
3.335689902305603027e-01
-1.176730036735534668e+00
-2.974858283996582031e+00
1.417006611824035645e+00
-7.498100399971008301e-01
-1.121543765068054199e+00
-3.328091621398925781e+00
-4.349620342254638672e+00
-5.767548084259033203e+00
-4.885542869567871094e+00
-2.955653905868530273e+00
-5.554635524749755859e-01
-1.014925718307495117e+00
-1.534843683242797852e+00
-2.451665878295898438e+00
-1.548055648803710938e+00
-6.996493339538574219e-01
1.541864871978759766e-01
-1.671659946441650391e+00
2.432245016098022461e-02
7.198905944824218750e-01
-1.443526625633239746e+00
1.645054936408996582e+00
6.868776679039001465e-01
-2.153817117214202881e-01
-3.595145702362060547e+00
-2.448235511779785156e+00
-2.625043392181396484e+00
-2.653060197830200195e+00
-2.497056245803833008e+00
-1.843712449073791504e+00
7.481287717819213867e-01
-3.738869428634643555e+00
-1.155566573143005371e-01
-1.512443065643310547e+00
-3.669562578201293945e+00
1.262369155883789062e-01
-5.257493853569030762e-01
1.461678981781005859e+00
-4.803085923194885254e-01
5.197249650955200195e-01
2.879036068916320801e-01
3.479691147804260254e-01
-3.478827238082885742e+00
-2.607491254806518555e+00
-2.584489822387695312e+00
2.471937179565429688e+00
3.443747043609619141e+00
2.535746335983276367e+00
-7.867673635482788086e-01
-2.047740221023559570e+00
-1.809358835220336914e+00
2.993488907814025879e-01
-2.045706272125244141e+00
7.172552943229675293e-01
2.350804328918457031e+00
-1.929046869277954102e+00
-5.545057058334350586e-01
-2.152424097061157227e+00
-4.431039988994598389e-01
6.581561565399169922e-01
-1.577005982398986816e+00
1.576011061668395996e+00
2.217327356338500977e+00
1.310506463050842285e+00
-2.051607370376586914e+00
-4.597249507904052734e+00
9.217902421951293945e-01
-3.836965560913085938e-02
-3.500486612319946289e+00
3.786922931671142578e+00
-1.946927189826965332e+00
-3.369874954223632812e-01
-6.735677719116210938e-01
-2.191464304924011230e-01
-2.136682510375976562e+00
-5.345339775085449219e-01
-1.806718349456787109e+00
-1.120228886604309082e+00
-4.969430446624755859e+00
3.851444125175476074e-01
-1.394878029823303223e+00
-1.327854871749877930e+00
1.524053812026977539e-01
-5.526853799819946289e-01
-1.522902250289916992e+00
-3.838588237762451172e+00
-1.231978416442871094e+00
-4.056529521942138672e+00
3.636016249656677246e-01
-1.804787278175354004e+00
-6.212382316589355469e-01
-2.503272593021392822e-01
1.603873133659362793e+00
5.087947249412536621e-01
1.366062164306640625e+00
-6.974670886993408203e-01
1.083991527557373047e+00
1.824956536293029785e-01
6.125034093856811523e-01
-1.436430335044860840e+00
-1.160274028778076172e+00
3.287532329559326172e+00
2.619976997375488281e+00
-1.266202926635742188e-01
5.087296366691589355e-01
-2.281486511230468750e+00
-2.599495649337768555e+00
-1.195190906524658203e+00
-3.822937488555908203e+00
-1.049100637435913086e+00
-5.515518188476562500e-01
-1.896314620971679688e+00
-3.770375013351440430e+00
-4.276789665222167969e+00
-2.301012039184570312e+00
-2.660755157470703125e+00
-1.933690547943115234e+00
-2.413338661193847656e+00
-4.151996612548828125e+00
-2.352168083190917969e+00
-4.183506488800048828e+00
-1.589057683944702148e+00
-2.463431835174560547e+00
-1.435974955558776855e+00
-1.230289340019226074e+00
1.191853523254394531e+00
-2.702269077301025391e+00
-1.342525124549865723e+00
-4.833974838256835938e+00
-8.476940393447875977e-01
-3.315540790557861328e+00
-4.187053203582763672e+00
-5.805045127868652344e+00
-3.481338977813720703e+00
-9.898769855499267578e-01
-1.728863477706909180e+00
7.891267538070678711e-01
-3.187685966491699219e+00
7.872807979583740234e-01
-6.684237718582153320e-02
1.796059370040893555e+00
8.317425251007080078e-01
-1.605533123016357422e+00
-1.508695602416992188e+00
2.343232333660125732e-01
-2.134355068206787109e+00
-5.227357745170593262e-01
1.431432485580444336e+00
6.473291516304016113e-01
1.655381798744201660e+00
-1.570057988166809082e+00
1.294099569320678711e+00
-1.817517757415771484e+00
-1.314268708229064941e+00
-2.787139654159545898e+00
-1.965620279312133789e+00
8.611874580383300781e-01
2.711682319641113281e-01
-7.298836112022399902e-01
-2.986637592315673828e+00
-3.273132801055908203e+00
-4.336371898651123047e+00
-3.084692478179931641e+00
-1.211103916168212891e+00
-2.241314649581909180e+00
-2.004290580749511719e+00
-1.589905500411987305e+00
3.347995519638061523e+00
7.220731377601623535e-01
1.087732791900634766e+00
4.924440383911132812e-02
-1.107786059379577637e+00
3.381036520004272461e-01
-1.572007179260253906e+00
-1.741430640220642090e+00
-9.465004801750183105e-01
7.228771448135375977e-01
2.127019882202148438e+00
1.898522973060607910e+00
-1.239028930664062500e+00
1.689010381698608398e+00
-1.895889043807983398e-01
1.839381933212280273e+00
9.322166442871093750e-04
1.296319007873535156e+00
-2.559748888015747070e+00
2.121418476104736328e+00
-1.657270789146423340e-01
-2.243333578109741211e+00
2.434124946594238281e+00
8.765376210212707520e-01
-8.320713639259338379e-01
-6.718142628669738770e-01
3.179288625717163086e+00
4.463790655136108398e-01
2.342903614044189453e-01
5.580913424491882324e-01
-1.998786807060241699e+00
-3.202524483203887939e-01
3.018879294395446777e-01
3.866397142410278320e-01
1.309118628501892090e+00
2.269882678985595703e+00
2.229008913040161133e+00
1.007474362850189209e-01
-6.072883009910583496e-01
6.106060147285461426e-01
-2.218184471130371094e+00
1.694319844245910645e-01
-1.722731709480285645e+00
1.364448785781860352e+00
8.214235901832580566e-01
-6.841943860054016113e-01
-3.262922286987304688e+00
-2.729576826095581055e-01
7.743980884552001953e-01
9.479320049285888672e-01
3.481612205505371094e-01
-1.751350522041320801e+00
6.436507105827331543e-01
-3.142813444137573242e+00
-9.115725755691528320e-01
1.837185144424438477e+00
1.912831068038940430e+00
5.149242281913757324e-01
5.643491744995117188e-01
-1.173474550247192383e+00
2.421581983566284180e+00
1.292608499526977539e+00
-3.071000099182128906e+00
1.771489977836608887e+00
5.418993234634399414e-01
3.355727195739746094e+00
-3.902845621109008789e+00
-2.514122009277343750e+00
-2.103872060775756836e+00
1.618176460266113281e+00
6.052628159523010254e-01
9.299771189689636230e-01
4.362138271331787109e+00
7.942672967910766602e-01
-6.355553269386291504e-01
-2.118135213851928711e+00
-2.990540981292724609e+00
-1.469931125640869141e+00
-1.552425384521484375e+00
-3.469532012939453125e+00
6.152686476707458496e-01
1.696144700050354004e+00
2.730708599090576172e+00
-7.450298070907592773e-01
-1.916099667549133301e+00
-2.394299507141113281e+00
-3.842071056365966797e+00
-3.647337198257446289e+00
-2.428270578384399414e+00
-2.361399412155151367e+00
-3.543510437011718750e+00
-2.993123769760131836e+00
-1.129379749298095703e+00
-3.651638507843017578e+00
-2.986696958541870117e+00
-1.402301788330078125e+00
-2.590082168579101562e+00
-7.833092212677001953e-01
-7.088645696640014648e-01
-1.926687240600585938e+00
-7.003288865089416504e-01
2.733603239059448242e+00
3.077630996704101562e+00
-2.314604759216308594e+00
-1.625951081514358521e-01
-3.805277824401855469e+00
-2.867502927780151367e+00
-2.555304288864135742e+00
-7.824169993400573730e-01
-3.689827680587768555e+00
7.733807563781738281e-01
-4.054866790771484375e+00
-2.488363742828369141e+00
-1.401523947715759277e+00
-5.134746074676513672e+00
-1.541149258613586426e+00
-4.846385478973388672e+00
-3.722670555114746094e+00
-1.259002923965454102e+00
-4.100632667541503906e-02
-1.865235805511474609e+00
-4.844342470169067383e-01
4.113923907279968262e-01
-7.340744733810424805e-01
-2.148010730743408203e+00
2.013100981712341309e-01
-9.745835661888122559e-01
1.552694082260131836e+00
1.828089594841003418e+00
-2.598133325576782227e+00
-1.964684963226318359e+00
1.561100482940673828e-01
4.982477426528930664e-01
-1.853089690208435059e+00
-2.697221755981445312e+00
-3.323877811431884766e+00
-1.883980035781860352e+00
-1.641535520553588867e+00
-3.112158536911010742e+00
-2.348767518997192383e+00
-1.265642762184143066e+00
-2.093279361724853516e+00
-2.462751626968383789e+00
-1.797808170318603516e+00
-3.161713123321533203e+00
-6.995180845260620117e-01
1.119672775268554688e+00
-1.009302616119384766e+00
1.778019189834594727e+00
5.245515108108520508e-01
-5.895460247993469238e-01
6.335458159446716309e-01
-1.304625630378723145e+00
-4.072700977325439453e+00
7.416395545005798340e-01
-8.982654213905334473e-01
4.639808654785156250e+00
-1.615701198577880859e+00
3.087317943572998047e-02
6.563743352890014648e-01
-1.012985229492187500e+00
-1.724514842033386230e+00
8.439313173294067383e-01
1.862422227859497070e-01
4.864997863769531250e-01
-1.604266643524169922e+00
-2.750380039215087891e+00
-4.368051528930664062e+00
-8.868365287780761719e-01
-4.316908359527587891e+00
-4.236980438232421875e+00
-4.753559112548828125e+00
-1.043920278549194336e+00
-7.732403874397277832e-01
-2.755877494812011719e+00
-2.048678159713745117e+00
-3.696891069412231445e-01
-2.068650722503662109e+00
-1.123886346817016602e+00
-2.996405959129333496e-01
-1.674927949905395508e+00
-2.366371870040893555e+00
1.006094932556152344e+00
-1.382253170013427734e+00
-2.409130573272705078e+00
-4.888694286346435547e+00
-3.844424724578857422e+00
-9.137996435165405273e-01
-3.590513229370117188e+00
-3.463814258575439453e+00
-4.940490722656250000e+00
-4.813716888427734375e+00
-3.244763374328613281e+00
-3.261114835739135742e+00
-3.248209476470947266e+00
-1.654066920280456543e+00
-3.386652469635009766e+00
-2.543431043624877930e+00
-3.386229038238525391e+00
-1.749339699745178223e+00
-4.190244197845458984e+00
-3.017327308654785156e+00
-2.970416545867919922e+00
-1.257182359695434570e+00
-2.520311355590820312e+00
-2.627589464187622070e+00
-1.386012673377990723e+00
-4.192038536071777344e+00
-1.793626546859741211e+00
-2.850653171539306641e+00
2.036183357238769531e+00
9.109637737274169922e-01
-3.960178375244140625e+00
-2.686349630355834961e+00
5.797811746597290039e-01
-1.403878450393676758e+00
3.975502252578735352e+00
-1.264335155487060547e+00
6.192999482154846191e-01
-2.467538356781005859e+00
3.330587625503540039e+00
-5.351672649383544922e+00
-3.260045051574707031e+00
4.849919676780700684e-01
-1.211293697357177734e+00
-2.505806684494018555e+00
-1.462552785873413086e+00
1.073269963264465332e+00
2.490604519844055176e-01
4.379495620727539062e+00
1.913079142570495605e+00
-1.389838695526123047e+00
5.115317344665527344e+00
2.333123207092285156e+00
-4.540292739868164062e+00
2.915993690490722656e+00
6.640828847885131836e-01
4.697257518768310547e+00
4.266979992389678955e-01
-1.815326690673828125e+00
-4.308058321475982666e-01
-1.338743686676025391e+00
3.170618295669555664e+00
-6.311274766921997070e-01
4.298528671264648438e+00
2.071087837219238281e+00
-1.311998367309570312e+00
1.698698401451110840e+00
-1.214724183082580566e+00
1.624765276908874512e+00
-2.983203887939453125e+00
3.715666770935058594e+00
4.369188308715820312e+00
3.387742996215820312e+00
-2.548528909683227539e+00
-9.431470036506652832e-01
-1.427380800247192383e+00
-4.600456357002258301e-01
-1.834017038345336914e-02
7.512214779853820801e-01
-3.488240957260131836e+00
8.768634796142578125e+00
-1.045662999153137207e+00
2.426852464675903320e+00
8.909499645233154297e-02
4.982669830322265625e+00
5.128294944763183594e+00
-6.624132394790649414e-01
5.761030316352844238e-01
2.023826360702514648e+00
4.959267139434814453e+00
-9.558249115943908691e-01
-1.984246253967285156e+00
3.489151000976562500e+00
-5.144215226173400879e-01
3.155732154846191406e+00
6.485853791236877441e-01
4.747146606445312500e+00
-1.685510039329528809e+00
2.201810836791992188e+00
2.020050525665283203e+00
3.648618221282958984e+00
6.475479602813720703e+00
1.112555146217346191e+00
-1.601826429367065430e+00
-3.034303665161132812e+00
-2.809352874755859375e+00
3.191803455352783203e+00
1.002351999282836914e+00
-1.816559791564941406e+00
-3.281004905700683594e+00
-2.286412715911865234e+00
3.164216041564941406e+00
-3.473702907562255859e+00
1.228726267814636230e+00
-2.470112562179565430e+00
1.438845396041870117e+00
-3.468297958374023438e+00
-2.173435688018798828e+00
-9.397307634353637695e-01
-9.506584405899047852e-01
3.978762626647949219e-01
-5.551860809326171875e+00
2.686865091323852539e+00
-1.051759839057922363e+00
2.921772003173828125e+00
2.961778044700622559e-01
-1.226294517517089844e+00
-1.013124704360961914e+00
-5.612948417663574219e+00
1.677721738815307617e+00
-4.540374875068664551e-01
-1.722404211759567261e-01
1.858260512351989746e+00
5.198603153228759766e+00
1.357815384864807129e+00
-1.289493560791015625e+00
-1.364644050598144531e+00
-1.312036275863647461e+00
9.839588403701782227e-01
6.717735290527343750e+00
2.126309275627136230e-01
4.908165931701660156e+00
5.261105537414550781e+00
3.317649364471435547e+00
3.304871082305908203e+00
-6.414994597434997559e-01
4.005823612213134766e+00
3.304292559623718262e-01
-1.873709917068481445e+00
-4.243434429168701172e+00
1.776161670684814453e+00
1.810211539268493652e+00
1.607102751731872559e+00
-1.242005109786987305e+00
-1.065491676330566406e+00
4.536199569702148438e+00
8.686643838882446289e-02
9.060431718826293945e-01
5.642780065536499023e-01
3.119629621505737305e-02
-4.939071655273437500e+00
1.389526128768920898e-01
-2.717418193817138672e+00
-5.433720350265502930e-01
-8.251651525497436523e-01
-2.089123487472534180e+00
8.991686820983886719e+00
3.341573715209960938e+00
3.401496648788452148e+00
1.127080991864204407e-01
5.636990547180175781e+00
-4.011622905731201172e+00
-2.305707693099975586e+00
-1.560336112976074219e+00
-2.030114889144897461e+00
2.488499164581298828e+00
3.911788225173950195e+00
-3.154189109802246094e+00
4.945767402648925781e+00
1.553587913513183594e-01
1.426334381103515625e+00
3.587514638900756836e+00
2.281776189804077148e+00
1.778593540191650391e+00
-2.306210041046142578e+00
-3.357001781463623047e+00
3.526569604873657227e+00
-3.187725782394409180e+00
5.702461242675781250e+00
2.922468662261962891e+00
-2.524308443069458008e+00
-3.645813465118408203e+00
-2.264497280120849609e+00
4.328355789184570312e+00
1.552907228469848633e+00
-2.956616163253784180e+00
-1.863900184631347656e+00
4.093196392059326172e-01
-2.432305812835693359e+00
1.939819455146789551e+00
-1.596593737602233887e+00
-1.663320302963256836e+00
3.452622294425964355e-01
6.457095146179199219e-01
2.202185153961181641e+00
-1.612056255340576172e+00
-6.495048999786376953e-01
7.725336551666259766e-01
-5.201647758483886719e+00
3.936799287796020508e+00
-3.281401634216308594e+00
1.074572324752807617e+00
-4.714783191680908203e+00
-3.800413131713867188e+00
1.935999155044555664e+00
-4.212391078472137451e-01
-1.055374860763549805e+00
1.546229243278503418e+00
-1.665300130844116211e+00
-1.797950387001037598e+00
-4.432054519653320312e+00
4.203025817871093750e+00
2.331689000129699707e-01
-3.731875896453857422e+00
5.676186084747314453e-01
5.166318893432617188e+00
7.117433547973632812e-01
-8.140658736228942871e-01
7.535084724426269531e+00
-3.802512884140014648e-01
2.018282651901245117e+00
-1.019407033920288086e+00
-3.424386024475097656e+00
-1.125559449195861816e+00
1.260319948196411133e+00
-4.259630680084228516e+00
2.678962230682373047e+00
7.730348110198974609e-01
-1.194517910480499268e-01
-4.007189750671386719e+00
-1.544643163681030273e+00
2.056370019912719727e+00
1.208829045295715332e+00
2.533670067787170410e-01
4.367129206657409668e-01
3.011479854583740234e+00
-3.646234750747680664e+00
5.683296680450439453e+00
1.217658042907714844e+01
-2.626288414001464844e+00
2.483931303024291992e+00
5.157541275024414062e+00
-1.808198213577270508e+00
4.488493442535400391e+00
-8.125769495964050293e-01
5.029593467712402344e+00
4.180998802185058594e+00
3.885232925415039062e+00
-1.411102533340454102e+00
1.160563349723815918e+00
7.596111893653869629e-01
-2.578637361526489258e+00
-1.042678356170654297e+00
-3.088360548019409180e+00
-3.652921438217163086e+00
1.499526977539062500e+00
2.016908407211303711e+00
2.038489341735839844e+00
3.539468526840209961e+00
-2.172420978546142578e+00
3.466275215148925781e+00
-5.828983306884765625e+00
2.464510917663574219e+00
6.962646484375000000e+00
7.898609638214111328e-01
2.693121194839477539e+00
2.926515817642211914e+00
1.324326992034912109e+00
1.474810004234313965e+00
-1.014248847961425781e+00
3.543463706970214844e+00
-1.406812429428100586e+00
7.468236088752746582e-01
2.729968070983886719e+00
4.968814373016357422e+00
-3.676777839660644531e+00
-2.569747447967529297e+00
-1.478407502174377441e+00
-3.556884527206420898e+00
2.993146777153015137e-01
2.237670660018920898e+00
-1.788552761077880859e+00
1.702452659606933594e+00
7.037888765335083008e-01
-2.000730752944946289e+00
5.310482501983642578e+00
8.691522598266601562e+00
-6.992282867431640625e-01
-4.842108726501464844e+00
-6.505252718925476074e-01
-6.738701462745666504e-01
1.147374629974365234e+00
-1.129596233367919922e+00
4.835386753082275391e+00
2.054522752761840820e+00
-3.879153728485107422e-02
9.067528247833251953e-01
-3.511202573776245117e+00
-1.107241511344909668e+00
-9.467386007308959961e-01
3.059688091278076172e+00
-3.471931934356689453e+00
-2.070611953735351562e+00
-2.111865758895874023e+00
6.335921883583068848e-01
-6.460154056549072266e-01
4.033861160278320312e+00
2.830795288085937500e+00
1.922877430915832520e-01
1.512043178081512451e-01
-1.787634611129760742e+00
1.989586710929870605e+00
-1.059999465942382812e-01
-1.177722334861755371e+00
-2.491651326417922974e-01
-7.712352275848388672e-01
1.829653501510620117e+00
4.666368961334228516e-01
7.905464768409729004e-01
3.746438026428222656e+00
1.205737352371215820e+00
-3.767396211624145508e+00
3.833769321441650391e+00
5.890598297119140625e+00
9.260250926017761230e-01
2.104264974594116211e+00
-1.987079083919525146e-01
5.097717285156250000e+00
1.451773881912231445e+00
-3.218864917755126953e+00
-1.191051602363586426e+00
7.156365513801574707e-01
-2.194968700408935547e+00
2.665816307067871094e+00
-1.438175201416015625e+00
-2.278238534927368164e+00
5.529471874237060547e+00
8.037245273590087891e-01
2.545603752136230469e+00
2.439615249633789062e+00
-3.155464172363281250e+00
1.134735465049743652e+00
3.252288103103637695e-01
-5.396026372909545898e-01
-5.920275211334228516e+00
-4.074884891510009766e+00
7.224957466125488281e+00
-1.011627316474914551e-01
8.841062545776367188e+00
1.817577600479125977e+00
3.884315013885498047e+00
2.974689006805419922e-01
7.679883003234863281e+00
-4.448769092559814453e+00
-1.149888038635253906e-01
1.518953204154968262e+00
2.306089997291564941e-01
1.577685475349426270e-01
-4.389091730117797852e-01
-2.255879938602447510e-01
-7.564134597778320312e-01
-3.736024618148803711e+00
7.926201820373535156e+00
-1.509614944458007812e+00
2.505734562873840332e-01
6.621365070343017578e+00
2.755672857165336609e-02
-3.400839090347290039e+00
5.339226722717285156e+00
-1.628806352615356445e+00
-2.949211597442626953e-01
-3.450465917587280273e+00
-3.617033720016479492e+00
4.959903955459594727e-01
-4.041542112827301025e-01
9.969864845275878906e+00
1.475209951400756836e+00
6.973187923431396484e+00
-2.064993143081665039e+00
-4.241024255752563477e-01
-1.132103681564331055e+00
2.725235521793365479e-01
-5.303422212600708008e-01
2.977067470550537109e+00
-1.074247360229492188e-01
1.209558010101318359e+00
9.706496447324752808e-02
-1.046572208404541016e+00
-5.247256755828857422e-01
3.874478638172149658e-01
-4.150449335575103760e-01
-1.314136743545532227e+00
-1.024425864219665527e+00
-2.819175481796264648e+00
1.177123546600341797e+00
4.051799297332763672e+00
4.606617927551269531e+00
1.212796330451965332e+00
-2.638955116271972656e+00
2.946525096893310547e+00
2.365598917007446289e+00
4.070892333984375000e+00
3.035407304763793945e+00
-2.760887145996093750e-03
-1.723376989364624023e+00
1.757881164550781250e+00
-2.492969036102294922e+00
-3.869861602783203125e+00
-2.486149549484252930e+00
7.549017071723937988e-01
-1.255338072776794434e+00
-5.032368898391723633e-01
-5.381206274032592773e-01
-9.305815696716308594e-01
4.412515640258789062e+00
2.271078824996948242e-01
1.799911975860595703e+00
2.926110267639160156e+00
-2.739498615264892578e+00
2.940002083778381348e-01
4.698890686035156250e+00
3.848209857940673828e+00
-1.213529586791992188e+00
1.870434761047363281e+00
1.164182662963867188e+00
-1.898105144500732422e+00
-6.391174793243408203e-01
1.299103498458862305e+00
-7.424159049987792969e-01
-3.708346843719482422e+00
-2.729708909988403320e+00
9.042505621910095215e-01
3.774135351181030273e+00
5.059358119964599609e+00
6.820753812789916992e-01
2.730527400970458984e+00
6.818035125732421875e+00
-2.933871746063232422e+00
-1.571091771125793457e+00
-2.368124723434448242e+00
3.395373344421386719e+00
-3.312397480010986328e+00
1.864465475082397461e+00
3.867204666137695312e+00
-2.869448423385620117e+00
1.142478287220001221e-01
-3.539158105850219727e+00
-3.320820331573486328e+00
-4.585141658782958984e+00
2.819246292114257812e+00
3.471118688583374023e+00
5.126183509826660156e+00
-8.845590353012084961e-01
5.446122169494628906e+00
-5.734842419624328613e-01
4.363646507263183594e+00
-1.759305715560913086e+00
-3.087532997131347656e+00
1.744572162628173828e+00
1.958194732666015625e+00
-1.525279879570007324e+00
-5.651550292968750000e-01
2.517990469932556152e-01
6.305262565612792969e+00
6.780628204345703125e+00
6.729837656021118164e-01
-4.782847404479980469e+00
1.529094219207763672e+00
4.254819393157958984e+00
3.701776266098022461e+00
-9.935768246650695801e-01
5.093600153923034668e-01
1.275851249694824219e+00
-2.350126355886459351e-01
-1.582607865333557129e+00
2.223573923110961914e-01
8.754011154174804688e+00
3.420305013656616211e+00
1.898945808410644531e+00
-1.014173269271850586e+00
-1.139703273773193359e+00
3.071762025356292725e-01
2.089406251907348633e+00
-4.761844635009765625e+00
-1.397348046302795410e+00
-1.601960778236389160e+00
7.397328615188598633e-01
-1.492242813110351562e+00
3.288327455520629883e+00
-9.122320413589477539e-01
-6.461796760559082031e-01
-3.332811355590820312e+00
1.780832529067993164e+00
-3.235698461532592773e+00
-4.155889511108398438e+00
6.175059318542480469e+00
3.010262250900268555e-01
-9.226319193840026855e-02
-4.872951984405517578e+00
-1.243946313858032227e+00
-1.922513961791992188e+00
-4.430157661437988281e+00
3.061998784542083740e-01
2.694335699081420898e+00
-6.618167877197265625e+00
-3.406592130661010742e+00
3.394798278808593750e+00
1.299583315849304199e+00
-3.278917312622070312e+00
1.518216133117675781e+00
6.679376125335693359e+00
1.234827280044555664e+00
7.676776885986328125e+00
-1.146373867988586426e+00
2.437060356140136719e+00
-5.390682816505432129e-01
-1.442274004220962524e-01
1.633560299873352051e+00
-2.864218652248382568e-01
4.853436946868896484e+00
4.690376758575439453e+00
9.597778320312500000e-01
-4.672205924987792969e+00
3.478220462799072266e+00
-2.902273178100585938e+00
2.528697490692138672e+00
5.010550975799560547e+00
3.943771123886108398e-02
4.507346153259277344e-01
5.509966611862182617e-01
-2.651884555816650391e-01
2.779989957809448242e+00
-1.023853182792663574e+00
1.950559377670288086e+00
-3.685066103935241699e-01
-3.891946554183959961e+00
1.862371683120727539e+00
4.870153427124023438e+00
5.721821784973144531e+00
-1.361039042472839355e+00
-1.195627570152282715e+00
-1.971119046211242676e+00
1.855989694595336914e-01
-3.214411139488220215e-01
2.975639343261718750e+00
1.574553608894348145e+00
1.870959281921386719e+00
-5.165231227874755859e+00
2.270256757736206055e+00
-5.790370702743530273e-02
3.604986906051635742e+00
2.613873243331909180e+00
3.670902013778686523e+00
1.869793295860290527e+00
4.317645549774169922e+00
1.886266350746154785e+00
1.912059903144836426e+00
1.108794927597045898e+00
-1.197041392326354980e+00
1.676881551742553711e+00
-5.954200029373168945e-01
-8.647214174270629883e-01
5.522458553314208984e-01
-1.524367213249206543e+00
1.504690408706665039e+00
3.150407791137695312e+00
-5.227084159851074219e-01
3.419031202793121338e-02
1.159916400909423828e+00
7.011200785636901855e-01
-1.124310970306396484e+00
1.503813982009887695e+00
1.777995586395263672e+00
6.684750914573669434e-01
-1.009579300880432129e+00
9.972784519195556641e-01
1.687275409698486328e+00
3.326332569122314453e-01
-4.403942227363586426e-01
1.350221633911132812e+00
-9.700877070426940918e-01
1.705111980438232422e+00
-1.218228220939636230e+00
3.077586889266967773e-01
1.805874586105346680e+00
-1.568107962608337402e+00
1.249057769775390625e+00
8.483943939208984375e-01
2.730454206466674805e+00
3.560753464698791504e-01
3.734770119190216064e-01
-1.988107681274414062e+00
-1.781291007995605469e+00
3.556379318237304688e+00
2.184999883174896240e-01
4.093293190002441406e+00
1.961432695388793945e+00
2.176627874374389648e+00
5.514244079589843750e+00
-9.152315258979797363e-01
1.656630992889404297e+00
-2.112852334976196289e+00
2.685806989669799805e+00
2.243598937988281250e+00
-6.315171718597412109e-01
2.543206691741943359e+00
2.545570373535156250e+00
1.606752157211303711e+00
2.640640139579772949e-01
2.290110349655151367e+00
4.891533851623535156e-01
-2.369204521179199219e+00
2.547761917114257812e+00
-2.932467460632324219e-01
9.708211421966552734e-01
8.002202510833740234e-01
4.300462901592254639e-01
1.834278345108032227e+00
2.322299629449844360e-01
6.613337397575378418e-01
-1.662191629409790039e+00
-1.765761494636535645e+00
-6.579760909080505371e-01
-6.999022960662841797e-01
-3.125342130661010742e-01
-1.356587529182434082e+00
3.153111219406127930e+00
