-1.762525081634521484e+00
3.437708020210266113e-01
-8.315591216087341309e-01
-2.254479646682739258e+00
-4.620881557464599609e+00
-8.255739212036132812e-01
-2.721969604492187500e+00
1.488034605979919434e+00
9.469090700149536133e-01
-2.962923049926757812e-01
-2.063724994659423828e+00
4.633529186248779297e-01
-1.311315059661865234e+00
-2.891745090484619141e+00
-2.790784835815429688e-02
-5.476334691047668457e-01
1.259084701538085938e+00
-9.036431312561035156e-01
-2.564530134201049805e+00
-1.639051198959350586e+00
-4.360894203186035156e+00
-1.030600428581237793e+00
-2.859000682830810547e+00
-2.362390995025634766e+00
-1.762053489685058594e+00
-3.843334197998046875e+00
-5.148572444915771484e+00
-5.370343208312988281e+00
-3.469851016998291016e+00
-4.807796001434326172e+00
-4.667594432830810547e+00
-9.303208589553833008e-01
-6.890611171722412109e+00
-3.008806943893432617e+00
-3.836043119430541992e+00
-1.852409243583679199e-01
2.950043678283691406e-01
-3.168931722640991211e+00
-8.190935850143432617e-01
-4.930085182189941406e+00
-2.678461551666259766e+00
-4.435723781585693359e+00
-1.138940572738647461e+00
-2.798994541168212891e+00
-3.461532592773437500e+00
-3.782521247863769531e+00
-3.040085077285766602e+00
-2.238781929016113281e+00
-5.470496177673339844e+00
-3.880179643630981445e+00
-4.143791675567626953e+00
4.243718624114990234e+00
-4.194383144378662109e+00
-2.086731910705566406e+00
-4.518374443054199219e+00
-9.383285045623779297e-01
-1.822011947631835938e+00
-6.799737930297851562e+00
-1.714993000030517578e+00
-3.106054306030273438e+00
-2.969466924667358398e+00
-4.778677940368652344e+00
-1.916069030761718750e+00
-4.280896186828613281e+00
1.282674074172973633e+00
-7.975845336914062500e-01
-1.663768768310546875e+00
-5.292963504791259766e+00
-3.076343536376953125e+00
-3.782303631305694580e-01
-3.113986253738403320e+00
-3.211236715316772461e+00
-1.402003407478332520e+00
8.413820266723632812e-01
8.612416982650756836e-01
-1.908630132675170898e+00
2.651712298393249512e-02
8.875750303268432617e-01
6.562623977661132812e-01
-1.637264966964721680e+00
2.130921363830566406e+00
-1.139496088027954102e+00
2.044456154108047485e-01
2.416162490844726562e-01
2.429687976837158203e+00
-1.763064503669738770e+00
1.693388223648071289e+00
1.381150722503662109e+00
2.595283031463623047e+00
5.952101945877075195e-02
2.051157712936401367e+00
-5.824632644653320312e-01
2.623939514160156250e+00
9.082249999046325684e-01
1.944498300552368164e+00
-2.225375652313232422e+00
2.592864513397216797e+00
-2.370725870132446289e-01
-4.436641931533813477e-01
-3.929056882858276367e+00
-2.876679420471191406e+00
-1.589850187301635742e+00
-4.508499145507812500e+00
-2.018631935119628906e+00
-2.512775421142578125e+00
-3.449330806732177734e+00
-4.168834686279296875e+00
1.264602065086364746e+00
2.052414417266845703e+00
1.680029630661010742e+00
-4.709361076354980469e+00
-4.579094886779785156e+00
-2.455474138259887695e+00
-2.018059641122817993e-01
-4.456411838531494141e+00
-1.784001588821411133e+00
-1.919697403907775879e+00
2.522265434265136719e+00
-1.477128982543945312e+00
-3.561117410659790039e+00
-2.789706468582153320e+00
-1.579217910766601562e+00
-3.691785335540771484e+00
-3.713860034942626953e+00
-4.285315513610839844e+00
-2.571002483367919922e+00
-1.221441507339477539e+00
-7.196430563926696777e-01
-2.114247322082519531e+00
-3.188449621200561523e+00
-1.786234855651855469e+00
-2.398621082305908203e+00
-1.653962969779968262e+00
-4.946917057037353516e+00
-1.509104371070861816e+00
-3.495818614959716797e+00
-1.293232440948486328e+00
-2.941394805908203125e+00
1.045334100723266602e+00
-3.925365209579467773e+00
-1.419485330581665039e+00
-1.026394009590148926e+00
-3.347813367843627930e+00
-1.920713782310485840e+00
1.859315633773803711e-01
-8.942982554435729980e-01
-5.768149375915527344e+00
-4.721086502075195312e+00
-2.085510492324829102e-01
-1.836401581764221191e+00
-4.048249721527099609e+00
-1.577797293663024902e+00
-2.556390285491943359e+00
-4.336132526397705078e+00
-3.337859153747558594e+00
-1.132218599319458008e+00
-1.242288589477539062e+00
-2.899281740188598633e+00
8.277481198310852051e-01
-2.265373468399047852e+00
-6.198616981506347656e+00
-1.628058791160583496e+00
-6.909270882606506348e-01
-1.416860461235046387e+00
-2.491804838180541992e+00
-7.828815579414367676e-01
3.202411532402038574e-01
-3.131301403045654297e+00
7.220031023025512695e-01
-6.314572811126708984e+00
5.782841444015502930e-01
-1.658309221267700195e+00
-1.819586157798767090e+00
-2.620029687881469727e+00
-4.306223869323730469e+00
-1.360330820083618164e+00
-4.748305797576904297e+00
-4.936502933502197266e+00
-4.067595601081848145e-01
-2.095002651214599609e+00
-1.878203272819519043e+00
-2.244850635528564453e+00
2.017749071121215820e+00
-3.456693887710571289e-01
1.130314707756042480e+00
8.742634057998657227e-01
-2.183366537094116211e+00
2.072335243225097656e+00
-1.424967408180236816e+00
-8.824269175529479980e-01
-3.259669780731201172e+00
1.050686955451965332e+00
-5.785753130912780762e-01
5.877805948257446289e-01
-5.381676673889160156e+00
-6.559491157531738281e-01
-3.271634280681610107e-01
1.085730791091918945e+00
-5.301437377929687500e-01
9.031094908714294434e-01
-2.339354753494262695e+00
2.070873379707336426e-01
-1.339344739913940430e+00
4.546993374824523926e-01
6.309583187103271484e-01
-2.217726469039916992e+00
-2.158612489700317383e+00
-2.089635655283927917e-02
-9.526941180229187012e-02
-5.305977463722229004e-01
-2.210518360137939453e+00
1.440929651260375977e+00
-5.474586009979248047e+00
2.901835441589355469e-01
-1.563524961471557617e+00
-6.197883486747741699e-01
-3.458663463592529297e+00
-2.418764114379882812e+00
-1.736938953399658203e+00
-1.984098434448242188e+00
-1.780417919158935547e+00
-1.372048854827880859e+00
-3.077055931091308594e+00
-2.070263624191284180e-01
-2.296116352081298828e+00
7.666824460029602051e-01
3.179863095283508301e-01
-2.888631820678710938e-01
-1.708817005157470703e+00
-2.173677682876586914e+00
-1.960263133049011230e+00
1.121197342872619629e+00
-3.200162649154663086e+00
-1.800227403640747070e+00
-8.640732169151306152e-01
-9.316650629043579102e-01
-1.194606423377990723e+00
1.783415079116821289e+00
-1.640957713127136230e+00
-2.960501432418823242e+00
1.114033818244934082e+00
-2.518824100494384766e+00
1.098065018653869629e+00
-2.956375479698181152e-01
-2.109180927276611328e+00
-2.400624454021453857e-01
-3.063233852386474609e+00
8.632770180702209473e-01
-8.297775983810424805e-01
-1.052874177694320679e-01
9.157329797744750977e-03
-3.296080231666564941e-02
-1.916235089302062988e+00
-1.944899082183837891e+00
7.676047086715698242e-01
-2.334483265876770020e-01
-1.583991289138793945e+00
-1.613318681716918945e+00
-3.806302309036254883e+00
-3.512420654296875000e-01
-2.618349313735961914e+00
-2.999942064285278320e+00
1.422325611114501953e+00
-3.025975525379180908e-01
-1.268322229385375977e+00
-1.066886782646179199e+00
-2.301719665527343750e+00
1.939105987548828125e-02
-3.799656391143798828e+00
-4.066558837890625000e+00
-5.030539512634277344e+00
-3.093521118164062500e+00
-2.936633586883544922e+00
-1.291736125946044922e+00
-1.043056011199951172e+00
-2.078018426895141602e+00
-4.555963993072509766e+00
-3.812581300735473633e+00
-2.638324737548828125e+00
-5.369290351867675781e+00
-5.660833120346069336e-01
1.708147764205932617e+00
-5.359882116317749023e-02
4.549302577972412109e+00
2.698411703109741211e+00
-9.411002397537231445e-01
-2.203471183776855469e+00
-1.925499081611633301e+00
-1.012105941772460938e-01
-3.540559530258178711e+00
-8.813401460647583008e-01
-3.093152999877929688e+00
9.311878681182861328e-01
-3.063297510147094727e+00
-2.710384845733642578e+00
-2.909998178482055664e+00
-4.057670116424560547e+00
-2.124069929122924805e+00
-6.479777336120605469e+00
-2.126857280731201172e+00
-8.451423645019531250e-01
6.781644821166992188e-01
-6.777206659317016602e-01
-1.108052492141723633e+00
-2.546039819717407227e+00
-2.170022010803222656e+00
-4.243729591369628906e+00
-4.280516147613525391e+00
1.270898580551147461e+00
-4.373680949211120605e-01
1.678389310836791992e-01
-3.501668453216552734e+00
-3.543508768081665039e+00
-1.978267431259155273e-01
1.015541553497314453e+00
1.285916686058044434e+00
-2.569997549057006836e+00
-2.245203733444213867e+00
-2.333634376525878906e+00
1.411835908889770508e+00
-9.762820601463317871e-01
2.177157640457153320e+00
2.136228084564208984e+00
2.766098499298095703e+00
2.564388990402221680e+00
-8.434983491897583008e-01
1.788051724433898926e+00
-1.076552391052246094e+00
-2.166682720184326172e+00
-3.247442245483398438e+00
-2.110121488571166992e+00
-2.214707374572753906e+00
1.677353262901306152e+00
2.663731336593627930e+00
-4.390234947204589844e+00
-5.013895511627197266e+00
-3.880912780761718750e+00
-4.360421180725097656e+00
3.570619821548461914e+00
3.871003866195678711e+00
2.795239925384521484e+00
5.879403278231620789e-02
-4.463639259338378906e+00
-2.645209312438964844e+00
-3.393775463104248047e+00
-1.767024278640747070e+00
1.772126793861389160e+00
4.075816869735717773e-01
-1.500158429145812988e+00
-9.605889320373535156e-01
-2.169084787368774414e+00
6.601544618606567383e-01
1.444864273071289062e-01
3.337676525115966797e-01
5.284699440002441406e+00
2.194216728210449219e+00
-3.389913797378540039e+00
-2.067193508148193359e+00
-2.444730997085571289e+00
-2.787244617938995361e-01
-3.179266929626464844e+00
-4.787136077880859375e+00
-3.762098312377929688e+00
-1.989313006401062012e+00
-1.778468251228332520e+00
-1.944785594940185547e+00
-2.192939043045043945e+00
-5.497754096984863281e+00
-1.198999047279357910e+00
-2.862599194049835205e-01
-2.162458419799804688e+00
-5.092785358428955078e-01
-3.760760307312011719e+00
-3.021801471710205078e+00
3.718610048294067383e+00
-1.953624010086059570e+00
-3.270394802093505859e-01
9.414172917604446411e-02
-3.493140220642089844e+00
-3.771250486373901367e+00
-3.731169462203979492e+00
-3.818241834640502930e+00
-3.252666473388671875e+00
5.807568430900573730e-01
-1.234146356582641602e-01
1.136809825897216797e+00
-4.588752686977386475e-01
-3.306543827056884766e-02
-3.259781599044799805e-01
-4.746272563934326172e+00
-4.229505538940429688e+00
-2.941059112548828125e+00
2.037737846374511719e+00
2.838004827499389648e+00
-3.754864454269409180e+00
-2.915851593017578125e+00
2.655105590820312500e+00
-6.542105078697204590e-01
-4.880845546722412109e-03
1.841749429702758789e+00
2.201910018920898438e+00
-7.145012021064758301e-01
1.856999754905700684e+00
7.203948497772216797e-02
3.128440618515014648e+00
4.907133579254150391e+00
3.228160142898559570e+00
1.411799192428588867e+00
-7.603456974029541016e-01
3.215664386749267578e+00
2.951866984367370605e-01
5.111863613128662109e+00
8.457639813423156738e-01
-5.384524464607238770e-01
5.492368221282958984e+00
1.014961838722229004e+00
1.480150341987609863e+00
5.758365154266357422e+00
-1.256030797958374023e-01
1.955973267555236816e+00
2.347923040390014648e+00
5.082220435142517090e-01
-2.530627489089965820e+00
-4.823505282402038574e-01
1.830029845237731934e+00
2.473349571228027344e+00
-5.932338237762451172e-01
9.889053106307983398e-01
3.441808223724365234e-01
3.545078039169311523e+00
1.009430766105651855e+00
-2.447882652282714844e+00
-1.121085762977600098e+00
4.803688049316406250e+00
2.301166057586669922e+00
6.983034610748291016e-01
2.442755460739135742e+00
4.873501777648925781e+00
1.668700277805328369e-01
5.059628009796142578e+00
1.484592676162719727e+00
-1.218913316726684570e+00
4.790157318115234375e+00
7.266572952270507812e+00
5.749004483222961426e-01
8.779206275939941406e-01
1.538847923278808594e+00
2.550882577896118164e+00
6.643707275390625000e+00
5.866027355194091797e+00
1.797778367996215820e+00
1.998517811298370361e-01
3.041651964187622070e+00
-6.951168179512023926e-01
-1.802033901214599609e+00
4.685961723327636719e+00
2.252329111099243164e+00
5.851557731628417969e+00
-2.624372959136962891e+00
1.794003725051879883e+00
8.553920984268188477e-01
1.164523661136627197e-01
2.353402853012084961e+00
1.935507655143737793e+00
2.771925449371337891e+00
2.614671230316162109e+00
-5.769819021224975586e-01
-3.327992916107177734e+00
1.192956209182739258e+00
-3.939563274383544922e+00
1.119254946708679199e+00
5.846066474914550781e-01
-2.290946483612060547e+00
-8.105620145797729492e-01
3.505175113677978516e+00
2.634053118526935577e-02
4.396663665771484375e+00
-8.735246658325195312e-01
2.009582519531250000e+00
-5.976161956787109375e-01
-2.902280807495117188e+00
1.499284267425537109e+00
-2.101321697235107422e+00
3.187741279602050781e+00
-4.711230754852294922e+00
3.180480897426605225e-01
6.131140589714050293e-01
1.814541339874267578e+00
8.718070387840270996e-01
8.482554554939270020e-01
2.049712896347045898e+00
-3.683667182922363281e-01
2.819025039672851562e+00
1.566601276397705078e+00
2.986751794815063477e+00
2.815052747726440430e+00
4.559078216552734375e+00
4.168739795684814453e+00
3.454721689224243164e+00
-2.323746204376220703e+00
6.299923062324523926e-01
3.801566600799560547e+00
-4.269430637359619141e-01
-2.077498674392700195e+00
1.310235500335693359e+00
-2.361678332090377808e-01
2.816265821456909180e-01
-1.367182254791259766e+00
-2.508894801139831543e-01
2.245804548263549805e+00
4.323922991752624512e-01
2.251959323883056641e+00
-3.945178508758544922e+00
-9.361744523048400879e-01
-3.185788691043853760e-01
5.476402759552001953e+00
-1.670222759246826172e+00
4.166592955589294434e-01
5.959020137786865234e+00
4.731023907661437988e-01
3.754282474517822266e+00
4.348958432674407959e-01
-8.384039402008056641e-01
-2.015458583831787109e+00
3.924638032913208008e-02
2.977607250213623047e-01
2.572943925857543945e+00
5.787382125854492188e-01
-9.430395364761352539e-01
3.772332668304443359e+00
1.315263509750366211e+00
-1.242403030395507812e+00
4.561533451080322266e+00
2.498275756835937500e+00
-5.689771175384521484e+00
-1.349219799041748047e+00
2.361732959747314453e+00
1.015450716018676758e+00
5.937981605529785156e+00
3.773773312568664551e-01
7.470871210098266602e-01
3.920192718505859375e+00
3.923098564147949219e+00
1.431135058403015137e+00
-3.919827461242675781e+00
1.763166904449462891e+00
2.321652650833129883e+00
7.587828636169433594e-01
-1.408926963806152344e+00
8.110929489135742188e+00
-3.210186719894409180e+00
1.905209898948669434e+00
4.156344890594482422e+00
-5.548205971717834473e-01
-1.376707553863525391e+00
3.824745416641235352e+00
2.427731037139892578e+00
2.756062984466552734e+00
3.834119141101837158e-01
1.726176023483276367e+00
2.286298990249633789e+00
-1.167294502258300781e+00
1.387453794479370117e+00
-2.314557552337646484e+00
-9.858927726745605469e-01
1.580320596694946289e+00
-2.466619491577148438e+00
-3.368409872055053711e+00
4.744878113269805908e-01
-1.344757229089736938e-01
3.127912998199462891e+00
-3.364245891571044922e+00
1.688855767250061035e+00
9.922194480895996094e-01
-6.152465939521789551e-01
3.231909036636352539e+00
-4.075324535369873047e-02
3.762873411178588867e+00
1.692574024200439453e+00
1.797607183456420898e+00
1.348257303237915039e+00
3.080186843872070312e+00
-1.503996014595031738e+00
-5.144280791282653809e-01
5.488812446594238281e+00
4.384130239486694336e-01
1.733886003494262695e+00
-2.556314945220947266e+00
5.112335681915283203e+00
-1.330901503562927246e+00
-3.825064659118652344e+00
6.084349632263183594e+00
1.534620046615600586e+00
8.334900736808776855e-01
-1.295634150505065918e+00
1.733598351478576660e+00
-9.244363307952880859e-01
-1.201320886611938477e+00
2.724468469619750977e+00
3.350174427032470703e+00
-7.499740123748779297e-01
-7.515123486518859863e-02
-9.877656102180480957e-01
3.291377544403076172e+00
2.719782590866088867e+00
3.868273258209228516e+00
4.325504779815673828e+00
-4.737839102745056152e-01
2.032387733459472656e+00
4.796466827392578125e+00
3.158206462860107422e+00
1.108266448974609375e+01
-3.600755929946899414e-01
-3.718755841255187988e-01
1.548306345939636230e+00
3.701618909835815430e+00
1.143356919288635254e+00
-1.006638050079345703e+00
-2.218300402164459229e-01
4.154883861541748047e+00
3.222792148590087891e+00
1.305927276611328125e+00
-4.516982734203338623e-01
2.036072254180908203e+00
8.758119344711303711e-01
3.010621070861816406e+00
-1.582599401473999023e+00
-4.213562607765197754e-01
-1.759234189987182617e+00
-7.946503162384033203e-01
-1.285150766372680664e+00
-5.003057718276977539e-01
1.550202846527099609e+00
1.479493498802185059e+00
1.210896015167236328e+00
3.240499258041381836e+00
4.149712085723876953e+00
2.080671072006225586e+00
5.530195713043212891e+00
7.662585258483886719e+00
-3.437872648239135742e+00
3.039373636245727539e+00
-2.671196699142456055e+00
6.972194671630859375e+00
1.985346794128417969e+00
4.009632110595703125e+00
2.561219215393066406e+00
-2.479686021804809570e+00
-2.133889198303222656e+00
4.911575913429260254e-01
-1.883437633514404297e-01
-5.041694045066833496e-01
2.340656280517578125e+00
-5.246363282203674316e-01
-9.584237933158874512e-01
-4.433170557022094727e-01
2.283455617725849152e-02
-3.056610345840454102e+00
2.506154060363769531e+00
5.204911828041076660e-01
1.982294201850891113e+00
1.547657012939453125e+00
-2.764852046966552734e-01
2.175237178802490234e+00
-1.677302718162536621e-01
2.861126422882080078e+00
-2.977322578430175781e+00
1.603346467018127441e+00
2.848149299621582031e+00
6.855920553207397461e-01
1.808318614959716797e+00
1.411389350891113281e+00
9.170265793800354004e-01
1.318329334259033203e+00
-2.031836748123168945e+00
-3.776265144348144531e+00
1.500039398670196533e-01
-4.496060609817504883e-01
1.871396303176879883e+00
4.748833179473876953e+00
2.411591529846191406e+00
-1.499919891357421875e+00
1.647645354270935059e+00
-1.547844171524047852e+00
-4.014503359794616699e-01
-1.880502223968505859e+00
-2.802152633666992188e+00
2.526110887527465820e+00
1.277699708938598633e+00
5.393483638763427734e-01
1.946600675582885742e+00
4.080536365509033203e+00
5.039503097534179688e+00
1.259945631027221680e+00
3.426203429698944092e-01
3.086750805377960205e-01
1.144326925277709961e+00
3.149620771408081055e+00
3.925785303115844727e+00
2.689147233963012695e+00
4.495709896087646484e+00
3.479947090148925781e+00
-1.315352678298950195e+00
-2.575762271881103516e+00
1.581269025802612305e+00
1.008727669715881348e+00
2.171071052551269531e+00
-2.438916206359863281e+00
6.124868392944335938e-01
5.051993370056152344e+00
1.643688321113586426e+00
1.815737009048461914e+00
-4.420145750045776367e-01
-1.225804805755615234e+00
3.061290383338928223e-01
5.070116519927978516e-01
5.431653022766113281e+00
-6.512181758880615234e-01
2.185205221176147461e+00
1.888906955718994141e+00
-1.291720628738403320e+00
8.530146598815917969e+00
1.885197162628173828e+00
3.655436277389526367e+00
6.311725378036499023e-01
-1.162465810775756836e+00
-1.240136027336120605e+00
3.586764812469482422e+00
5.162287950515747070e-01
1.856715440750122070e+00
8.530988097190856934e-01
1.823994040489196777e+00
2.905907034873962402e-01
5.278742313385009766e-02
9.394482970237731934e-01
7.695861816406250000e+00
9.513630270957946777e-01
2.597391605377197266e+00
-4.678196907043457031e-01
-1.400133013725280762e+00
-3.244318008422851562e+00
6.322230815887451172e+00
-1.046099185943603516e+00
1.317046403884887695e+00
-2.771524906158447266e+00
-1.264837861061096191e+00
-1.557175874710083008e+00
1.597720265388488770e+00
6.343703269958496094e+00
1.546336293220520020e+00
6.716680049896240234e+00
4.638973236083984375e+00
-5.750192403793334961e-01
6.062821149826049805e-01
6.914293766021728516e-01
3.189215660095214844e+00
1.939138293266296387e+00
-5.628306865692138672e-01
-4.105748653411865234e+00
3.136589050292968750e+00
-2.172483682632446289e+00
3.445434570312500000e-01
1.257644295692443848e-01
-5.332410812377929688e+00
-2.029485940933227539e+00
1.288361549377441406e-01
-7.643706321716308594e+00
1.503770470619201660e+00
3.356957674026489258e+00
2.160177230834960938e+00
4.706109464168548584e-01
-2.764786481857299805e+00
2.397302627563476562e+00
6.059672236442565918e-01
5.350263118743896484e-01
1.274444222450256348e+00
-1.815635442733764648e+00
2.496829748153686523e+00
8.122878670692443848e-01
1.639619708061218262e+00
-3.273071289062500000e+00
1.161517977714538574e+00
-3.410607576370239258e-01
-5.530172586441040039e-01
-1.226588726043701172e+00
1.601099014282226562e+00
-1.042154073715209961e+00
3.790921688079833984e+00
1.641453981399536133e+00
2.411442279815673828e+00
2.016850709915161133e-01
-2.099585294723510742e+00
-4.514443874359130859e-02
4.132375121116638184e-02
5.070971488952636719e+00
2.855864763259887695e+00
7.251094818115234375e+00
1.700406193733215332e+00
-8.577461242675781250e-01
-3.852200508117675781e-02
1.154892921447753906e+00
8.403456211090087891e-01
9.417868852615356445e-01
3.276138544082641602e+00
2.274162292480468750e+00
7.913869619369506836e-02
3.324270725250244141e+00
2.178761959075927734e+00
3.829383611679077148e+00
-1.265836060047149658e-01
-1.951567411422729492e+00
-4.360617637634277344e+00
3.971016883850097656e+00
-3.575069904327392578e+00
-2.859982848167419434e-01
1.794680118560791016e+00
1.146761655807495117e+00
3.229228734970092773e+00
8.314200639724731445e-01
2.898650765419006348e-01
8.218125104904174805e-01
-3.410793542861938477e+00
8.806635141372680664e-01
-1.978430032730102539e+00
5.243444442749023438e+00
-1.739158272743225098e+00
1.818665504455566406e+00
-1.290107965469360352e+00
4.299364089965820312e-01
1.302934408187866211e+00
-5.821222066879272461e-01
-4.187247157096862793e-02
5.730738639831542969e+00
-2.991687655448913574e-01
2.439621448516845703e+00
-6.274478435516357422e-01
3.671904325485229492e+00
3.912432670593261719e+00
4.574577808380126953e-01
-3.938797116279602051e-01
5.282287597656250000e-01
1.204588055610656738e+00
2.542970657348632812e+00
-2.235736846923828125e+00
-1.691476583480834961e+00
-1.143149256706237793e+00
2.869702816009521484e+00
-2.006265163421630859e+00
-2.384756326675415039e+00
2.823212385177612305e+00
3.685534715652465820e+00
2.747744321823120117e+00
5.373849272727966309e-01
2.010940790176391602e+00
2.660713672637939453e+00
3.415045022964477539e+00
9.311987161636352539e-01
3.195883035659790039e+00
4.362697124481201172e+00
2.409771203994750977e+00
-7.686193585395812988e-01
2.908668756484985352e+00
1.505083084106445312e+00
5.587022781372070312e+00
4.087496280670166016e+00
4.783218383789062500e+00
5.026291608810424805e-01
2.939970493316650391e+00
1.149766206741333008e+00
1.839424014091491699e+00
-6.168764829635620117e-01
-1.191309452056884766e+00
1.200786828994750977e+00
2.762068271636962891e+00
-2.911450386047363281e+00
6.243302822113037109e-01
1.053553819656372070e-02
-3.107560873031616211e-01
-1.525676488876342773e+00
2.463984251022338867e+00
1.746158719062805176e+00
-1.311137199401855469e+00
-2.345094084739685059e-01
4.258067131042480469e+00
1.750432014465332031e+00
5.785051345825195312e+00
-4.076921463012695312e+00
1.800578832626342773e-01
1.669226765632629395e+00
8.588557243347167969e-01
5.377449989318847656e+00
-2.718237876892089844e+00
8.851522445678710938e+00
3.727912902832031250e+00
1.273649692535400391e+00
2.186682701110839844e+00
3.121765851974487305e-01
-4.081383943557739258e-01
2.949509382247924805e+00
1.139099240303039551e+00
3.380094528198242188e+00
-2.670233488082885742e+00
8.415362834930419922e-01
1.053413152694702148e+00
6.184467315673828125e+00
2.024374961853027344e+00
3.479796409606933594e+00
5.258947610855102539e-01
4.562758922576904297e+00
-3.121071815490722656e+00
-4.655476212501525879e-01
6.938013553619384766e+00
2.054846286773681641e+00
6.625553965568542480e-01
-2.067786216735839844e+00
1.855668783187866211e+00
1.035834550857543945e+00
5.436390876770019531e+00
-1.206494092941284180e+00
1.788441061973571777e+00
2.623319864273071289e+00
2.080035686492919922e+00
-9.174616336822509766e-01
-3.704678118228912354e-01
-1.262889981269836426e+00
2.957202434539794922e+00
-3.817259311676025391e+00
-1.920855641365051270e+00
-2.662766218185424805e+00
-1.644219994544982910e+00
-3.853440999984741211e+00
-4.494584560394287109e+00
-7.171552777290344238e-01
-2.523665904998779297e+00
-5.525804519653320312e+00
-6.088409423828125000e+00
-1.946017384529113770e+00
-3.217732191085815430e+00
-9.330812692642211914e-01
6.123699247837066650e-03
2.242990583181381226e-01
-2.725159406661987305e+00
-1.105599999427795410e+00
5.709948539733886719e-01
-7.460138797760009766e-01
-2.968136787414550781e+00
8.129894137382507324e-01
-2.599190473556518555e+00
-8.302157521247863770e-01
-2.028715848922729492e+00
-2.560644626617431641e+00
-2.679279446601867676e-01
-4.777600765228271484e-01
-6.014133691787719727e-01
-3.083823323249816895e-01
-3.461777687072753906e+00
-3.513708353042602539e+00
-5.093374252319335938e+00
2.589852333068847656e+00
-7.911622524261474609e-01
-2.428333759307861328e+00
2.176715731620788574e-01
-5.777984619140625000e+00
-5.473502159118652344e+00
-3.581321477890014648e+00
-3.515156269073486328e+00
4.744302034378051758e-01
-3.784261465072631836e+00
-1.317262649536132812e+00
9.447273015975952148e-01
2.114987373352050781e+00
2.973731040954589844e+00
1.335753560066223145e+00
3.059167861938476562e+00
-2.990287303924560547e+00
8.021415472030639648e-01
-1.665913939476013184e+00
1.275677919387817383e+00
2.333935737609863281e+00
-8.167642354965209961e-01
4.066418409347534180e-01
2.962188959121704102e+00
1.715268850326538086e+00
3.522314548492431641e+00
3.755459547042846680e+00
1.705396652221679688e+00
3.232805728912353516e-01
-9.712853431701660156e-01
-2.259760856628417969e+00
-2.950864791870117188e+00
-4.033226013183593750e+00
-1.445179820060729980e+00
6.054269671440124512e-01
-5.737938880920410156e+00
-5.079104900360107422e-01
7.241017222404479980e-01
-2.418541431427001953e+00
-4.065040111541748047e+00
-3.265045881271362305e-01
3.960147857666015625e+00
