-2.253345847129821777e-01
4.054679393768310547e+00
-1.224105954170227051e+00
-4.203844070434570312e-01
1.727546751499176025e-01
-5.808945894241333008e-01
6.179430484771728516e-01
-1.663669705390930176e+00
3.676712512969970703e-02
-1.101845622062683105e+00
3.921253681182861328e-01
-1.283194065093994141e+00
-9.578568935394287109e-01
2.167716920375823975e-01
-2.189647555351257324e-01
-8.771853446960449219e-01
-7.372924089431762695e-01
5.698002576828002930e-01
7.248480916023254395e-01
-1.629092216491699219e+00
-2.350963115692138672e+00
-9.675163626670837402e-01
-2.043279886245727539e+00
-1.495989203453063965e+00
1.087572813034057617e+00
-1.283647298812866211e+00
-3.681543588638305664e+00
-1.308122634887695312e+00
-2.141454696655273438e+00
-1.748933792114257812e+00
-1.620085716247558594e+00
-1.743387222290039062e+00
-4.147477626800537109e+00
-5.561441183090209961e-01
1.063901662826538086e+00
-3.373039484024047852e+00
-8.398047089576721191e-01
1.143432140350341797e+00
-6.755816340446472168e-01
-1.078995227813720703e+00
-2.389388561248779297e+00
-2.335396051406860352e+00
-2.423675060272216797e+00
-1.871234178543090820e+00
-1.194413781166076660e+00
1.305559277534484863e-02
-2.267622232437133789e+00
-8.273953199386596680e-01
-1.139973402023315430e+00
-3.960788965225219727e+00
-6.550217866897583008e-01
-1.837954163551330566e+00
-2.201338291168212891e+00
1.580874919891357422e-01
1.222147226333618164e+00
7.425551414489746094e-01
-3.790469765663146973e-01
-2.434956789016723633e+00
-6.911771297454833984e-01
-2.194516658782958984e+00
-3.550122976303100586e-01
1.922717690467834473e-01
3.848767876625061035e-01
-1.720859169960021973e+00
9.304355382919311523e-01
-8.456714153289794922e-01
8.939197659492492676e-02
-1.402420759201049805e+00
1.618912816047668457e-02
2.637491226196289062e+00
-2.699937582015991211e+00
-6.834153532981872559e-01
-3.513536751270294189e-01
-1.310501813888549805e+00
1.753270864486694336e+00
-8.816038370132446289e-01
8.325960636138916016e-01
1.293809890747070312e+00
6.832191944122314453e-01
-1.909535884857177734e+00
-3.462150096893310547e-01
-1.046448349952697754e-01
2.006169408559799194e-01
-2.752387046813964844e+00
4.938706398010253906e+00
-2.847394943237304688e+00
-1.188637256622314453e+00
2.277116298675537109e+00
1.372954130172729492e+00
1.374567985534667969e+00
8.280789256095886230e-01
2.222782373428344727e-02
-8.901486992835998535e-01
-1.550427913665771484e+00
-8.807861804962158203e-01
-1.411110877990722656e+00
1.315559506416320801e+00
-8.981719017028808594e-01
-2.800498008728027344e-01
-1.579365253448486328e+00
-2.052544355392456055e+00
-1.669707298278808594e+00
-1.551218271255493164e+00
-1.365126371383666992e+00
-1.745820283889770508e+00
-5.356047153472900391e-01
-2.448426187038421631e-01
5.277089595794677734e+00
3.750480890274047852e+00
4.079574108123779297e+00
-6.911851763725280762e-01
5.895668268203735352e-01
3.221481800079345703e+00
5.962378978729248047e-01
-2.818742275238037109e+00
5.709739923477172852e-01
-1.017906427383422852e+00
4.353555679321289062e+00
-2.416676282882690430e-02
1.155730485916137695e+00
-9.866161346435546875e-01
-3.123477935791015625e+00
-1.661911129951477051e+00
-9.628961086273193359e-01
8.870832324028015137e-01
-6.259895563125610352e-01
-9.454149007797241211e-01
-2.509942054748535156e+00
-2.798497676849365234e+00
7.767429947853088379e-01
4.215598106384277344e-01
4.140881299972534180e-01
2.067320585250854492e+00
-1.609465003013610840e+00
-5.763286352157592773e-01
-1.761325955390930176e+00
-1.660824418067932129e+00
-1.816816568374633789e+00
-1.213849425315856934e+00
-2.006299972534179688e+00
1.290137529373168945e+00
-2.658588409423828125e+00
-3.344476222991943359e-01
-2.465219497680664062e+00
-1.238420486450195312e+00
-2.987862110137939453e+00
-2.236172676086425781e+00
-2.906423091888427734e+00
3.360247611999511719e-02
1.521862387657165527e+00
-3.903138637542724609e-01
2.192652940750122070e+00
-2.418416261672973633e+00
2.808263301849365234e-01
-1.823055744171142578e+00
7.468609809875488281e-01
1.503247499465942383e+00
-2.225946903228759766e+00
-1.309760570526123047e+00
-2.966573476791381836e+00
-3.614111661911010742e+00
1.502907752990722656e+00
2.151441812515258789e+00
-9.960116147994995117e-01
1.042200326919555664e+00
-6.563379168510437012e-01
-9.046702384948730469e-01
-3.240202426910400391e+00
-2.387051582336425781e+00
-3.351905584335327148e+00
-2.226673364639282227e+00
1.200447082519531250e+00
-3.109875321388244629e-01
-1.311109185218811035e+00
-3.119586706161499023e+00
-2.263227462768554688e+00
-2.656388521194458008e+00
-2.529481410980224609e+00
1.903659701347351074e-01
-1.435609698295593262e+00
-1.546194434165954590e+00
5.396221876144409180e-01
1.975815653800964355e+00
-1.298905611038208008e+00
-1.400266051292419434e+00
8.539071083068847656e-01
9.254442900419235229e-02
1.382929086685180664e-01
-6.345561146736145020e-01
-1.343335628509521484e+00
-2.205881118774414062e+00
-1.008583068847656250e+00
9.850160479545593262e-01
8.166184425354003906e-01
-1.729051947593688965e+00
4.602716267108917236e-01
7.824564576148986816e-01
-1.163912415504455566e+00
-8.693342208862304688e-01
-6.586264967918395996e-01
-2.162635087966918945e+00
1.489970207214355469e+00
-1.060479402542114258e+00
-1.536186695098876953e+00
6.345943808555603027e-01
-1.305879592895507812e+00
-5.296621322631835938e-01
-1.101346373558044434e+00
-7.082262039184570312e-01
9.437004327774047852e-01
-1.863840222358703613e-01
1.154392480850219727e+00
-4.627519547939300537e-01
-9.505154192447662354e-02
-1.579037785530090332e+00
-9.903219938278198242e-01
-8.614863157272338867e-01
9.328453540802001953e-01
3.616990447044372559e-01
-2.722704887390136719e+00
-2.611963033676147461e+00
-1.601994276046752930e+00
-2.231103897094726562e+00
3.055170178413391113e-01
-5.657496452331542969e+00
-4.148229360580444336e-01
-6.251592636108398438e-01
-8.188588619232177734e-01
-3.402823686599731445e+00
-2.534359097480773926e-01
-2.100368261337280273e+00
-1.779883146286010742e+00
-1.189697027206420898e+00
-1.623090267181396484e+00
1.535713195800781250e+00
-1.841030597686767578e+00
-1.349830329418182373e-01
1.832233190536499023e+00
-1.455136418342590332e+00
-2.329519510269165039e+00
8.577059507369995117e-01
-2.454584240913391113e-01
1.246488690376281738e+00
-1.495645284652709961e+00
-2.765379428863525391e+00
-7.184095382690429688e-01
-2.589202165603637695e+00
1.414746642112731934e-01
-2.952299833297729492e+00
-1.394344568252563477e+00
-5.113008022308349609e-01
1.229591608047485352e+00
-4.813013672828674316e-01
-1.589890837669372559e+00
1.777128815650939941e+00
3.316296339035034180e-01
-3.214833974838256836e+00
-1.654713273048400879e+00
-2.498565912246704102e+00
-7.131195068359375000e-01
-3.080239295959472656e+00
-8.375043869018554688e-01
-5.302665829658508301e-01
1.526692152023315430e+00
2.117898941040039062e+00
9.419394135475158691e-01
7.945178747177124023e-01
-2.921802043914794922e+00
-1.555672883987426758e+00
-3.371371269226074219e+00
-2.520102262496948242e+00
-3.682679653167724609e+00
-1.002062201499938965e+00
-1.458415627479553223e+00
-5.755165815353393555e-01
-3.391357898712158203e+00
-3.362217903137207031e+00
-3.337716102600097656e+00
-4.167882442474365234e+00
-9.147382974624633789e-01
-1.823937177658081055e+00
-4.251144528388977051e-01
-7.349747419357299805e-02
1.107699155807495117e+00
9.800086021423339844e-01
-2.395867824554443359e+00
-3.349346637725830078e+00
-3.719002723693847656e+00
-1.682052612304687500e+00
-2.352451562881469727e+00
8.492743968963623047e-02
-2.761364936828613281e+00
-1.239701807498931885e-01
-3.234851360321044922e+00
-1.298057198524475098e+00
-1.215138077735900879e+00
-8.305745124816894531e-01
-1.818342208862304688e+00
-4.329741001129150391e+00
-1.974598050117492676e+00
-1.836170434951782227e+00
-1.858835697174072266e+00
-2.288461685180664062e+00
-2.461876869201660156e+00
-3.011047601699829102e+00
-6.701436042785644531e-01
-1.788136839866638184e+00
2.463148832321166992e-01
-2.027030944824218750e+00
-5.999820232391357422e-01
2.339337825775146484e+00
-8.183354139328002930e-01
-1.468617796897888184e+00
1.100837707519531250e+00
9.696964025497436523e-01
-3.233521580696105957e-01
-4.678956031799316406e+00
-2.763056993484497070e+00
3.681647777557373047e-01
-6.668708324432373047e-01
-1.336011052131652832e+00
-2.127085924148559570e+00
-9.481219053268432617e-01
-1.835078001022338867e-01
-3.831636905670166016e-02
-8.626456856727600098e-01
-1.405759215354919434e+00
1.093429327011108398e+00
3.205014467239379883e+00
-2.286674737930297852e+00
2.375192165374755859e+00
2.653784453868865967e-01
-8.462700843811035156e-01
3.103314876556396484e+00
1.317203044891357422e+00
-2.109304189682006836e+00
-1.849156022071838379e+00
-9.784895777702331543e-01
1.620397806167602539e+00
-3.510171413421630859e+00
1.794887781143188477e-01
3.312709927558898926e-01
-2.781764984130859375e+00
-3.526239395141601562e+00
9.575158357620239258e-02
-5.067052841186523438e-01
-8.099123835563659668e-03
-2.014707803726196289e+00
-4.814652442932128906e+00
-3.420619964599609375e+00
-3.943649053573608398e+00
-4.320143222808837891e+00
-3.076047420501708984e+00
-2.755163908004760742e+00
-2.401877403259277344e+00
-2.259146690368652344e+00
-2.556175708770751953e+00
-3.551256656646728516e+00
9.944373369216918945e-01
1.274991273880004883e+00
-8.845022320747375488e-01
2.032960176467895508e+00
-4.227055311203002930e-01
-4.905391931533813477e-01
1.301326632499694824e+00
1.133975505828857422e+00
-8.556855320930480957e-01
-1.878246903419494629e+00
-1.686942338943481445e+00
-2.412679672241210938e+00
-2.187630414962768555e+00
-2.517562150955200195e+00
-4.382289409637451172e+00
-3.035917282104492188e+00
4.095020890235900879e-01
-1.021722912788391113e+00
4.296799898147583008e-01
-8.963499665260314941e-01
-2.241970539093017578e+00
7.003901153802871704e-02
-2.892132282257080078e+00
-1.873869657516479492e+00
-1.453003168106079102e+00
-1.280875086784362793e+00
-1.829830169677734375e+00
2.064132928848266602e+00
-1.982628107070922852e+00
-8.741295337677001953e-01
-6.479624509811401367e-01
-2.581399917602539062e+00
-2.001420974731445312e+00
-2.084077835083007812e+00
1.915921330451965332e+00
4.104975461959838867e-01
-4.211561679840087891e+00
1.134308338165283203e+00
2.722403049468994141e+00
-2.042218685150146484e+00
3.956785917282104492e+00
1.697088360786437988e+00
1.745391726493835449e+00
-5.916808247566223145e-01
1.901944160461425781e+00
-1.923353910446166992e+00
1.310880661010742188e+00
2.143859386444091797e+00
-3.136783123016357422e+00
-1.420600414276123047e+00
-4.302411556243896484e+00
2.780229449272155762e-01
1.781406998634338379e-01
6.777502059936523438e+00
-1.653773784637451172e-01
-1.141764879226684570e+00
2.467989444732666016e+00
4.102177917957305908e-01
-1.618606328964233398e+00
3.615376949310302734e+00
2.595698833465576172e-01
3.875159740447998047e+00
1.260776281356811523e+00
-2.841891527175903320e+00
6.865508556365966797e-01
-3.964598655700683594e+00
-7.692282199859619141e-01
-3.830977678298950195e-01
-5.592287778854370117e-01
4.012849926948547363e-02
-3.937944889068603516e+00
2.371438026428222656e+00
-5.681610703468322754e-01
-5.749940872192382812e-01
-3.446421861648559570e+00
5.070534229278564453e+00
4.076040267944335938e+00
-4.387492537498474121e-01
-1.130258321762084961e+00
-1.035738587379455566e-01
-3.450152873992919922e-01
3.344136476516723633e-02
-6.430602073669433594e-01
-6.536126136779785156e-01
-3.848215103149414062e+00
1.018212413787841797e+01
-1.867170453071594238e+00
1.443164110183715820e+00
3.475337028503417969e+00
3.216630458831787109e+00
3.344889879226684570e+00
-4.287672042846679688e-01
1.205261945724487305e-01
2.242756366729736328e+00
1.622981786727905273e+00
-2.601257085800170898e+00
-1.192517995834350586e+00
9.250113368034362793e-01
-1.972879171371459961e+00
5.686877250671386719e+00
6.107618212699890137e-01
5.465537548065185547e+00
6.237155199050903320e-01
1.118483901023864746e+00
2.830851793289184570e+00
8.653002977371215820e-01
2.835105419158935547e+00
1.491973519325256348e+00
-2.152150630950927734e+00
-1.018367290496826172e+00
-1.803768396377563477e+00
7.768453359603881836e-01
-1.055240750312805176e+00
-3.030921936035156250e+00
-2.515945911407470703e+00
3.945655226707458496e-01
2.148454189300537109e+00
-4.663658738136291504e-01
-6.958932876586914062e-01
-1.864265322685241699e+00
8.731148242950439453e-01
-1.809787392616271973e+00
-1.010822534561157227e+00
-2.150329947471618652e-01
-1.462128996849060059e+00
2.096364498138427734e-01
-1.495261192321777344e+00
3.392645835876464844e+00
-3.123776912689208984e+00
3.704619884490966797e+00
1.677895784378051758e+00
-2.010288238525390625e-01
6.791235804557800293e-01
-7.648681640625000000e+00
1.263238191604614258e+00
-1.513624906539916992e+00
-3.383057117462158203e-01
-2.361326217651367188e+00
2.480124711990356445e+00
-6.473838686943054199e-01
-2.085254907608032227e+00
-1.137464284896850586e+00
-5.946756005287170410e-01
2.848874092102050781e+00
2.818448305130004883e+00
-6.006128191947937012e-01
3.146073341369628906e+00
3.690727353096008301e-01
-9.256196022033691406e-02
1.319153308868408203e+00
-9.612761139869689941e-01
2.851239204406738281e+00
1.236941814422607422e+00
-9.286645650863647461e-01
-2.064675092697143555e+00
-1.139264583587646484e+00
-1.320950746536254883e+00
2.413407087326049805e+00
-2.687435388565063477e+00
-3.040294170379638672e+00
3.999243259429931641e+00
-2.629141211509704590e-01
2.022368431091308594e+00
-3.936660885810852051e-01
1.089408636093139648e+00
-1.892204046249389648e+00
-2.177963495254516602e+00
-1.684192299842834473e+00
-1.490418076515197754e+00
-6.904857158660888672e-01
-1.846179485321044922e+00
6.231049537658691406e+00
1.924548625946044922e+00
2.342810481786727905e-02
6.880269944667816162e-02
4.358036518096923828e+00
-2.171046495437622070e+00
-3.412698030471801758e+00
-1.156781911849975586e-01
-2.906153678894042969e+00
-1.621360629796981812e-01
6.227170228958129883e-01
-2.152625799179077148e+00
2.513347625732421875e+00
3.800673484802246094e+00
1.712669849395751953e+00
-9.230363965034484863e-01
-3.126108944416046143e-01
1.962943077087402344e+00
-2.485713481903076172e+00
-3.072542190551757812e+00
7.915322780609130859e+00
-6.147207260131835938e+00
4.573785781860351562e+00
4.448325157165527344e+00
-8.237734436988830566e-01
-2.867298364639282227e+00
-2.880523204803466797e+00
2.743781805038452148e+00
1.855924963951110840e+00
-3.643724620342254639e-01
-5.789655447006225586e-02
1.466165065765380859e+00
-3.167233467102050781e+00
-2.895168960094451904e-01
-1.242651343345642090e-01
-4.769573211669921875e-01
1.291110992431640625e+00
-1.700129151344299316e+00
1.888271808624267578e+00
-1.080853462219238281e+00
-9.795091152191162109e-01
-1.088238477706909180e+00
-5.881663322448730469e+00
1.387801766395568848e+00
1.679813861846923828e-01
1.629830837249755859e+00
-1.752130031585693359e+00
-1.651122808456420898e+00
1.575118303298950195e+00
1.101049304008483887e+00
-2.590084075927734375e-02
1.661576390266418457e+00
1.235680580139160156e+00
5.489178895950317383e-01
-3.430107831954956055e+00
6.610667228698730469e+00
1.359428644180297852e+00
-3.426195383071899414e+00
2.177473306655883789e-01
4.164387226104736328e+00
-1.416805744171142578e+00
1.893051624298095703e+00
1.016316986083984375e+01
1.685100793838500977e-02
2.349712371826171875e+00
-1.203845024108886719e+00
-2.785398006439208984e+00
7.855245471000671387e-01
4.290585815906524658e-01
-2.311126232147216797e+00
1.682831525802612305e+00
8.985185623168945312e-01
2.105060815811157227e-01
-8.363175988197326660e-01
-3.579774379730224609e+00
-1.864744722843170166e-01
3.788436412811279297e+00
4.879071712493896484e+00
-4.598131775856018066e-01
5.287644386291503906e+00
-1.982243537902832031e+00
7.295972824096679688e+00
7.845342636108398438e+00
-1.650646567344665527e+00
2.904123306274414062e+00
6.277220249176025391e+00
-1.636901140213012695e+00
4.402139186859130859e+00
3.863272070884704590e-01
1.793822407722473145e+00
1.466927409172058105e+00
4.713054656982421875e+00
-9.839553385972976685e-02
2.360242605209350586e+00
2.018657207489013672e+00
-2.945286273956298828e+00
-3.915379643440246582e-01
9.395426511764526367e-01
-1.628525853157043457e+00
2.842680215835571289e+00
2.353901147842407227e+00
4.185158014297485352e-01
3.948705434799194336e+00
-5.831304788589477539e-01
4.143744707107543945e-01
-4.217164516448974609e+00
1.538614034652709961e+00
5.869751930236816406e+00
2.228528976440429688e+00
3.481259107589721680e+00
6.016112804412841797e+00
9.265574812889099121e-01
2.169546842575073242e+00
-8.802946209907531738e-01
3.559757709503173828e+00
-1.473083496093750000e-01
1.259178876876831055e+00
2.277831792831420898e+00
2.207212448120117188e+00
-3.723802566528320312e+00
-1.657470583915710449e+00
-5.158100128173828125e-01
-2.667114019393920898e+00
1.423925757408142090e+00
-4.186350703239440918e-01
5.605132579803466797e-01
3.362421035766601562e+00
1.984662711620330811e-01
-4.269382953643798828e+00
2.172909975051879883e+00
4.689734935760498047e+00
-3.767978847026824951e-01
-2.915901660919189453e+00
-3.322428464889526367e-02
-2.279221534729003906e+00
1.423084497451782227e+00
-2.228453159332275391e+00
-5.664180517196655273e-01
1.570599198341369629e+00
1.520134210586547852e-01
6.375802040100097656e+00
-2.464453458786010742e+00
-1.102507114410400391e+00
-1.991692930459976196e-01
3.600206136703491211e+00
-4.018710613250732422e+00
-4.014640808105468750e+00
-3.980754375457763672e+00
7.911438345909118652e-01
-1.175223946571350098e+00
3.381176948547363281e+00
1.213907361030578613e+00
-1.954579353332519531e-01
6.341096162796020508e-01
-1.568204641342163086e+00
1.020081639289855957e+00
1.342447996139526367e+00
-6.004489898681640625e+00
-6.517752408981323242e-01
4.271386265754699707e-01
-1.620601058006286621e+00
-7.193937301635742188e-01
8.673745393753051758e-01
5.008662223815917969e+00
1.117646455764770508e+00
-2.167446851730346680e+00
2.615178585052490234e+00
7.271367549896240234e+00
1.617620944976806641e+00
-1.734912633895874023e+00
-6.305176019668579102e-02
3.534618616104125977e+00
5.917384147644042969e+00
-4.778248786926269531e+00
-1.509950995445251465e+00
2.060085773468017578e+00
-3.976732492446899414e-02
-7.581839561462402344e-01
2.654722630977630615e-01
-2.988100767135620117e+00
3.013249397277832031e+00
3.265999794006347656e+00
1.627033352851867676e-01
1.930405855178833008e+00
5.638951063156127930e-01
4.845398902893066406e+00
-2.129147529602050781e+00
1.499338269233703613e+00
-3.182837247848510742e+00
-2.934130668640136719e+00
1.789170503616333008e+00
-1.454528808593750000e+00
8.716962814331054688e+00
3.444893360137939453e+00
2.169975996017456055e+00
-2.399277687072753906e-01
-6.907811015844345093e-02
-4.357249736785888672e+00
-1.490036964416503906e+00
3.662203788757324219e+00
-2.313535690307617188e+00
-3.232934474945068359e+00
-5.471551418304443359e-02
-1.802330493927001953e+00
-4.483671188354492188e-01
-3.088810920715332031e+00
3.522662878036499023e+00
-6.452322006225585938e-03
4.993457794189453125e-01
2.270250797271728516e+00
-6.415787935256958008e-01
-3.400366783142089844e+00
6.756078720092773438e+00
1.468733251094818115e-01
-1.277909278869628906e-01
-3.600540876388549805e+00
-3.525638341903686523e+00
3.001525163650512695e+00
1.249134659767150879e+00
5.879755020141601562e+00
4.534413337707519531e+00
1.044914054870605469e+01
1.548866748809814453e+00
2.291894555091857910e-01
2.627165555953979492e+00
-1.146243691444396973e+00
6.565439701080322266e-02
1.780372023582458496e+00
5.229488611221313477e-01
5.555858612060546875e-01
3.514170646667480469e-01
-2.123220920562744141e+00
2.295295476913452148e+00
-1.517695188522338867e-01
-7.072241306304931641e-01
-7.300127148628234863e-01
-1.801101207733154297e+00
-7.635875940322875977e-01
-5.790995359420776367e-01
4.792191982269287109e+00
2.951986789703369141e+00
3.516577243804931641e+00
-4.094203948974609375e+00
5.794723033905029297e+00
-3.042464852333068848e-01
2.249367237091064453e+00
6.776847839355468750e+00
-7.207056879997253418e-01
-2.205559253692626953e+00
-2.562809586524963379e-01
-1.787975668907165527e+00
-2.213524341583251953e+00
-1.190123677253723145e+00
1.656210780143737793e+00
-7.499730587005615234e-02
-1.062454938888549805e+00
8.771543502807617188e-01
-7.658263295888900757e-02
-1.277445554733276367e-01
9.561285972595214844e-01
7.740215063095092773e-01
-7.668248414993286133e-01
-2.823826670646667480e-01
1.159825444221496582e+00
3.666454076766967773e+00
6.211813926696777344e+00
3.108228445053100586e-01
1.565274238586425781e+00
2.575398921966552734e+00
-1.087633490562438965e+00
-1.483983993530273438e+00
9.556776881217956543e-01
2.556095600128173828e+00
-3.129485130310058594e+00
-2.441041231155395508e+00
-4.511218667030334473e-01
1.508474349975585938e+00
2.892566680908203125e+00
-7.304483652114868164e-01
3.000040531158447266e+00
2.275414466857910156e+00
-2.977802753448486328e+00
-9.551907777786254883e-01
1.420937478542327881e-01
1.147661685943603516e+00
-1.744450807571411133e+00
4.999600887298583984e+00
9.751052856445312500e-01
1.015060544013977051e-01
3.124130964279174805e-01
-2.660253763198852539e+00
-3.184040546417236328e+00
-2.401768684387207031e+00
1.747604966163635254e+00
4.162209033966064453e+00
4.093493461608886719e+00
-1.198255419731140137e+00
3.774056434631347656e+00
-4.712465286254882812e+00
-4.844397306442260742e-01
-3.239627480506896973e-01
-3.658942937850952148e+00
1.481785297393798828e+00
3.137682676315307617e-01
-1.003649115562438965e+00
1.881918907165527344e+00
-1.022036433219909668e+00
3.412389516830444336e+00
1.943008184432983398e+00
3.188279628753662109e+00
-1.312468767166137695e+00
-5.443839430809020996e-01
4.932447910308837891e+00
7.684679031372070312e+00
-1.953079938888549805e+00
3.667397499084472656e-01
2.572859525680541992e+00
-8.417974710464477539e-01
-3.858373641967773438e+00
-3.015375137329101562e-02
1.239259004592895508e+00
3.677210807800292969e-01
1.466571569442749023e+00
2.439359664916992188e+00
-1.580435991287231445e+00
1.174616694450378418e+00
3.053525924682617188e+00
-5.219237327575683594e+00
-3.518498420715332031e+00
-7.957071065902709961e-01
1.426183104515075684e+00
-9.293858408927917480e-01
2.250324010848999023e+00
-1.172807693481445312e+00
-9.942815303802490234e-01
1.680396795272827148e-01
1.129612088203430176e+00
-1.245178341865539551e+00
-1.956851482391357422e+00
3.664359807968139648e+00
-3.011414110660552979e-01
-2.245057106018066406e+00
-1.761040687561035156e-01
-4.756361246109008789e-02
-1.222363471984863281e+00
-4.110675811767578125e+00
-3.119504153728485107e-01
6.846312880516052246e-01
-3.912231922149658203e+00
-2.016235351562500000e+00
6.403778076171875000e+00
-1.199367046356201172e-01
-2.197458744049072266e+00
8.590589761734008789e-01
4.841809272766113281e+00
-8.940865993499755859e-01
9.383435249328613281e+00
2.166394591331481934e-01
1.715059518814086914e+00
-1.334811925888061523e+00
-1.632825732231140137e-01
8.336088061332702637e-01
-1.530189990997314453e+00
4.075634956359863281e+00
5.390590190887451172e+00
2.960035324096679688e+00
7.058961391448974609e-01
-1.276586771011352539e+00
1.997710943222045898e+00
2.008180379867553711e+00
1.413491368293762207e+00
1.427534818649291992e+00
-1.643712401390075684e+00
4.198491096496582031e+00
-1.284066438674926758e+00
3.698491334915161133e+00
4.795579910278320312e-01
4.917654991149902344e+00
-3.187232255935668945e+00
1.793201416730880737e-01
3.877956271171569824e-01
3.160752773284912109e+00
4.723332405090332031e+00
-1.345924139022827148e+00
-3.051113784313201904e-01
-1.523795127868652344e+00
3.930675983428955078e-02
1.650930285453796387e+00
4.714594841003417969e+00
8.638177067041397095e-02
-5.826795101165771484e-02
-3.972161769866943359e+00
4.386522293090820312e+00
3.553250312805175781e+00
6.827113628387451172e-01
1.419547915458679199e+00
7.081574797630310059e-01
-8.662022352218627930e-01
1.428850531578063965e+00
-1.597894430160522461e+00
3.417827606201171875e+00
-1.110995054244995117e+00
1.538353264331817627e-01
3.432800292968750000e+00
-1.424847126007080078e+00
-4.370088577270507812e-01
-2.147586345672607422e+00
7.390950918197631836e-01
7.926261425018310547e-01
1.105354070663452148e+00
-3.121097087860107422e+00
-2.461612939834594727e+00
-1.140997409820556641e+00
-1.046300411224365234e+00
-1.665326595306396484e+00
6.336581707000732422e-01
4.302700161933898926e-01
1.153132200241088867e+00
2.662100553512573242e+00
1.786532998085021973e-01
1.258230209350585938e+00
1.281323313713073730e+00
1.186232328414916992e+00
1.723604321479797363e+00
-4.262472391128540039e-01
-1.557286262512207031e+00
-1.550926089286804199e+00
8.521382212638854980e-01
-3.093804419040679932e-01
-1.218968391418457031e+00
-1.603383541107177734e+00
-3.166701793670654297e+00
-1.344435930252075195e+00
-4.260566711425781250e+00
1.008294463157653809e+00
-2.785377979278564453e+00
-3.687863349914550781e+00
1.016739606857299805e-01
-2.935434579849243164e+00
5.106937289237976074e-01
4.146052002906799316e-01
3.003202915191650391e+00
1.486676573753356934e+00
-1.005386829376220703e+00
5.583548545837402344e+00
-2.385953664779663086e+00
1.843611359596252441e+00
8.382048010826110840e-01
-1.137623071670532227e+00
1.826593637466430664e+00
1.160867214202880859e+00
4.415044784545898438e+00
5.275153517723083496e-01
3.421680927276611328e+00
1.279434680938720703e+00
-4.774822592735290527e-01
4.653942584991455078e+00
-4.990332722663879395e-01
8.201531767845153809e-01
-3.265278637409210205e-01
-3.215106576681137085e-02
1.409960508346557617e+00
1.348781466484069824e+00
2.964374065399169922e+00
-1.701249718666076660e+00
-2.645776987075805664e+00
7.918702960014343262e-01
-1.018523454666137695e+00
-3.164983987808227539e-01
1.516813993453979492e+00
6.412837505340576172e+00
