3.808837532997131348e-01
2.545849084854125977e-01
1.944835782051086426e-01
8.714197874069213867e-01
1.753842085599899292e-01
1.228693723678588867e+00
3.907043933868408203e-01
8.399949967861175537e-02
2.153629302978515625e+00
1.781449019908905029e-01
9.818471670150756836e-01
5.770258903503417969e-01
3.047170341014862061e-01
5.420656800270080566e-01
2.951203882694244385e-01
1.419728249311447144e-01
5.118800997734069824e-01
6.271867156028747559e-01
0.000000000000000000e+00
1.882640957832336426e+00
3.024135828018188477e-01
3.397014439105987549e-01
1.667634010314941406e+00
0.000000000000000000e+00
3.137753605842590332e-01
2.604855597019195557e-01
3.977638185024261475e-01
1.599747538566589355e-01
1.052707195281982422e+00
2.275508940219879150e-01
1.076105237007141113e-01
1.890006422996520996e+00
1.716057956218719482e-01
5.563620328903198242e-01
5.676580592989921570e-02
4.582765325903892517e-02
2.336660474538803101e-01
1.104140058159828186e-01
1.010684221982955933e-01
7.202162742614746094e-01
1.084910035133361816e+00
1.611263900995254517e-01
5.735999718308448792e-02
1.981228113174438477e+00
3.120945394039154053e-02
7.169043272733688354e-02
3.185431957244873047e-01
1.261399090290069580e-01
6.126717925071716309e-01
4.529370665550231934e-01
2.016530558466911316e-02
2.049564123153686523e+00
1.093918457627296448e-01
3.774209022521972656e-01
4.627912938594818115e-01
1.117155030369758606e-01
4.580191150307655334e-02
2.419903427362442017e-01
1.211611405014991760e-01
2.862623333930969238e-01
9.160704612731933594e-01
1.182703256607055664e+00
3.213466644287109375e+00
5.288645625114440918e-01
9.643841534852981567e-02
0.000000000000000000e+00
1.164112687110900879e+00
2.051167488098144531e+00
9.995151311159133911e-02
3.554033860564231873e-02
2.976004362106323242e+00
5.518010258674621582e-02
3.657501041889190674e-01
1.910939455032348633e+00
3.587187081575393677e-02
2.840400338172912598e-01
1.069809496402740479e-01
9.028885364532470703e-01
2.787865877151489258e+00
3.882256150245666504e-02
3.306434154510498047e-01
9.822229295969009399e-02
0.000000000000000000e+00
4.206586182117462158e-01
2.209850996732711792e-01
3.782976791262626648e-02
2.968375682830810547e-01
9.855473041534423828e-02
4.417614545673131943e-03
5.789074674248695374e-02
2.005390264093875885e-02
3.147311136126518250e-02
2.042994135990738869e-03
2.315481603145599365e-01
3.822294473648071289e-01
4.286964982748031616e-02
6.308086216449737549e-02
1.096064090728759766e+00
5.150348544120788574e-01
1.100962877273559570e+00
1.167454198002815247e-01
1.407089829444885254e+00
2.606007575988769531e+00
3.709602832794189453e+00
9.341004304587841034e-03
5.753776431083679199e-01
1.552900224924087524e-01
7.358049750328063965e-01
3.257923126220703125e-01
7.708842158317565918e-01
4.262943565845489502e-02
3.376450836658477783e-01
2.553080022335052490e-01
9.122210144996643066e-01
3.308973014354705811e-01
7.636989951133728027e-01
1.120666414499282837e-01
5.386232137680053711e-01
1.056862235069274902e+00
1.514995545148849487e-01
1.381817311048507690e-01
1.220873355865478516e+00
5.781487002968788147e-02
2.363376617431640625e+00
5.123301506042480469e+00
0.000000000000000000e+00
1.647247523069381714e-01
4.102847874164581299e-01
2.746928632259368896e-01
1.716747879981994629e-01
1.178833842277526855e+00
4.554987549781799316e-01
4.350797832012176514e-01
0.000000000000000000e+00
2.907353341579437256e-01
0.000000000000000000e+00
8.212105035781860352e-01
7.938741445541381836e-01
3.972787380218505859e+00
1.827585935592651367e+00
7.738223671913146973e-01
5.038874689489603043e-03
6.094741821289062500e-01
1.298236846923828125e-02
0.000000000000000000e+00
2.870093286037445068e-01
3.695775508880615234e+00
1.336820363998413086e+00
1.433044523000717163e-01
5.894091725349426270e-01
1.183623790740966797e+00
5.987191796302795410e-01
0.000000000000000000e+00
5.051591992378234863e-02
1.570358872413635254e+00
9.869132936000823975e-02
0.000000000000000000e+00
3.750641345977783203e-01
0.000000000000000000e+00
3.296745568513870239e-02
1.751179993152618408e-01
1.186829879879951477e-01
1.488596200942993164e-01
2.937013208866119385e-01
8.677081465721130371e-01
1.878443360328674316e+00
1.471898406744003296e-01
1.259318709373474121e+00
4.663361907005310059e-01
3.927516639232635498e-01
7.532330751419067383e-01
1.164878755807876587e-01
2.153351545333862305e+00
4.995925426483154297e-01
0.000000000000000000e+00
1.268449783325195312e+00
4.049940966069698334e-03
1.479087918996810913e-01
1.208923310041427612e-01
1.399830579757690430e+00
2.903076410293579102e-01
4.024873375892639160e-01
5.867602229118347168e-01
1.841254234313964844e+00
9.387206286191940308e-02
1.581772714853286743e-01
2.590373158454895020e-02
7.140278816223144531e-01
4.324285686016082764e-02
1.371821165084838867e+00
2.772522903978824615e-02
0.000000000000000000e+00
8.226397633552551270e-02
4.310414195060729980e-01
5.700787156820297241e-02
7.581321001052856445e-01
1.787898063659667969e+00
2.486128062009811401e-01
4.197015464305877686e-01
4.625414311885833740e-01
2.221873402595520020e-02
3.670358359813690186e-01
1.078337654471397400e-01
1.886501908302307129e-01
2.099996805191040039e-01
2.142628282308578491e-01
2.255537211894989014e-01
2.474483996629714966e-01
3.947398662567138672e-01
1.567763388156890869e-01
1.285390704870223999e-01
2.558670341968536377e-01
1.917188018560409546e-01
8.910885453224182129e-02
2.866204679012298584e-01
7.595225572586059570e-01
3.908393979072570801e-01
1.398076862096786499e-01
2.585774362087249756e-01
2.548831701278686523e-01
2.520315051078796387e-01
4.032802581787109375e-02
9.122508019208908081e-02
1.834708079695701599e-02
5.966750383377075195e-01
1.147051826119422913e-01
1.592696905136108398e-01
1.627068400382995605e+00
3.693690299987792969e-01
7.441127300262451172e-02
9.912096858024597168e-01
1.076543778181076050e-01
3.231955766677856445e-01
5.513714551925659180e-01
1.452076435089111328e-01
2.605514824390411377e-01
1.475707143545150757e-01
1.790023595094680786e-01
0.000000000000000000e+00
0.000000000000000000e+00
4.807254299521446228e-02
8.410795331001281738e-01
1.415745615959167480e+00
1.160993799567222595e-01
1.477481052279472351e-02
7.859657704830169678e-02
4.197937250137329102e-02
4.156626388430595398e-02
2.128092348575592041e-01
6.735705137252807617e-01
4.505025446414947510e-01
6.663724780082702637e-01
8.310071825981140137e-01
1.084604486823081970e-01
4.379937052726745605e-01
1.098606213927268982e-01
0.000000000000000000e+00
7.050923071801662445e-03
6.372686028480529785e-01
2.614033818244934082e-01
1.143993437290191650e-01
2.582602739334106445e+00
4.934374332427978516e+00
6.204452738165855408e-02
2.926654517650604248e-01
0.000000000000000000e+00
1.519111264497041702e-02
8.575060963630676270e-01
8.153595328330993652e-01
4.812481999397277832e-01
1.451996207237243652e+00
2.718989849090576172e-01
2.865166664123535156e-01
8.850955218076705933e-02
1.391399800777435303e-01
1.178238868713378906e+00
9.044626951217651367e-01
7.052711844444274902e-01
5.978786572813987732e-02
3.149628043174743652e-01
1.448605507612228394e-01
4.343900084495544434e-01
1.288240849971771240e-01
1.122869491577148438e+00
1.475684285163879395e+00
1.444898080080747604e-02
2.426102524623274803e-03
4.051198363304138184e-01
3.483638763427734375e-01
3.713118135929107666e-01
1.133903622627258301e+00
1.724183559417724609e-01
3.020183145999908447e-01
1.984753310680389404e-01
0.000000000000000000e+00
2.252257615327835083e-01
1.503370702266693115e-01
9.612061828374862671e-02
2.296530604362487793e-01
1.044258549809455872e-01
4.389459788799285889e-01
9.631848894059658051e-03
6.782566905021667480e-01
8.717647939920425415e-02
9.623561501502990723e-01
4.990644752979278564e-01
8.323193192481994629e-01
5.890984088182449341e-02
5.449358373880386353e-02
2.764444053173065186e-01
5.839837789535522461e-01
2.097326070070266724e-01
3.088600873947143555e+00
5.078919529914855957e-01
1.836132556200027466e-01
2.997024357318878174e-01
1.346062868833541870e-01
3.347983062267303467e-01
1.028486266732215881e-01
1.278917908668518066e+00
1.972858458757400513e-01
5.192320942878723145e-01
1.102494120597839355e+00
4.275339543819427490e-01
7.301340699195861816e-01
2.886266633868217468e-02
4.512073472142219543e-02
4.361106753349304199e-01
1.322331130504608154e-01
1.396852135658264160e+00
2.954731881618499756e-01
3.378427922725677490e-01
2.102353423833847046e-01
8.418994396924972534e-02
3.710584938526153564e-01
1.743134409189224243e-01
1.072846770286560059e+00
1.281370639801025391e+00
5.427678227424621582e-01
8.495079725980758667e-02
1.504373550415039062e-01
2.923378162086009979e-02
3.761890828609466553e-01
1.014975428581237793e+00
0.000000000000000000e+00
2.225064754486083984e+00
4.379310905933380127e-01
6.769905090332031250e-01
1.928328275680541992e-01
1.240889504551887512e-01
3.571441769599914551e-01
1.015566289424896240e-02
4.360420703887939453e-01
5.389059707522392273e-02
3.375247120857238770e-02
2.777980826795101166e-02
8.829649537801742554e-03
1.282249331474304199e+00
4.514690041542053223e-01
3.188513815402984619e-01
6.328780949115753174e-02
9.777097105979919434e-01
2.101740613579750061e-02
0.000000000000000000e+00
5.701432228088378906e-01
2.291794680058956146e-02
2.411840915679931641e+00
3.759079873561859131e-01
0.000000000000000000e+00
4.057078063488006592e-01
4.666590392589569092e-01
3.189830183982849121e-01
9.159438312053680420e-03
3.259640038013458252e-01
6.930705904960632324e-02
1.977070569992065430e-01
0.000000000000000000e+00
1.053286343812942505e-02
4.969261586666107178e-01
3.309954330325126648e-02
2.385386675596237183e-01
5.757080912590026855e-01
3.140262603759765625e+00
9.381197094917297363e-01
2.410124540328979492e-01
2.141007594764232635e-02
0.000000000000000000e+00
7.001671195030212402e-02
1.745114088058471680e+00
7.568548321723937988e-01
3.233649730682373047e-01
1.189965605735778809e-01
5.443903803825378418e-02
3.612979054450988770e-01
5.913524031639099121e-01
7.434672117233276367e-01
1.038815602660179138e-01
1.591947972774505615e-01
1.548775937408208847e-02
5.357680320739746094e-01
1.653019189834594727e-01
2.620244957506656647e-02
9.168179822154343128e-04
6.220308691263198853e-02
1.054243966937065125e-01
1.192167028784751892e-01
1.809466630220413208e-01
1.860236972570419312e-01
6.677854657173156738e-01
4.640458822250366211e-01
4.614472687244415283e-01
2.300951480865478516e-01
3.281917870044708252e-01
9.401031732559204102e-01
8.444702029228210449e-01
6.491948366165161133e-01
2.764078043401241302e-02
1.013009309768676758e+00
7.092389464378356934e-01
1.285887122154235840e+00
2.192108780145645142e-01
4.821941852569580078e-01
1.417384862899780273e+00
3.189038857817649841e-02
6.261641532182693481e-02
2.562299966812133789e-01
1.453333050012588501e-01
1.538746058940887451e-01
3.105480037629604340e-02
3.509878739714622498e-02
6.199445128440856934e-01
9.380635619163513184e-01
4.885386526584625244e-01
0.000000000000000000e+00
4.286029338836669922e-01
0.000000000000000000e+00
1.540444791316986084e-01
7.041384577751159668e-01
2.022598087787628174e-01
2.103935033082962036e-01
1.023685336112976074e-01
6.741530448198318481e-02
3.560045063495635986e-01
1.183914616703987122e-01
2.633261121809482574e-02
6.732072215527296066e-03
1.968886107206344604e-01
9.405763745307922363e-01
1.862503588199615479e-02
1.505055427551269531e-01
1.978571057319641113e+00
7.682944536209106445e-01
0.000000000000000000e+00
5.797548294067382812e-01
2.003043889999389648e-01
4.347394704818725586e-01
3.441109880805015564e-02
9.212928414344787598e-01
1.779464781284332275e-01
4.905447736382484436e-02
7.369321584701538086e-01
1.026805043220520020e+00
1.179982185363769531e+00
1.395447701215744019e-01
1.052514687180519104e-01
1.047567129135131836e-01
1.468791007995605469e+00
7.238695025444030762e-01
5.763850808143615723e-01
8.894988298416137695e-01
2.788739800453186035e-01
1.918805837631225586e+00
4.558462500572204590e-01
1.082454562187194824e+00
7.505291700363159180e-01
1.036037087440490723e+00
4.419656097888946533e-01
7.143953442573547363e-02
5.081334710121154785e-01
2.381553053855895996e-01
3.114920258522033691e-01
3.915200233459472656e-01
3.706057369709014893e-02
3.041589558124542236e-01
8.154947161674499512e-01
2.801074683666229248e-01
6.797115802764892578e-01
0.000000000000000000e+00
1.931049525737762451e-01
1.638528108596801758e+00
9.387502670288085938e-01
3.400345146656036377e-02
1.495718373917043209e-03
1.233700633049011230e+00
4.843405187129974365e-01
2.607759237289428711e-01
1.438363194465637207e-01
5.492832660675048828e-01
5.667710304260253906e-01
2.062954455614089966e-01
0.000000000000000000e+00
4.388131797313690186e-01
2.984250187873840332e-01
3.562250360846519470e-02
6.088188290596008301e-01
1.968747228384017944e-01
5.035042166709899902e-01
2.673637680709362030e-02
2.577626705169677734e+00
2.680460214614868164e-01
1.807840317487716675e-01
2.388979911804199219e+00
5.131631851196289062e+00
0.000000000000000000e+00
1.017761528491973877e-01
1.618222743272781372e-01
9.166721701622009277e-01
8.275365829467773438e-01
3.764676153659820557e-01
5.108945071697235107e-02
3.456911087036132812e+00
3.513795435428619385e-01
1.070036649703979492e+00
5.767292976379394531e-01
2.355307787656784058e-01
1.615765571594238281e+00
1.247117996215820312e+00
9.771623462438583374e-02
2.718487009406089783e-02
7.750079967081546783e-03
5.853096246719360352e-01
1.631588488817214966e-01
1.740912556648254395e+00
4.159442335367202759e-02
5.292583107948303223e-01
2.719868183135986328e+00
1.939825713634490967e-01
1.651525378227233887e+00
4.396289885044097900e-01
4.331961274147033691e-01
3.925903737545013428e-01
0.000000000000000000e+00
4.822695255279541016e+00
1.853665709495544434e-01
4.651519954204559326e-01
1.051787659525871277e-01
8.457397818565368652e-01
5.370891466736793518e-02
6.840312480926513672e-01
8.040611147880554199e-01
3.112560212612152100e-01
1.529737114906311035e-01
9.674624800682067871e-01
2.761658430099487305e-01
9.308817982673645020e-02
4.599514901638031006e-01
3.543445169925689697e-01
1.486861407756805420e-01
9.683443605899810791e-02
1.988848447799682617e-01
3.266896605491638184e-01
1.848961114883422852e-01
1.025351602584123611e-02
9.118629992008209229e-02
8.542442321777343750e-01
4.372362494468688965e-01
0.000000000000000000e+00
2.860109508037567139e-01
8.415394276380538940e-02
2.187173962593078613e-01
3.422133740969002247e-04
6.828454732894897461e-01
3.776945769786834717e-01
4.740151762962341309e-02
0.000000000000000000e+00
8.640033006668090820e-02
3.894257545471191406e-01
7.283403277397155762e-01
1.555412113666534424e-01
1.365579366683959961e+00
1.673030853271484375e-01
3.152284026145935059e-01
7.755373120307922363e-01
1.579328775405883789e+00
0.000000000000000000e+00
1.354571133852005005e-01
3.936831355094909668e-01
1.147857308387756348e-01
2.695542097091674805e+00
7.215058803558349609e-02
9.692329913377761841e-02
4.657914340496063232e-01
8.162446022033691406e-01
5.345905944705009460e-02
5.538850277662277222e-02
3.305272758007049561e-01
1.455473303794860840e-01
5.855794996023178101e-02
1.460227131843566895e+00
8.903580158948898315e-02
2.640707790851593018e-01
2.688017189502716064e-01
2.490357756614685059e-01
3.754043281078338623e-01
9.411242008209228516e-01
0.000000000000000000e+00
3.195658698678016663e-02
1.808038502931594849e-01
2.648047730326652527e-02
3.105187416076660156e-01
1.172087192535400391e+00
3.173342049121856689e-01
1.004009023308753967e-01
9.771961718797683716e-02
1.020142793655395508e+00
7.409530878067016602e-01
9.406945109367370605e-01
4.232370853424072266e-01
1.878087818622589111e-01
2.780235707759857178e-01
9.851829409599304199e-01
1.766051799058914185e-01
4.311345219612121582e-01
2.058608829975128174e-01
7.298817038536071777e-01
1.807086169719696045e-01
1.379349976778030396e-01
5.594390034675598145e-01
2.506281137466430664e-01
2.085894048213958740e-01
0.000000000000000000e+00
5.030051991343498230e-02
3.339642882347106934e-01
4.620029628276824951e-01
2.429794520139694214e-01
3.620070517063140869e-01
1.080726459622383118e-02
2.389526128768920898e+00
4.308445453643798828e-01
1.774663329124450684e-01
2.894252240657806396e-01
3.889092683792114258e+00
6.983228921890258789e-01
1.047807112336158752e-01
4.651027321815490723e-01
1.300257891416549683e-01
1.484495401382446289e-02
2.803863584995269775e-02
1.880690157413482666e-01
0.000000000000000000e+00
4.450391232967376709e-01
5.538993477821350098e-01
1.148366808891296387e+00
4.840964794158935547e+00
5.966566503047943115e-02
3.022687733173370361e-01
5.069869384169578552e-02
0.000000000000000000e+00
1.283749818801879883e+00
8.404097557067871094e+00
2.835167169570922852e+00
2.707172036170959473e-01
1.542542338371276855e+00
5.040435194969177246e-01
1.164536476135253906e-01
2.449707314372062683e-02
8.567342162132263184e-01
2.106003910303115845e-01
8.587433695793151855e-01
0.000000000000000000e+00
5.784707069396972656e-01
1.351249337196350098e+00
1.004631280899047852e+00
2.666380643844604492e+00
5.446439236402511597e-02
7.747583836317062378e-02
7.046080827713012695e-01
5.425530672073364258e-01
1.049458742141723633e+00
2.450296878814697266e-01
1.055991530418395996e+00
3.897224068641662598e-01
0.000000000000000000e+00
2.170953035354614258e+00
5.188712477684020996e-01
4.597795307636260986e-01
1.518535465002059937e-01
1.643731594085693359e-01
1.268471479415893555e-01
0.000000000000000000e+00
1.591712355613708496e+00
2.559659779071807861e-01
8.252643048763275146e-03
1.703479409217834473e+00
2.271686077117919922e+00
4.469618499279022217e-01
5.372045096009969711e-03
4.099826812744140625e-01
2.085077047348022461e+00
2.484809160232543945e-01
1.560845822095870972e-01
4.605656862258911133e-01
0.000000000000000000e+00
1.232926607131958008e+00
7.706838846206665039e-01
2.296863049268722534e-01
7.062726616859436035e-01
9.879509359598159790e-02
0.000000000000000000e+00
1.873557448387145996e+00
2.037845551967620850e-01
4.133863747119903564e-01
0.000000000000000000e+00
0.000000000000000000e+00
1.374555081129074097e-01
8.016788959503173828e-02
1.815730184316635132e-01
3.968715295195579529e-02
4.635739922523498535e-01
7.040043920278549194e-02
1.254421323537826538e-01
3.271363675594329834e-01
1.074859057553112507e-03
6.915409564971923828e-01
4.988690614700317383e-01
2.644778490066528320e-01
8.321326375007629395e-01
5.569518804550170898e-01
1.238960865885019302e-02
5.192596316337585449e-01
7.283262163400650024e-02
5.911684036254882812e-01
0.000000000000000000e+00
1.359895706176757812e+00
1.941286176443099976e-01
2.491520047187805176e-01
2.650332748889923096e-01
1.006120800971984863e+00
3.301041722297668457e-01
0.000000000000000000e+00
1.862190604209899902e+00
4.180157780647277832e-01
1.074076771736145020e+00
0.000000000000000000e+00
1.613000966608524323e-02
9.051150679588317871e-01
1.320302248001098633e+00
1.293016552925109863e+00
2.894085347652435303e-01
2.259253263473510742e-01
7.178345695137977600e-04
6.612927317619323730e-01
1.554063260555267334e-01
2.894592285156250000e-01
1.563687771558761597e-01
4.914249479770660400e-01
1.683436781167984009e-01
1.658620685338973999e-01
2.662805080413818359e+00
5.075591206550598145e-01
1.835462450981140137e-01
7.241392880678176880e-02
1.599786132574081421e-01
1.714124828577041626e-01
0.000000000000000000e+00
7.027398049831390381e-02
8.276249468326568604e-02
2.259258180856704712e-01
4.160567224025726318e-01
2.759229242801666260e-01
3.952945396304130554e-02
0.000000000000000000e+00
1.086602918803691864e-02
5.017418861389160156e-01
6.172659397125244141e-01
2.992833137512207031e+00
9.428552985191345215e-01
6.384922266006469727e-01
2.474955916404724121e-01
7.451598644256591797e-01
1.168890856206417084e-02
6.715022027492523193e-02
3.982417583465576172e-01
3.198983371257781982e-01
2.198548465967178345e-01
3.660688921809196472e-02
2.937524616718292236e-01
5.364435315132141113e-01
2.362834215164184570e-01
4.220102131366729736e-01
6.427390873432159424e-02
0.000000000000000000e+00
1.875382214784622192e-01
8.185619115829467773e-02
1.478782575577497482e-02
4.028437435626983643e-01
0.000000000000000000e+00
3.992401435971260071e-02
2.029538340866565704e-02
6.676272489130496979e-03
1.598744273185729980e+00
5.837084054946899414e-01
2.197942256927490234e+00
2.702051773667335510e-03
1.347940564155578613e-01
3.192433416843414307e-01
1.539817005395889282e-01
1.899448037147521973e+00
8.600658923387527466e-02
2.473422884941101074e-01
0.000000000000000000e+00
2.265135645866394043e-01
1.838955730199813843e-01
3.620684444904327393e-01
1.213484406471252441e-01
1.653433591127395630e-01
5.952449887990951538e-02
1.005192771553993225e-01
3.304511010646820068e-01
7.108621597290039062e-01
1.464487552642822266e+00
2.251327037811279297e+00
9.828440845012664795e-02
8.077614009380340576e-02
1.789640426635742188e+00
3.212742879986763000e-02
2.038537561893463135e-01
4.125523567199707031e-01
3.719168901443481445e-02
2.180962413549423218e-01
8.216674625873565674e-02
8.536146953701972961e-03
8.687817491590976715e-03
3.654551506042480469e-01
5.879614949226379395e-01
6.998519599437713623e-02
5.328160896897315979e-02
1.260466128587722778e-01
9.625439643859863281e-01
5.930287390947341919e-02
1.056692749261856079e-01
8.419482111930847168e-01
5.994403958320617676e-01
2.491223067045211792e-01
6.344829201698303223e-01
1.278149485588073730e+00
1.831140369176864624e-02
1.572758406400680542e-01
0.000000000000000000e+00
1.137089077383279800e-02
4.539938271045684814e-01
1.299784183502197266e+00
2.655058205127716064e-01
1.501518487930297852e-01
2.014949917793273926e-02
8.665691316127777100e-02
1.874241977930068970e-01
9.681436419486999512e-01
1.247942820191383362e-01
6.031537055969238281e-01
1.534489393234252930e-01
6.338272690773010254e-01
9.483168721199035645e-01
1.316982358694076538e-01
4.078456461429595947e-01
1.952953219413757324e+00
1.695498228073120117e+00
3.705300986766815186e-01
1.324442494660615921e-02
3.061004579067230225e-01
3.605403006076812744e-01
1.126693844795227051e+00
1.053917527198791504e+00
3.155807033181190491e-02
2.476653084158897400e-02
6.972534954547882080e-02
2.204990833997726440e-01
5.989030599594116211e-01
1.390449047088623047e+00
2.296659722924232483e-02
2.259864062070846558e-01
2.727307379245758057e-01
3.019480779767036438e-02
8.277623653411865234e-01
3.380897045135498047e-01
5.596418857574462891e+00
5.182361602783203125e-02
6.328062415122985840e-01
7.405105978250503540e-02
1.312699615955352783e-01
3.523808717727661133e-01
7.822194695472717285e-02
2.126402378082275391e+00
2.056840807199478149e-01
4.702806472778320312e-04
3.406570553779602051e-01
2.191526293754577637e-01
1.107180342078208923e-01
6.734662055969238281e+00
1.151618286967277527e-01
3.593056201934814453e-01
5.011826008558273315e-02
0.000000000000000000e+00
1.192545890808105469e-01
3.098338842391967773e-01
4.099783301353454590e-01
7.331963181495666504e-01
4.884065985679626465e-01
1.488748379051685333e-02
0.000000000000000000e+00
0.000000000000000000e+00
3.719672262668609619e-01
1.712954521179199219e+00
3.201059699058532715e-01
2.528861165046691895e-01
7.406821846961975098e-01
2.276891171932220459e-01
0.000000000000000000e+00
3.175822794437408447e-01
1.770665049552917480e-01
1.720371991395950317e-01
1.235776901245117188e+00
7.837390899658203125e-02
2.287386059761047363e-01
5.414608120918273926e-02
6.931079030036926270e-01
2.315391302108764648e-01
7.037354111671447754e-01
2.485336214303970337e-01
2.156888693571090698e-02
3.041816353797912598e-01
2.202542424201965332e-01
0.000000000000000000e+00
5.151482224464416504e-01
8.315665274858474731e-02
0.000000000000000000e+00
4.978449642658233643e-02
1.557673960924148560e-01
3.567094504833221436e-01
4.314167797565460205e-02
2.778315357863903046e-02
6.647910177707672119e-02
6.866600513458251953e-01
1.491086371243000031e-02
2.373388051986694336e+00
1.033085346221923828e+00
7.470512390136718750e-02
9.659354574978351593e-03
3.505390584468841553e-01
8.905111998319625854e-02
8.041605353355407715e-03
5.541235208511352539e-02
0.000000000000000000e+00
1.966770410537719727e+00
7.083678245544433594e-01
1.525507569313049316e-01
6.183037757873535156e-01
2.730672359466552734e-01
3.016890026628971100e-02
2.039569020271301270e-01
4.533637762069702148e-01
5.656399130821228027e-01
1.144745275378227234e-01
2.348247766494750977e-01
1.455839276313781738e-01
5.884528756141662598e-01
8.994292467832565308e-02
7.397356629371643066e-01
2.415967226028442383e+00
4.213481023907661438e-02
5.743854045867919922e-01
8.321233987808227539e-01
0.000000000000000000e+00
1.365222781896591187e-01
1.566608548164367676e-01
3.370207250118255615e-01
9.342405200004577637e-01
2.725039981305599213e-02
1.409451849758625031e-02
2.316173911094665527e-02
3.071331381797790527e-01
1.592772156000137329e-01
1.612783968448638916e-02
1.794004440307617188e+00
1.293061077594757080e-01
4.054253995418548584e-01
8.974695205688476562e-01
1.052029013633728027e+00
4.884235188364982605e-02
6.481603533029556274e-02
1.736664921045303345e-01
6.229465827345848083e-02
2.515632100403308868e-02
8.676149696111679077e-02
3.487394377589225769e-02
3.717191517353057861e-02
4.384683370590209961e-01
2.291991710662841797e-01
1.631661802530288696e-01
1.057831525802612305e+00
3.494365692138671875e+00
2.137124240398406982e-01
1.666989177465438843e-02
1.983207464218139648e-01
3.452759683132171631e-01
0.000000000000000000e+00
3.243112564086914062e-01
7.250257134437561035e-01
2.312287241220474243e-01
3.534547984600067139e-01
1.458770930767059326e-01
8.625694364309310913e-02
1.592315584421157837e-01
1.709917783737182617e-01
4.639868736267089844e+00
9.662292897701263428e-03
8.491104841232299805e-02
7.798528671264648438e-01
1.848486900329589844e+00
1.958693265914916992e+00
4.591744858771562576e-03
4.279831051826477051e-01
4.853286594152450562e-02
5.966819077730178833e-02
1.704311221837997437e-01
0.000000000000000000e+00
4.240414500236511230e-02
2.520635724067687988e-01
1.683086037635803223e+00
3.450977429747581482e-02
4.546937718987464905e-02
1.811699755489826202e-02
3.725809454917907715e-01
6.456939876079559326e-02
1.404699236154556274e-01
2.393705129623413086e+00
1.170424446463584900e-01
5.051316838944330812e-05
4.942300263792276382e-03
0.000000000000000000e+00
1.904620379209518433e-01
3.563681244850158691e-02
1.978367418050765991e-01
4.830421805381774902e-01
1.050552055239677429e-01
3.506042659282684326e-01
4.730822443962097168e-01
1.640622913837432861e-01
1.713771671056747437e-01
1.525630652904510498e-01
2.751904428005218506e-01
4.367229342460632324e-01
2.655899226665496826e-01
1.292096823453903198e-01
8.081925101578235626e-03
7.027182262390851974e-03
1.465472280979156494e-01
6.610535383224487305e-01
1.068349361419677734e+00
8.092073798179626465e-01
2.871690690517425537e-02
6.035580113530158997e-02
2.686967253684997559e-01
1.254599928855895996e+00
1.173218432813882828e-02
0.000000000000000000e+00
1.090860143303871155e-01
4.915896356105804443e-01
1.336286514997482300e-01
1.277708768844604492e+00
3.912413120269775391e-01
4.197026789188385010e-01
9.496976137161254883e-01
2.847369313240051270e-01
1.657510757446289062e+00
1.373655557632446289e+00
1.809021353721618652e+00
1.498611092567443848e+00
2.953066349029541016e+00
1.008715987205505371e+00
2.619703114032745361e-01
2.464448660612106323e-02
2.068247832357883453e-02
0.000000000000000000e+00
0.000000000000000000e+00
1.320618838071823120e-01
1.624010324478149414e+00
4.225705862045288086e-01
8.183957934379577637e-01
9.161177277565002441e-02
1.748367190361022949e+00
3.757336735725402832e-01
1.054571419954299927e-01
9.416676312685012817e-02
1.786424666643142700e-01
0.000000000000000000e+00
7.172516733407974243e-02
1.134188994765281677e-01
2.418752461671829224e-01
4.275095462799072266e-01
2.989978492259979248e-01
1.660044863820075989e-02
5.750653147697448730e-01
7.261816263198852539e-01
5.870235152542591095e-03
7.090777754783630371e-01
5.080704391002655029e-02
0.000000000000000000e+00
0.000000000000000000e+00
1.918758451938629150e-01
4.410516917705535889e-01
1.705119848251342773e+00
1.005277410149574280e-01
1.273712038993835449e+00
9.158930778503417969e-01
2.506279051303863525e-01
4.633185863494873047e-01
6.947985291481018066e-01
9.380440115928649902e-01
0.000000000000000000e+00
1.751093029975891113e+00
1.295824944972991943e-01
1.844516843557357788e-01
2.766411006450653076e-01
1.238651514053344727e+00
3.685672998428344727e+00
1.194018959999084473e+00
5.264917612075805664e-01
3.137444257736206055e-01
3.619254827499389648e-01
6.692615151405334473e-01
2.514253258705139160e-01
0.000000000000000000e+00
1.623231172561645508e-01
2.264302670955657959e-01
2.030450850725173950e-01
2.707269787788391113e-01
9.732991456985473633e-01
1.596956700086593628e-01
2.513575255870819092e-01
6.977203488349914551e-01
0.000000000000000000e+00
0.000000000000000000e+00
2.212353795766830444e-02
3.344649076461791992e-02
2.470987141132354736e-01
3.351225703954696655e-02
2.770337820053100586e+00
2.370754778385162354e-01
1.160412430763244629e+00
5.214910507202148438e-01
1.139042735099792480e+00
1.554322242736816406e+00
0.000000000000000000e+00
1.907883733510971069e-01
7.289858907461166382e-02
2.599994279444217682e-02
4.144943132996559143e-02
6.102898120880126953e-01
2.958278357982635498e-01
1.426006406545639038e-01
2.059807062149047852e+00
0.000000000000000000e+00
5.075618252158164978e-02
1.336611527949571609e-02
1.410802751779556274e-01
2.783096432685852051e-01
1.593008190393447876e-01
1.988563090562820435e-01
8.279927968978881836e-01
9.708460420370101929e-03
7.558254897594451904e-02
5.455280542373657227e-01
1.800272762775421143e-01
6.386591792106628418e-01
0.000000000000000000e+00
1.764387786388397217e-01
5.257368683815002441e-01
2.074334025382995605e-01
6.797946244478225708e-02
4.419066011905670166e-02
1.201831921935081482e-01
6.411164999008178711e-01
4.976216554641723633e-01
3.344701766967773438e+00
2.980950474739074707e-02
6.926526874303817749e-02
2.318229913711547852e+00
8.151028156280517578e-01
7.580999284982681274e-02
5.078135728836059570e-01
3.720054402947425842e-02
5.300016328692436218e-02
5.013792514801025391e-01
3.069101460278034210e-02
1.200287565588951111e-01
1.827221922576427460e-02
4.569685831665992737e-02
8.541224002838134766e-01
1.430246829986572266e-01
4.627868533134460449e-01
2.369418889284133911e-01
1.201147213578224182e-02
0.000000000000000000e+00
5.682981386780738831e-02
1.706264615058898926e-01
3.594911396503448486e-01
4.525622129440307617e-01
2.725172996520996094e+00
3.712645173072814941e-02
3.897981345653533936e-01
2.454563379287719727e-01
0.000000000000000000e+00
9.128239750862121582e-01
3.600227832794189453e-01
4.532094299793243408e-01
1.014846324920654297e+00
4.864988476037979126e-02
3.315650625154376030e-03
3.004077076911926270e-01
9.812772870063781738e-01
1.711129955947399139e-02
6.665351986885070801e-01
3.740851879119873047e-01
8.854975700378417969e-01
0.000000000000000000e+00
7.650147378444671631e-02
6.142649650573730469e-01
6.367866396903991699e-01
1.886205822229385376e-01
2.853568792343139648e-01
6.564763933420181274e-02
1.036424040794372559e+00
2.572672627866268158e-02
1.613664865493774414e+00
7.040157914161682129e-01
6.282499432563781738e-01
4.428694546222686768e-01
1.141001805663108826e-01
1.161798238754272461e+00
1.165119409561157227e+00
3.308430081233382225e-03
2.329860925674438477e-01
2.534301578998565674e-02
9.411551952362060547e-01
0.000000000000000000e+00
4.362330213189125061e-02
7.827166914939880371e-01
0.000000000000000000e+00
3.785746544599533081e-02
1.756379365921020508e+00
2.253876328468322754e-01
1.850215941667556763e-01
9.548745155334472656e-01
2.546747922897338867e-01
3.197059035301208496e-01
4.192923605442047119e-01
9.964848756790161133e-01
4.448458552360534668e-02
8.873422741889953613e-01
1.194186285138130188e-01
4.908423125743865967e-01
3.048623912036418915e-02
1.373528361320495605e+00
6.702471524477005005e-02
1.782432794570922852e-01
1.297006011009216309e-01
6.892700195312500000e-01
0.000000000000000000e+00
8.966822624206542969e-01
1.681119017302989960e-02
1.144685149192810059e+00
2.322798222303390503e-01
3.906194269657135010e-01
3.708332180976867676e-01
9.951509237289428711e-01
0.000000000000000000e+00
7.309834957122802734e-01
1.776846289634704590e+00
1.339498043060302734e+00
2.047672420740127563e-01
5.029644370079040527e-01
1.135747909545898438e+00
8.325668424367904663e-02
3.051040768623352051e-01
7.361642085015773773e-03
1.034598238766193390e-02
1.318407505750656128e-01
2.203647047281265259e-02
1.858858019113540649e-01
9.530031122267246246e-03
4.671340584754943848e-01
5.445024371147155762e-01
2.653584629297256470e-02
2.051041126251220703e-01
1.939814090728759766e-01
1.550475597381591797e+00
4.116901755332946777e-01
1.517431139945983887e-01
4.373919367790222168e-01
4.624076783657073975e-01
9.886122494935989380e-02
4.357390999794006348e-01
1.864528656005859375e-01
0.000000000000000000e+00
1.484002638608217239e-02
7.230582833290100098e-02
4.242619127035140991e-02
7.964874804019927979e-02
5.173988938331604004e-01
9.423209428787231445e-01
2.101536989212036133e-01
1.926914900541305542e-01
1.213163614273071289e+00
1.112871766090393066e-01
9.247976541519165039e-02
8.021802306175231934e-01
0.000000000000000000e+00
2.288898527622222900e-01
9.909182041883468628e-02
4.938480630517005920e-02
1.160653531551361084e-01
3.817044943571090698e-02
3.758651018142700195e-02
2.843714058399200439e-01
3.933223783969879150e-01
1.332265436649322510e-01
0.000000000000000000e+00
2.034945964813232422e+00
2.005670592188835144e-02
2.429609373211860657e-02
1.473942846059799194e-01
4.409833252429962158e-01
5.348860844969749451e-02
8.012472093105316162e-02
3.059751749038696289e+00
1.782947685569524765e-03
2.430421859025955200e-01
6.087604910135269165e-03
1.350547790527343750e+00
3.918128907680511475e-01
2.779379785060882568e-01
4.690438210964202881e-01
2.120130538940429688e+00
2.724106013774871826e-01
8.657979369163513184e-01
0.000000000000000000e+00
5.360041260719299316e-01
1.012303590774536133e+00
2.877800464630126953e-01
6.226884722709655762e-01
1.881669908761978149e-01
2.566744983196258545e-01
2.371806651353836060e-01
0.000000000000000000e+00
4.363675713539123535e-01
1.411154627799987793e+00
3.166133463382720947e-01
1.963795274496078491e-01
8.340198546648025513e-03
3.135576844215393066e-01
5.727072246372699738e-03
6.666081428527832031e+00
2.198129743337631226e-01
2.382565259933471680e+00
3.040128853172063828e-03
6.850758790969848633e-01
1.756963968276977539e+00
9.887017309665679932e-02
5.980143789201974869e-03
1.097821723669767380e-02
1.909748017787933350e-01
4.655639529228210449e-01
6.434280276298522949e-01
1.008675992488861084e-01
6.573054194450378418e-01
1.504307240247726440e-01
3.262123167514801025e-01
3.168512344360351562e+00
4.468261897563934326e-01
1.331334263086318970e-01
3.906265497207641602e-01
3.284553065896034241e-02
1.231922507286071777e+00
1.869722269475460052e-03
1.772017478942871094e+00
1.110754013061523438e+00
0.000000000000000000e+00
6.098408252000808716e-02
5.285944789648056030e-02
2.219723304733633995e-03
2.931128740310668945e-01
2.820698916912078857e-01
5.629869103431701660e-01
5.073986053466796875e-01
1.913954131305217743e-02
3.893109560012817383e-01
2.176063060760498047e-01
2.383835613727569580e-01
8.016901612281799316e-01
1.479562465101480484e-02
1.625092625617980957e-01
9.469225257635116577e-02
2.930620610713958740e-01
1.548718214035034180e+00
3.968473672866821289e+00
2.256529092788696289e+00
8.020069599151611328e-01
1.098691076040267944e-01
1.093235332518815994e-02
1.333313807845115662e-02
1.070101335644721985e-01
7.604344189167022705e-02
4.549862146377563477e-01
0.000000000000000000e+00
3.429329022765159607e-02
1.976607590913772583e-01
2.316422760486602783e-02
8.063619732856750488e-01
3.074913099408149719e-02
8.688981831073760986e-02
3.654824197292327881e-01
3.216984868049621582e-02
6.158519387245178223e-01
3.369056940078735352e+00
3.257547318935394287e-01
3.994400501251220703e-01
2.115857452154159546e-01
4.758983850479125977e-01
4.732650518417358398e-01
1.267906069755554199e+00
7.712444663047790527e-01
7.289009690284729004e-01
1.451449632644653320e+00
1.262255787849426270e+00
9.049513936042785645e-01
1.282267332077026367e+00
1.035996675491333008e+00
1.916124939918518066e+00
1.915004253387451172e-01
0.000000000000000000e+00
2.179467082023620605e-01
2.559865079820156097e-02
2.066415548324584961e-01
8.366428017616271973e-01
7.129231095314025879e-02
1.495416909456253052e-01
3.964020311832427979e-02
1.122630596160888672e+00
2.748867869377136230e-01
6.459072465077042580e-04
1.220725383609533310e-02
4.173668920993804932e-01
1.125299781560897827e-01
4.423378780484199524e-02
1.577398777008056641e+00
5.704326089471578598e-03
5.052203178405761719e+00
9.276748895645141602e-01
1.486846357583999634e-01
1.335019618272781372e-01
2.017370052635669708e-02
4.373976588249206543e-01
1.378815889358520508e+00
2.913995385169982910e-01
7.017263174057006836e-01
1.247171461582183838e-01
7.091227173805236816e-01
9.178724139928817749e-02
3.404323756694793701e-01
3.457542181015014648e+00
9.892318844795227051e-01
1.381471753120422363e-01
1.747385710477828979e-01
7.172452211380004883e-01
1.324322462081909180e+00
6.739010214805603027e-01
3.094198182225227356e-02
7.682175636291503906e-01
3.314574062824249268e-01
1.187039315700531006e-01
0.000000000000000000e+00
9.148568660020828247e-02
9.580378420650959015e-03
0.000000000000000000e+00
6.452506184577941895e-01
0.000000000000000000e+00
3.570472598075866699e-01
4.595818743109703064e-02
4.758302271366119385e-01
7.728786021471023560e-02
4.465882778167724609e-01
0.000000000000000000e+00
2.106381207704544067e-01
8.345922082662582397e-02
6.162841916084289551e-01
1.872697174549102783e-01
5.093100294470787048e-02
2.675855875015258789e+00
2.005430698394775391e+00
2.159789353609085083e-01
7.628365159034729004e-01
1.177851200103759766e+00
7.492881417274475098e-01
3.499874174594879150e-01
2.524183690547943115e-02
1.284365952014923096e-01
4.690743982791900635e-01
4.519245624542236328e-01
2.768443524837493896e-02
4.760716557502746582e-01
3.792049288749694824e-01
2.081001520156860352e+00
7.677810192108154297e-01
1.645944118499755859e-01
1.244091987609863281e-01
6.020894050598144531e-01
2.014323621988296509e-01
6.768932938575744629e-02
7.317960262298583984e-01
4.896360933780670166e-01
1.467044949531555176e+00
7.322081923484802246e-02
4.044263362884521484e-01
4.747278988361358643e-02
2.048140615224838257e-01
6.474081426858901978e-02
7.811661362648010254e-01
5.156813934445381165e-02
1.883018910884857178e-01
1.122260212898254395e+00
1.219322457909584045e-01
4.386436343193054199e-01
2.515937566757202148e+00
7.853423245251178741e-03
7.315938174724578857e-02
2.749582231044769287e-01
1.368371099233627319e-01
1.983657777309417725e-01
3.473908603191375732e-01
7.601211220026016235e-02
2.893420122563838959e-02
9.063407033681869507e-02
1.621278971433639526e-01
3.097918033599853516e-01
5.363066680729389191e-03
0.000000000000000000e+00
3.930247947573661804e-02
1.823371201753616333e-01
3.926751911640167236e-01
3.050295710563659668e-01
2.713273093104362488e-02
3.674146831035614014e-01
9.248387999832630157e-03
4.048001021146774292e-02
4.651517570018768311e-01
7.797589898109436035e-01
2.943088114261627197e-01
6.935188174247741699e-01
2.975586950778961182e-01
2.208399772644042969e+00
1.074396148324012756e-01
3.221296891570091248e-02
1.231985762715339661e-01
4.519205689430236816e-01
4.180248677730560303e-01
6.326843798160552979e-02
2.502917684614658356e-02
1.177623346447944641e-01
1.578126847743988037e-01
2.319504320621490479e-02
2.801555022597312927e-02
1.203281059861183167e-01
5.911025404930114746e-01
8.603863120079040527e-01
9.312862902879714966e-02
0.000000000000000000e+00
1.154185906052589417e-01
1.013555452227592468e-01
1.026602268218994141e+00
1.519848592579364777e-02
2.875092625617980957e-01
7.392154335975646973e-01
1.415229123085737228e-02
5.155509710311889648e-02
3.056840039789676666e-03
3.300211206078529358e-02
4.375776946544647217e-01
2.160125970840454102e-01
1.028799712657928467e-01
1.194483339786529541e-01
4.347980618476867676e-01
5.180189013481140137e-01
2.219512499868869781e-02
2.010415315628051758e+00
2.253020107746124268e-01
1.500966846942901611e-01
3.567586652934551239e-03
4.157762229442596436e-02
8.056048154830932617e-01
1.797357797622680664e-01
7.887759804725646973e-02
1.123516187071800232e-01
0.000000000000000000e+00
0.000000000000000000e+00
2.773025929927825928e-01
3.365702228620648384e-03
5.652191638946533203e-01
4.211452007293701172e-01
0.000000000000000000e+00
7.903584241867065430e-01
1.345558464527130127e-01
1.547580305486917496e-02
5.147238075733184814e-02
5.357244014739990234e-01
4.937297821044921875e+00
6.779540538787841797e+00
1.460314989089965820e-01
4.168473556637763977e-02
5.830839872360229492e-01
0.000000000000000000e+00
7.265015691518783569e-02
3.717162907123565674e-01
1.192388534545898438e+00
9.739067554473876953e-01
1.110920384526252747e-01
1.917391419410705566e-01
2.685598433017730713e-01
0.000000000000000000e+00
7.703904807567596436e-02
1.692539095878601074e+00
8.036465048789978027e-01
1.653626084327697754e+00
1.604085415601730347e-01
6.317408084869384766e-01
3.692677021026611328e-01
9.360007196664810181e-02
1.443441808223724365e-01
2.425978705286979675e-02
0.000000000000000000e+00
8.697115778923034668e-01
1.213144421577453613e+00
2.422318095341324806e-03
2.762190103530883789e-01
5.807347223162651062e-02
2.594831585884094238e-01
5.772185325622558594e-01
1.339598417282104492e+00
5.247548222541809082e-01
3.177830219268798828e+00
3.287417888641357422e-01
5.709701776504516602e-01
3.576681911945343018e-01
5.053613781929016113e-01
3.667869329452514648e+00
1.566842049360275269e-01
9.907473623752593994e-02
3.372366130352020264e-01
6.845620870590209961e-01
2.340578585863113403e-01
2.618114650249481201e-01
6.761276125907897949e-01
8.005386590957641602e-01
4.161430299282073975e-01
2.167395129799842834e-02
3.342553675174713135e-01
4.043723642826080322e-01
2.218524552881717682e-02
7.603661622852087021e-03
4.822336882352828979e-02
0.000000000000000000e+00
2.737100003287196159e-03
0.000000000000000000e+00
2.718340158462524414e-01
3.114943578839302063e-02
0.000000000000000000e+00
2.076951265335083008e-01
7.475383281707763672e-01
1.425367686897516251e-02
1.137318611145019531e+00
4.671638011932373047e-01
2.632756531238555908e-01
5.102356076240539551e-01
6.947050988674163818e-02
1.500834971666336060e-01
1.072165817022323608e-01
8.928839117288589478e-03
8.739609122276306152e-01
1.492301821708679199e+00
8.350698649883270264e-02
8.618434518575668335e-02
1.416876614093780518e-01
1.049663946032524109e-01
0.000000000000000000e+00
5.912029184401035309e-03
2.355143725872039795e-01
6.980561465024948120e-02
0.000000000000000000e+00
1.766638457775115967e-01
2.786543667316436768e-01
4.705195426940917969e-01
2.510147392749786377e-01
2.146548405289649963e-02
1.259036064147949219e+00
1.371410012245178223e+00
1.360941380262374878e-01
3.102968260645866394e-02
1.236664414405822754e+00
6.448916792869567871e-01
5.355303883552551270e-01
6.259229779243469238e-01
4.387081563472747803e-01
1.907494664192199707e-01
5.778483748435974121e-01
1.661149114370346069e-01
4.218487739562988281e-01
1.628060638904571533e-01
1.791464805603027344e+00
1.754717350006103516e+00
1.233699470758438110e-01
1.049978375434875488e+00
5.160948038101196289e-01
3.869114443659782410e-02
5.386275649070739746e-01
4.054617583751678467e-01
4.823485314846038818e-01
5.956799387931823730e-01
1.609879359602928162e-02
3.113653361797332764e-01
1.630564182996749878e-01
8.766825795173645020e-01
1.488118618726730347e-01
6.643851101398468018e-02
2.444000691175460815e-01
2.462814748287200928e-01
6.749017536640167236e-02
5.008634328842163086e-01
0.000000000000000000e+00
9.198335409164428711e-01
3.014501929283142090e-01
2.508739531040191650e-01
1.309311509132385254e+00
1.373665630817413330e-01
2.248271405696868896e-01
4.632158577442169189e-01
7.999559640884399414e-01
8.176341652870178223e-02
5.985814929008483887e-01
5.412973165512084961e-01
1.680658459663391113e+00
2.812143862247467041e-01
7.679109573364257812e-01
1.610027074813842773e+00
9.111008048057556152e-01
0.000000000000000000e+00
6.367793679237365723e-01
5.194369554519653320e-01
2.433933168649673462e-01
0.000000000000000000e+00
5.692636370658874512e-01
2.416712045669555664e-01
4.189887642860412598e-02
7.504816651344299316e-01
7.111358642578125000e-02
1.349218785762786865e-01
8.979493975639343262e-01
8.609030395746231079e-02
9.626534767448902130e-03
1.857178568840026855e+00
1.642920821905136108e-01
2.657661139965057373e-01
2.654412388801574707e-01
8.848607540130615234e-01
5.185525119304656982e-02
7.356325984001159668e-01
2.547682225704193115e-01
2.891289591789245605e-01
1.645961543545126915e-03
2.069680094718933105e-01
1.600525021553039551e+00
1.409287154674530029e-01
7.811006158590316772e-02
1.644645817577838898e-02
2.354853749275207520e-01
4.859729707241058350e-01
9.162352234125137329e-02
3.736912012100219727e-01
6.061457395553588867e-01
3.003459982573986053e-02
9.390956722199916840e-03
0.000000000000000000e+00
2.480368167161941528e-01
1.458757277578115463e-02
1.848596520721912384e-02
3.559411764144897461e-01
1.352791905403137207e+00
0.000000000000000000e+00
4.551634564995765686e-02
2.883775234222412109e-01
1.357557654380798340e+00
1.098049618303775787e-02
2.680270001292228699e-02
1.062448501586914062e+00
1.814723849296569824e+00
0.000000000000000000e+00
5.828864574432373047e-01
3.049920797348022461e-01
0.000000000000000000e+00
8.574925363063812256e-02
7.011827826499938965e-01
0.000000000000000000e+00
8.524103164672851562e-01
7.097207009792327881e-02
7.993194460868835449e-01
1.492516882717609406e-02
1.362866908311843872e-01
1.671618409454822540e-02
1.967361420392990112e-01
4.508273005485534668e-01
1.457483172416687012e-01
3.696324825286865234e-01
2.485218048095703125e-01
2.003483474254608154e-01
5.331447124481201172e-01
8.468271791934967041e-02
9.189579486846923828e-01
1.292613148689270020e+00
2.209845632314682007e-01
2.696859598159790039e+00
7.575064897537231445e-01
3.088482916355133057e-01
5.601697042584419250e-02
1.090611517429351807e-01
7.601550221443176270e-01
9.943930804729461670e-02
2.022850885987281799e-02
6.682127714157104492e-02
1.532386243343353271e-01
1.782571315765380859e+00
2.325201779603958130e-02
6.138383224606513977e-02
3.288479894399642944e-02
1.102812647819519043e+00
1.973441123962402344e+00
2.505962848663330078e-01
5.655919313430786133e-01
6.806693077087402344e-01
8.257325887680053711e-01
1.887523531913757324e+00
0.000000000000000000e+00
5.819912254810333252e-02
1.183975562453269958e-01
1.331424247473478317e-02
6.421815156936645508e-01
1.537490338087081909e-01
2.000858932733535767e-01
1.231151819229125977e-01
5.752609372138977051e-01
5.454687029123306274e-02
2.771667838096618652e-01
1.077405549585819244e-02
2.193205058574676514e-01
9.158086031675338745e-02
3.653899580240249634e-02
2.821104833856225014e-03
6.613004207611083984e-01
6.721861660480499268e-03
1.014322519302368164e+00
3.388966917991638184e-01
1.869206577539443970e-01
7.612769603729248047e-01
1.345446228981018066e+00
1.398791551589965820e+00
6.717025041580200195e-01
2.616467420011758804e-03
0.000000000000000000e+00
2.718926370143890381e-01
1.769998669624328613e-01
8.530482053756713867e-01
2.571522891521453857e-01
3.197438120841979980e-01
2.118238210678100586e+00
7.061976194381713867e-01
1.242128759622573853e-01
1.648185849189758301e-01
3.162343055009841919e-02
1.848807454109191895e+00
6.425999850034713745e-02
1.902307718992233276e-01
1.857595592737197876e-01
2.253437042236328125e-01
7.455153018236160278e-02
7.010530233383178711e-01
2.357649356126785278e-01
6.874725222587585449e-01
1.894699037075042725e-01
0.000000000000000000e+00
1.072025764733552933e-02
4.713389353128150105e-05
0.000000000000000000e+00
9.748428463935852051e-01
1.001448333263397217e-01
2.145393490791320801e-01
1.058830171823501587e-01
0.000000000000000000e+00
4.456994533538818359e-01
2.173925191164016724e-01
9.144802689552307129e-01
5.761387348175048828e-01
5.247940421104431152e-01
1.357242822647094727e+00
6.626441478729248047e-01
1.451923489570617676e+00
1.049832776188850403e-01
8.043072819709777832e-01
4.686798155307769775e-01
6.371001601219177246e-01
4.092281162738800049e-01
1.974528580904006958e-01
2.835008203983306885e-01
4.641508683562278748e-02
4.865757375955581665e-02
1.693050980567932129e+00
4.779534414410591125e-02
1.292851686477661133e+00
9.181629866361618042e-02
3.967693448066711426e-02
4.635211080312728882e-03
1.662920117378234863e-01
1.113231405615806580e-01
9.296392649412155151e-02
2.364980131387710571e-01
2.683617770671844482e-01
2.475733011960983276e-01
2.859852910041809082e-01
1.900730729103088379e+00
7.467862963676452637e-01
6.396131515502929688e-01
5.805374309420585632e-02
2.374525666236877441e-01
4.581976681947708130e-03
2.745733261108398438e-01
7.076515257358551025e-02
1.740969158709049225e-02
0.000000000000000000e+00
5.362722277641296387e-01
3.114088475704193115e-01
1.775502115488052368e-01
8.031203746795654297e-01
1.812061071395874023e-01
5.171863436698913574e-01
3.119727671146392822e-01
1.585500955581665039e+00
1.727783381938934326e-01
1.911938339471817017e-01
9.372787922620773315e-02
2.705255746841430664e-01
6.532611250877380371e-01
5.534591898322105408e-02
1.481367647647857666e-01
1.082911610603332520e+00
2.908269315958023071e-02
9.243232011795043945e-02
2.579551339149475098e-01
6.823710203170776367e-01
0.000000000000000000e+00
1.347625553607940674e-01
3.396416604518890381e-01
2.222764939069747925e-01
3.925471007823944092e-01
7.183201313018798828e-01
6.823365092277526855e-01
9.172391295433044434e-01
3.896411955356597900e-01
0.000000000000000000e+00
6.248872876167297363e-01
1.778942644596099854e-01
4.536327719688415527e-01
3.198442161083221436e-01
0.000000000000000000e+00
1.580581516027450562e-01
6.764918565750122070e-01
2.623431980609893799e-01
5.147044658660888672e-01
0.000000000000000000e+00
2.549234926700592041e-01
1.267978101968765259e-01
8.558431267738342285e-02
1.658199280500411987e-01
5.498849786818027496e-03
6.270266324281692505e-02
4.148481786251068115e-01
1.965999752283096313e-01
6.067739486694335938e+00
1.192076951265335083e-01
7.185956835746765137e-01
4.447461366653442383e-01
7.559021934866905212e-03
9.442002177238464355e-01
3.769859671592712402e-01
2.022357434034347534e-01
0.000000000000000000e+00
1.986050367355346680e+00
5.732649471610784531e-03
0.000000000000000000e+00
3.419972583651542664e-02
2.538074553012847900e-01
1.027360439300537109e+00
2.035777568817138672e-01
6.001589074730873108e-02
5.998304486274719238e-02
7.365451753139495850e-02
4.062709808349609375e-01
0.000000000000000000e+00
3.117403388023376465e-01
6.729084253311157227e-02
1.049825787544250488e+00
1.080769449472427368e-01
7.082772254943847656e-02
2.558844089508056641e-01
7.970014810562133789e-01
9.573371410369873047e-01
9.770249575376510620e-02
0.000000000000000000e+00
4.481923878192901611e-01
1.386038213968276978e-01
2.286843210458755493e-01
7.218277454376220703e-01
4.994798898696899414e-01
0.000000000000000000e+00
5.078771337866783142e-02
8.181007206439971924e-02
1.506412327289581299e-01
3.408961296081542969e-01
2.751531898975372314e-01
2.111473083496093750e-01
6.387237310409545898e-01
3.553458154201507568e-01
2.660948038101196289e-01
0.000000000000000000e+00
1.466566443443298340e+00
0.000000000000000000e+00
8.091854304075241089e-02
2.845265865325927734e-01
2.995196878910064697e-01
1.765005141496658325e-01
6.609272956848144531e-01
1.600680053234100342e-01
