3.410024046897888184e-01
0.000000000000000000e+00
6.904483586549758911e-02
3.382627487182617188e+00
1.702156849205493927e-02
5.203254818916320801e-01
0.000000000000000000e+00
3.788698837161064148e-02
4.963778018951416016e+00
4.690031707286834717e-01
0.000000000000000000e+00
1.912633776664733887e-01
1.536051928997039795e-01
7.308758795261383057e-02
4.719237983226776123e-01
3.975401446223258972e-02
0.000000000000000000e+00
5.487638115882873535e-01
7.652905303984880447e-03
1.473051548004150391e+00
6.802752017974853516e-01
5.878306031227111816e-01
1.767299175262451172e-01
0.000000000000000000e+00
2.537200748920440674e-01
4.357630610466003418e-01
6.485936045646667480e-01
0.000000000000000000e+00
3.950559347867965698e-02
5.255767027847468853e-04
1.433737426996231079e-01
5.156506061553955078e+00
5.167239904403686523e-01
1.988435536623001099e-01
1.089312314987182617e+00
1.130287125706672668e-01
0.000000000000000000e+00
6.527510285377502441e-01
1.569549143314361572e-01
2.198726177215576172e+00
8.793353289365768433e-02
2.027556002140045166e-01
5.370873212814331055e-01
4.134113788604736328e-01
8.819035440683364868e-02
2.484353184700012207e-01
6.582308560609817505e-02
5.421740561723709106e-02
1.615984201431274414e+00
1.875735633075237274e-02
0.000000000000000000e+00
1.379852652549743652e+00
3.398837521672248840e-02
7.496017813682556152e-01
0.000000000000000000e+00
8.589651435613632202e-02
9.601725339889526367e-01
2.374384999275207520e-01
9.584849476814270020e-01
1.741476170718669891e-02
1.875069618225097656e+00
1.938128173351287842e-01
2.971356511116027832e-01
4.613876342773437500e-01
1.249526858329772949e+00
0.000000000000000000e+00
6.343340873718261719e-01
3.146584630012512207e-01
2.195856124162673950e-01
0.000000000000000000e+00
6.650275588035583496e-01
2.799285352230072021e-01
2.048864727839827538e-03
1.137794017791748047e+00
0.000000000000000000e+00
9.329757094383239746e-01
1.639374613761901855e+00
9.318741038441658020e-03
7.559850692749023438e+00
3.207039535045623779e-01
5.960508584976196289e-01
1.740677468478679657e-02
0.000000000000000000e+00
0.000000000000000000e+00
9.124021232128143311e-02
6.394906044006347656e-01
1.333639374934136868e-03
7.107694745063781738e-01
6.857477128505706787e-02
4.135409742593765259e-02
1.232802867889404297e-02
8.425570279359817505e-02
7.006049901247024536e-02
6.807483150623738766e-04
0.000000000000000000e+00
2.268610447645187378e-01
0.000000000000000000e+00
1.977569758892059326e-01
1.111669465899467468e-01
3.185898780822753906e+00
1.873146295547485352e-01
1.690310239791870117e+00
1.723960787057876587e-01
2.737566232681274414e+00
0.000000000000000000e+00
1.109563112258911133e-01
2.063783109188079834e-01
9.485633373260498047e-01
1.478340625762939453e+00
0.000000000000000000e+00
8.563683927059173584e-02
3.332673013210296631e-01
5.855428799986839294e-02
4.278011322021484375e-01
5.040509998798370361e-02
1.533179730176925659e-01
3.393913209438323975e-01
1.825258284807205200e-01
1.299912631511688232e-01
6.576397418975830078e-01
3.035632669925689697e-01
4.522736072540283203e-01
3.365356326103210449e-01
7.526652812957763672e-01
8.481055259704589844e+00
0.000000000000000000e+00
2.222078740596771240e-01
2.400690168142318726e-01
1.472840756177902222e-01
1.041529774665832520e-01
2.303996235132217407e-01
3.029444813728332520e-01
1.022782802581787109e+00
1.534295201301574707e+00
5.984542891383171082e-02
1.708455756306648254e-02
9.715752601623535156e-01
1.184962838888168335e-01
2.078367710113525391e+00
2.052135914564132690e-01
2.224041938781738281e+00
5.712416488677263260e-03
8.711331486701965332e-01
0.000000000000000000e+00
3.735212981700897217e-02
2.574773430824279785e-01
1.702384799718856812e-01
8.770810365676879883e-01
2.803985774517059326e-01
5.772964283823966980e-02
1.321128964424133301e+00
3.810197487473487854e-02
1.102830190211534500e-02
4.505834281444549561e-01
3.734076619148254395e-01
7.067973613739013672e-01
2.497193776071071625e-02
1.368895079940557480e-02
0.000000000000000000e+00
0.000000000000000000e+00
2.204623669385910034e-01
4.331454038619995117e-01
7.044641301035881042e-03
2.625007927417755127e-01
1.889319300651550293e+00
1.172730684280395508e+00
9.677044302225112915e-02
7.595860958099365234e-01
1.817623734474182129e+00
1.739665865898132324e-01
2.402610629796981812e-01
2.929175198078155518e-01
1.715300679206848145e+00
2.010639667510986328e+00
5.296253785490989685e-02
2.491001933813095093e-01
1.949436664581298828e-01
2.357926070690155029e-01
1.520463079214096069e-01
2.533510625362396240e-01
4.125156104564666748e-01
6.725083291530609131e-02
2.111164927482604980e-01
2.857084035873413086e+00
0.000000000000000000e+00
5.607274174690246582e-01
2.136646807193756104e-01
7.925236225128173828e-01
3.585819303989410400e-01
1.315650582313537598e+00
0.000000000000000000e+00
2.703078389167785645e-01
7.826316952705383301e-01
2.967554569244384766e+00
3.083898723125457764e-01
3.229289650917053223e-01
4.434150177985429764e-03
2.741685509681701660e-01
8.304491639137268066e-02
5.673717856407165527e-01
4.618150647729635239e-03
0.000000000000000000e+00
2.805799432098865509e-02
7.345141768455505371e-01
0.000000000000000000e+00
1.003226637840270996e+00
6.471097469329833984e-02
6.692727804183959961e-01
1.141673624515533447e-01
3.606007620692253113e-02
1.426661610603332520e-01
7.725878953933715820e-01
1.848289489746093750e+00
5.463312938809394836e-02
2.465539276599884033e-01
7.707819938659667969e-01
2.622040212154388428e-01
4.773799777030944824e-01
3.518525362014770508e-01
7.502099871635437012e-01
4.844627156853675842e-02
7.876977324485778809e-02
2.798475027084350586e-01
2.795604765415191650e-01
7.216027937829494476e-03
1.091765016317367554e-01
2.980813384056091309e-02
5.939069017767906189e-02
1.148474454879760742e+00
4.750997722148895264e-01
8.483314886689186096e-03
6.329923868179321289e-02
1.198036789894104004e+00
3.239539265632629395e-01
2.045484483242034912e-01
7.451356202363967896e-02
0.000000000000000000e+00
1.760510206222534180e-01
1.498569250106811523e-01
1.117192506790161133e-01
9.534494951367378235e-03
7.052209693938493729e-03
1.316835284233093262e-01
3.007189631462097168e-01
0.000000000000000000e+00
2.182365179061889648e+00
1.199348330497741699e+00
9.906424880027770996e-01
3.905742168426513672e-01
8.951238393783569336e-01
5.255052074790000916e-02
2.616692893207073212e-02
4.163516044616699219e+00
1.655915006995201111e-02
1.847726702690124512e-01
2.855240106582641602e-01
0.000000000000000000e+00
1.753350952640175819e-03
0.000000000000000000e+00
4.673358798027038574e-01
5.409026741981506348e-01
3.020434856414794922e+00
4.001735687255859375e+00
1.301237195730209351e-01
2.951684296131134033e-01
1.943637281656265259e-01
2.214259654283523560e-01
2.204103320837020874e-01
1.055938124656677246e+00
8.026613593101501465e-01
8.829873800277709961e-01
3.158430457115173340e-01
6.012970209121704102e-01
0.000000000000000000e+00
0.000000000000000000e+00
8.085865378379821777e-01
9.704104065895080566e-01
7.596040377393364906e-04
0.000000000000000000e+00
6.400447338819503784e-02
1.667023152112960815e-01
2.103295773267745972e-01
1.799174696207046509e-01
8.850048780441284180e-01
3.423529565334320068e-01
1.771692335605621338e-01
5.063297227025032043e-02
2.330864667892456055e-01
9.725962877273559570e-01
1.079485565423965454e-01
1.478138417005538940e-01
0.000000000000000000e+00
0.000000000000000000e+00
0.000000000000000000e+00
2.146737426519393921e-01
1.658115744590759277e+00
2.772420644760131836e-01
6.516908109188079834e-02
5.066499114036560059e-02
3.665197268128395081e-02
3.427018970251083374e-02
2.975744940340518951e-02
2.425526529550552368e-01
7.424286007881164551e-02
8.024874329566955566e-01
6.949787735939025879e-01
3.618531674146652222e-02
8.761092424392700195e-01
0.000000000000000000e+00
9.277358055114746094e-01
7.578917741775512695e-01
6.330643296241760254e-01
2.597351074218750000e+00
1.109790876507759094e-01
1.932110055349767208e-03
6.149904057383537292e-02
2.045063495635986328e+00
8.154535889625549316e-01
1.120102524757385254e+00
9.543350934982299805e-01
1.136208847165107727e-01
5.463141202926635742e-02
7.366216182708740234e-01
4.166924580931663513e-02
2.031688764691352844e-02
2.453603893518447876e-01
0.000000000000000000e+00
9.182316809892654419e-02
8.605752885341644287e-02
8.543892502784729004e-01
9.057039022445678711e-02
1.523555815219879150e-01
1.272107101976871490e-02
1.300779134035110474e-01
8.860936164855957031e-01
1.023185253143310547e-02
1.331111192703247070e+00
2.979782819747924805e-01
4.583971500396728516e+00
2.555239498615264893e-01
3.137445822358131409e-02
9.899787306785583496e-01
2.844545617699623108e-02
3.703458309173583984e-01
1.716684550046920776e-01
6.684357523918151855e-01
0.000000000000000000e+00
2.435361407697200775e-02
2.908091433346271515e-02
6.307739019393920898e-02
1.494767189025878906e+00
3.384202122688293457e-01
3.323486089706420898e+00
0.000000000000000000e+00
1.308123618364334106e-01
2.194935083389282227e-01
0.000000000000000000e+00
8.131827227771282196e-03
5.270093306899070740e-02
2.045946866273880005e-01
1.204905286431312561e-01
1.410827994346618652e+00
9.716188907623291016e-02
0.000000000000000000e+00
6.094555854797363281e-01
2.784392833709716797e-01
3.546306610107421875e+00
1.068908255547285080e-02
2.706837654113769531e-01
1.881861835718154907e-01
8.250817656517028809e-02
9.193428158760070801e-01
8.402551710605621338e-02
7.407025992870330811e-02
0.000000000000000000e+00
6.913493573665618896e-02
2.722091972827911377e-02
2.383687067776918411e-03
7.830143570899963379e-01
1.193791534751653671e-02
6.271621584892272949e-01
1.311571598052978516e-01
1.864475488662719727e+00
1.669169664382934570e-01
9.558725357055664062e-02
1.036386966705322266e+00
0.000000000000000000e+00
0.000000000000000000e+00
1.128891110420227051e+00
3.002550601959228516e-01
6.899602413177490234e-01
4.925621151924133301e-01
0.000000000000000000e+00
2.160589694976806641e-01
3.111526668071746826e-01
1.523430347442626953e+00
6.456147134304046631e-02
3.965855836868286133e-01
0.000000000000000000e+00
4.524719342589378357e-02
4.591386020183563232e-01
1.137068197131156921e-01
4.973445460200309753e-02
3.699946776032447815e-02
1.311808824539184570e-01
4.867911338806152344e-01
6.536020040512084961e-01
3.446990847587585449e-01
0.000000000000000000e+00
1.704331040382385254e-01
0.000000000000000000e+00
0.000000000000000000e+00
8.844979852437973022e-02
3.429931998252868652e-01
3.316550850868225098e-01
7.137576490640640259e-02
5.056438595056533813e-02
1.812336593866348267e-02
1.470584073103964329e-03
1.285589456558227539e+00
4.474123194813728333e-02
1.522424459457397461e+00
0.000000000000000000e+00
6.085437256842851639e-03
4.089508056640625000e-01
1.871517747640609741e-01
4.217347502708435059e-02
2.511674463748931885e-01
0.000000000000000000e+00
7.276165299117565155e-03
2.396615445613861084e-01
0.000000000000000000e+00
2.471900939941406250e+00
0.000000000000000000e+00
0.000000000000000000e+00
8.896360397338867188e-01
2.527325749397277832e-01
9.253147840499877930e-01
9.070984274148941040e-02
1.453286409378051758e-01
0.000000000000000000e+00
0.000000000000000000e+00
0.000000000000000000e+00
2.120830297470092773e+00
0.000000000000000000e+00
2.259371057152748108e-02
1.010509610176086426e+00
1.715878963470458984e+00
3.818826079368591309e-01
6.450867652893066406e-01
6.530781745910644531e+00
1.469612479209899902e+00
6.419076770544052124e-02
5.470744967460632324e-01
2.700944244861602783e-01
1.359951615333557129e+00
2.794455736875534058e-02
1.036052778363227844e-02
1.096998155117034912e-01
2.038280665874481201e-01
6.970245838165283203e-01
1.832297086715698242e+00
3.187092781066894531e+00
6.129692867398262024e-02
2.359051071107387543e-02
9.458048641681671143e-02
6.051173210144042969e-01
2.536627054214477539e-01
1.964340806007385254e-01
2.801669947803020477e-02
9.222645312547683716e-02
1.337718367576599121e+00
9.232425689697265625e-02
1.176834702491760254e-01
5.127288103103637695e-01
0.000000000000000000e+00
1.467840373516082764e-01
0.000000000000000000e+00
3.004802465438842773e+00
9.976232051849365234e-02
9.166535735130310059e-02
8.874978870153427124e-02
3.558606207370758057e-01
9.028391838073730469e-01
1.778835177421569824e+00
3.395733889192342758e-03
2.735958814620971680e+00
3.101463615894317627e-01
5.278073549270629883e-01
1.465585529804229736e-01
1.744120836257934570e+00
9.985914453864097595e-03
0.000000000000000000e+00
3.390375375747680664e-01
1.681834310293197632e-01
1.094945907592773438e+00
2.084447145462036133e-01
1.740985155105590820e+00
1.014040350914001465e+00
1.631959155201911926e-02
0.000000000000000000e+00
6.186934709548950195e-01
4.901617392897605896e-02
2.109745517373085022e-02
4.248405098915100098e-01
0.000000000000000000e+00
1.386192798614501953e+00
2.281781286001205444e-01
7.560317516326904297e-01
6.793280839920043945e-01
7.858687639236450195e-01
2.649152278900146484e-01
4.082657814025878906e+00
3.718982338905334473e-01
4.761338233947753906e-01
5.411760807037353516e-01
1.884114980697631836e+00
5.261567831039428711e-01
1.267062872648239136e-02
4.755080938339233398e-01
6.865657329559326172e+00
1.358051300048828125e-01
3.096751689910888672e+00
6.038734912872314453e-01
2.472545802593231201e-01
3.224302530288696289e-01
7.201883476227521896e-03
2.111600935459136963e-01
1.595344692468643188e-01
9.888073801994323730e-02
1.195831894874572754e+00
0.000000000000000000e+00
1.354764401912689209e-01
5.605751872062683105e-01
1.902055382728576660e+00
1.742653250694274902e+00
1.030826345086097717e-01
1.368778467178344727e+00
1.920034438371658325e-01
4.691956937313079834e-01
1.173605442047119141e+00
2.240408770740032196e-02
2.736236810684204102e+00
8.121540397405624390e-02
0.000000000000000000e+00
2.978675067424774170e-01
1.011172771453857422e+00
0.000000000000000000e+00
3.365591540932655334e-02
4.681005179882049561e-01
6.665651798248291016e-01
4.973543062806129456e-02
4.917527139186859131e-01
2.645178139209747314e-01
8.847595751285552979e-02
5.855816006660461426e-01
4.664679989218711853e-02
2.030660063028335571e-01
7.977963685989379883e-01
1.689498275518417358e-01
1.393887877464294434e+00
6.940521299839019775e-02
6.426847577095031738e-01
2.274586856365203857e-01
2.656697332859039307e-01
1.054771170020103455e-01
2.393534965813159943e-02
4.209050238132476807e-01
4.128515347838401794e-02
0.000000000000000000e+00
1.338690668344497681e-01
1.149217605590820312e+00
1.424919664859771729e-01
1.885004900395870209e-02
8.307307958602905273e-02
4.214752018451690674e-01
4.770216345787048340e-02
1.286710262298583984e+00
9.597200155258178711e-02
3.886295258998870850e-01
5.727987289428710938e-01
1.098626032471656799e-01
1.372260320931673050e-02
5.609970688819885254e-01
8.858165889978408813e-02
1.127669572830200195e+00
2.478137798607349396e-02
3.687503337860107422e-01
4.334352016448974609e+00
2.848765850067138672e-01
0.000000000000000000e+00
4.825842976570129395e-01
2.327929586172103882e-01
1.065035581588745117e+00
1.334340497851371765e-02
7.002292275428771973e-01
6.813950538635253906e-01
8.414952754974365234e-01
5.554945468902587891e-01
5.317320674657821655e-02
6.997784972190856934e-01
8.848027139902114868e-02
0.000000000000000000e+00
1.374831557273864746e+00
4.711349681019783020e-02
1.721266955137252808e-01
3.730851113796234131e-01
4.044575691223144531e-01
7.083430886268615723e-01
8.641678690910339355e-01
2.772387981414794922e+00
6.845295429229736328e-02
4.918979406356811523e-01
1.463773727416992188e+00
4.228292033076286316e-02
0.000000000000000000e+00
3.138689100742340088e-01
7.349460124969482422e-01
0.000000000000000000e+00
1.503518223762512207e-01
0.000000000000000000e+00
6.413695868104696274e-03
0.000000000000000000e+00
2.776318788528442383e-01
6.087659671902656555e-02
2.592015564441680908e-01
0.000000000000000000e+00
1.506684541702270508e+00
7.200565934181213379e-02
3.878584504127502441e-01
1.257367283105850220e-01
0.000000000000000000e+00
1.410442709922790527e+00
6.773554682731628418e-01
2.530294656753540039e-01
8.836122751235961914e-01
0.000000000000000000e+00
1.248612761497497559e+00
1.942245662212371826e-01
1.681863097473978996e-03
4.789568781852722168e-01
1.986836314201354980e+00
1.205189108848571777e+00
1.806455492973327637e+00
4.031200110912322998e-01
0.000000000000000000e+00
0.000000000000000000e+00
1.389595121145248413e-01
7.873275876045227051e-01
2.049137465655803680e-02
2.108650445938110352e+00
2.877162992954254150e-01
1.780904293060302734e+00
1.384431481361389160e+00
3.456224799156188965e-01
0.000000000000000000e+00
2.920884452760219574e-02
7.185082882642745972e-02
9.336904436349868774e-02
7.032159805297851562e+00
1.698353767395019531e+00
8.031890541315078735e-02
1.207640528678894043e+00
4.664947465062141418e-02
1.341188997030258179e-01
0.000000000000000000e+00
8.871316164731979370e-02
2.315761987119913101e-03
3.781800866127014160e-01
2.234559804201126099e-01
0.000000000000000000e+00
7.482976913452148438e-01
2.813188731670379639e-01
1.266220211982727051e-01
8.563031256198883057e-02
6.727311294525861740e-03
4.757071435451507568e-01
0.000000000000000000e+00
6.317015737295150757e-02
0.000000000000000000e+00
1.651045083999633789e-01
1.767399430274963379e+00
1.632631383836269379e-02
1.607988476753234863e+00
6.321042180061340332e-01
0.000000000000000000e+00
0.000000000000000000e+00
4.251041114330291748e-01
3.916377574205398560e-02
2.485317876562476158e-03
6.048757553100585938e+00
4.820186495780944824e-01
0.000000000000000000e+00
4.812798798084259033e-01
2.052009820938110352e+00
0.000000000000000000e+00
9.325768798589706421e-02
5.838648676872253418e-01
1.319692432880401611e-01
1.845516711473464966e-01
6.725090742111206055e-01
8.640938252210617065e-02
1.778616756200790405e-01
2.164718389511108398e+00
2.820404767990112305e-01
4.662328362464904785e-01
3.915662877261638641e-03
7.224715664051473141e-04
1.859888061881065369e-02
7.708691954612731934e-01
7.517560124397277832e-01
2.138899564743041992e+00
1.838866621255874634e-02
1.235189363360404968e-01
1.534388214349746704e-01
4.071965813636779785e-02
4.237992465496063232e-01
2.762647569179534912e-01
1.801946759223937988e-01
1.473985463380813599e-01
1.278715729713439941e-01
3.081470131874084473e-01
1.485705524682998657e-01
2.278878688812255859e-01
1.789208203554153442e-01
2.731011807918548584e-02
1.352239847183227539e+00
1.186908036470413208e-01
2.642509639263153076e-01
7.028702497482299805e-01
8.457199931144714355e-01
7.013589739799499512e-01
1.242866292595863342e-01
4.824679851531982422e+00
8.037116527557373047e-01
6.619860529899597168e-01
1.592109650373458862e-01
4.021410942077636719e-01
1.673579029738903046e-02
1.234517619013786316e-01
9.086949348449707031e+00
5.795451626181602478e-02
2.199007987976074219e+00
0.000000000000000000e+00
1.284591078758239746e+00
1.218654513359069824e+00
4.870740696787834167e-02
5.562359690666198730e-01
5.240359306335449219e-01
2.422078549861907959e-01
6.201301217079162598e-01
4.908310174942016602e-01
0.000000000000000000e+00
0.000000000000000000e+00
2.761857397854328156e-02
7.182201743125915527e-01
8.862307071685791016e-01
1.048932317644357681e-03
5.189043045043945312e+00
4.116178750991821289e-01
1.420934312045574188e-02
2.732526957988739014e-01
3.090923652052879333e-02
6.377504672855138779e-03
8.187171220779418945e-01
1.519152224063873291e-01
1.282930094748735428e-02
5.575612187385559082e-01
5.935585498809814453e-01
1.246345758438110352e+00
2.592485689092427492e-04
0.000000000000000000e+00
4.883850738406181335e-02
3.610341995954513550e-02
9.010593593120574951e-02
4.168699741363525391e+00
1.576932668685913086e+00
5.137089267373085022e-02
8.911272883415222168e-02
0.000000000000000000e+00
6.912481188774108887e-01
7.766582816839218140e-02
5.520067811012268066e-01
4.866448938846588135e-01
1.615955531597137451e-01
6.361155509948730469e-01
0.000000000000000000e+00
9.803664684295654297e-02
4.631889164447784424e-01
1.648758888244628906e+00
5.141781568527221680e-01
3.391316160559654236e-02
5.101552009582519531e-01
8.767292648553848267e-02
7.543923705816268921e-02
5.863322690129280090e-02
9.730307757854461670e-02
7.028386592864990234e-01
9.752555750310420990e-03
1.714122109115123749e-02
2.475459426641464233e-01
3.025046586990356445e+00
1.460210561752319336e+00
0.000000000000000000e+00
2.145594209432601929e-01
1.695783585309982300e-01
2.910484671592712402e-01
1.173343658447265625e+00
3.900370001792907715e-01
4.589603543281555176e-01
1.187805458903312683e-02
4.965168889611959457e-03
1.603693127632141113e+00
3.599148988723754883e-01
5.068589467555284500e-03
3.339564204216003418e-01
0.000000000000000000e+00
0.000000000000000000e+00
4.474191367626190186e-01
9.766103625297546387e-01
4.536183476448059082e-01
2.289246320724487305e+00
3.412462770938873291e-01
1.760218977928161621e+00
4.656476080417633057e-01
0.000000000000000000e+00
4.028992354869842529e-02
5.727786421775817871e-01
0.000000000000000000e+00
6.513287872076034546e-02
2.015735805034637451e-01
7.556763291358947754e-02
3.381757810711860657e-02
3.186448216438293457e-01
5.639836788177490234e-01
2.191163599491119385e-01
7.897865958511829376e-03
6.060571875423192978e-03
0.000000000000000000e+00
1.000330001115798950e-01
4.934892803430557251e-02
2.066156268119812012e-01
4.641296342015266418e-02
1.373102664947509766e+00
6.638269424438476562e-01
1.194616079330444336e+00
2.023453563451766968e-01
1.270352721214294434e+00
1.500214219093322754e+00
5.146580338478088379e-01
1.150294303894042969e+00
4.080948352813720703e+00
2.123792469501495361e-01
4.017548859119415283e-01
3.601583242416381836e-01
2.024173885583877563e-01
3.898634910583496094e-01
1.242520287632942200e-01
1.016398072242736816e+00
3.483909666538238525e-01
7.810506969690322876e-02
2.038921415805816650e-02
3.449927568435668945e+00
6.750905513763427734e-01
4.327215850353240967e-01
4.821022510528564453e+00
2.487912215292453766e-02
3.392485678195953369e-01
5.509768053889274597e-02
7.508777081966400146e-02
3.688005805015563965e-01
1.805142879486083984e+00
2.959360480308532715e-01
5.294651538133621216e-02
7.618227973580360413e-03
1.696549803018569946e-01
1.232460021972656250e+00
9.932190179824829102e-01
8.214303851127624512e-01
9.807236492633819580e-03
1.969831436872482300e-01
0.000000000000000000e+00
5.553137063980102539e-01
1.762862652540206909e-01
1.674333691596984863e+00
3.749790668487548828e+00
0.000000000000000000e+00
1.389256358146667480e+00
8.020406961441040039e-01
6.750937700271606445e-01
1.207762002944946289e+00
0.000000000000000000e+00
5.722240209579467773e-01
1.949967890977859497e-01
5.104790925979614258e-01
7.653024047613143921e-02
3.565970361232757568e-01
5.378933548927307129e-01
9.291337966918945312e+00
7.514286637306213379e-01
0.000000000000000000e+00
7.337255775928497314e-02
2.516572177410125732e-01
0.000000000000000000e+00
6.966210007667541504e-01
8.018057942390441895e-01
4.763562679290771484e-01
3.026864767074584961e+00
1.365883946418762207e-01
1.912935078144073486e-01
4.049820303916931152e-01
1.636888533830642700e-01
1.503990292549133301e+00
5.029606223106384277e-01
1.111114621162414551e+00
2.836350724101066589e-02
9.226999431848526001e-02
8.399684429168701172e-01
4.017212092876434326e-01
1.356825381517410278e-01
2.460765361785888672e+00
5.255184769630432129e-01
0.000000000000000000e+00
8.452692627906799316e-02
1.915449351072311401e-01
1.260352611541748047e+00
7.721897959709167480e-01
6.103678792715072632e-02
2.074198871850967407e-01
9.889653325080871582e-02
1.071270108222961426e+00
2.224129810929298401e-02
0.000000000000000000e+00
1.649180173873901367e+00
8.233547955751419067e-02
2.473998516798019409e-01
3.918259963393211365e-02
6.030446887016296387e-01
1.338653087615966797e+00
9.330034255981445312e-03
7.475421428680419922e-01
1.051544785499572754e+00
1.742438413202762604e-03
6.192084550857543945e-01
5.166392326354980469e-01
2.386698573827743530e-01
1.315028816461563110e-01
1.743483357131481171e-02
2.292330004274845123e-02
3.799718338996171951e-03
8.695850521326065063e-02
0.000000000000000000e+00
1.663120836019515991e-01
1.338523626327514648e-01
5.013537406921386719e-01
1.229082942008972168e-01
3.219588398933410645e-01
3.789317011833190918e-01
1.445275992155075073e-01
2.870144844055175781e-01
8.003289103507995605e-01
9.316062331199645996e-01
8.709394335746765137e-01
2.738921530544757843e-02
4.864403009414672852e-01
0.000000000000000000e+00
3.883339762687683105e-01
3.363845944404602051e-01
8.182143419981002808e-02
3.183313459157943726e-02
1.104744300246238708e-01
4.196124076843261719e-01
1.603793203830718994e-01
9.823788702487945557e-02
1.178408190608024597e-01
8.269103765487670898e-01
0.000000000000000000e+00
2.605010271072387695e-01
1.069450497627258301e+00
5.323626101016998291e-02
5.135367512702941895e-01
5.154821276664733887e-01
7.642775017302483320e-05
1.688064217567443848e+00
1.451510936021804810e-01
8.386479690670967102e-03
4.929316043853759766e-01
1.321865916252136230e-01
9.547917842864990234e-01
1.019354909658432007e-01
1.218518376350402832e+00
2.215423434972763062e-01
3.294883936177939177e-04
2.236396819353103638e-01
1.440675556659698486e-01
2.636802196502685547e-01
1.900602579116821289e-01
8.108879923820495605e-01
0.000000000000000000e+00
1.036386862397193909e-01
4.856460094451904297e+00
0.000000000000000000e+00
0.000000000000000000e+00
6.487590074539184570e-02
2.295650392770767212e-01
0.000000000000000000e+00
2.181529998779296875e-01
2.252967596054077148e+00
0.000000000000000000e+00
6.894052624702453613e-01
9.002678096294403076e-02
2.027400285005569458e-01
7.279256582260131836e-01
9.815276600420475006e-03
2.462448358535766602e+00
3.349368572235107422e-01
0.000000000000000000e+00
1.056930541992187500e+00
2.742354393005371094e+00
1.656901717185974121e+00
1.479588598012924194e-01
6.990795582532882690e-02
3.520602732896804810e-02
4.663759376853704453e-03
1.756615191698074341e-01
2.486373037099838257e-01
1.831588149070739746e-01
0.000000000000000000e+00
2.146313905715942383e+00
9.391775727272033691e-02
1.515625864267349243e-01
1.693541407585144043e+00
5.486976504325866699e-01
2.059955149888992310e-01
1.094455122947692871e+00
2.323965728282928467e-01
9.585952386260032654e-03
3.315970003604888916e-01
4.689543545246124268e-01
1.470938473939895630e-01
5.209898576140403748e-02
1.455850124359130859e+00
8.825579881668090820e-01
6.108156442642211914e-01
0.000000000000000000e+00
8.824241757392883301e-01
1.382665634155273438e+00
9.877313971519470215e-01
2.875826954841613770e-01
2.635090947151184082e-01
3.547563254833221436e-01
2.502103447914123535e-01
5.948917865753173828e-01
5.720604583621025085e-02
3.512853384017944336e-02
1.403128206729888916e-01
1.429983507841825485e-02
6.492454558610916138e-02
2.191289216279983521e-01
1.690033636987209320e-02
4.964487254619598389e-02
7.542483508586883545e-02
8.922752141952514648e-01
5.220015645027160645e-01
1.032904256135225296e-02
5.640060082077980042e-02
4.224249422550201416e-01
1.943217515945434570e-01
3.259188830852508545e-01
3.268064232543110847e-03
3.491925299167633057e-01
6.788696050643920898e-01
1.263630867004394531e+00
3.103338479995727539e-01
4.570235729217529297e+00
0.000000000000000000e+00
1.436355948448181152e+00
1.272848434746265411e-02
9.289968013763427734e-01
2.205419540405273438e+00
0.000000000000000000e+00
0.000000000000000000e+00
3.226088359951972961e-02
0.000000000000000000e+00
1.130844056606292725e-01
4.064696133136749268e-01
5.158506035804748535e-01
3.865558505058288574e-01
2.115187406539916992e+00
8.356466889381408691e-02
1.381315588951110840e+00
2.324954509735107422e+00
2.549242377281188965e-01
0.000000000000000000e+00
0.000000000000000000e+00
2.302003838121891022e-02
2.350694872438907623e-02
1.013055920600891113e+00
1.109227910637855530e-01
2.247992604970932007e-01
1.517218649387359619e-01
0.000000000000000000e+00
3.648152351379394531e-01
5.874763131141662598e-01
2.243218123912811279e-01
3.235884755849838257e-02
0.000000000000000000e+00
0.000000000000000000e+00
9.058433026075363159e-02
1.529409438371658325e-01
5.498736500740051270e-01
8.195959031581878662e-02
5.500684380531311035e-01
1.158441603183746338e-01
1.598819971084594727e+00
6.452530622482299805e-02
4.802987575531005859e-01
8.203956484794616699e-01
7.517249584197998047e-01
1.366851031780242920e-01
1.584154725074768066e+00
1.212673261761665344e-02
1.265808008611202240e-02
6.023284420371055603e-02
3.373096287250518799e-01
1.526839375495910645e+00
6.647483110427856445e-01
7.347592711448669434e-02
3.295887634158134460e-02
6.158897653222084045e-02
1.166777133941650391e+00
3.747353795915842056e-03
4.865028262138366699e-01
4.543131589889526367e-01
2.413656860589981079e-01
1.222818791866302490e-01
1.021097898483276367e-01
1.830962777137756348e+00
1.040106341242790222e-01
1.519508808851242065e-01
1.646436601877212524e-01
4.272645805031061172e-03
3.263446735218167305e-03
4.805942475795745850e-01
7.541068643331527710e-02
0.000000000000000000e+00
2.409772761166095734e-02
2.403526544570922852e+00
9.265198707580566406e-01
8.819516301155090332e-01
2.234098315238952637e-01
9.065515995025634766e-01
1.408251285552978516e+00
6.694933772087097168e-02
3.743531405925750732e-01
1.927269101142883301e-01
2.306758016347885132e-01
1.221693083643913269e-01
4.857771098613739014e-02
6.090108305215835571e-02
2.054892033338546753e-01
2.536646842956542969e+00
3.914462774991989136e-02
4.970816373825073242e-01
1.597426414489746094e+00
2.936923317611217499e-02
0.000000000000000000e+00
2.815473973751068115e-01
7.979672551155090332e-01
2.094862014055252075e-01
0.000000000000000000e+00
3.592001199722290039e-01
1.819168403744697571e-02
1.384294480085372925e-01
1.270121097564697266e+00
5.827051997184753418e-01
1.828845739364624023e-01
7.582178115844726562e-01
3.490321040153503418e-01
0.000000000000000000e+00
3.231933414936065674e-01
1.260467767715454102e-01
4.054245054721832275e-01
0.000000000000000000e+00
4.400104999542236328e+00
0.000000000000000000e+00
8.100628256797790527e-01
1.259194374084472656e+00
2.078816592693328857e-01
6.529720872640609741e-02
7.055726051330566406e-01
4.306635260581970215e-01
0.000000000000000000e+00
1.442438270896673203e-02
0.000000000000000000e+00
2.959023714065551758e-01
7.795476168394088745e-02
0.000000000000000000e+00
3.561316058039665222e-02
4.701932519674301147e-02
4.540117979049682617e-01
3.212435841560363770e-01
3.664028830826282501e-03
0.000000000000000000e+00
7.772345095872879028e-02
2.070839144289493561e-02
1.701797693967819214e-01
4.702315479516983032e-02
4.295170903205871582e-01
1.511598378419876099e-01
2.409382611513137817e-01
6.901159882545471191e-02
2.378714643418788910e-02
1.071946695446968079e-01
3.807328641414642334e-01
3.579749166965484619e-01
2.533132731914520264e-01
1.274992704391479492e+00
4.340285062789916992e-01
0.000000000000000000e+00
3.091252803802490234e+00
3.287157297134399414e+00
1.850301027297973633e-01
7.043784111738204956e-02
3.134892582893371582e-01
5.659043043851852417e-02
2.408248335123062134e-01
1.294023156166076660e+00
1.425641402602195740e-02
3.744699954986572266e-01
4.250241816043853760e-01
3.868765830993652344e-01
8.663016557693481445e-01
3.665465116500854492e-01
3.343515992164611816e-01
2.075775384902954102e+00
7.186574488878250122e-02
0.000000000000000000e+00
7.216682434082031250e-01
5.540122389793395996e-01
1.014523282647132874e-01
0.000000000000000000e+00
3.277793526649475098e-01
3.365643918514251709e-01
8.808676153421401978e-02
4.685385897755622864e-02
1.318073511123657227e+00
1.821197271347045898e-01
4.691324830055236816e-01
2.216777056455612183e-01
2.325153350830078125e+00
1.336589217185974121e+00
0.000000000000000000e+00
1.554882526397705078e-01
1.348941206932067871e+00
4.771736264228820801e-02
1.400609463453292847e-01
4.255652427673339844e-01
1.097216308116912842e-01
9.289162606000900269e-02
2.344347685575485229e-01
6.808446645736694336e-01
1.529508177191019058e-02
5.838314533233642578e+00
0.000000000000000000e+00
1.857731491327285767e-01
3.936484828591346741e-02
8.506792783737182617e-02
7.953501306474208832e-03
3.475871682167053223e-01
1.452548503875732422e-01
0.000000000000000000e+00
1.501343250274658203e-01
5.374771952629089355e-01
3.534056246280670166e-01
1.220364093780517578e+00
0.000000000000000000e+00
6.114491224288940430e-01
6.266200542449951172e-01
1.800156198441982269e-02
2.894688956439495087e-02
0.000000000000000000e+00
5.076971054077148438e-01
0.000000000000000000e+00
3.453212678432464600e-01
1.222198233008384705e-01
6.501404047012329102e-01
7.220211625099182129e-02
1.706107974052429199e+00
3.977134823799133301e-01
4.683796763420104980e-01
2.752669453620910645e-01
1.343054652214050293e+00
9.154986590147018433e-03
5.761221796274185181e-02
3.973264098167419434e-01
7.938815355300903320e-01
8.080249428749084473e-01
2.366969585418701172e+00
9.606516361236572266e-02
3.619318604469299316e-01
5.317576229572296143e-03
3.032669305801391602e+00
2.769520282745361328e-01
6.033693626523017883e-02
2.042956799268722534e-01
3.209858834743499756e-01
3.206209465861320496e-02
1.386701583862304688e+00
1.889860816299915314e-02
2.793348729610443115e-01
1.165734827518463135e-01
4.536968469619750977e-02
1.275150537490844727e+00
0.000000000000000000e+00
9.983436465263366699e-01
1.596606075763702393e-01
3.432267308235168457e-01
2.597292065620422363e-01
1.764134690165519714e-02
8.383918553590774536e-02
1.357898116111755371e-01
1.613640785217285156e+00
1.414558887481689453e-01
0.000000000000000000e+00
1.246500760316848755e-01
1.371922940015792847e-01
3.075811080634593964e-02
7.402125597000122070e-01
4.001488164067268372e-02
3.029783256351947784e-03
1.226517409086227417e-01
7.952817529439926147e-02
4.328619837760925293e-01
0.000000000000000000e+00
1.631310462951660156e+00
3.977398574352264404e-02
9.387398138642311096e-03
4.246331155300140381e-01
5.216453075408935547e+00
3.123556375503540039e-01
2.857396602630615234e-01
2.783181667327880859e-01
4.169417858123779297e+00
7.380139827728271484e-01
8.432393074035644531e-01
2.083490937948226929e-01
7.361226528882980347e-02
1.552637964487075806e-01
0.000000000000000000e+00
2.218657732009887695e-01
1.582260243594646454e-02
1.350190606899559498e-03
5.512030795216560364e-02
5.699950456619262695e-01
2.316518127918243408e-01
0.000000000000000000e+00
3.709810733795166016e+00
8.731158822774887085e-02
7.730422019958496094e-01
7.128374576568603516e-01
3.188471794128417969e-01
7.148904800415039062e+00
1.805038005113601685e-01
1.045845389366149902e+00
3.151975274085998535e-01
4.924762248992919922e-01
4.865894317626953125e+00
4.040734469890594482e-01
0.000000000000000000e+00
1.022342965006828308e-01
8.105430006980895996e-01
3.283526420593261719e+00
4.573563575744628906e+00
1.590355783700942993e-01
2.991642355918884277e-01
3.106530904769897461e-01
6.111098453402519226e-02
2.318846940994262695e+00
1.658488661050796509e-01
3.353125154972076416e-01
1.585241854190826416e-01
5.492372810840606689e-02
5.733954161405563354e-02
1.487899422645568848e-01
3.376968502998352051e-01
3.379658162593841553e-01
2.280144542455673218e-01
6.269516050815582275e-02
0.000000000000000000e+00
1.032567098736763000e-01
2.117473185062408447e-01
6.047234535217285156e-01
7.325769662857055664e-01
1.737269043922424316e+00
4.371827933937311172e-03
7.339055538177490234e-01
0.000000000000000000e+00
6.693004816770553589e-02
1.599058866500854492e+00
4.042551666498184204e-02
0.000000000000000000e+00
0.000000000000000000e+00
3.377757593989372253e-02
1.896927237510681152e+00
4.848657131195068359e+00
5.643276214599609375e+00
2.875555865466594696e-02
3.973743915557861328e-01
2.380079180002212524e-01
1.963853687047958374e-01
1.698165573179721832e-02
5.890480875968933105e-01
5.043160319328308105e-01
0.000000000000000000e+00
3.478082120418548584e-01
4.905655980110168457e-02
2.022809907793998718e-02
1.532323807477951050e-01
2.207893431186676025e-01
0.000000000000000000e+00
0.000000000000000000e+00
3.604106009006500244e-01
3.407537937164306641e-01
1.855324625968933105e+00
5.240119099617004395e-01
2.221342325210571289e-01
5.390036851167678833e-02
1.167430758476257324e+00
1.885030567646026611e-01
1.316346049308776855e+00
0.000000000000000000e+00
2.380901098251342773e+00
1.270544677972793579e-01
4.840501546859741211e-01
7.895321846008300781e-01
1.643397063016891479e-01
1.164685606956481934e+00
9.777650833129882812e-01
6.704439874738454819e-04
7.434632163494825363e-03
3.785192668437957764e-01
4.476407170295715332e-01
3.867880582809448242e+00
9.517688304185867310e-02
9.685309976339340210e-02
1.382910013198852539e+00
2.550140917301177979e-01
8.530993014574050903e-02
3.479653503745794296e-03
1.329734623432159424e-01
2.189750038087368011e-02
9.699596762657165527e-01
0.000000000000000000e+00
0.000000000000000000e+00
1.569078564643859863e+00
0.000000000000000000e+00
6.992551803588867188e+00
7.098402082920074463e-02
1.136455014348030090e-01
1.976779252290725708e-01
3.200097940862178802e-03
1.067235946655273438e+00
6.968828439712524414e-01
0.000000000000000000e+00
5.604826845228672028e-03
3.073984980583190918e-01
8.420203328132629395e-01
7.168240100145339966e-02
7.484577894210815430e-01
5.010895133018493652e-01
6.729808449745178223e-02
0.000000000000000000e+00
0.000000000000000000e+00
3.296843171119689941e-01
2.475425601005554199e-01
1.322976231575012207e+00
7.646100223064422607e-02
0.000000000000000000e+00
3.666586577892303467e-01
9.932060837745666504e-01
1.083073019981384277e+00
4.983492493629455566e-01
1.606212407350540161e-01
0.000000000000000000e+00
9.813283085823059082e-01
3.415620625019073486e-01
1.483716070652008057e-01
9.690204262733459473e-02
9.016690850257873535e-01
3.671423345804214478e-02
5.247310735285282135e-03
1.038789153099060059e-01
0.000000000000000000e+00
1.909293606877326965e-02
7.560210227966308594e-01
6.235891487449407578e-03
8.778492361307144165e-02
4.750955581665039062e+00
9.198125004768371582e-01
0.000000000000000000e+00
1.910412430763244629e+00
1.816745400428771973e+00
6.529770493507385254e-01
5.358452200889587402e-01
4.407923817634582520e-01
0.000000000000000000e+00
3.107300043106079102e+00
1.368794441223144531e-01
6.985701620578765869e-02
7.189569622278213501e-02
5.569024085998535156e-01
8.195834159851074219e+00
1.268584579229354858e-01
6.306276917457580566e-01
8.213611692190170288e-02
1.179927468299865723e+00
2.044770866632461548e-02
0.000000000000000000e+00
4.207460880279541016e-01
6.992837041616439819e-02
1.115586981177330017e-01
4.349160492420196533e-01
2.943694829940795898e+00
0.000000000000000000e+00
3.193305730819702148e-01
2.286990284919738770e-01
2.340460382401943207e-02
1.233606860041618347e-01
3.922008275985717773e-01
2.905264496803283691e-01
1.108114346861839294e-01
2.047511339187622070e-01
1.531659841537475586e+00
6.992502212524414062e-01
4.153749346733093262e-02
8.684462308883666992e-02
7.564929127693176270e-01
1.707423478364944458e-02
3.120714426040649414e+00
2.725474163889884949e-02
5.280582904815673828e-01
6.702841725200414658e-03
1.849896647036075592e-02
5.532608628273010254e-01
3.503566235303878784e-02
6.504704803228378296e-02
8.063097596168518066e-01
4.944844841957092285e-01
2.154771089553833008e-01
6.268312335014343262e-01
6.371485441923141479e-02
3.774924203753471375e-02
4.403087198734283447e-01
1.278960239142179489e-02
8.172338008880615234e-01
2.017032057046890259e-01
4.234306335449218750e+00
1.345998048782348633e+00
0.000000000000000000e+00
6.957353949546813965e-01
9.958267956972122192e-02
7.189804911613464355e-01
0.000000000000000000e+00
5.051072239875793457e-01
5.332797765731811523e-02
3.593412935733795166e-01
9.194935560226440430e-01
6.042077764868736267e-02
2.901173830032348633e-01
1.081707254052162170e-01
0.000000000000000000e+00
5.758641660213470459e-02
3.320334255695343018e-01
7.234481573104858398e-01
9.851436316967010498e-02
0.000000000000000000e+00
2.570247650146484375e-02
1.565433591604232788e-01
0.000000000000000000e+00
0.000000000000000000e+00
1.189776062965393066e+00
2.305502258241176605e-02
0.000000000000000000e+00
1.269193142652511597e-01
7.281376165337860584e-04
0.000000000000000000e+00
9.436631202697753906e-01
1.029716968536376953e+00
1.828593946993350983e-02
2.263494729995727539e+00
2.526246607303619385e-01
5.845910683274269104e-02
6.475229561328887939e-02
2.837287187576293945e+00
5.863467454910278320e-01
1.419435590505599976e-01
7.549100518226623535e-01
3.321679234504699707e-01
6.461660563945770264e-02
0.000000000000000000e+00
1.807916760444641113e-01
1.968602649867534637e-03
1.837837100028991699e-01
2.439614087343215942e-01
1.334557831287384033e-01
7.913825511932373047e-01
5.029652118682861328e-01
0.000000000000000000e+00
1.158350929617881775e-01
5.284048318862915039e-01
6.710337996482849121e-01
2.845745980739593506e-01
7.074342574924230576e-03
6.464982777833938599e-02
4.261991024017333984e+00
3.847424507141113281e+00
2.637213170528411865e-01
3.237822651863098145e-01
1.662496477365493774e-01
2.315905690193176270e-02
4.080894887447357178e-01
8.849652484059333801e-03
5.682322382926940918e-02
2.761810421943664551e-01
2.655496895313262939e-01
2.234099209308624268e-01
2.061438709497451782e-01
1.474214196205139160e+00
3.500050902366638184e-01
3.361107110977172852e+00
6.485565900802612305e-01
3.990880027413368225e-02
8.724686689674854279e-03
7.400501966476440430e-01
1.591145247220993042e-01
9.985493868589401245e-02
3.503701388835906982e-01
2.270519882440567017e-01
4.294942319393157959e-02
8.949629962444305420e-02
8.569854497909545898e-01
0.000000000000000000e+00
7.854100465774536133e-01
2.968588098883628845e-02
3.043586969375610352e+00
4.176133871078491211e-02
1.715191602706909180e-01
5.105825662612915039e-01
7.898365855216979980e-01
2.878102064132690430e-01
0.000000000000000000e+00
0.000000000000000000e+00
0.000000000000000000e+00
2.167557716369628906e+00
5.212230086326599121e-01
0.000000000000000000e+00
1.854270510375499725e-02
3.021160960197448730e-01
1.531924843788146973e+00
4.734756890684366226e-03
1.555779296904802322e-02
1.018127333372831345e-02
9.119158238172531128e-02
8.674340322613716125e-03
1.357263803482055664e+00
5.602431297302246094e-01
0.000000000000000000e+00
3.392779082059860229e-02
0.000000000000000000e+00
3.290078341960906982e-01
0.000000000000000000e+00
2.220206195488572121e-03
2.938187718391418457e-01
1.198953866958618164e+00
4.893806576728820801e-02
3.133641183376312256e-01
2.087018489837646484e-01
3.691649064421653748e-02
0.000000000000000000e+00
9.752095937728881836e-01
1.953029073774814606e-02
1.515599489212036133e+00
0.000000000000000000e+00
1.294030547142028809e-01
3.722805157303810120e-02
1.050184369087219238e-01
2.828821241855621338e-01
6.473915576934814453e-01
1.590029336512088776e-03
8.166366256773471832e-03
1.258796572685241699e+00
9.231980144977569580e-02
1.205006837844848633e-01
0.000000000000000000e+00
8.389106392860412598e-02
1.542680859565734863e-01
5.881763100624084473e-01
2.876211702823638916e-01
4.664579927921295166e-01
0.000000000000000000e+00
3.941641151905059814e-01
2.217598676681518555e+00
1.625701040029525757e-01
8.836344480514526367e-01
1.979179829359054565e-01
2.073954557999968529e-03
1.893677353858947754e+00
8.077284097671508789e-01
2.915894091129302979e-01
7.648361325263977051e-01
7.469766736030578613e-01
6.679026484489440918e-01
8.462234586477279663e-02
1.154172886162996292e-02
3.143359124660491943e-01
2.098970115184783936e-02
6.014056205749511719e-01
3.143209815025329590e-01
3.312585651874542236e-01
9.291658997535705566e-01
7.267019152641296387e-01
4.470756351947784424e-01
1.012437939643859863e-01
1.279633939266204834e-01
0.000000000000000000e+00
2.907376587390899658e-01
3.872299566864967346e-03
3.940522968769073486e-01
3.400163948535919189e-01
2.501614987850189209e-01
3.005019128322601318e-01
1.091735903173685074e-02
0.000000000000000000e+00
4.273821413516998291e-01
0.000000000000000000e+00
2.196360379457473755e-01
9.070753306150436401e-02
4.524408373981714249e-03
0.000000000000000000e+00
6.254027038812637329e-02
1.008519250899553299e-02
1.830010712146759033e-01
4.724526703357696533e-01
1.639848709106445312e+00
2.563099265098571777e-01
2.206502109766006470e-02
6.497080326080322266e-01
3.848633542656898499e-02
4.090222716331481934e-01
4.415812194347381592e-01
6.232191324234008789e-01
4.847464561462402344e+00
1.325558871030807495e-01
9.186629951000213623e-02
1.907177686691284180e+00
8.135468512773513794e-02
1.541344225406646729e-01
0.000000000000000000e+00
0.000000000000000000e+00
0.000000000000000000e+00
4.792742729187011719e-01
2.011977910995483398e+00
2.892557382583618164e-01
0.000000000000000000e+00
2.831401586532592773e+00
1.146674826741218567e-01
3.638540580868721008e-02
1.289576649665832520e+00
9.344825148582458496e-02
2.780167385935783386e-03
1.897772960364818573e-02
2.075684785842895508e+00
0.000000000000000000e+00
7.014336585998535156e-01
0.000000000000000000e+00
1.196695584803819656e-02
1.755459606647491455e-02
1.838153749704360962e-01
4.323247373104095459e-01
1.729510903358459473e+00
0.000000000000000000e+00
0.000000000000000000e+00
1.784391999244689941e-01
5.474645644426345825e-02
7.912645116448402405e-03
3.457815349102020264e-01
1.279747962951660156e+00
0.000000000000000000e+00
4.458300396800041199e-02
8.458290994167327881e-02
1.214147135615348816e-01
6.260076165199279785e-01
0.000000000000000000e+00
2.201543003320693970e-01
1.670933514833450317e-01
0.000000000000000000e+00
5.675461292266845703e-01
3.589756190776824951e-01
7.733842730522155762e-01
3.984417300671339035e-03
1.637959480285644531e-02
5.544558167457580566e-01
1.671696454286575317e-01
2.894500270485877991e-02
3.203432857990264893e-01
3.567026853561401367e-01
1.605155318975448608e-01
2.932202816009521484e-01
5.187094807624816895e-01
3.064416348934173584e-02
6.321056187152862549e-02
0.000000000000000000e+00
0.000000000000000000e+00
1.582081913948059082e-01
1.121679186820983887e+00
1.772966980934143066e-01
2.136352062225341797e-01
0.000000000000000000e+00
5.150085687637329102e-02
1.379809081554412842e-01
0.000000000000000000e+00
1.703678965568542480e-01
0.000000000000000000e+00
1.488372981548309326e-01
9.472486376762390137e-01
5.339592322707176208e-02
1.921814531087875366e-01
2.142130374908447266e+00
4.138063788414001465e-01
1.305572390556335449e-01
0.000000000000000000e+00
9.992393851280212402e-01
1.176550149917602539e+00
7.407512515783309937e-02
9.203846454620361328e-01
0.000000000000000000e+00
1.737722381949424744e-02
2.940390408039093018e-01
0.000000000000000000e+00
2.985743582248687744e-01
0.000000000000000000e+00
9.663272500038146973e-01
3.381137549877166748e-02
1.635493012145161629e-03
1.443247914314270020e+00
3.878042697906494141e-01
2.957407236099243164e-01
4.678254574537277222e-02
1.144317090511322021e-01
5.589087679982185364e-02
1.307751536369323730e-01
2.439493089914321899e-01
3.186276555061340332e-01
1.606766134500503540e-01
4.328497946262359619e-01
0.000000000000000000e+00
6.849474310874938965e-01
2.501034177839756012e-02
5.659552291035652161e-03
6.165060773491859436e-02
2.131756782531738281e+00
3.430262207984924316e-03
1.884187608957290649e-01
2.037584781646728516e-03
9.952602982521057129e-01
2.279113084077835083e-01
1.415050029754638672e-01
0.000000000000000000e+00
1.000218009948730469e+01
6.758297979831695557e-02
2.412419795989990234e+00
8.156818896532058716e-02
3.170624494552612305e+00
8.486986756324768066e-01
7.073956131935119629e-01
6.302447319030761719e-01
1.545835494995117188e+00
7.124434709548950195e-01
9.949314594268798828e-01
1.151168942451477051e-01
2.282781839370727539e+00
3.114795088768005371e-01
1.821517944335937500e-01
3.472932100296020508e+00
2.366264909505844116e-01
2.464264482259750366e-01
3.296169340610504150e-01
2.549129351973533630e-02
4.890494942665100098e-01
3.118461929261684418e-02
1.669242501258850098e+00
2.687887847423553467e-02
3.022307716310024261e-02
7.546885013580322266e-01
1.767221987247467041e-01
1.608425229787826538e-01
9.170174002647399902e-01
1.652631908655166626e-01
4.799940288066864014e-01
2.714881114661693573e-02
2.772884070873260498e-01
0.000000000000000000e+00
8.326696115545928478e-04
4.104868695139884949e-02
2.032908946275711060e-01
5.146163702011108398e-02
2.895859003067016602e+00
2.871753275394439697e-01
9.755596518516540527e-03
2.071586698293685913e-01
2.882301807403564453e+00
8.758646845817565918e-01
6.106739640235900879e-01
8.066298812627792358e-02
1.127978712320327759e-01
3.730222880840301514e-01
7.864881306886672974e-02
7.562179863452911377e-02
2.295427471399307251e-01
1.242790929973125458e-02
9.739949107170104980e-01
3.904396891593933105e-01
2.603710256516933441e-02
1.010561466217041016e+00
8.935463428497314453e-02
1.896572709083557129e-01
3.228928446769714355e-01
2.622175812721252441e-01
1.149746477603912354e-01
2.841579616069793701e-01
1.410520792007446289e+00
1.035132408142089844e+00
5.162077546119689941e-01
8.031070232391357422e-02
2.093864679336547852e+00
5.308089852333068848e-01
4.634119272232055664e-01
9.086825251579284668e-01
1.168454214930534363e-01
2.971293330192565918e-01
6.632269024848937988e-01
1.804050356149673462e-01
1.302549522370100021e-02
0.000000000000000000e+00
3.810929954051971436e-01
8.477450609207153320e-01
4.745533168315887451e-01
5.615537166595458984e-01
1.390212476253509521e-01
3.934696614742279053e-01
1.017220497131347656e+00
1.601518869400024414e+00
3.450980186462402344e-01
0.000000000000000000e+00
0.000000000000000000e+00
4.551175609230995178e-02
8.610079884529113770e-01
6.519216299057006836e-02
1.295750260353088379e+00
2.091229200363159180e+00
5.155779421329498291e-02
4.213195443153381348e-01
1.386990785598754883e+00
1.308161377906799316e+00
5.340861082077026367e-01
2.980684041976928711e-01
1.733750104904174805e-01
2.067801952362060547e-01
2.093122959136962891e+00
7.169822454452514648e-01
5.911060571670532227e-01
3.403106927871704102e-01
1.857359409332275391e-01
1.285545825958251953e-01
8.753895759582519531e-01
1.128627061843872070e-01
1.158576086163520813e-02
0.000000000000000000e+00
4.597288742661476135e-02
0.000000000000000000e+00
2.822771295905113220e-02
3.436210379004478455e-02
1.136530265212059021e-01
0.000000000000000000e+00
1.691262423992156982e-01
6.911965012550354004e-01
1.913666725158691406e-03
0.000000000000000000e+00
1.207340508699417114e-01
5.935487151145935059e-01
3.031287807971239090e-03
3.691160976886749268e-01
1.770690917968750000e+00
3.302391618490219116e-03
2.815338037908077240e-02
9.604227542877197266e-01
0.000000000000000000e+00
4.153805226087570190e-02
8.429454267024993896e-02
4.657265841960906982e-01
5.863510966300964355e-01
1.169607996940612793e+00
5.848134160041809082e-01
6.612630933523178101e-02
1.363577395677566528e-01
1.113967537879943848e+00
2.163847908377647400e-02
2.868385612964630127e-01
7.031036019325256348e-01
1.480112522840499878e-01
1.920589506626129150e-01
3.457648754119873047e-01
1.400068998336791992e-01
2.497157081961631775e-02
2.119544148445129395e-01
3.374186158180236816e-01
1.032310485839843750e+00
1.297981142997741699e-01
1.085145920515060425e-01
2.590796351432800293e-02
7.994943112134933472e-02
1.386497467756271362e-01
0.000000000000000000e+00
2.102061033248901367e+00
4.404322057962417603e-02
0.000000000000000000e+00
1.185410544276237488e-01
2.565533518791198730e-01
0.000000000000000000e+00
2.758547961711883545e-01
1.369606107473373413e-01
2.951787114143371582e-01
4.059188961982727051e-01
0.000000000000000000e+00
3.688296377658843994e-01
7.365895900875329971e-03
8.296010643243789673e-02
3.781250119209289551e-02
0.000000000000000000e+00
6.492537856101989746e-01
1.662508770823478699e-02
8.917801082134246826e-02
4.508475959300994873e-02
9.557597637176513672e-01
4.080550193786621094e+00
5.424178242683410645e-01
2.371293902397155762e-01
