2.261082828044891357e-01
0.000000000000000000e+00
5.169202685356140137e-01
0.000000000000000000e+00
8.872320502996444702e-02
7.493700385093688965e-01
8.497280627489089966e-02
1.295861750841140747e-01
8.699065446853637695e-01
2.384447097778320312e+00
0.000000000000000000e+00
1.364278793334960938e-01
0.000000000000000000e+00
3.819060698151588440e-02
4.133172035217285156e-01
2.580705285072326660e-01
0.000000000000000000e+00
4.630691409111022949e-01
7.683998942375183105e-01
5.646742507815361023e-02
0.000000000000000000e+00
5.852043032646179199e-01
0.000000000000000000e+00
3.109553456306457520e-02
8.415611460804939270e-03
9.214325249195098877e-02
1.013882085680961609e-01
0.000000000000000000e+00
9.167348034679889679e-03
1.131896674633026123e-01
7.760828826576471329e-03
3.240782499313354492e+00
7.428296804428100586e-01
0.000000000000000000e+00
1.562517583370208740e-01
6.021104380488395691e-02
7.343635428696870804e-03
0.000000000000000000e+00
2.323412597179412842e-01
2.105527400970458984e+00
3.810591399669647217e-01
3.715427592396736145e-03
1.416470576077699661e-02
1.679540872573852539e-01
7.943099737167358398e-01
6.780682206153869629e-01
0.000000000000000000e+00
2.892782986164093018e-01
1.121296763420104980e+00
2.312657888978719711e-03
0.000000000000000000e+00
1.428325414657592773e+00
2.051509171724319458e-01
3.836300969123840332e-01
2.313335984945297241e-01
3.303988277912139893e-01
4.250541925430297852e-01
0.000000000000000000e+00
0.000000000000000000e+00
1.107550978660583496e+00
1.779507845640182495e-01
3.824260234832763672e-01
2.043951034545898438e+00
0.000000000000000000e+00
1.084044761955738068e-02
9.639395400881767273e-03
1.059735715389251709e-01
2.979003489017486572e-01
1.074912175536155701e-01
0.000000000000000000e+00
3.334100246429443359e+00
2.666878141462802887e-02
0.000000000000000000e+00
3.071859180927276611e-01
0.000000000000000000e+00
4.107916355133056641e-01
2.433587610721588135e-01
1.560774326324462891e+00
1.385298490524291992e+00
0.000000000000000000e+00
1.011028051376342773e+00
2.203846424818038940e-01
1.071476042270660400e-01
0.000000000000000000e+00
5.223878622055053711e-01
4.887827336788177490e-01
6.422970443964004517e-02
2.900258004665374756e-01
8.426381349563598633e-01
0.000000000000000000e+00
3.659819066524505615e-01
1.680083945393562317e-02
6.791961193084716797e-01
0.000000000000000000e+00
0.000000000000000000e+00
1.765708804130554199e+00
1.793186545372009277e+00
3.148413076996803284e-02
5.231874585151672363e-01
2.313299924135208130e-01
2.343955636024475098e-02
4.704055786132812500e-01
3.794337809085845947e-01
4.660272002220153809e-01
0.000000000000000000e+00
9.265660643577575684e-01
1.716027140617370605e+00
1.361160397529602051e+00
1.184826195240020752e-01
6.658031940460205078e-01
4.394496232271194458e-02
3.512389957904815674e-01
1.137108430266380310e-01
3.321411371231079102e+00
8.326966315507888794e-03
1.259745717048645020e+00
2.223383039236068726e-01
2.661453001201152802e-02
4.071890413761138916e-01
0.000000000000000000e+00
2.408071517944335938e+00
3.998594284057617188e+00
7.226768136024475098e-01
3.093557655811309814e-01
4.714236736297607422e+00
2.439439892768859863e-01
6.547202467918395996e-01
1.273504734039306641e+00
0.000000000000000000e+00
4.666100740432739258e-01
1.346154332160949707e+00
0.000000000000000000e+00
1.922258287668228149e-01
9.104436635971069336e-02
1.841545701026916504e-01
3.305932581424713135e-01
1.216144680976867676e+00
1.316881924867630005e-01
2.915190458297729492e+00
2.256262302398681641e-01
2.292608022689819336e-01
0.000000000000000000e+00
0.000000000000000000e+00
2.308647781610488892e-01
6.814590692520141602e-01
2.869147539138793945e+00
1.312533486634492874e-02
1.235542520880699158e-01
3.899234831333160400e-01
2.873581368476152420e-03
3.374933958053588867e+00
5.830404697917401791e-04
6.581994146108627319e-02
1.577780008316040039e+00
1.420964486896991730e-02
3.099334239959716797e-01
0.000000000000000000e+00
7.153887748718261719e-01
0.000000000000000000e+00
2.993771135807037354e-01
4.573376849293708801e-02
6.886329054832458496e-01
7.694546580314636230e-01
1.108963862061500549e-01
0.000000000000000000e+00
6.297743797302246094e+00
0.000000000000000000e+00
3.949072957038879395e-01
3.232522606849670410e-01
1.324558377265930176e+00
7.720263302326202393e-02
2.083591222763061523e-01
0.000000000000000000e+00
4.391549825668334961e-01
2.092052400112152100e-01
3.130060732364654541e-01
0.000000000000000000e+00
2.930930256843566895e-01
3.539888933300971985e-02
1.167989730834960938e+00
1.823461502790451050e-01
1.412698626518249512e-01
4.033932983875274658e-01
3.696715593338012695e+00
1.053373456001281738e+00
0.000000000000000000e+00
6.879546493291854858e-02
7.268157601356506348e-01
1.794335544109344482e-01
7.714125514030456543e-02
4.268580973148345947e-01
2.501969337463378906e-01
3.575687706470489502e-01
4.150242805480957031e-01
1.062529981136322021e-01
0.000000000000000000e+00
1.284939497709274292e-01
1.074538111686706543e+00
5.404532328248023987e-02
4.784071072936058044e-02
0.000000000000000000e+00
7.496987236663699150e-04
2.716381549835205078e-01
2.669000148773193359e+00
0.000000000000000000e+00
0.000000000000000000e+00
0.000000000000000000e+00
0.000000000000000000e+00
1.128340482711791992e+00
1.496975421905517578e-01
9.891235828399658203e-02
3.958664834499359131e-01
3.579429117962718010e-03
1.577345728874206543e-01
6.934956908226013184e-01
2.082505077123641968e-02
2.846781313419342041e-01
1.148774862289428711e+00
0.000000000000000000e+00
3.059498406946659088e-02
3.947968361899256706e-04
2.671526968479156494e-01
1.292902827262878418e-01
1.744871772825717926e-02
0.000000000000000000e+00
0.000000000000000000e+00
7.285279035568237305e-01
8.634071052074432373e-02
5.898498892784118652e-01
6.009569019079208374e-02
0.000000000000000000e+00
1.728868335485458374e-01
3.350750543177127838e-03
2.142372131347656250e-01
3.052493333816528320e-01
7.193341851234436035e-02
2.323097735643386841e-01
3.988618552684783936e-01
0.000000000000000000e+00
2.797643840312957764e-01
1.047387048602104187e-01
3.859644057229161263e-03
0.000000000000000000e+00
0.000000000000000000e+00
0.000000000000000000e+00
2.882392331957817078e-02
1.191081881523132324e+00
1.419514119625091553e-01
3.228043794631958008e+00
1.166480332612991333e-01
1.076453253626823425e-01
1.158523559570312500e-01
4.714557528495788574e-01
2.132959216833114624e-01
4.823857843875885010e-01
2.019320875406265259e-01
5.218152403831481934e-01
2.181859873235225677e-02
8.312438130378723145e-01
2.488372027873992920e-01
2.485016733407974243e-01
0.000000000000000000e+00
3.350463151931762695e+00
2.195713222026824951e-01
8.340630531311035156e-01
1.860390454530715942e-01
9.969809651374816895e-01
2.261913865804672241e-01
9.914197772741317749e-02
6.379198282957077026e-03
6.726460456848144531e-01
9.620932936668395996e-01
2.667760848999023438e+00
3.410962224006652832e-02
0.000000000000000000e+00
6.170010194182395935e-03
0.000000000000000000e+00
6.181628108024597168e-01
0.000000000000000000e+00
3.226960450410842896e-02
2.122156880795955658e-02
3.526799753308296204e-02
1.534484624862670898e-01
1.727107048034667969e+00
4.726635217666625977e-01
5.322547554969787598e-01
3.234871895983815193e-03
2.065831571817398071e-01
3.463379144668579102e-01
0.000000000000000000e+00
4.378422200679779053e-01
0.000000000000000000e+00
0.000000000000000000e+00
7.467926740646362305e-01
0.000000000000000000e+00
1.048000216484069824e+00
1.965887784957885742e+00
7.593254558742046356e-03
6.544027477502822876e-02
8.509893417358398438e-01
4.636089503765106201e-01
4.383964836597442627e-01
2.206399142742156982e-01
1.502605229616165161e-01
1.244493424892425537e-01
1.980776786804199219e+00
1.887820512056350708e-01
2.183509021997451782e-01
6.584314256906509399e-02
8.737125992774963379e-01
0.000000000000000000e+00
1.809074878692626953e-01
2.916525602340698242e+00
3.978228196501731873e-02
8.322691544890403748e-03
0.000000000000000000e+00
3.019121587276458740e-01
0.000000000000000000e+00
2.067401647567749023e+00
1.252496957778930664e+00
9.504185914993286133e-01
6.980654001235961914e-01
3.901546597480773926e-01
2.827913872897624969e-02
1.203145249746739864e-03
1.120956540107727051e-01
8.457521907985210419e-04
8.082573413848876953e-01
0.000000000000000000e+00
1.170935034751892090e+00
3.723191618919372559e-01
3.490699529647827148e-01
2.681852579116821289e-01
2.271185815334320068e-02
1.115914247930049896e-02
3.790212050080299377e-02
3.769915401935577393e-01
2.290721088647842407e-01
2.704657793045043945e+00
7.176203280687332153e-02
1.006737112998962402e+00
8.935886025428771973e-01
6.474450929090380669e-04
0.000000000000000000e+00
2.337377518415451050e-01
8.382736891508102417e-02
1.105370582081377506e-03
1.858016371726989746e+00
4.634736478328704834e-02
0.000000000000000000e+00
0.000000000000000000e+00
4.982836246490478516e-01
2.537319958209991455e-01
4.024246037006378174e-01
5.491676554083824158e-02
1.754780560731887817e-01
1.409520059823989868e-01
0.000000000000000000e+00
1.489473879337310791e-01
3.008337877690792084e-02
1.135643199086189270e-02
9.547539055347442627e-02
7.534322738647460938e-01
4.491964727640151978e-02
5.723766684532165527e-01
1.608324795961380005e-01
1.425781130790710449e+00
1.709232181310653687e-01
6.494555473327636719e-01
9.628434181213378906e-01
9.109293222427368164e-01
6.505991220474243164e-01
0.000000000000000000e+00
2.627783920615911484e-03
3.145775496959686279e-01
8.958279490470886230e-01
0.000000000000000000e+00
2.619705349206924438e-02
4.049870967864990234e-01
1.771739840507507324e+00
1.669224947690963745e-01
1.579788684844970703e+00
1.385037422180175781e+00
0.000000000000000000e+00
9.906120300292968750e-01
6.167570948600769043e-01
5.143727641552686691e-03
1.657976955175399780e-01
1.085201054811477661e-01
2.010394483804702759e-01
0.000000000000000000e+00
1.738228499889373779e-01
2.575631737709045410e-01
1.986324191093444824e-01
1.259185671806335449e+00
9.476847052574157715e-01
6.739339977502822876e-02
1.693362146615982056e-01
1.734536588191986084e-01
1.056470349431037903e-01
4.183738827705383301e-01
8.158587813377380371e-01
0.000000000000000000e+00
0.000000000000000000e+00
3.255329653620719910e-02
4.816991090774536133e-01
0.000000000000000000e+00
5.618618726730346680e-01
4.348799213767051697e-02
1.092400193214416504e+00
1.448950637131929398e-02
0.000000000000000000e+00
3.515909910202026367e-01
0.000000000000000000e+00
2.158332347869873047e+00
2.420453876256942749e-01
1.634541153907775879e-01
1.199434280395507812e+00
2.124804705381393433e-01
3.751362860202789307e-01
9.689169377088546753e-02
1.502651095390319824e+00
0.000000000000000000e+00
0.000000000000000000e+00
5.387661457061767578e-01
6.602159701287746429e-03
1.013046860694885254e+00
2.357239089906215668e-02
5.649313330650329590e-02
1.026146784424781799e-01
2.468527078628540039e+00
0.000000000000000000e+00
3.274857699871063232e-01
1.720295697450637817e-01
0.000000000000000000e+00
0.000000000000000000e+00
0.000000000000000000e+00
3.530675079673528671e-03
5.409117937088012695e-01
9.168452620506286621e-01
2.215262502431869507e-01
1.250889301300048828e-01
1.064585894346237183e-02
6.204509735107421875e-02
0.000000000000000000e+00
1.501356482505798340e+00
3.347342610359191895e-01
5.015384554862976074e-01
7.881499528884887695e-01
6.511108875274658203e-01
3.454706966876983643e-01
4.056163787841796875e+00
0.000000000000000000e+00
1.126964539289474487e-01
6.972626447677612305e-01
1.015991687774658203e+00
0.000000000000000000e+00
5.454214215278625488e-01
1.192618727684020996e+00
0.000000000000000000e+00
4.563903808593750000e-01
7.814659178256988525e-02
1.142889499664306641e+00
1.916368722915649414e+00
3.496868908405303955e-02
1.508991837501525879e+00
6.440836787223815918e-01
1.069073751568794250e-01
1.794696301221847534e-01
2.194342613220214844e+00
9.281753301620483398e-01
8.487254381179809570e-02
0.000000000000000000e+00
2.337850630283355713e-01
1.641925930976867676e+00
1.782844185829162598e+00
0.000000000000000000e+00
1.050176993012428284e-01
1.614481210708618164e-01
0.000000000000000000e+00
1.058927848935127258e-01
4.383143782615661621e-02
7.224352955818176270e-01
1.398543238639831543e+00
1.617916822433471680e-01
1.328722238540649414e-01
2.001176923513412476e-01
2.614707686007022858e-02
2.975729703903198242e+00
2.011866569519042969e+00
6.416979432106018066e-02
2.185620553791522980e-02
5.939787626266479492e-01
0.000000000000000000e+00
0.000000000000000000e+00
0.000000000000000000e+00
3.490544855594635010e-01
9.521529078483581543e-02
2.036219120025634766e+00
3.547498211264610291e-02
9.233836084604263306e-02
0.000000000000000000e+00
6.875272989273071289e-01
5.093844980001449585e-02
4.342904686927795410e-01
0.000000000000000000e+00
7.964538335800170898e-01
3.381061255931854248e-01
1.004741266369819641e-01
5.362266898155212402e-01
2.171118557453155518e-01
4.664190709590911865e-01
6.225519254803657532e-02
3.068825006484985352e-01
2.121705375611782074e-02
5.637321621179580688e-02
0.000000000000000000e+00
5.271119624376296997e-02
3.173002898693084717e-01
1.176588013768196106e-01
0.000000000000000000e+00
4.582842886447906494e-01
2.567010745406150818e-02
5.203741416335105896e-02
3.042095899581909180e-01
8.174061030149459839e-02
0.000000000000000000e+00
1.430255919694900513e-01
5.290554836392402649e-02
7.192253321409225464e-02
3.398931920528411865e-01
1.021594643592834473e+00
2.280179023742675781e+00
2.191011458635330200e-01
0.000000000000000000e+00
1.972911953926086426e+00
2.451673001050949097e-01
0.000000000000000000e+00
5.821943283081054688e-02
0.000000000000000000e+00
1.388586461544036865e-01
9.717435836791992188e-01
2.039849758148193359e-01
6.457211971282958984e-01
2.284700423479080200e-01
8.665689826011657715e-01
0.000000000000000000e+00
5.676493048667907715e-01
0.000000000000000000e+00
1.906932592391967773e-01
4.952511563897132874e-02
1.736911982297897339e-01
3.439370393753051758e+00
2.968491427600383759e-02
4.077050462365150452e-02
0.000000000000000000e+00
5.481119267642498016e-03
2.179684937000274658e-01
1.569879949092864990e-01
4.879297048319131136e-04
6.335148215293884277e-01
8.376699686050415039e-01
1.839723736047744751e-01
9.528863430023193359e-02
1.965308040380477905e-01
0.000000000000000000e+00
0.000000000000000000e+00
2.206032872200012207e-01
1.790862530469894409e-01
3.332645595073699951e-01
2.872343361377716064e-01
0.000000000000000000e+00
0.000000000000000000e+00
0.000000000000000000e+00
3.575064614415168762e-02
9.185975650325417519e-04
7.823777943849563599e-02
2.105607241392135620e-01
1.035588532686233521e-01
2.216041088104248047e+00
6.963410973548889160e-02
6.171504259109497070e-01
6.821026653051376343e-02
1.029795169830322266e+00
1.311547011137008667e-01
1.352851744741201401e-02
4.983220398426055908e-01
7.427817583084106445e-02
1.088449954986572266e+00
1.744009256362915039e-01
8.203683793544769287e-02
1.111772537231445312e+00
7.632973045110702515e-02
0.000000000000000000e+00
3.710157573223114014e-01
0.000000000000000000e+00
4.120463877916336060e-02
6.314598023891448975e-02
1.625565648078918457e+00
3.755631744861602783e-01
1.208821590989828110e-02
1.427339553833007812e+00
8.429782092571258545e-02
0.000000000000000000e+00
3.437235057353973389e-01
9.234154224395751953e-02
1.185300797224044800e-01
3.970872610807418823e-02
5.324468612670898438e-01
0.000000000000000000e+00
1.031433939933776855e+00
5.091020464897155762e-01
1.496080216020345688e-02
0.000000000000000000e+00
1.794237732887268066e+00
1.319035980850458145e-02
3.334325253963470459e-01
0.000000000000000000e+00
3.859740495681762695e-02
9.235789775848388672e-01
3.752057552337646484e-01
1.564192026853561401e-01
8.747781515121459961e-01
1.970531642436981201e-01
1.166115552186965942e-01
8.661992549896240234e-01
5.929089710116386414e-02
2.885659933090209961e-01
4.462360143661499023e-01
2.372124910354614258e+00
0.000000000000000000e+00
0.000000000000000000e+00
4.235383123159408569e-02
1.722546219825744629e+00
0.000000000000000000e+00
0.000000000000000000e+00
2.109863311052322388e-01
1.782970547676086426e+00
6.003214512020349503e-03
5.530166029930114746e-01
1.057535409927368164e-01
4.768204212188720703e+00
3.854762613773345947e-01
0.000000000000000000e+00
9.345428943634033203e-01
3.275133371353149414e-01
1.412801072001457214e-02
1.214735880494117737e-01
8.736262917518615723e-01
0.000000000000000000e+00
6.502064466476440430e-01
4.562956094741821289e-02
1.458615303039550781e+00
1.036547347903251648e-01
3.036322593688964844e-01
1.088057160377502441e-01
4.886194365099072456e-04
6.994438171386718750e-02
1.733132451772689819e-01
2.475829315185546875e+01
1.557194441556930542e-02
6.324012875556945801e-01
8.704049512743949890e-03
1.548501133918762207e+00
1.088338375091552734e+00
5.327892303466796875e-02
3.547631978988647461e+00
0.000000000000000000e+00
9.987732768058776855e-02
1.389500945806503296e-01
0.000000000000000000e+00
1.456373780965805054e-01
0.000000000000000000e+00
0.000000000000000000e+00
4.160947203636169434e-01
5.321328639984130859e-01
2.910402715206146240e-01
2.855082750320434570e-01
1.848761737346649170e-01
4.012791514396667480e-01
0.000000000000000000e+00
9.207990169525146484e-01
2.644261717796325684e-01
7.957310229539871216e-02
5.257331207394599915e-02
0.000000000000000000e+00
2.049281120300292969e+00
0.000000000000000000e+00
5.683917552232742310e-02
6.852847337722778320e-02
1.193600893020629883e+00
1.040287375450134277e+00
4.865654557943344116e-02
2.960089147090911865e-01
4.658553600311279297e-01
1.262614689767360687e-02
1.330305188894271851e-01
6.771178841590881348e-01
3.826379776000976562e-03
1.534561038017272949e+00
3.740062192082405090e-02
1.176788359880447388e-01
7.490257173776626587e-02
0.000000000000000000e+00
0.000000000000000000e+00
1.878429651260375977e-01
1.454740762710571289e-01
6.521897912025451660e-01
2.605243586003780365e-03
9.114021658897399902e-01
0.000000000000000000e+00
2.435071915388107300e-01
2.448098361492156982e-01
0.000000000000000000e+00
4.274026677012443542e-02
9.812173247337341309e-02
3.757098317146301270e-01
5.596802011132240295e-02
1.493716984987258911e-01
1.139883875846862793e+00
0.000000000000000000e+00
8.284598588943481445e-02
2.472036927938461304e-01
1.673226477578282356e-03
7.316757738590240479e-02
6.836489588022232056e-02
1.244713664054870605e+00
7.228982634842395782e-03
9.303034283220767975e-03
5.424650385975837708e-02
1.403461396694183350e-01
9.693295955657958984e-01
0.000000000000000000e+00
3.209419548511505127e-01
1.225549936294555664e+00
0.000000000000000000e+00
2.471358515322208405e-02
0.000000000000000000e+00
2.116322368383407593e-01
7.720939815044403076e-02
6.389307975769042969e-01
2.486776001751422882e-02
2.960166335105895996e-01
3.613637015223503113e-02
5.255750417709350586e-01
8.539933711290359497e-02
4.954075813293457031e-01
5.230913683772087097e-02
5.220265686511993408e-02
0.000000000000000000e+00
6.553263217210769653e-02
9.238640666007995605e-01
1.570549756288528442e-01
0.000000000000000000e+00
2.544594705104827881e-01
1.575162708759307861e-01
9.540847539901733398e-01
4.159436747431755066e-02
1.765985488891601562e+00
1.105422019958496094e+00
1.569428592920303345e-01
5.632733702659606934e-01
2.469171769917011261e-02
0.000000000000000000e+00
0.000000000000000000e+00
9.259481728076934814e-02
3.693641349673271179e-02
1.864138841629028320e-01
9.297024607658386230e-01
0.000000000000000000e+00
4.259563684463500977e-01
0.000000000000000000e+00
1.339293122291564941e-01
0.000000000000000000e+00
3.370390832424163818e-01
3.209603428840637207e-01
6.176176667213439941e-02
2.546808421611785889e-01
1.480287075042724609e+00
1.667916029691696167e-01
0.000000000000000000e+00
3.675134107470512390e-02
1.068010646849870682e-02
0.000000000000000000e+00
1.594366878271102905e-02
2.588338553905487061e-01
6.163929104804992676e-01
1.283950060606002808e-01
4.752246737480163574e-01
3.469020426273345947e-01
0.000000000000000000e+00
0.000000000000000000e+00
9.490489363670349121e-01
1.753739118576049805e-01
0.000000000000000000e+00
0.000000000000000000e+00
2.193212509155273438e-01
7.020259648561477661e-02
0.000000000000000000e+00
1.642976760864257812e+00
1.176753044128417969e+00
7.261567115783691406e-01
4.294783174991607666e-01
2.599378116428852081e-03
6.157832145690917969e-01
1.036169677972793579e-01
0.000000000000000000e+00
1.395646333694458008e+00
3.500165045261383057e-01
9.762150645256042480e-01
0.000000000000000000e+00
0.000000000000000000e+00
2.539321482181549072e-01
4.315676093101501465e-01
0.000000000000000000e+00
0.000000000000000000e+00
4.409632384777069092e-01
0.000000000000000000e+00
6.776468753814697266e-01
1.093289136886596680e+00
1.887487471103668213e-01
6.415250301361083984e-01
6.005311012268066406e-02
0.000000000000000000e+00
1.429128050804138184e+00
0.000000000000000000e+00
0.000000000000000000e+00
4.727887734770774841e-02
1.051138281822204590e+00
6.979174795560538769e-04
2.607897818088531494e-01
7.123481035232543945e-01
5.170346796512603760e-02
2.738019637763500214e-02
2.099919557571411133e+00
4.371288120746612549e-01
2.152980118989944458e-02
3.457653224468231201e-01
0.000000000000000000e+00
8.319912552833557129e-01
0.000000000000000000e+00
9.954471886157989502e-02
0.000000000000000000e+00
2.481153488159179688e+00
7.820720076560974121e-01
6.654378771781921387e-02
0.000000000000000000e+00
0.000000000000000000e+00
4.302705079317092896e-02
3.302378654479980469e+00
1.314775943756103516e-01
3.421306610107421875e+00
9.389600157737731934e-01
1.656214296817779541e-01
8.742070756852626801e-03
1.751672825776040554e-03
5.168702825903892517e-02
1.105966806411743164e+00
6.090885996818542480e-01
2.835776507854461670e-01
2.617371976375579834e-01
8.879990577697753906e-01
5.670834779739379883e-01
4.230232536792755127e-02
1.606495492160320282e-02
5.116789937019348145e-01
5.828278064727783203e-01
3.810037076473236084e-01
1.336139068007469177e-02
4.103833436965942383e-02
0.000000000000000000e+00
1.154934525489807129e+00
0.000000000000000000e+00
1.263976573944091797e+00
3.248156607151031494e-01
1.453901827335357666e-01
2.499068975448608398e+00
8.200432062149047852e-01
2.446991503238677979e-01
1.390871684998273849e-02
1.071567181497812271e-02
9.444255381822586060e-02
0.000000000000000000e+00
1.249818325042724609e+00
6.320971995592117310e-02
1.466706871986389160e+00
1.493991315364837646e-01
2.928148031234741211e+00
5.937337875366210938e-03
2.804225385189056396e-01
0.000000000000000000e+00
0.000000000000000000e+00
0.000000000000000000e+00
0.000000000000000000e+00
4.542915821075439453e-01
4.433153867721557617e-01
0.000000000000000000e+00
8.293587565422058105e-01
5.669987201690673828e+00
1.301262229681015015e-01
4.012559726834297180e-02
1.436385512351989746e+00
8.736567944288253784e-02
0.000000000000000000e+00
3.682727515697479248e-01
2.181836366653442383e-01
2.322943955659866333e-01
3.527213037014007568e-01
0.000000000000000000e+00
5.393403768539428711e-02
2.711662948131561279e-01
6.592705100774765015e-02
0.000000000000000000e+00
6.841847896575927734e-01
3.379600644111633301e-01
7.772568464279174805e-01
3.326053172349929810e-02
1.366389691829681396e-01
2.863038480281829834e-01
5.744320526719093323e-02
1.639493107795715332e-01
7.460881471633911133e-01
0.000000000000000000e+00
2.381259799003601074e-01
4.969334229826927185e-02
1.090494450181722641e-02
2.257581949234008789e-01
8.180877566337585449e-01
5.016363784670829773e-02
1.023620516061782837e-01
2.461068034172058105e-01
1.067820191383361816e+00
2.964947521686553955e-01
1.359299063682556152e+00
2.076030224561691284e-01
6.069976463913917542e-02
1.147229909896850586e+00
0.000000000000000000e+00
7.757861614227294922e-01
9.643001109361648560e-02
4.508356563746929169e-03
8.154627680778503418e-01
0.000000000000000000e+00
0.000000000000000000e+00
2.158761024475097656e+00
1.304777145385742188e+00
5.219267010688781738e-01
1.274888869374990463e-02
1.221829559653997421e-02
5.635204911231994629e-02
4.738371074199676514e-01
3.334010764956474304e-02
0.000000000000000000e+00
5.167214274406433105e-01
5.619861483573913574e-01
8.328189700841903687e-02
0.000000000000000000e+00
3.004631102085113525e-01
0.000000000000000000e+00
6.603958010673522949e-01
7.953086495399475098e-02
0.000000000000000000e+00
5.434988141059875488e-01
0.000000000000000000e+00
6.732169389724731445e-01
3.440422117710113525e-01
3.526766896247863770e-01
2.348656207323074341e-01
4.853311926126480103e-02
4.014266282320022583e-02
1.340570449829101562e-01
0.000000000000000000e+00
8.099483698606491089e-02
3.160061836242675781e-01
4.852768778800964355e-01
7.038590312004089355e-02
5.025458335876464844e-01
2.966166734695434570e-01
1.645742952823638916e-01
4.121352359652519226e-02
1.789702773094177246e+00
7.850989699363708496e-01
1.552809923887252808e-01
9.147914499044418335e-02
2.109814668074250221e-03
0.000000000000000000e+00
4.375019073486328125e+00
1.519801616668701172e-01
6.639813780784606934e-01
0.000000000000000000e+00
2.550471723079681396e-01
1.874040603637695312e+00
5.663856863975524902e-01
5.438858866691589355e-01
2.455571293830871582e-02
2.555168978869915009e-02
0.000000000000000000e+00
2.253410518169403076e-01
5.641307681798934937e-02
4.154161810874938965e-01
1.645878553390502930e+00
8.142267353832721710e-03
1.678536534309387207e-01
5.052971839904785156e-01
0.000000000000000000e+00
2.754333317279815674e-01
5.049962997436523438e-01
1.944846272468566895e+00
1.099364012479782104e-01
1.248201847076416016e+00
6.348531842231750488e-01
2.786203324794769287e-01
3.928043544292449951e-01
0.000000000000000000e+00
1.522975683212280273e+00
5.484359860420227051e-01
0.000000000000000000e+00
2.974311590194702148e+00
1.362447023391723633e+00
6.336624622344970703e-01
8.331527113914489746e-01
2.107225894927978516e+00
8.740218728780746460e-02
1.818116605281829834e-01
9.790883958339691162e-02
2.449992001056671143e-01
1.280022114515304565e-01
2.823249436914920807e-03
1.086300134658813477e+00
3.835132420063018799e-01
0.000000000000000000e+00
0.000000000000000000e+00
6.377181529998779297e+00
2.275863587856292725e-01
7.586979120969772339e-02
1.665863156318664551e+00
2.059649489820003510e-02
1.559497267007827759e-01
0.000000000000000000e+00
1.158609390258789062e-01
6.822337210178375244e-02
0.000000000000000000e+00
7.637433409690856934e-01
7.493930459022521973e-01
0.000000000000000000e+00
5.693282466381788254e-03
6.513442844152450562e-02
3.953300714492797852e-01
3.825699910521507263e-03
1.578024029731750488e-01
6.956883072853088379e-01
9.889244288206100464e-02
7.785068154335021973e-01
9.155855178833007812e-01
4.017038941383361816e-01
3.519809544086456299e-01
0.000000000000000000e+00
1.910452723503112793e+00
4.769191443920135498e-01
4.458490610122680664e-01
8.359174430370330811e-02
0.000000000000000000e+00
4.705683887004852295e-02
1.269930303096771240e-01
1.390432715415954590e-01
1.854497194290161133e-01
3.146563470363616943e-01
3.022807836532592773e+00
0.000000000000000000e+00
0.000000000000000000e+00
5.220971629023551941e-02
1.810678958892822266e+00
2.131121307611465454e-01
1.120817661285400391e+00
2.091214656829833984e+00
0.000000000000000000e+00
1.544694066047668457e+00
4.964873790740966797e-01
7.156519889831542969e+00
2.411271333694458008e-01
3.090403079986572266e-01
1.984787918627262115e-02
1.343490183353424072e-01
0.000000000000000000e+00
2.718756496906280518e-01
7.321838140487670898e-01
5.941692590713500977e-01
5.218061804771423340e-01
1.966334432363510132e-01
2.369348406791687012e-01
2.560195922851562500e-01
1.643650420010089874e-02
2.399915605783462524e-01
5.918203387409448624e-03
1.340658545494079590e+00
4.887352511286735535e-02
4.484609141945838928e-02
7.711815834045410156e-01
1.251975353807210922e-02
7.538994550704956055e-01
0.000000000000000000e+00
4.815940558910369873e-02
1.892871260643005371e+00
1.284223701804876328e-02
1.662332117557525635e-01
0.000000000000000000e+00
1.625594943761825562e-01
2.922061979770660400e-01
0.000000000000000000e+00
0.000000000000000000e+00
0.000000000000000000e+00
1.256657838821411133e-01
7.972438335418701172e-01
2.488431930541992188e-01
2.024799585342407227e+00
7.529863715171813965e-01
0.000000000000000000e+00
1.249336123466491699e+00
5.852593779563903809e-01
2.956914007663726807e-01
5.604155063629150391e+00
9.252282790839672089e-03
3.531138300895690918e-01
1.194825246930122375e-01
9.946851059794425964e-03
1.060983777046203613e+00
1.211781501770019531e+00
0.000000000000000000e+00
6.397475600242614746e-01
6.945806741714477539e-02
0.000000000000000000e+00
6.540196388959884644e-02
2.612183988094329834e-02
1.909132152795791626e-01
2.535238303244113922e-02
4.700153768062591553e-01
4.351149201393127441e-01
0.000000000000000000e+00
4.712654352188110352e-01
3.230080008506774902e-02
8.020531535148620605e-01
0.000000000000000000e+00
2.003129385411739349e-02
1.186817791312932968e-02
1.440516829490661621e+00
0.000000000000000000e+00
0.000000000000000000e+00
5.690801739692687988e-01
4.142255187034606934e-01
3.887405395507812500e-01
1.072887897491455078e+00
9.447647929191589355e-01
1.959873557090759277e+00
3.930618762969970703e-01
2.723433971405029297e-01
7.231712341308593750e-02
2.748167701065540314e-02
2.499479427933692932e-02
8.960349559783935547e-01
1.453506760299205780e-03
0.000000000000000000e+00
4.538093879818916321e-02
1.251566410064697266e-01
0.000000000000000000e+00
8.711621165275573730e-02
1.264976412057876587e-01
0.000000000000000000e+00
0.000000000000000000e+00
1.357248872518539429e-01
9.040018320083618164e-01
3.644538819789886475e-01
2.498462647199630737e-01
9.389404654502868652e-01
9.926275014877319336e-01
7.545857131481170654e-02
1.329142004251480103e-01
4.784624278545379639e-01
0.000000000000000000e+00
5.391548871994018555e-01
9.624098986387252808e-02
1.434119045734405518e-01
2.921140491962432861e-01
2.050616592168807983e-01
3.794793412089347839e-02
8.566997200250625610e-02
3.259789049625396729e-01
1.062852501869201660e+00
5.265296697616577148e-01
7.821128964424133301e-01
3.752161934971809387e-02
3.011284172534942627e-01
0.000000000000000000e+00
5.124807357788085938e-02
5.205855239182710648e-03
0.000000000000000000e+00
1.444297581911087036e-01
1.900671720504760742e-01
1.507698595523834229e-01
4.370274767279624939e-02
2.748192846775054932e-01
8.261106610298156738e-01
1.064416021108627319e-02
1.935189962387084961e-01
3.763687238097190857e-02
1.072108373045921326e-01
1.634182482957839966e-01
1.010764718055725098e+00
1.043219491839408875e-02
0.000000000000000000e+00
2.761122956871986389e-02
0.000000000000000000e+00
9.171906858682632446e-03
6.939766556024551392e-02
1.134954392910003662e-01
3.132597506046295166e-01
0.000000000000000000e+00
4.691181331872940063e-02
1.130974665284156799e-01
1.046489737927913666e-02
1.458374857902526855e-01
5.781495571136474609e-01
1.349292635917663574e+00
1.788205951452255249e-01
0.000000000000000000e+00
5.500328540802001953e-01
2.856841087341308594e-01
8.940181881189346313e-02
1.446918129920959473e+00
1.444380581378936768e-01
3.144055604934692383e-02
7.713262438774108887e-01
1.114011332392692566e-01
4.379928410053253174e-01
5.747862905263900757e-02
1.294911980628967285e+00
1.290447413921356201e-01
3.645726442337036133e-01
2.533113956451416016e-02
1.422868818044662476e-01
1.625519245862960815e-01
2.102924346923828125e+00
0.000000000000000000e+00
4.878215312957763672e+00
1.045134425163269043e+00
1.894326329231262207e+00
3.620598465204238892e-02
0.000000000000000000e+00
0.000000000000000000e+00
9.453897476196289062e-01
3.566443920135498047e-01
3.021914720535278320e+00
1.101550087332725525e-01
9.977716207504272461e-01
4.927593469619750977e-01
0.000000000000000000e+00
7.991459369659423828e-01
1.772947311401367188e+00
1.993121743202209473e+00
1.051794141530990601e-01
0.000000000000000000e+00
1.041430383920669556e-01
6.032323241233825684e-01
2.155531346797943115e-01
6.038198471069335938e-01
5.180835723876953125e-02
4.654717817902565002e-02
4.143792688846588135e-01
1.443540751934051514e-01
0.000000000000000000e+00
1.027871847152709961e+00
7.581729441881179810e-02
9.769739210605621338e-02
1.695881843566894531e+00
8.348178267478942871e-01
5.590403452515602112e-02
4.360785186290740967e-01
2.242004573345184326e-01
1.689154207706451416e-01
0.000000000000000000e+00
0.000000000000000000e+00
2.261799722909927368e-01
4.669309034943580627e-02
2.822119593620300293e-01
2.232447415590286255e-01
0.000000000000000000e+00
5.151160433888435364e-02
2.373989075422286987e-01
2.555620372295379639e-01
1.881185802631080151e-03
5.307687520980834961e-01
4.172960296273231506e-03
0.000000000000000000e+00
4.766957759857177734e-01
2.981821298599243164e-01
0.000000000000000000e+00
8.761820793151855469e-01
2.624079883098602295e-01
6.046064570546150208e-02
2.158306986093521118e-01
3.287639319896697998e-01
3.801708295941352844e-02
5.525242909789085388e-02
3.741037473082542419e-02
1.859274655580520630e-01
1.741694845259189606e-02
0.000000000000000000e+00
5.423748493194580078e-01
2.115133404731750488e-02
2.302869856357574463e-01
1.114286705851554871e-01
1.013332247734069824e+00
1.417858898639678955e-01
1.679151877760887146e-02
0.000000000000000000e+00
0.000000000000000000e+00
1.402007341384887695e-01
2.482980787754058838e-01
1.104276403784751892e-01
1.943135447800159454e-02
6.828331947326660156e-01
4.396085813641548157e-02
1.122776791453361511e-02
1.722564250230789185e-01
1.876429677009582520e+00
8.352525532245635986e-03
1.632914781570434570e+00
0.000000000000000000e+00
2.374266274273395538e-02
1.524882078170776367e+00
0.000000000000000000e+00
2.095180451869964600e-01
5.508541688323020935e-02
0.000000000000000000e+00
2.024753391742706299e-02
0.000000000000000000e+00
6.626251935958862305e-01
1.356585919857025146e-01
0.000000000000000000e+00
5.534290671348571777e-01
1.245975196361541748e-01
7.371877878904342651e-02
1.619588732719421387e-01
2.797882258892059326e-01
5.956782341003417969e+00
1.343034952878952026e-01
4.360679984092712402e-01
0.000000000000000000e+00
1.552181690931320190e-01
4.803422093391418457e-02
4.802552983164787292e-03
1.202166359871625900e-02
1.517586261034011841e-01
6.416660267859697342e-03
0.000000000000000000e+00
5.698519945144653320e-02
5.762977004051208496e-01
0.000000000000000000e+00
1.239671707153320312e-01
8.080690167844295502e-03
2.238150686025619507e-01
2.296598553657531738e-01
0.000000000000000000e+00
1.360737800598144531e+01
2.611066997051239014e-01
3.318735361099243164e-01
1.547891739755868912e-02
6.493654847145080566e-02
1.884873062372207642e-01
0.000000000000000000e+00
4.524503368884325027e-03
6.148471236228942871e-01
4.001594185829162598e-01
3.928947448730468750e-01
7.865100502967834473e-01
3.969770669937133789e-02
4.002918004989624023e-01
5.193239450454711914e-02
5.699256658554077148e-01
2.085371732711791992e+00
2.503005787730216980e-03
0.000000000000000000e+00
4.498506188392639160e-01
3.865052247419953346e-03
0.000000000000000000e+00
0.000000000000000000e+00
4.070622473955154419e-02
7.220090832561254501e-03
1.270345896482467651e-01
1.542594552040100098e+00
1.508046239614486694e-01
4.560475423932075500e-02
9.561140835285186768e-02
1.643902510404586792e-01
6.247644312679767609e-03
1.291654586791992188e+00
2.209007181227207184e-02
0.000000000000000000e+00
6.010584235191345215e-01
0.000000000000000000e+00
5.295078158378601074e-01
4.416424632072448730e-01
5.457846075296401978e-02
5.843630433082580566e-01
0.000000000000000000e+00
0.000000000000000000e+00
2.026155233383178711e+00
1.232233047485351562e-01
1.451341152191162109e+00
5.978710651397705078e-01
2.835430949926376343e-02
0.000000000000000000e+00
0.000000000000000000e+00
1.266650706529617310e-01
7.156549692153930664e-01
2.923253178596496582e-02
2.875455282628536224e-02
3.232873277738690376e-03
7.409886270761489868e-02
9.235673397779464722e-02
2.178816556930541992e+00
3.939530253410339355e-01
0.000000000000000000e+00
7.183326780796051025e-02
4.379874840378761292e-02
2.486248016357421875e-01
9.072797372937202454e-03
4.937255680561065674e-01
3.948219865560531616e-02
1.958541721105575562e-01
3.287756741046905518e-01
3.251113742589950562e-02
3.043877482414245605e-01
1.065348386764526367e+00
8.870768547058105469e-01
7.334622740745544434e-01
6.362690925598144531e-01
1.984777003526687622e-01
1.674970090389251709e-01
1.884254336357116699e+00
0.000000000000000000e+00
2.162329554557800293e-01
9.557759389281272888e-03
1.522074222564697266e+00
1.589548289775848389e-01
2.410042285919189453e-02
2.368229627609252930e-01
2.659378945827484131e-02
7.321812957525253296e-02
6.002933159470558167e-02
2.466576993465423584e-01
0.000000000000000000e+00
1.879289150238037109e-01
0.000000000000000000e+00
4.089108705520629883e-01
3.647229075431823730e-01
6.475581645965576172e+00
6.265167593955993652e-01
3.769448518753051758e+00
1.084968522191047668e-01
3.641875088214874268e-01
0.000000000000000000e+00
0.000000000000000000e+00
5.770192667841911316e-02
9.434505552053451538e-02
9.831967949867248535e-02
1.028047651052474976e-01
9.713882952928543091e-02
6.363952755928039551e-01
3.399076759815216064e-01
1.071429718285799026e-02
4.479931831359863281e+00
6.328308582305908203e-01
2.350952029228210449e-01
6.445297598838806152e-02
1.677982360124588013e-01
3.546407446265220642e-02
2.206756353378295898e+00
7.822682857513427734e-01
0.000000000000000000e+00
1.133841276168823242e+00
0.000000000000000000e+00
6.127922981977462769e-02
1.558543443679809570e-01
4.223909601569175720e-02
0.000000000000000000e+00
2.389167070388793945e+00
0.000000000000000000e+00
0.000000000000000000e+00
0.000000000000000000e+00
6.512743234634399414e-02
2.156099975109100342e-01
6.344299316406250000e-01
4.257447272539138794e-02
0.000000000000000000e+00
1.665828824043273926e+00
2.588145732879638672e-01
0.000000000000000000e+00
2.328504025936126709e-01
2.897534370422363281e+00
3.405313193798065186e-01
1.944025605916976929e-02
4.973649680614471436e-01
3.572123348712921143e-01
5.015296936035156250e-01
3.517999351024627686e-01
3.828424811363220215e-01
0.000000000000000000e+00
5.828276276588439941e-02
1.391803026199340820e-01
3.057872690260410309e-02
2.572656869888305664e-01
2.185160517692565918e-01
6.605654954910278320e-01
1.226094812154769897e-01
3.939269855618476868e-02
2.260527312755584717e-01
8.598982356488704681e-03
1.283771637827157974e-02
2.592024579644203186e-02
1.057642027735710144e-01
1.078828517347574234e-02
2.568034231662750244e-01
3.908884227275848389e-01
1.189734339714050293e-01
9.405358135700225830e-02
4.812270700931549072e-01
3.712455555796623230e-02
1.070593357086181641e+00
3.093786537647247314e-01
5.184812843799591064e-02
2.789641320705413818e-01
2.111763238906860352e+00
1.886454582214355469e+00
5.310976505279541016e+00
0.000000000000000000e+00
5.140640959143638611e-02
4.280592501163482666e-01
2.918898344039916992e+00
0.000000000000000000e+00
1.490855932235717773e+00
0.000000000000000000e+00
2.029924541711807251e-01
3.902097791433334351e-02
2.429352253675460815e-01
6.091852784156799316e-01
3.491642475128173828e-01
7.586057484149932861e-02
1.161673218011856079e-01
3.242795467376708984e-01
9.201265871524810791e-02
7.717502117156982422e-02
1.035402044653892517e-01
1.197279095649719238e-01
8.312454447150230408e-03
2.204759791493415833e-02
2.652094602584838867e+00
0.000000000000000000e+00
4.543618202209472656e+00
2.621930651366710663e-02
0.000000000000000000e+00
1.095633804798126221e-01
3.087692260742187500e-01
0.000000000000000000e+00
4.490747582167387009e-03
1.132005080580711365e-01
0.000000000000000000e+00
2.153161317110061646e-01
1.527357459068298340e+00
2.118415087461471558e-01
5.737145245075225830e-02
4.692823067307472229e-02
2.478531375527381897e-02
2.462551742792129517e-02
0.000000000000000000e+00
7.485169917345046997e-02
6.872904300689697266e-01
0.000000000000000000e+00
6.970370411872863770e-01
1.496047377586364746e-01
2.718132138252258301e-01
0.000000000000000000e+00
1.567192822694778442e-01
5.341987013816833496e-01
3.380238711833953857e-01
1.170227408409118652e+00
1.786926835775375366e-01
8.311413973569869995e-02
1.164261922240257263e-01
8.573421835899353027e-01
4.329551756381988525e-01
0.000000000000000000e+00
4.072858393192291260e-02
2.547492086887359619e-01
3.950121998786926270e-02
2.215626835823059082e-02
4.973970651626586914e-01
1.222229957580566406e+00
2.619546949863433838e-01
5.818144977092742920e-02
7.995146512985229492e-02
1.218580454587936401e-02
1.521373540163040161e-01
1.720188111066818237e-01
4.561404883861541748e-01
2.407080493867397308e-02
5.707808732986450195e-01
8.758552074432373047e-01
1.889113903045654297e+00
7.412811517715454102e-01
3.203436732292175293e-01
1.539890095591545105e-02
3.387902677059173584e-01
7.340331077575683594e-01
1.077022552490234375e+00
0.000000000000000000e+00
5.680203914642333984e+00
1.890674829483032227e-01
2.354731410741806030e-02
4.635776281356811523e-01
1.921888142824172974e-01
3.329813182353973389e-01
3.120495676994323730e-01
1.707468181848526001e-01
8.565656840801239014e-03
6.057239174842834473e-01
0.000000000000000000e+00
6.130335330963134766e-01
1.818016916513442993e-01
1.032605171203613281e+00
1.700094640254974365e-01
7.519355416297912598e-01
2.480097264051437378e-01
5.580993175506591797e+00
0.000000000000000000e+00
2.384579777717590332e-01
2.149458974599838257e-01
1.328094005584716797e+00
8.341827988624572754e-02
7.563889026641845703e-01
1.132675781846046448e-01
1.662948727607727051e+00
1.562334597110748291e-01
8.261191844940185547e-02
0.000000000000000000e+00
2.425970137119293213e-01
2.396117001771926880e-01
2.772186324000358582e-02
3.336597466841340065e-03
1.161961853504180908e-01
1.943510584533214569e-02
2.924357168376445770e-02
3.942639380693435669e-02
1.155017837882041931e-01
6.062574386596679688e-01
4.763884544372558594e+00
4.904733896255493164e-01
0.000000000000000000e+00
2.936543226242065430e-01
4.331737756729125977e-01
3.869464620947837830e-02
3.512715175747871399e-02
0.000000000000000000e+00
9.838575869798660278e-02
1.599637605249881744e-02
0.000000000000000000e+00
6.975021362304687500e-01
1.733324646949768066e+00
3.783695772290229797e-02
1.166588068008422852e-01
0.000000000000000000e+00
2.060204185545444489e-02
0.000000000000000000e+00
0.000000000000000000e+00
4.079349339008331299e-02
1.058519631624221802e-01
1.325230151414871216e-01
4.171678796410560608e-02
3.871868252754211426e-01
5.382120981812477112e-02
0.000000000000000000e+00
4.566140472888946533e-01
0.000000000000000000e+00
1.726966261863708496e+00
2.178959995508193970e-01
4.198684692382812500e-01
5.362609401345252991e-03
5.367340520024299622e-02
5.144373774528503418e-01
2.301565647125244141e+00
1.005954518914222717e-01
4.268434047698974609e-01
1.253183603286743164e+00
1.684981025755405426e-02
2.070864289999008179e-01
5.331266298890113831e-02
0.000000000000000000e+00
1.051372438669204712e-01
1.234437339007854462e-02
6.494090193882584572e-04
0.000000000000000000e+00
1.469352245330810547e-01
2.155292592942714691e-02
0.000000000000000000e+00
1.460093855857849121e+00
5.678399801254272461e-01
5.233496427536010742e-02
1.896958611905574799e-02
3.914859294891357422e-01
1.021409988403320312e+00
1.789516210556030273e-01
6.656683236360549927e-02
7.746503949165344238e-01
1.008641254156827927e-02
1.959352344274520874e-01
6.225014925003051758e-01
6.274327039718627930e-01
1.143315583467483521e-01
5.154825448989868164e-01
2.697429805994033813e-02
0.000000000000000000e+00
3.791750594973564148e-02
0.000000000000000000e+00
2.189518511295318604e-01
9.071559458971023560e-02
0.000000000000000000e+00
5.854272842407226562e-01
2.622597932815551758e+00
2.168148942291736603e-02
7.690957933664321899e-02
1.106646582484245300e-01
2.665130853652954102e+00
4.108119010925292969e-01
0.000000000000000000e+00
2.942615933716297150e-02
5.809310823678970337e-02
4.525021091103553772e-02
2.816128730773925781e-01
2.855963110923767090e-01
7.620210945606231689e-02
6.835026741027832031e-01
3.293827176094055176e-02
8.313016891479492188e-01
2.490128278732299805e-01
3.222913248464465141e-03
2.948971748352050781e+00
1.081875786185264587e-01
0.000000000000000000e+00
1.787654459476470947e-01
3.404697477817535400e-01
1.559539318084716797e+00
0.000000000000000000e+00
0.000000000000000000e+00
2.967827320098876953e+00
6.584724187850952148e-01
0.000000000000000000e+00
1.397501491010189056e-02
0.000000000000000000e+00
0.000000000000000000e+00
0.000000000000000000e+00
1.404780745506286621e+00
2.227056771516799927e-02
5.762420222163200378e-02
2.543406486511230469e+00
2.518959343433380127e-02
0.000000000000000000e+00
0.000000000000000000e+00
1.239904109388589859e-02
0.000000000000000000e+00
7.452148199081420898e-01
7.232143878936767578e-01
2.492872327566146851e-01
9.008697420358657837e-02
3.368838787078857422e+00
5.814210772514343262e-01
8.739631772041320801e-01
0.000000000000000000e+00
1.164476275444030762e-01
1.348781865090131760e-02
0.000000000000000000e+00
6.798459589481353760e-02
2.818585187196731567e-02
1.543473917990922928e-02
5.251391325145959854e-03
6.005651354789733887e-01
4.178235828876495361e-01
0.000000000000000000e+00
1.118059037253260612e-03
3.870191812515258789e+00
0.000000000000000000e+00
2.616093873977661133e+00
0.000000000000000000e+00
0.000000000000000000e+00
1.494232416152954102e-01
0.000000000000000000e+00
0.000000000000000000e+00
5.766617134213447571e-02
6.340098381042480469e-02
1.452648919075727463e-02
8.618323504924774170e-02
8.981378376483917236e-02
7.968949526548385620e-02
3.776800930500030518e-01
1.163044095039367676e+00
8.392571449279785156e+00
0.000000000000000000e+00
7.364263292402029037e-04
9.041209816932678223e-01
5.836700201034545898e-01
1.052552834153175354e-01
2.736764252185821533e-01
0.000000000000000000e+00
5.253533124923706055e-01
5.503106489777565002e-02
1.302932500839233398e-01
2.063207775354385376e-01
2.088590711355209351e-02
3.036607205867767334e-01
0.000000000000000000e+00
5.912289023399353027e-01
2.373004332184791565e-03
2.545999130234122276e-03
1.174037344753742218e-02
1.624108850955963135e-01
1.842197626829147339e-01
1.767321825027465820e-01
4.236903190612792969e-01
2.487000972032546997e-01
4.686390981078147888e-02
1.455183029174804688e+00
2.506103515625000000e-01
0.000000000000000000e+00
5.836203694343566895e-01
0.000000000000000000e+00
2.647187232971191406e+00
6.089975237846374512e-01
2.504490017890930176e-01
5.766930580139160156e-01
9.983155131340026855e-02
0.000000000000000000e+00
0.000000000000000000e+00
3.437648713588714600e-01
1.658949106931686401e-01
7.209227681159973145e-01
1.535722706466913223e-02
5.830615758895874023e-01
2.894438104704022408e-03
5.463864803314208984e-01
7.079001665115356445e-01
2.635405659675598145e-01
6.718210130929946899e-02
1.791864186525344849e-01
8.201983571052551270e-02
6.887261569499969482e-02
2.172708511352539062e-02
0.000000000000000000e+00
0.000000000000000000e+00
2.091558650135993958e-02
2.748171985149383545e-02
4.868652224540710449e-01
0.000000000000000000e+00
0.000000000000000000e+00
0.000000000000000000e+00
0.000000000000000000e+00
2.891296707093715668e-02
3.346928656101226807e-01
1.138451248407363892e-01
9.499582052230834961e-01
1.047385111451148987e-01
3.170390427112579346e-02
8.172811269760131836e-01
5.747605860233306885e-02
2.269863128662109375e+00
1.501998901367187500e+00
7.129652053117752075e-02
3.770303130149841309e-01
2.690427303314208984e-01
4.577254056930541992e-01
2.024208307266235352e+00
5.826020613312721252e-03
2.789385057985782623e-02
5.543113350868225098e-01
2.105949521064758301e-01
4.427845031023025513e-02
1.076149821281433105e+00
1.605811238288879395e+00
2.263901829719543457e-01
6.231298446655273438e-01
7.756116986274719238e-01
3.359706401824951172e-01
1.315549015998840332e-01
4.878005087375640869e-01
3.829067200422286987e-02
5.745224952697753906e-01
0.000000000000000000e+00
6.647470593452453613e-01
1.950172148644924164e-02
2.789777144789695740e-02
6.375558674335479736e-02
0.000000000000000000e+00
1.336711049079895020e-01
0.000000000000000000e+00
3.943318426609039307e-01
6.986036151647567749e-02
2.744803428649902344e-01
3.648509737104177475e-03
0.000000000000000000e+00
0.000000000000000000e+00
2.590018212795257568e-01
0.000000000000000000e+00
9.103772230446338654e-03
2.084685722365975380e-03
0.000000000000000000e+00
7.386063575744628906e+00
1.347661167383193970e-01
1.628179997205734253e-01
3.546593785285949707e-01
0.000000000000000000e+00
2.443484067916870117e-01
6.330147385597229004e-02
3.521972298622131348e-01
2.225718796253204346e-01
7.780462037771940231e-03
1.412211537361145020e+00
4.157394766807556152e-01
1.842524528503417969e+00
2.140991836786270142e-01
1.534077644348144531e+00
5.214375257492065430e-01
9.687293320894241333e-02
2.273391634225845337e-01
2.185334563255310059e-01
4.592152118682861328e+00
2.193056792020797729e-02
2.346025556325912476e-01
0.000000000000000000e+00
0.000000000000000000e+00
1.227936744689941406e+00
4.846334159374237061e-01
9.356198310852050781e-01
2.029751390218734741e-01
7.989269495010375977e-02
4.160658419132232666e-01
0.000000000000000000e+00
7.838611491024494171e-03
0.000000000000000000e+00
1.662333123385906219e-02
7.390919327735900879e-02
8.317354917526245117e-01
4.708098471164703369e-01
0.000000000000000000e+00
3.933485448360443115e-01
3.924834728240966797e-01
2.355583429336547852e+00
1.981711685657501221e-01
1.093746900558471680e+00
4.215192198753356934e-01
2.489159405231475830e-01
1.029838442802429199e+00
3.405956327915191650e-01
7.792205363512039185e-02
0.000000000000000000e+00
3.091430366039276123e-01
1.243802785873413086e+00
3.806846439838409424e-01
2.625796794891357422e-01
3.353503416292369366e-04
3.910737633705139160e-01
1.639106869697570801e+00
4.143894314765930176e-01
6.589782238006591797e-01
2.007769346237182617e-01
3.231652498245239258e+00
1.380946993827819824e+00
0.000000000000000000e+00
1.435157060623168945e-01
1.642810463905334473e+00
2.813635952770709991e-02
5.271600186824798584e-02
2.594288811087608337e-02
4.348025098443031311e-02
2.851676046848297119e-01
8.806820511817932129e-01
7.814507186412811279e-02
3.301844000816345215e-01
2.784495055675506592e-02
4.275549575686454773e-02
1.506800055503845215e-01
0.000000000000000000e+00
7.469002902507781982e-02
7.066584825515747070e-01
1.137868314981460571e-01
0.000000000000000000e+00
4.725289940834045410e-01
1.628881216049194336e+00
6.808343529701232910e-02
4.478914439678192139e-01
2.222318172454833984e+00
3.661426156759262085e-02
1.455174535512924194e-01
1.535209864377975464e-01
4.513767361640930176e-02
2.499888539314270020e-01
2.484012603759765625e+00
1.375830918550491333e-02
7.862687855958938599e-02
6.465679407119750977e-02
2.917953953146934509e-02
5.092772096395492554e-02
5.664001107215881348e-01
0.000000000000000000e+00
1.880038529634475708e-02
2.176425885409116745e-03
1.214082911610603333e-02
4.073209166526794434e-01
3.168458044528961182e-01
1.001753881573677063e-01
1.857436180114746094e+00
0.000000000000000000e+00
2.821448445320129395e-01
2.555024921894073486e-01
1.815638691186904907e-01
6.458029383793473244e-04
0.000000000000000000e+00
0.000000000000000000e+00
1.312506437301635742e+00
0.000000000000000000e+00
1.831652522087097168e-01
7.666569948196411133e-02
1.423054840415716171e-02
4.137572646141052246e-02
5.780977606773376465e-01
1.101785972714424133e-01
1.664117723703384399e-01
5.854828357696533203e-01
6.293891668319702148e-01
1.928797215223312378e-01
3.127202093601226807e-01
8.098020916804671288e-04
2.360771596431732178e-02
1.031464189291000366e-01
1.336839497089385986e-01
6.433215141296386719e-01
3.855620324611663818e-01
4.219373464584350586e-01
2.218919098377227783e-01
1.172644734382629395e+00
9.860244393348693848e-02
1.056170225143432617e+00
