6.110576167702674866e-02
3.585070371627807617e-01
3.591715395450592041e-01
2.884466350078582764e-01
1.953090168535709381e-02
9.448829293251037598e-01
0.000000000000000000e+00
7.094342261552810669e-02
2.037467479705810547e+00
1.720423623919487000e-02
5.199002847075462341e-02
1.107648611068725586e+00
1.701769590377807617e+00
1.077468767762184143e-01
1.044468283653259277e-01
2.169887572526931763e-01
1.510161533951759338e-02
5.268579721450805664e-02
6.433155536651611328e-01
2.139228582382202148e+00
6.748304516077041626e-02
2.051312774419784546e-01
1.516375184059143066e+00
6.685113161802291870e-02
9.886275529861450195e-01
7.465177178382873535e-01
1.704018004238605499e-02
5.536746978759765625e-02
0.000000000000000000e+00
3.965648636221885681e-02
1.573130637407302856e-01
5.323267579078674316e-01
6.210647225379943848e-01
4.031194373965263367e-02
1.400628406554460526e-02
0.000000000000000000e+00
4.808377102017402649e-02
8.205640316009521484e-01
7.406829297542572021e-02
8.592829108238220215e-01
2.534496486186981201e-01
0.000000000000000000e+00
9.619650244712829590e-02
3.786154389381408691e-01
9.436493366956710815e-02
3.169839084148406982e-01
4.403111338615417480e-01
6.618195772171020508e-02
3.924797102808952332e-02
1.290112733840942383e-01
3.218050897121429443e-01
7.441462278366088867e-01
0.000000000000000000e+00
7.820309400558471680e-01
1.428795605897903442e-01
2.570262178778648376e-02
0.000000000000000000e+00
2.654762379825115204e-02
7.095252871513366699e-01
3.631385862827301025e-01
0.000000000000000000e+00
6.558751314878463745e-02
2.103075981140136719e+00
3.063500486314296722e-02
5.713022947311401367e-01
1.123414039611816406e+00
5.074204206466674805e-01
3.943517208099365234e-01
1.308927983045578003e-01
0.000000000000000000e+00
8.632697463035583496e-01
2.826018333435058594e-01
0.000000000000000000e+00
1.954977661371231079e-01
0.000000000000000000e+00
5.220522284507751465e-01
1.767301373183727264e-02
1.342717260122299194e-01
1.932485103607177734e+00
3.518908517435193062e-03
3.038981914520263672e+00
1.111140847206115723e+00
8.742793649435043335e-02
2.226466983556747437e-01
2.477302700281143188e-01
2.269300632178783417e-02
2.473334819078445435e-01
3.167576789855957031e-01
4.105468392372131348e-01
0.000000000000000000e+00
3.239174187183380127e-01
1.045680567622184753e-01
1.272996366024017334e-01
0.000000000000000000e+00
2.101057052612304688e+00
5.064879655838012695e-01
4.169320166110992432e-01
1.951349377632141113e-01
6.789212822914123535e-01
6.366903185844421387e-01
3.954659700393676758e-01
1.602094173431396484e+00
5.038130283355712891e-01
1.754575818777084351e-01
2.614968419075012207e-01
2.421286851167678833e-01
1.290573924779891968e-01
4.900233745574951172e-01
1.027944207191467285e+00
4.844027459621429443e-01
2.252317517995834351e-01
1.267098903656005859e+00
0.000000000000000000e+00
2.535012006759643555e+00
3.489230573177337646e-02
3.703634738922119141e-01
2.187796831130981445e-01
8.244374394416809082e-01
6.746868491172790527e-01
0.000000000000000000e+00
1.129513382911682129e+00
2.397209405899047852e+00
1.311316527426242828e-02
1.704799771308898926e+00
4.057526588439941406e+00
9.805377572774887085e-02
1.194637656211853027e+00
1.988355219364166260e-01
3.684053122997283936e-01
2.800571620464324951e-01
6.295162200927734375e+00
1.148091703653335571e-01
1.124939441680908203e+00
1.672782301902770996e-01
5.192818492650985718e-02
1.173386573791503906e-01
3.106852173805236816e-01
2.533682882785797119e-01
7.647087574005126953e-01
2.323714971542358398e+00
4.178992807865142822e-01
1.116394698619842529e-01
0.000000000000000000e+00
9.976138174533843994e-02
3.652026951313018799e-01
2.336566448211669922e+00
0.000000000000000000e+00
5.649518966674804688e-01
2.207580059766769409e-01
1.850873380899429321e-01
2.909122943878173828e+00
2.436894774436950684e-01
1.325607299804687500e-02
6.113762259483337402e-01
2.487977445125579834e-01
4.130174219608306885e-01
1.200085878372192383e-01
1.830693334341049194e-01
4.887810349464416504e-02
9.866426140069961548e-02
0.000000000000000000e+00
7.445312738418579102e-01
3.090211153030395508e-01
1.756461411714553833e-01
2.857013940811157227e-01
1.314049124717712402e+00
0.000000000000000000e+00
4.866354167461395264e-01
3.585011363029479980e-01
3.701416030526161194e-02
3.696485161781311035e-01
2.308988094329833984e+00
6.687876582145690918e-01
1.817531436681747437e-01
1.277690008282661438e-02
1.091306209564208984e+00
7.310980558395385742e-02
2.602089345455169678e-01
6.553440541028976440e-02
7.184880375862121582e-01
7.292439341545104980e-01
6.751151680946350098e-01
2.357304245233535767e-01
2.348019599914550781e+00
2.250039279460906982e-01
6.161595582962036133e-01
0.000000000000000000e+00
3.170984387397766113e-01
2.196775972843170166e-01
1.502986669540405273e+00
1.436645090579986572e-01
2.194302976131439209e-01
6.749863177537918091e-02
1.689918041229248047e-01
6.473341584205627441e-02
0.000000000000000000e+00
1.237269639968872070e+00
7.077485918998718262e-01
1.235856786370277405e-01
9.081416130065917969e-01
1.277332663536071777e+00
8.780253678560256958e-02
2.987690865993499756e-01
2.664540410041809082e-01
1.179643645882606506e-01
1.882504671812057495e-01
2.068819999694824219e+00
0.000000000000000000e+00
5.630084872245788574e-01
0.000000000000000000e+00
2.970015443861484528e-02
1.044150888919830322e-01
4.831469804048538208e-02
3.324989080429077148e-01
6.634094119071960449e-01
4.520300328731536865e-01
3.221800923347473145e-01
1.032739639282226562e+00
2.037820816040039062e-01
2.945877790451049805e+00
2.130904346704483032e-01
2.400086522102355957e-01
1.013027548789978027e+00
1.980432271957397461e+00
2.229202091693878174e-01
8.882482647895812988e-01
2.407905459403991699e-01
2.121608853340148926e-01
6.378893852233886719e-01
2.915625572204589844e-01
2.425043880939483643e-01
1.459531933069229126e-01
2.137805223464965820e-01
1.067156553268432617e+00
1.758595257997512817e-01
5.604983568191528320e-01
9.811858534812927246e-01
8.871906995773315430e-02
0.000000000000000000e+00
0.000000000000000000e+00
1.033061072230339050e-01
2.311436176300048828e+00
4.571510851383209229e-02
6.102347373962402344e-01
2.619732916355133057e-01
8.032779097557067871e-01
4.262344837188720703e-01
8.243093490600585938e-01
2.662335522472858429e-02
3.451535701751708984e-01
1.572774946689605713e-01
1.386942505836486816e+00
6.985669732093811035e-01
7.490645349025726318e-02
2.136295139789581299e-01
2.068223208189010620e-01
8.936532735824584961e-01
0.000000000000000000e+00
1.498019456863403320e+00
1.128063440322875977e+00
3.633090853691101074e-01
5.052551031112670898e-01
4.510212898254394531e+00
1.744763553142547607e-01
7.575049400329589844e-01
3.098459169268608093e-02
1.513619348406791687e-02
8.461802005767822266e-01
4.518559873104095459e-01
4.267102181911468506e-01
1.757120847702026367e+00
3.137671709060668945e+00
2.407789826393127441e-01
1.090792287141084671e-02
2.644743304699659348e-03
1.177737787365913391e-01
0.000000000000000000e+00
7.884948849678039551e-01
1.376568060368299484e-02
1.767309904098510742e-01
3.736845552921295166e-01
2.694434225559234619e-01
0.000000000000000000e+00
1.154186844825744629e+00
5.616185069084167480e-01
1.354699255898594856e-03
8.631454408168792725e-02
3.463368117809295654e-02
2.392431199550628662e-01
4.103471338748931885e-02
3.678845614194869995e-02
4.780612513422966003e-02
8.791070431470870972e-02
1.290133297443389893e-01
2.505821874365210533e-03
2.406725883483886719e+00
6.498333215713500977e-01
5.453379750251770020e-01
0.000000000000000000e+00
8.748320937156677246e-01
4.945954307913780212e-03
5.836020782589912415e-02
1.100974202156066895e+00
8.373993039131164551e-01
9.574834108352661133e-01
1.521255850791931152e+00
4.032960534095764160e-02
8.975029587745666504e-01
9.074748307466506958e-02
2.228363275527954102e+00
1.425250649452209473e+00
2.352294176816940308e-01
3.245747089385986328e-01
6.044859886169433594e-01
8.142369240522384644e-02
4.788961708545684814e-01
1.980002164840698242e+00
8.107973337173461914e-01
2.922631978988647461e+00
6.941732168197631836e-01
3.743414878845214844e-01
4.404461942613124847e-03
2.883744239807128906e-01
3.182004690170288086e-01
0.000000000000000000e+00
1.259687244892120361e-01
4.917829036712646484e-01
8.075159788131713867e-01
5.421245098114013672e-01
4.013866186141967773e-01
0.000000000000000000e+00
4.628154262900352478e-02
7.578988075256347656e-01
6.908986717462539673e-02
1.624288558959960938e+00
1.454111188650131226e-01
4.890782237052917480e-01
3.058003783226013184e-01
1.113613009452819824e+00
0.000000000000000000e+00
1.568166494369506836e+00
8.972418904304504395e-01
4.542341530323028564e-01
0.000000000000000000e+00
1.009662374854087830e-01
4.580482840538024902e-01
8.080300092697143555e-01
4.050841927528381348e-01
0.000000000000000000e+00
0.000000000000000000e+00
1.755924969911575317e-01
1.677715927362442017e-01
1.041125655174255371e-01
3.984013497829437256e-01
4.395361542701721191e-01
3.061927156522870064e-03
1.110241293907165527e+00
8.211218565702438354e-02
3.212088346481323242e-02
9.381906986236572266e-01
3.845374882221221924e-01
4.705715179443359375e-01
1.967737078666687012e-02
1.353302747011184692e-01
9.900088906288146973e-01
6.846307516098022461e-01
1.097436547279357910e+00
4.232453703880310059e-01
2.630670070648193359e-01
1.086344718933105469e-01
1.579592972993850708e-01
6.606155540794134140e-03
2.409587383270263672e+00
2.698123753070831299e-01
1.095041036605834961e-01
1.864701747894287109e+00
2.772440314292907715e-01
2.073139511048793793e-02
2.784248255193233490e-02
4.609446227550506592e-01
1.722154170274734497e-01
2.463659763336181641e+00
1.071983218193054199e+00
0.000000000000000000e+00
7.934485673904418945e-01
2.721189856529235840e-01
0.000000000000000000e+00
9.450090527534484863e-01
6.186698079109191895e-01
7.379591464996337891e-02
1.044286966323852539e+00
5.148373842239379883e-01
3.007702827453613281e-01
1.005358338356018066e+00
1.776274681091308594e+00
1.113868355751037598e+00
1.810431480407714844e-02
3.143054246902465820e-02
1.349803507328033447e-01
2.371941953897476196e-01
1.936771154403686523e+00
2.304965496063232422e+00
8.486427366733551025e-02
1.537422388792037964e-01
1.070002652704715729e-02
3.150508701801300049e-01
7.944514751434326172e-01
1.942307651042938232e-01
2.138940691947937012e-01
2.981923818588256836e-01
2.995736598968505859e-01
1.362555772066116333e-01
2.434726953506469727e-01
1.373169361613690853e-04
1.131803512573242188e+00
5.103520154953002930e-01
6.373682022094726562e-01
5.044785141944885254e-01
2.831667959690093994e-01
2.246737182140350342e-01
1.079505831003189087e-01
2.703258395195007324e-01
1.366408467292785645e-01
5.066848397254943848e-01
5.993951559066772461e-01
3.303289040923118591e-02
1.365656703710556030e-01
5.856924057006835938e-01
0.000000000000000000e+00
2.976386621594429016e-02
1.607259035110473633e+00
2.581066489219665527e-01
2.117828130722045898e+00
1.622734218835830688e-02
0.000000000000000000e+00
1.058847829699516296e-01
6.905300915241241455e-02
1.293422818183898926e+00
1.508522152900695801e+00
1.219817996025085449e-01
3.049641381949186325e-04
4.662926793098449707e-01
0.000000000000000000e+00
6.436658501625061035e-01
2.564459741115570068e-01
5.177648067474365234e-01
7.838797569274902344e-01
2.048802137374877930e+00
7.409289479255676270e-02
6.709775328636169434e-01
9.126566052436828613e-01
3.801438510417938232e-01
1.569524854421615601e-01
2.369611263275146484e-01
9.675090312957763672e-01
9.702643752098083496e-01
1.652356684207916260e-01
9.003706276416778564e-02
9.609137773513793945e-01
1.112632751464843750e+00
8.101335763931274414e-01
1.721823513507843018e-01
2.714577436447143555e+00
1.669977605342864990e-01
4.858824983239173889e-02
4.122373461723327637e-02
2.839719951152801514e-01
4.320289790630340576e-01
7.971680723130702972e-03
4.053585976362228394e-02
6.010736897587776184e-02
9.370467662811279297e-01
1.419927477836608887e-01
1.223506852984428406e-01
2.994746863842010498e-01
5.092418789863586426e-01
2.177526056766510010e-01
2.496911287307739258e-01
5.314586684107780457e-02
6.192191243171691895e-01
5.914348177611827850e-03
9.793257713317871094e-01
5.154564380645751953e-01
1.553769856691360474e-01
3.654280304908752441e-01
3.230771720409393311e-01
1.937956064939498901e-01
1.525361388921737671e-01
1.782742291688919067e-01
1.118484497070312500e+00
9.381434917449951172e-01
7.614125963300466537e-03
5.677615851163864136e-02
1.401867747306823730e+00
4.332704097032546997e-02
2.253893613815307617e-01
4.735822975635528564e-01
7.591996192932128906e-01
9.056829214096069336e-01
2.226202040910720825e-01
1.629042923450469971e-01
1.606857180595397949e-01
5.589199066162109375e-01
2.986685037612915039e-01
1.828169524669647217e-01
7.895044051110744476e-03
1.228633046150207520e+00
6.216563582420349121e-01
4.912730753421783447e-01
7.820124179124832153e-02
2.154033072292804718e-02
1.729292154312133789e+00
2.454697847366333008e+00
3.336109220981597900e-01
7.376650720834732056e-02
8.627157211303710938e-01
7.054022699594497681e-02
1.565686315298080444e-01
2.053866624832153320e+00
1.163462251424789429e-01
1.523149132728576660e+00
4.533692300319671631e-01
4.349473416805267334e-01
3.542676568031311035e-02
3.531229197978973389e-01
1.385810375213623047e-01
1.406570672988891602e-01
2.720503807067871094e-01
3.573707118630409241e-02
4.303959384560585022e-02
8.628520369529724121e-01
3.932593166828155518e-01
5.933363437652587891e-01
1.075254008173942566e-01
2.405689060688018799e-01
1.264822006225585938e+00
4.531758427619934082e-01
5.419924259185791016e-01
7.381156831979751587e-02
0.000000000000000000e+00
3.380195200443267822e-01
4.940943717956542969e-01
2.812687873840332031e+00
4.384405910968780518e-01
6.693216413259506226e-02
5.404443740844726562e-01
7.467618584632873535e-02
1.933977723121643066e+00
2.748825848102569580e-01
4.118658900260925293e-01
2.359624765813350677e-02
3.239062381908297539e-03
2.175181388854980469e+00
9.519612193107604980e-01
0.000000000000000000e+00
1.874192237854003906e+00
2.997251749038696289e-01
3.349917232990264893e-01
2.439626455307006836e-01
3.666679263114929199e-01
3.750713467597961426e-01
2.389484345912933350e-01
1.946563124656677246e-01
6.194064617156982422e-01
1.940518035553395748e-03
7.476913332939147949e-01
0.000000000000000000e+00
3.099270761013031006e-01
2.110853046178817749e-02
3.714664578437805176e-01
5.110417008399963379e-01
3.716412186622619629e-02
8.661854267120361328e-01
3.632134497165679932e-01
1.305296659469604492e+00
1.740668714046478271e-01
1.430014073848724365e-01
1.297663152217864990e-01
3.150947391986846924e-01
3.145652711391448975e-01
1.104858145117759705e-01
3.518432378768920898e-02
0.000000000000000000e+00
8.063089251518249512e-01
3.485358059406280518e-01
1.491945832967758179e-01
1.026256158947944641e-01
7.717878222465515137e-01
1.550083279609680176e+00
3.774229064583778381e-02
4.947538673877716064e-02
1.840947419404983521e-01
3.050164282321929932e-01
1.438808679580688477e+00
1.070392370223999023e+00
2.222915552556514740e-02
6.401095986366271973e-01
1.497759103775024414e+00
2.067102193832397461e-01
2.253652065992355347e-01
4.495145380496978760e-01
6.734097599983215332e-01
2.056419402360916138e-01
7.153707742691040039e-01
1.125568971037864685e-01
2.608701288700103760e-01
1.433579623699188232e-01
7.251285016536712646e-02
7.905239462852478027e-01
9.258557111024856567e-02
2.140615880489349365e-01
2.378842681646347046e-01
6.426949501037597656e-01
7.355862855911254883e-01
4.497849941253662109e-01
4.659076333045959473e-01
1.720352172851562500e+00
1.796214431524276733e-01
7.204364985227584839e-02
7.012407779693603516e-01
5.924604535102844238e-01
6.280590891838073730e-01
6.573814153671264648e-01
3.643747419118881226e-02
3.155306577682495117e-01
1.002237200736999512e+00
3.319421410560607910e-01
1.282945990562438965e+00
6.732744574546813965e-01
0.000000000000000000e+00
1.409655362367630005e-01
7.153018116950988770e-01
2.188307642936706543e-01
7.817426323890686035e-01
3.942256689071655273e+00
6.660649180412292480e-02
5.235174894332885742e-01
4.006282806396484375e+00
2.544007301330566406e-01
1.310462653636932373e-01
1.249139785766601562e+00
1.977774500846862793e+00
1.709905624389648438e+00
9.710856676101684570e-01
3.989625275135040283e-01
2.188028097152709961e+00
1.289897412061691284e-01
8.106690049171447754e-01
3.159264922142028809e-01
2.526200413703918457e-01
4.088005125522613525e-01
7.577087730169296265e-02
9.260969609022140503e-02
3.172102570533752441e-01
4.404445588588714600e-01
9.342432022094726562e-01
3.663250803947448730e-02
3.505142331123352051e-01
1.373870968818664551e-01
5.238441467285156250e+00
6.682711839675903320e-01
2.176295816898345947e-01
1.752746701240539551e+00
0.000000000000000000e+00
1.083985120058059692e-01
1.956639140844345093e-01
5.943505167961120605e-01
6.248565316200256348e-01
1.687460392713546753e-01
5.255168769508600235e-03
3.130061924457550049e-01
2.594338655471801758e-01
0.000000000000000000e+00
0.000000000000000000e+00
8.017133474349975586e-01
2.672379016876220703e-01
8.736997246742248535e-01
8.814157843589782715e-01
1.738313585519790649e-01
5.919253453612327576e-02
5.384318232536315918e-01
1.031327173113822937e-01
9.602728486061096191e-02
7.508646845817565918e-01
1.206041648983955383e-01
3.795462101697921753e-02
1.589549034833908081e-01
1.509564667940139771e-01
0.000000000000000000e+00
3.110592067241668701e-01
2.448640584945678711e+00
1.113411188125610352e-01
4.089832305908203125e-03
4.610527038574218750e+00
6.570673733949661255e-02
7.714861631393432617e-02
7.266913354396820068e-02
0.000000000000000000e+00
1.559414625167846680e+00
1.282537221908569336e+00
1.452892273664474487e-01
7.033650279045104980e-01
7.743759155273437500e-01
4.114356637001037598e-01
9.316712617874145508e-02
9.851950407028198242e-02
1.050996407866477966e-01
2.146419584751129150e-01
7.100552786141633987e-03
2.299154996871948242e+00
3.820379674434661865e-01
3.313374817371368408e-01
1.264711916446685791e-01
2.139746248722076416e-01
6.131993606686592102e-02
4.987159967422485352e-01
1.417602896690368652e+00
1.024817824363708496e-01
6.790950298309326172e-01
3.854344785213470459e-01
5.741025507450103760e-02
8.642715960741043091e-02
1.875371187925338745e-01
1.343755602836608887e+00
6.969165205955505371e-01
3.795339539647102356e-02
8.893632888793945312e-01
8.684082329273223877e-02
7.546748220920562744e-02
1.286277621984481812e-01
5.957904458045959473e-01
4.184066951274871826e-01
7.642375677824020386e-02
7.554126381874084473e-01
9.542281627655029297e-01
1.151597261428833008e+00
1.273257493972778320e+00
1.230982542037963867e+00
3.882363736629486084e-01
7.309404015541076660e-02
6.117694377899169922e-01
5.377519130706787109e-01
7.594895362854003906e-01
1.743448711931705475e-02
8.492231369018554688e-03
8.573526144027709961e-01
2.934972196817398071e-02
7.648019790649414062e-01
5.592655017971992493e-02
2.962691895663738251e-02
8.880504220724105835e-02
7.347155362367630005e-03
1.311032846570014954e-02
5.904450416564941406e-01
1.941209286451339722e-01
2.477043122053146362e-01
8.093342185020446777e-03
9.337303787469863892e-02
2.104816436767578125e+00
1.645471334457397461e+00
2.166630744934082031e+00
2.383536286652088165e-02
7.236170023679733276e-02
0.000000000000000000e+00
1.992437290027737617e-03
2.612587213516235352e-01
5.029360204935073853e-02
8.996523618698120117e-01
3.320611140225082636e-04
2.496506571769714355e-01
7.882015407085418701e-02
7.492673397064208984e-02
4.679156839847564697e-01
2.739920020103454590e-01
3.319728970527648926e-01
2.101215600967407227e+00
1.079151511192321777e+00
4.526706933975219727e-01
7.549200057983398438e-01
5.396119505167007446e-02
1.941854059696197510e-01
3.154496848583221436e-01
1.421827316284179688e+00
0.000000000000000000e+00
3.089635632932186127e-02
1.188571602106094360e-01
5.953952670097351074e-01
2.190093509852886200e-03
6.810265183448791504e-01
3.646515011787414551e-01
5.871524289250373840e-02
0.000000000000000000e+00
3.653242588043212891e-01
0.000000000000000000e+00
0.000000000000000000e+00
3.324666246771812439e-02
2.414899766445159912e-01
1.139553785324096680e+00
0.000000000000000000e+00
3.091917932033538818e-01
1.337837576866149902e+00
6.442070603370666504e-01
7.466868758201599121e-01
4.339064359664916992e-01
4.244799017906188965e-01
2.161888927221298218e-01
2.044731229543685913e-01
8.297036886215209961e-01
8.230283260345458984e-01
2.246354967355728149e-01
0.000000000000000000e+00
1.533787325024604797e-02
1.104214414954185486e-01
3.284150660037994385e-01
1.370571702718734741e-01
1.042836904525756836e-01
3.299224004149436951e-02
4.443448409438133240e-02
6.980624198913574219e-01
9.112887978553771973e-01
3.931509256362915039e-01
5.768598318099975586e-01
2.297704853117465973e-02
3.021726310253143311e-01
1.182752370834350586e+00
0.000000000000000000e+00
7.478604912757873535e-01
7.071050405502319336e-01
0.000000000000000000e+00
1.360211819410324097e-01
7.899694144725799561e-02
2.206481695175170898e-01
8.105751127004623413e-02
1.260297775268554688e+00
2.415555715560913086e-01
1.198754459619522095e-02
2.332127988338470459e-01
2.336827665567398071e-01
5.170896053314208984e-01
2.474357560276985168e-02
4.505810141563415527e-02
7.911372780799865723e-01
8.756913244724273682e-02
3.876851499080657959e-01
1.909442394971847534e-01
2.032696083188056946e-02
4.538234472274780273e-01
1.073970086872577667e-02
0.000000000000000000e+00
1.400237202644348145e+00
5.150584876537322998e-02
9.519658684730529785e-01
2.629793994128704071e-02
1.731109976768493652e+00
1.373340368270874023e+00
9.511635303497314453e-01
7.795120030641555786e-02
1.153713017702102661e-01
2.109529078006744385e-01
3.681484162807464600e-01
3.652563691139221191e-01
1.767648458480834961e-01
3.593239307403564453e+00
3.778757154941558838e-02
5.907887220382690430e-01
5.244339108467102051e-01
9.718304276466369629e-01
2.071592956781387329e-01
0.000000000000000000e+00
3.728404939174652100e-01
3.577421605587005615e-01
3.599408864974975586e-01
1.109457492828369141e+00
1.896080076694488525e-01
6.412421911954879761e-02
3.336005210876464844e-01
2.991413772106170654e-01
3.644251525402069092e-01
1.058252573013305664e+00
0.000000000000000000e+00
0.000000000000000000e+00
2.069551497697830200e-01
6.344906985759735107e-02
9.570467472076416016e-02
7.380639910697937012e-01
1.570978283882141113e+00
9.772244691848754883e-01
3.559352457523345947e-01
6.755005717277526855e-01
4.537060484290122986e-02
4.082071036100387573e-02
0.000000000000000000e+00
1.372192502021789551e+00
1.904908008873462677e-02
1.297465562820434570e-01
3.805403783917427063e-02
4.566849395632743835e-02
8.426625728607177734e-01
1.089094161987304688e+01
0.000000000000000000e+00
3.824388086795806885e-01
1.149063229560852051e+00
3.189259767532348633e-01
3.407136499881744385e-01
9.898821711540222168e-01
2.003974467515945435e-01
8.349040150642395020e-01
6.454114317893981934e-01
0.000000000000000000e+00
1.301068365573883057e-01
1.326773047447204590e+00
8.248878717422485352e-01
1.081994771957397461e-01
8.547778725624084473e-01
5.901977419853210449e-02
8.255344629287719727e-02
0.000000000000000000e+00
5.795958638191223145e-01
5.660207942128181458e-02
3.179249763488769531e-01
7.158589363098144531e-01
4.177316129207611084e-01
2.411938272416591644e-02
1.355082035064697266e+00
5.686971824616193771e-03
1.385549455881118774e-01
5.784295871853828430e-02
1.360481858253479004e+00
0.000000000000000000e+00
8.491867780685424805e-01
3.117918968200683594e-01
3.818507790565490723e-01
5.798974633216857910e-01
5.726556777954101562e-01
2.535534203052520752e-01
1.295632719993591309e-01
2.373504042625427246e-01
0.000000000000000000e+00
1.855881690979003906e+00
4.491038620471954346e-02
2.544624090194702148e+00
8.530211448669433594e-01
9.230059385299682617e-02
6.077658534049987793e-01
2.526742935180664062e+00
5.381991863250732422e-01
2.145790755748748779e-01
1.885470151901245117e-01
1.935125440359115601e-01
1.066028475761413574e-01
7.965677976608276367e-01
9.385728836059570312e-02
1.097267493605613708e-02
1.901007056236267090e+00
3.122787773609161377e-01
2.633303403854370117e-01
6.244102716445922852e-01
3.761827051639556885e-01
1.398579776287078857e-01
5.245790481567382812e-01
8.796933107078075409e-03
1.832477152347564697e-01
5.725597962737083435e-02
7.388209551572799683e-02
3.522929251194000244e-01
4.626301303505897522e-02
5.971328020095825195e-01
1.877844929695129395e-01
1.252636194229125977e+00
5.925131440162658691e-01
1.100325118750333786e-02
0.000000000000000000e+00
8.433444797992706299e-02
1.471296787261962891e+00
6.701830029487609863e-01
5.410517007112503052e-02
7.313606739044189453e-01
2.746664732694625854e-02
2.318586856126785278e-01
2.259893342852592468e-02
1.614630371332168579e-01
1.640924096107482910e+00
7.095502223819494247e-03
9.594650864601135254e-01
1.276929304003715515e-02
0.000000000000000000e+00
2.482154607772827148e+00
2.045559406280517578e+00
1.464603543281555176e+00
2.041351981461048126e-02
2.702579498291015625e+00
3.501509130001068115e-01
1.592244394123554230e-02
1.788118667900562286e-02
6.656228899955749512e-01
6.732842326164245605e-02
2.649694681167602539e-01
4.573952555656433105e-01
3.586542308330535889e-01
1.357838511466979980e+00
1.595077514648437500e+00
1.380148250609636307e-02
2.375320196151733398e-01
2.302592545747756958e-01
4.186460971832275391e-01
0.000000000000000000e+00
1.611934065818786621e+00
2.096053838729858398e+00
1.150374412536621094e-01
8.088673353195190430e-01
1.440661400556564331e-01
1.238809585571289062e+00
4.213514924049377441e-01
2.267057076096534729e-02
7.509117722511291504e-01
4.379739761352539062e+00
5.550574138760566711e-02
4.120465517044067383e-01
6.861936569213867188e+00
9.013585448265075684e-01
3.549667298793792725e-01
1.127115964889526367e+00
1.036628186702728271e-01
0.000000000000000000e+00
9.508408308029174805e-01
6.901268661022186279e-02
4.273806884884834290e-02
5.074599981307983398e-01
2.707153320312500000e+00
4.188489317893981934e-01
1.044329348951578140e-02
5.849163979291915894e-02
2.272111177444458008e+00
1.042705655097961426e+00
2.973507903516292572e-02
1.669761538505554199e-01
5.234181135892868042e-02
4.672968387603759766e-01
0.000000000000000000e+00
3.891452774405479431e-02
1.434047579765319824e+00
5.109239220619201660e-01
7.226034402847290039e-01
8.569774031639099121e-02
0.000000000000000000e+00
4.703524056822061539e-03
4.710863590240478516e+00
3.461928963661193848e-01
2.986107468605041504e-01
1.467951297760009766e+00
2.852438092231750488e-01
4.445730894804000854e-02
5.566917061805725098e-01
2.829081751406192780e-02
2.304780296981334686e-03
5.153198838233947754e-01
1.662261597812175751e-02
1.112809851765632629e-01
5.277057290077209473e-01
1.422293186187744141e-01
2.671930789947509766e-01
2.375967800617218018e-01
3.792953193187713623e-01
1.867580294609069824e+00
5.616202950477600098e-02
5.955541133880615234e-01
3.824193477630615234e-01
7.056620717048645020e-01
2.079995870590209961e-01
2.182806253433227539e+00
3.430076241493225098e-01
1.328916698694229126e-01
1.183715343475341797e+00
0.000000000000000000e+00
2.372498273849487305e+00
1.083030223846435547e+00
2.397087574005126953e+00
1.291096210479736328e-01
1.487061738967895508e+00
1.402796864509582520e+00
5.128078907728195190e-02
8.160611987113952637e-02
1.097301840782165527e+00
8.909822255373001099e-02
2.643760442733764648e-01
3.144576251506805420e-01
7.632551193237304688e-01
6.975719928741455078e-01
2.606014013290405273e-01
3.643787205219268799e-01
1.269814521074295044e-01
2.866134345531463623e-01
1.411935091018676758e+00
0.000000000000000000e+00
7.263108342885971069e-02
3.600518777966499329e-02
8.532578349113464355e-01
4.196831881999969482e-01
0.000000000000000000e+00
7.951521873474121094e-01
5.930923223495483398e-01
1.863185316324234009e-01
1.388567686080932617e+00
1.514285653829574585e-01
5.409674048423767090e-01
1.091711878776550293e+00
0.000000000000000000e+00
3.608837425708770752e-01
1.231316566467285156e+00
9.003128111362457275e-02
4.801467061042785645e-01
4.640976786613464355e-01
2.210227251052856445e-01
1.103454709053039551e+00
1.595236897468566895e+00
5.289416909217834473e-01
1.244491487741470337e-01
1.548365116119384766e+00
1.071208622306585312e-02
5.323961004614830017e-02
1.615058481693267822e-01
8.580815792083740234e-01
4.487386047840118408e-01
1.648487150669097900e-01
2.756263315677642822e-01
6.030180454254150391e-01
4.021635353565216064e-01
1.413868784904479980e+00
8.517870903015136719e-01
2.127125412225723267e-01
1.140201210975646973e+00
4.608919844031333923e-02
0.000000000000000000e+00
1.738442927598953247e-01
2.645644247531890869e-01
8.687877655029296875e-02
2.998903095722198486e-01
3.814452886581420898e-01
1.160989515483379364e-02
3.936559259891510010e-01
4.858212471008300781e-01
6.970229148864746094e-01
3.078202717006206512e-03
2.459691464900970459e-01
6.160919666290283203e-01
1.758010387420654297e-01
7.816179394721984863e-01
2.596999645233154297e+00
1.033549308776855469e-01
6.275771260261535645e-01
9.086269736289978027e-01
2.340536266565322876e-01
5.611420273780822754e-01
6.206600666046142578e-01
0.000000000000000000e+00
0.000000000000000000e+00
8.254878222942352295e-03
0.000000000000000000e+00
9.380574822425842285e-01
1.644587367773056030e-01
3.142825886607170105e-02
4.051343202590942383e-01
6.387573480606079102e-01
4.988367557525634766e-01
6.287916898727416992e-01
2.154917001724243164e+00
0.000000000000000000e+00
0.000000000000000000e+00
3.969236016273498535e-01
1.124157667160034180e+00
1.286626219749450684e+00
4.193615019321441650e-01
5.665783286094665527e-01
4.601995944976806641e-01
6.006470918655395508e-01
2.530763857066631317e-02
3.722652494907379150e-01
5.027070641517639160e-01
2.046174287796020508e+00
1.873307079076766968e-01
1.598940789699554443e-01
2.679539285600185394e-02
1.053026676177978516e+00
0.000000000000000000e+00
4.852133393287658691e-01
9.106712043285369873e-02
4.054640531539916992e-01
5.280007794499397278e-02
1.342440605163574219e+00
0.000000000000000000e+00
2.371393740177154541e-01
1.524491459131240845e-01
4.888826608657836914e-01
1.895833164453506470e-01
1.695131324231624603e-02
4.657250642776489258e-02
5.052420776337385178e-03
1.833785653114318848e+00
7.811014652252197266e-01
7.034707069396972656e-02
5.570097565650939941e-01
3.457517325878143311e-01
0.000000000000000000e+00
0.000000000000000000e+00
7.888596057891845703e-01
1.173071622848510742e+00
8.299341797828674316e-02
5.217491462826728821e-02
8.268952369689941406e-01
0.000000000000000000e+00
2.202132046222686768e-01
4.350612163543701172e-01
5.150088667869567871e-02
2.115336805582046509e-01
2.710283696651458740e-01
1.769854545593261719e+00
1.388689726591110229e-01
1.675844639539718628e-01
1.597279906272888184e-01
4.392982721328735352e-01
8.788614273071289062e-01
8.301345109939575195e-01
3.205987513065338135e-01
7.987231761217117310e-02
1.146577596664428711e-01
9.580444097518920898e-01
8.147559165954589844e-01
1.231969296932220459e-01
7.663410902023315430e-01
5.162571668624877930e-01
1.382801532745361328e-01
3.921966254711151123e-01
4.098014831542968750e-01
6.019986867904663086e-01
2.202657461166381836e-01
2.415263503789901733e-01
1.477813363075256348e+00
3.339004516601562500e-02
1.472624391317367554e-01
0.000000000000000000e+00
1.820056289434432983e-01
3.022518754005432129e-01
7.893593609333038330e-02
4.667610526084899902e-01
7.477431297302246094e-01
0.000000000000000000e+00
5.549491047859191895e-01
1.671552844345569611e-02
3.212827071547508240e-02
0.000000000000000000e+00
1.148426175117492676e+00
7.835358381271362305e-02
2.277760207653045654e-01
7.489823102951049805e-01
1.787091255187988281e+00
8.720108121633529663e-02
6.850016713142395020e-01
1.234722256660461426e+00
2.608567178249359131e-01
2.844863831996917725e-01
1.065571427345275879e+00
3.248364031314849854e-01
3.552071750164031982e-02
5.524050593376159668e-01
1.611666828393936157e-01
5.325065851211547852e-01
1.227773353457450867e-01
1.036176085472106934e-01
2.854558527469635010e-01
5.176923703402280807e-03
4.134977757930755615e-01
1.917741075158119202e-02
4.658489227294921875e-01
1.073177695274353027e+00
9.803739190101623535e-01
1.248675584793090820e+00
1.265462934970855713e-01
0.000000000000000000e+00
2.630885601043701172e+00
5.140508413314819336e-01
5.395398139953613281e-01
5.644721984863281250e-01
6.332428455352783203e-01
3.728500008583068848e-01
1.985915601253509521e-01
4.331383854150772095e-02
2.113850861787796021e-01
8.661195635795593262e-01
2.007307298481464386e-02
1.136995032429695129e-01
3.062986135482788086e-01
1.252597868442535400e-01
1.164747953414916992e+00
2.546763047575950623e-03
8.233978748321533203e-01
3.104231119155883789e+00
5.553669333457946777e-01
2.605797648429870605e-01
5.576841235160827637e-01
2.111399173736572266e-01
1.050405576825141907e-01
2.301564365625381470e-01
4.210980832576751709e-01
3.092437423765659332e-02
9.573647379875183105e-02
3.104648739099502563e-02
5.530668795108795166e-02
1.554139554500579834e-01
5.674763917922973633e-01
1.441408395767211914e-01
2.723440885543823242e+00
3.052471391856670380e-02
1.716874241828918457e-01
1.384562849998474121e+00
1.645524613559246063e-02
9.821086376905441284e-02
5.797489881515502930e-01
4.043211638927459717e-01
9.456634521484375000e-03
1.590943485498428345e-01
2.291544079780578613e-01
1.836360096931457520e+00
9.879521280527114868e-02
1.375771522521972656e+00
1.941113770008087158e-01
1.450813174247741699e+00
3.188490122556686401e-02
6.030401587486267090e-02
5.611468479037284851e-02
0.000000000000000000e+00
6.759300827980041504e-01
5.398168414831161499e-02
3.030442893505096436e-01
6.757061928510665894e-02
0.000000000000000000e+00
6.955490112304687500e-01
5.070618391036987305e-01
2.449713796377182007e-01
2.201619893312454224e-01
5.243331193923950195e-01
2.365511178970336914e+00
1.208113431930541992e-01
4.886160138994455338e-03
2.382160663604736328e+00
3.097966909408569336e-01
7.011684775352478027e-01
1.264841947704553604e-02
4.424171522259712219e-02
8.877073526382446289e-01
8.938027173280715942e-02
7.806055545806884766e-01
3.543061763048171997e-02
1.692216098308563232e-01
9.959316253662109375e-02
4.262289702892303467e-01
7.484491914510726929e-03
2.810028493404388428e-01
4.529016315937042236e-01
1.134566426277160645e+00
1.142985105514526367e+00
9.153274893760681152e-01
1.197243928909301758e-01
6.301898479461669922e+00
1.251510679721832275e-01
1.159938454627990723e+00
8.353830128908157349e-02
5.233866572380065918e-01
8.474026918411254883e-01
0.000000000000000000e+00
2.923247218132019043e-01
8.808622509241104126e-02
5.037870407104492188e-01
6.893758177757263184e-01
3.607780218124389648e+00
0.000000000000000000e+00
1.185974776744842529e-01
8.979377746582031250e-01
0.000000000000000000e+00
9.481005668640136719e-01
1.258260104805231094e-02
0.000000000000000000e+00
8.807179927825927734e-01
1.960395574569702148e-01
3.428575098514556885e-01
1.071754172444343567e-01
1.441116929054260254e-01
4.371692836284637451e-01
8.947250247001647949e-01
1.652611605823040009e-02
2.561374306678771973e-01
0.000000000000000000e+00
5.103549957275390625e-01
0.000000000000000000e+00
0.000000000000000000e+00
0.000000000000000000e+00
2.370390892028808594e+00
7.371817529201507568e-02
1.945029348134994507e-01
9.689842164516448975e-02
2.321655303239822388e-01
5.643941164016723633e-01
3.070285618305206299e-01
8.739492297172546387e-01
1.119111012667417526e-02
4.238243103027343750e-01
2.538068532943725586e+00
3.069743216037750244e-01
9.383751451969146729e-02
2.338503301143646240e-01
2.599269449710845947e-01
1.772811710834503174e-01
8.233813941478729248e-02
4.417838752269744873e-01
5.038167834281921387e-01
2.785491943359375000e+00
1.457444019615650177e-02
2.025835216045379639e-01
5.128954052925109863e-01
4.316428899765014648e-01
2.294169515371322632e-01
2.050825208425521851e-01
3.136248094961047173e-03
1.198133945465087891e+00
1.376831531524658203e+00
6.926808357238769531e-01
9.786770939826965332e-01
1.191461563110351562e+00
1.286115199327468872e-01
1.235046029090881348e+00
5.593535900115966797e-01
1.743142008781433105e-01
6.384958624839782715e-01
2.468352317810058594e+00
2.490738034248352051e-01
5.815511941909790039e-01
1.496432900428771973e+00
1.004656683653593063e-02
1.016724586486816406e+00
7.673723697662353516e-01
7.082698494195938110e-02
7.080178707838058472e-02
5.473880171775817871e-01
1.752416372299194336e+00
7.693807482719421387e-01
6.821667551994323730e-01
4.250446707010269165e-02
2.573249101638793945e+00
1.168306693434715271e-01
9.411407262086868286e-02
2.244543731212615967e-01
8.482196331024169922e-01
0.000000000000000000e+00
3.654842451214790344e-02
3.182525336742401123e-01
1.538589954376220703e+00
4.063593864440917969e+00
0.000000000000000000e+00
4.319536209106445312e+00
1.122110933065414429e-01
1.123510450124740601e-01
9.367668628692626953e-02
2.815355956554412842e-01
1.671645760536193848e+00
6.741234064102172852e-01
4.311288148164749146e-02
1.484925001859664917e-01
1.200483888387680054e-01
1.323894739151000977e+00
2.196419388055801392e-01
6.061557307839393616e-02
1.276081800460815430e-01
4.293756783008575439e-01
2.721874415874481201e-01
1.607778370380401611e-01
1.862273514270782471e-01
5.706194043159484863e-02
1.482479214668273926e+00
1.039102151989936829e-01
9.576890617609024048e-02
1.685411334037780762e-01
2.352630198001861572e-01
6.614386290311813354e-02
1.315333880484104156e-02
0.000000000000000000e+00
2.347479760646820068e-02
2.489297091960906982e-01
1.729277133941650391e+00
3.077413327991962433e-02
1.878843456506729126e-01
2.021091431379318237e-01
1.055700302124023438e+00
1.811912506818771362e-01
4.813871532678604126e-02
4.580081254243850708e-02
6.397753953933715820e-02
3.784166574478149414e-01
5.201279371976852417e-02
6.264612078666687012e-02
7.955503463745117188e+00
1.108593940734863281e+00
2.763114869594573975e-01
4.157605648040771484e+00
1.060475587844848633e+00
4.403541088104248047e-01
1.175611373037099838e-02
1.960245370864868164e-01
0.000000000000000000e+00
1.213949918746948242e+00
8.259829133749008179e-03
0.000000000000000000e+00
1.060346364974975586e+00
6.461911201477050781e-01
1.850513219833374023e+00
8.125763386487960815e-02
5.905942618846893311e-02
8.550443053245544434e-01
2.534857690334320068e-01
0.000000000000000000e+00
1.723801493644714355e-01
2.482624799013137817e-01
9.669896960258483887e-01
4.174495339393615723e-01
4.605635106563568115e-01
7.589326798915863037e-02
2.250420488417148590e-02
1.210481405258178711e+00
2.039171010255813599e-01
4.251746833324432373e-01
7.764485478401184082e-02
3.489909321069717407e-02
2.395678013563156128e-01
1.070550382137298584e-01
6.994639039039611816e-01
5.962021350860595703e-01
1.060995552688837051e-02
2.542130351066589355e-01
5.774828791618347168e-01
4.570192992687225342e-01
0.000000000000000000e+00
5.556996464729309082e-01
0.000000000000000000e+00
2.475282907485961914e+00
1.445074677467346191e-01
2.290503084659576416e-01
7.411298155784606934e-01
7.071761488914489746e-01
4.812439978122711182e-01
4.358270764350891113e-02
7.462756335735321045e-02
3.157806396484375000e-01
2.756061851978302002e-01
1.576319485902786255e-01
2.607117593288421631e-01
8.695383071899414062e-01
5.883262157440185547e-01
5.510051250457763672e-01
1.855137348175048828e-01
1.625850796699523926e+00
6.169615387916564941e-01
5.024722814559936523e-01
1.853867053985595703e+00
1.236238360404968262e+00
1.433697529137134552e-02
1.025369912385940552e-01
3.307860136032104492e+00
1.860723495483398438e-01
2.121238946914672852e+00
1.453793883323669434e+00
1.212082803249359131e-01
8.652686327695846558e-02
1.209142245352268219e-02
4.449061155319213867e-01
3.072420954704284668e-01
4.285362083464860916e-03
5.508971810340881348e-01
6.531123518943786621e-01
1.422896087169647217e-01
2.384042739868164062e-02
3.081459105014801025e-01
7.494586110115051270e-01
0.000000000000000000e+00
3.350505232810974121e-02
0.000000000000000000e+00
4.533004760742187500e-01
2.063123226165771484e+00
7.151839882135391235e-02
1.529757380485534668e-01
1.633239910006523132e-02
4.487472176551818848e-01
2.980550229549407959e-01
5.030765756964683533e-02
1.303599476814270020e+00
8.552604317665100098e-01
4.675880670547485352e-01
1.082198545336723328e-01
5.125793814659118652e-01
6.415703892707824707e-01
2.905394136905670166e-01
0.000000000000000000e+00
4.642097651958465576e-01
1.150751858949661255e-01
4.312028288841247559e-01
1.657978653907775879e+00
2.801362276077270508e-01
0.000000000000000000e+00
5.333046913146972656e-01
2.891005575656890869e-01
1.648150563240051270e+00
1.955848336219787598e+00
1.251955144107341766e-02
2.580828189849853516e+00
3.625074028968811035e-01
0.000000000000000000e+00
3.534478833898901939e-03
3.986180424690246582e-01
1.072571873664855957e+00
1.215006351470947266e+00
0.000000000000000000e+00
4.771019890904426575e-02
3.621206879615783691e-01
4.684468507766723633e-01
6.164847407490015030e-03
2.327623963356018066e-02
0.000000000000000000e+00
9.596506357192993164e-01
7.163177430629730225e-02
2.665896713733673096e-02
5.423413962125778198e-02
0.000000000000000000e+00
7.320930361747741699e-01
1.847933292388916016e+00
1.727518290281295776e-01
2.545638009905815125e-02
1.161021813750267029e-01
4.538308829069137573e-02
4.976703226566314697e-01
5.733774900436401367e-01
1.409125179052352905e-01
0.000000000000000000e+00
1.144781112670898438e-01
1.294080495834350586e+00
4.185050725936889648e-01
1.620645970106124878e-01
2.651709876954555511e-02
8.420390635728836060e-02
1.679036855697631836e+00
7.113999873399734497e-02
4.623739421367645264e-02
5.122431516647338867e-01
3.106694221496582031e-01
3.482041358947753906e-01
1.317295730113983154e-01
0.000000000000000000e+00
9.702593088150024414e-01
2.316412687301635742e+00
5.102884024381637573e-03
0.000000000000000000e+00
4.444624185562133789e-01
5.469427704811096191e-01
4.572123289108276367e-01
0.000000000000000000e+00
1.761616706848144531e+00
0.000000000000000000e+00
2.133361436426639557e-02
0.000000000000000000e+00
2.665437757968902588e-01
1.637292623519897461e+00
0.000000000000000000e+00
0.000000000000000000e+00
9.030961245298385620e-02
7.616566419601440430e-01
0.000000000000000000e+00
0.000000000000000000e+00
0.000000000000000000e+00
1.909089237451553345e-01
0.000000000000000000e+00
1.183028444647789001e-01
1.227107286453247070e+00
5.509601160883903503e-02
1.501277238130569458e-01
1.984180212020874023e-01
7.921443581581115723e-01
2.442127943038940430e+00
9.326611645519733429e-03
5.394585132598876953e-01
2.127650976181030273e-01
0.000000000000000000e+00
9.517697244882583618e-02
1.938510179519653320e+00
7.750101089477539062e-01
1.933358013629913330e-01
5.154773592948913574e-02
1.794231534004211426e-01
3.283829689025878906e-01
1.223955154418945312e-01
1.495053619146347046e-01
5.138474106788635254e-01
2.473955303430557251e-01
1.602186262607574463e-01
4.784529507160186768e-01
4.524677693843841553e-01
5.873256921768188477e-02
2.695780098438262939e-01
4.802098870277404785e-01
5.214155316352844238e-01
8.067370951175689697e-02
6.480024661868810654e-03
5.542494654655456543e-01
4.121420383453369141e-01
5.353196710348129272e-02
6.155007332563400269e-02
2.516924031078815460e-02
1.202053949236869812e-01
1.825663298368453979e-01
1.996684193611145020e+00
6.076224520802497864e-02
5.574951767921447754e-01
1.162742495536804199e+00
3.722821772098541260e-01
6.470706313848495483e-02
1.084276139736175537e-01
0.000000000000000000e+00
2.186573809012770653e-03
2.768374085426330566e-01
7.111974060535430908e-02
1.592223644256591797e-01
3.129366159439086914e+00
0.000000000000000000e+00
4.359138384461402893e-02
0.000000000000000000e+00
5.467462912201881409e-02
2.751285433769226074e-01
0.000000000000000000e+00
0.000000000000000000e+00
5.279017686843872070e-01
0.000000000000000000e+00
1.172673702239990234e+00
0.000000000000000000e+00
1.419151723384857178e-01
3.671391904354095459e-01
3.113863468170166016e-01
7.064573168754577637e-01
9.831756353378295898e-01
1.666267395019531250e+00
8.289572000503540039e-01
0.000000000000000000e+00
9.009563364088535309e-03
8.971422314643859863e-01
0.000000000000000000e+00
1.053221940994262695e+00
1.796956509351730347e-01
4.346060156822204590e-01
1.341271877288818359e+00
1.988564968109130859e+00
2.356413938105106354e-02
1.806057691574096680e-01
4.135523438453674316e-01
5.107463151216506958e-02
2.553280293941497803e-01
5.769248008728027344e-01
2.038150727748870850e-01
8.295647799968719482e-02
3.038883209228515625e+00
7.049446552991867065e-02
9.058014303445816040e-02
8.689518272876739502e-02
1.242792885750532150e-02
0.000000000000000000e+00
1.248886346817016602e+00
4.621719196438789368e-02
6.205582022666931152e-01
5.049787834286689758e-02
1.227031588554382324e+00
2.093335986137390137e-01
9.013538956642150879e-01
0.000000000000000000e+00
2.452713698148727417e-01
2.161144651472568512e-02
2.378906905651092529e-01
5.960010290145874023e-01
3.929115533828735352e-01
2.251768559217453003e-01
5.101342201232910156e-01
3.207088634371757507e-02
1.266011595726013184e-01
1.263965666294097900e-01
5.545087337493896484e+00
6.773945689201354980e-01
5.881506577134132385e-02
3.630087673664093018e-01
2.674631029367446899e-02
5.286317467689514160e-01
1.798988342285156250e+00
0.000000000000000000e+00
3.891984701156616211e+00
6.998718976974487305e-01
0.000000000000000000e+00
1.671178638935089111e-01
6.294590950012207031e+00
8.546243607997894287e-02
1.212800025939941406e+00
1.750977635383605957e-01
5.999289751052856445e-01
1.967310905456542969e+00
3.770273644477128983e-03
2.532654523849487305e+00
9.475815296173095703e-01
5.740073919296264648e-01
4.713672399520874023e-01
2.889485657215118408e-01
0.000000000000000000e+00
5.122360587120056152e-01
7.867874205112457275e-02
2.045013904571533203e+00
5.779292583465576172e-01
6.594025180675089359e-04
3.808414936065673828e-01
2.718384861946105957e-01
1.276135444641113281e-03
2.741344273090362549e-02
1.691905140876770020e+00
3.811086416244506836e-01
5.695650354027748108e-02
5.768143385648727417e-02
7.488153129816055298e-02
1.496177792549133301e+00
4.413805305957794189e-01
2.100737206637859344e-02
9.822155833244323730e-01
3.249466121196746826e-01
9.124621748924255371e-01
1.063609123229980469e-02
0.000000000000000000e+00
1.485561132431030273e+00
1.459295511245727539e+00
3.884688951075077057e-03
7.064096927642822266e-01
0.000000000000000000e+00
0.000000000000000000e+00
4.630087614059448242e-01
2.125809669494628906e+00
1.663989573717117310e-01
1.071337342262268066e+00
3.471874594688415527e-01
8.717975765466690063e-02
4.337534308433532715e-01
3.054630458354949951e-01
1.407143592834472656e+00
8.108383417129516602e-01
0.000000000000000000e+00
1.376968026161193848e+00
4.300056695938110352e-01
1.798413276672363281e+00
2.550374865531921387e-01
0.000000000000000000e+00
4.120567739009857178e-01
0.000000000000000000e+00
7.578748464584350586e-01
2.737915813922882080e-01
0.000000000000000000e+00
1.890697479248046875e-01
2.173961400985717773e-01
7.876977324485778809e-02
3.062334842979907990e-02
0.000000000000000000e+00
6.403275132179260254e-01
9.102655947208404541e-02
4.808494746685028076e-01
1.001212820410728455e-01
1.031737446784973145e+00
1.242682456970214844e+00
1.482607483863830566e+00
9.659783244132995605e-01
1.537293344736099243e-01
1.435616798698902130e-02
3.652872741222381592e-01
1.421697854995727539e+00
3.729064941406250000e+00
2.131300568580627441e-01
2.088744640350341797e-01
2.077321410179138184e-01
2.776178717613220215e-01
5.976871252059936523e-01
1.306527759879827499e-02
4.230981171131134033e-01
9.799797534942626953e-01
4.974583163857460022e-02
1.891990602016448975e-01
9.586759209632873535e-01
6.394860148429870605e-01
2.167119979858398438e+00
1.386466622352600098e+00
1.564618200063705444e-01
1.548860371112823486e-01
1.120425760746002197e-01
6.361304521560668945e-01
3.700564056634902954e-02
2.161128446459770203e-02
0.000000000000000000e+00
4.545947015285491943e-01
7.878285646438598633e-02
4.412574768066406250e-01
3.730659186840057373e-01
7.404739260673522949e-01
0.000000000000000000e+00
0.000000000000000000e+00
1.796437650918960571e-01
2.112557888031005859e-01
2.871420383453369141e-01
9.165703654289245605e-01
3.116250038146972656e-01
1.377083778381347656e+00
1.017895340919494629e+00
4.569296240806579590e-01
1.155040621757507324e+00
2.429306060075759888e-01
5.545471310615539551e-01
5.650601387023925781e-01
1.995761841535568237e-01
6.840822845697402954e-02
0.000000000000000000e+00
5.547333359718322754e-01
1.130799770355224609e+00
3.468661308288574219e-01
2.330489873886108398e+00
3.106472492218017578e-01
2.299207076430320740e-02
4.307924807071685791e-01
7.758796811103820801e-01
1.959113001823425293e+00
1.428380049765110016e-02
4.857645928859710693e-01
1.100490927696228027e+00
2.805256843566894531e-01
5.446867644786834717e-02
1.015509217977523804e-01
4.019007682800292969e-01
4.533806145191192627e-01
1.710343480110168457e+00
2.477832287549972534e-01
2.462914735078811646e-01
4.110440909862518311e-01
0.000000000000000000e+00
7.114368956536054611e-03
2.774540185928344727e-01
3.154479980468750000e+00
7.146552205085754395e-01
1.380420804023742676e+00
6.055069565773010254e-01
2.186779081821441650e-01
1.048824429512023926e+00
5.992991924285888672e-01
1.381485581398010254e+00
2.867349147796630859e+00
4.076875150203704834e-01
0.000000000000000000e+00
2.026330530643463135e-01
9.010058045387268066e-01
4.803238064050674438e-02
1.815510541200637817e-01
4.952703118324279785e-01
2.228874899446964264e-02
5.636706352233886719e-01
2.366353273391723633e+00
6.651695370674133301e-01
6.105858087539672852e-01
3.596741557121276855e-01
4.062973260879516602e-01
3.750859200954437256e-01
2.759601116180419922e+00
1.548098772764205933e-01
5.995221138000488281e-01
1.047901153564453125e+00
5.528790354728698730e-01
2.686111927032470703e-01
1.202600002288818359e+00
7.518265247344970703e-01
2.294662892818450928e-01
9.744296669960021973e-01
0.000000000000000000e+00
3.521659374237060547e-01
2.817409515380859375e+00
1.593545377254486084e-01
5.487259104847908020e-02
3.715212047100067139e-01
6.713058799505233765e-02
4.740522801876068115e-01
2.572730183601379395e-01
0.000000000000000000e+00
7.400723695755004883e-01
2.875500202178955078e+00
1.469187811017036438e-02
3.185599148273468018e-01
3.246403217315673828e+00
2.718807943165302277e-02
1.712254285812377930e-01
7.867910265922546387e-01
3.456852864474058151e-03
5.545015931129455566e-01
7.105706930160522461e-01
2.261906117200851440e-01
5.200881361961364746e-01
7.368550896644592285e-01
9.426918625831604004e-02
4.196124151349067688e-02
3.309286534786224365e-01
1.818950027227401733e-01
6.057211384177207947e-02
5.828428268432617188e-02
1.290275901556015015e-02
1.961723715066909790e-02
2.225155709311366081e-03
0.000000000000000000e+00
5.082588642835617065e-02
4.546701908111572266e-01
3.858960866928100586e-01
1.554475784301757812e+00
8.800160884857177734e-02
2.966479361057281494e-01
5.448188185691833496e-01
1.728897541761398315e-01
1.343307137489318848e+00
1.352155566215515137e+00
2.342163324356079102e-01
7.222753763198852539e-01
1.494785547256469727e-01
2.266211211681365967e-01
0.000000000000000000e+00
8.941375017166137695e-01
6.038931012153625488e-01
2.234481275081634521e-01
2.790894731879234314e-02
9.749593734741210938e-01
2.421817779541015625e-01
1.602609753608703613e-01
3.388591855764389038e-02
3.799861073493957520e-01
2.656204104423522949e-01
9.949964284896850586e-02
1.077657099813222885e-02
9.748829603195190430e-01
9.000860899686813354e-02
1.510139671154320240e-03
4.637316465377807617e-01
9.001204967498779297e-01
1.755888700485229492e+00
2.866597175598144531e-01
4.446453154087066650e-01
