1.350049227476119995e-01
6.855060905218124390e-02
0.000000000000000000e+00
4.088073372840881348e-01
1.123799756169319153e-01
5.314164608716964722e-02
9.342654794454574585e-02
2.757689217105507851e-03
2.248572111129760742e+00
1.018267512321472168e+00
8.892107754945755005e-02
1.684607863426208496e-01
6.423830520361661911e-03
0.000000000000000000e+00
8.062195032835006714e-03
6.206689029932022095e-02
0.000000000000000000e+00
1.400195360183715820e-01
8.933451771736145020e-02
2.889320552349090576e-01
1.637219637632369995e-01
4.970982670783996582e-02
5.515245795249938965e-01
4.607326984405517578e-01
1.270226359367370605e+00
5.083211138844490051e-02
2.184135317802429199e-01
4.321924448013305664e-01
0.000000000000000000e+00
2.594251371920108795e-02
0.000000000000000000e+00
5.240668058395385742e-01
3.080728836357593536e-02
1.362935155630111694e-01
0.000000000000000000e+00
0.000000000000000000e+00
0.000000000000000000e+00
2.667371034622192383e-01
1.307245437055826187e-02
4.888460412621498108e-02
3.678917884826660156e-03
5.357520282268524170e-02
0.000000000000000000e+00
2.498114705085754395e-01
2.270654775202274323e-02
2.229399532079696655e-01
0.000000000000000000e+00
4.595764353871345520e-02
4.418794810771942139e-02
0.000000000000000000e+00
6.303864996880292892e-03
2.599990367889404297e-01
4.020667970180511475e-01
1.610508561134338379e-02
2.072461545467376709e-01
8.595204949378967285e-01
0.000000000000000000e+00
1.762564182281494141e-01
5.287321400828659534e-04
6.262688040733337402e-01
1.846773624420166016e+00
1.208926141262054443e-01
3.200300335884094238e-01
5.866416096687316895e-01
9.998983144760131836e-01
5.786937475204467773e-01
4.233976602554321289e-01
1.521668396890163422e-02
6.325370073318481445e-01
2.606711387634277344e-01
8.517721295356750488e-01
0.000000000000000000e+00
0.000000000000000000e+00
1.107528284192085266e-01
2.533670365810394287e-01
0.000000000000000000e+00
9.566439390182495117e-01
1.125501990318298340e-01
0.000000000000000000e+00
4.873999059200286865e-01
2.405232042074203491e-01
2.020511776208877563e-02
1.585279703140258789e-01
0.000000000000000000e+00
1.111636757850646973e+00
2.327460609376430511e-02
2.261764705181121826e-01
1.767747104167938232e-02
5.297386646270751953e-01
0.000000000000000000e+00
2.154568582773208618e-01
3.695406764745712280e-02
8.011180325411260128e-04
1.031804978847503662e-01
2.942293323576450348e-02
1.206312775611877441e-01
1.733244299888610840e+00
1.804295778274536133e-01
1.043101787567138672e+00
3.362799063324928284e-02
1.135599464178085327e-01
2.994302809238433838e-01
7.230630874633789062e+00
5.167954564094543457e-01
1.537006348371505737e-01
1.115538645535707474e-03
4.432453215122222900e-01
7.567488402128219604e-02
1.840365529060363770e-01
1.053640604019165039e+00
2.602038681507110596e-01
1.125109475106000900e-02
7.744346512481570244e-04
2.478026747703552246e-01
9.818347543478012085e-02
1.537702083587646484e-01
1.410511136054992676e+00
5.318800210952758789e-01
5.845722556114196777e-02
0.000000000000000000e+00
1.842048764228820801e-01
8.796020410954952240e-03
0.000000000000000000e+00
1.574046611785888672e-01
3.683910131454467773e+00
2.180927693843841553e-01
0.000000000000000000e+00
4.285841882228851318e-01
2.872621417045593262e-01
0.000000000000000000e+00
0.000000000000000000e+00
2.987337350845336914e+00
5.988264456391334534e-02
0.000000000000000000e+00
0.000000000000000000e+00
3.151908516883850098e-01
1.081855222582817078e-01
0.000000000000000000e+00
4.485118389129638672e-01
0.000000000000000000e+00
1.292133778333663940e-01
5.231049656867980957e-01
4.705456733703613281e+00
3.232352668419480324e-03
4.741391241550445557e-01
1.038475781679153442e-01
1.586266994476318359e+00
4.467566683888435364e-02
1.436557620763778687e-01
8.076118305325508118e-03
2.585478425025939941e-01
0.000000000000000000e+00
5.282900929450988770e-01
1.422064453363418579e-01
8.308342844247817993e-02
5.657642707228660583e-02
1.320328010478988290e-04
6.940237432718276978e-02
3.115222975611686707e-02
2.692229270935058594e+00
5.380867049098014832e-02
3.403504565358161926e-02
3.133252561092376709e-01
0.000000000000000000e+00
7.036457955837249756e-02
7.955427169799804688e-01
9.522268921136856079e-02
3.097712807357311249e-02
2.655426263809204102e-01
9.665454030036926270e-01
1.131948828697204590e-01
4.228244349360466003e-02
0.000000000000000000e+00
2.522329688072204590e-01
5.044260621070861816e-02
1.496396809816360474e-01
3.096673786640167236e-01
7.567797303199768066e-01
0.000000000000000000e+00
1.015011429786682129e+00
0.000000000000000000e+00
1.935442388057708740e-01
1.372057080268859863e+00
1.773392222821712494e-02
5.847534909844398499e-02
1.638916879892349243e-01
8.790469914674758911e-02
9.315332770347595215e-02
0.000000000000000000e+00
0.000000000000000000e+00
8.919604867696762085e-02
1.159806326031684875e-01
8.002442121505737305e-01
4.149167835712432861e-01
0.000000000000000000e+00
5.601264238357543945e-01
1.886532455682754517e-01
6.053730845451354980e-01
2.454791776835918427e-02
1.994416475296020508e+00
7.231324911117553711e-02
2.592984528746455908e-04
4.548845440149307251e-02
6.948544830083847046e-02
0.000000000000000000e+00
3.621117770671844482e-01
3.464283049106597900e-01
0.000000000000000000e+00
0.000000000000000000e+00
3.587406277656555176e-01
1.816983334720134735e-02
5.010135471820831299e-03
1.039175465703010559e-01
4.049120843410491943e-01
0.000000000000000000e+00
6.231136322021484375e+00
1.462747216224670410e+00
6.746588740497827530e-03
0.000000000000000000e+00
1.183331478387117386e-02
5.139619857072830200e-02
0.000000000000000000e+00
1.761381775140762329e-01
0.000000000000000000e+00
4.172950237989425659e-02
1.208780556917190552e-01
1.934264437295496464e-03
0.000000000000000000e+00
6.606069952249526978e-02
3.111118674278259277e-01
0.000000000000000000e+00
0.000000000000000000e+00
1.323787122964859009e-01
5.150741199031472206e-04
8.593905568122863770e-01
0.000000000000000000e+00
0.000000000000000000e+00
3.647429943084716797e-01
3.466082736849784851e-02
1.109217107295989990e-01
8.878859877586364746e-02
2.763704657554626465e-01
1.102663516998291016e+00
1.061184883117675781e+00
1.459326148033142090e-01
3.322876095771789551e-01
2.327854186296463013e-01
7.780724763870239258e-02
1.698770374059677124e-01
1.100671052932739258e+00
0.000000000000000000e+00
0.000000000000000000e+00
0.000000000000000000e+00
0.000000000000000000e+00
0.000000000000000000e+00
7.288659363985061646e-02
2.871674597263336182e-01
0.000000000000000000e+00
1.304820273071527481e-02
1.262953877449035645e-01
0.000000000000000000e+00
9.962397068738937378e-02
4.981630802154541016e+00
1.583140790462493896e-01
5.225056037306785583e-02
2.020584940910339355e-01
1.013626307249069214e-01
1.298057138919830322e-01
1.208130153827369213e-03
0.000000000000000000e+00
1.457523368299007416e-02
1.492787599563598633e+00
2.199145220220088959e-02
7.657564245164394379e-03
1.206855103373527527e-02
1.114531233906745911e-02
7.769701480865478516e-01
1.197872757911682129e-01
2.966225147247314453e+00
1.660769246518611908e-02
7.040226459503173828e-02
0.000000000000000000e+00
1.605362282134592533e-03
2.676198780536651611e-01
0.000000000000000000e+00
4.130578041076660156e-01
0.000000000000000000e+00
0.000000000000000000e+00
2.290656324476003647e-03
5.740551948547363281e-01
0.000000000000000000e+00
0.000000000000000000e+00
2.742791548371315002e-03
2.216698601841926575e-02
1.323843151330947876e-01
1.739149689674377441e-01
1.402205377817153931e-01
0.000000000000000000e+00
0.000000000000000000e+00
0.000000000000000000e+00
1.061638537794351578e-02
1.401955038309097290e-01
7.047773003578186035e-01
4.793671965599060059e-01
5.921906232833862305e-01
0.000000000000000000e+00
9.244755655527114868e-02
2.784375473856925964e-02
1.541313976049423218e-01
9.732937067747116089e-02
1.729057431221008301e+00
1.812365531921386719e+00
8.105459064245223999e-02
0.000000000000000000e+00
2.615800686180591583e-02
4.960029944777488708e-02
5.033242702484130859e-01
8.453320711851119995e-02
1.521229743957519531e-02
2.857488114386796951e-03
0.000000000000000000e+00
1.021279916167259216e-01
2.402931824326515198e-02
7.859767973423004150e-02
0.000000000000000000e+00
5.026946067810058594e-01
3.003989756107330322e-01
1.643092930316925049e-02
0.000000000000000000e+00
3.862273879349231720e-03
0.000000000000000000e+00
7.817955613136291504e-01
4.954182356595993042e-02
8.325566351413726807e-02
0.000000000000000000e+00
0.000000000000000000e+00
2.482254244387149811e-02
1.833370770327746868e-03
1.374858498573303223e+00
3.303711116313934326e-01
1.606308966875076294e-01
2.867981493473052979e-01
6.451712846755981445e-01
5.622016191482543945e-01
3.446855396032333374e-02
2.183602564036846161e-02
0.000000000000000000e+00
1.657793670892715454e-01
5.799908563494682312e-02
0.000000000000000000e+00
0.000000000000000000e+00
5.095575377345085144e-02
7.686755806207656860e-02
8.271948248147964478e-02
0.000000000000000000e+00
0.000000000000000000e+00
0.000000000000000000e+00
1.220627427101135254e-01
5.557637810707092285e-01
1.647358685731887817e-01
0.000000000000000000e+00
0.000000000000000000e+00
3.395074307918548584e-01
8.000293374061584473e-02
3.147319555282592773e-01
1.496614962816238403e-01
9.315315634012222290e-02
0.000000000000000000e+00
9.545481204986572266e-02
3.752352669835090637e-02
0.000000000000000000e+00
0.000000000000000000e+00
8.638414740562438965e-01
7.881120545789599419e-04
0.000000000000000000e+00
0.000000000000000000e+00
1.695753633975982666e-01
0.000000000000000000e+00
9.972156025469303131e-03
0.000000000000000000e+00
2.927619814872741699e-01
1.299159135669469833e-02
4.558935642242431641e+00
0.000000000000000000e+00
1.251740336418151855e+00
0.000000000000000000e+00
1.345056891441345215e-01
0.000000000000000000e+00
4.419094324111938477e-02
3.459084928035736084e-01
0.000000000000000000e+00
2.090171352028846741e-02
1.141939312219619751e-02
5.150910839438438416e-02
2.269733399152755737e-01
4.848597645759582520e-01
1.754433512687683105e-01
1.524507403373718262e-01
0.000000000000000000e+00
2.413008511066436768e-01
6.528146266937255859e-01
3.633778833318501711e-04
0.000000000000000000e+00
1.318176090717315674e-01
3.486809134483337402e-01
5.136790499091148376e-02
8.347203582525253296e-02
3.267453908920288086e-01
6.567069292068481445e-01
8.864971809089183807e-03
0.000000000000000000e+00
0.000000000000000000e+00
5.026146769523620605e-01
2.705116756260395050e-03
0.000000000000000000e+00
1.911094039678573608e-01
1.433300971984863281e-02
3.439165279269218445e-02
1.605944707989692688e-02
0.000000000000000000e+00
2.594115212559700012e-02
5.354059338569641113e-01
0.000000000000000000e+00
1.305450201034545898e-01
1.879800081253051758e+00
1.052820459008216858e-01
4.388342145830392838e-03
6.818573921918869019e-02
0.000000000000000000e+00
1.040493249893188477e-01
2.067022323608398438e-01
0.000000000000000000e+00
6.665169596672058105e-01
7.749644666910171509e-02
0.000000000000000000e+00
1.733897328376770020e-01
1.799416542053222656e-02
0.000000000000000000e+00
0.000000000000000000e+00
2.509836107492446899e-03
0.000000000000000000e+00
1.677452772855758667e-02
2.026317119598388672e-01
4.548101127147674561e-01
1.898194849491119385e-01
0.000000000000000000e+00
3.807738125324249268e-01
2.803952991962432861e-01
6.313431262969970703e-02
9.223042130470275879e-01
1.826640963554382324e-01
7.573074102401733398e-01
3.584590852260589600e-01
3.300512582063674927e-02
2.188911885023117065e-01
2.219128906726837158e-01
0.000000000000000000e+00
2.215488553047180176e-01
3.138290643692016602e-01
1.125938534736633301e+00
2.491594403982162476e-01
9.132738113403320312e+00
1.107737198472023010e-01
2.134523242712020874e-01
0.000000000000000000e+00
2.470708638429641724e-01
0.000000000000000000e+00
5.998700112104415894e-02
0.000000000000000000e+00
4.215556755661964417e-02
9.667889773845672607e-02
1.630084753036499023e+00
6.916482001543045044e-02
1.823310256004333496e+00
3.960495889186859131e-01
0.000000000000000000e+00
1.717733033001422882e-02
0.000000000000000000e+00
1.746577262878417969e+00
2.578518912196159363e-02
0.000000000000000000e+00
3.889798223972320557e-01
1.155924424529075623e-01
7.021226882934570312e-01
9.272051975131034851e-03
0.000000000000000000e+00
2.519332570955157280e-03
1.160909086465835571e-01
3.257676064968109131e-01
1.520241141319274902e+00
4.903017580509185791e-01
6.720833778381347656e-01
3.581557830329984426e-04
1.468075215816497803e-01
1.416523575782775879e+00
3.841452300548553467e-02
2.423668466508388519e-02
1.142845153808593750e-01
1.181714609265327454e-02
6.986360065639019012e-03
1.040155999362468719e-02
3.689225390553474426e-02
2.216190397739410400e-01
2.841801941394805908e-01
1.489540468901395798e-02
9.790400415658950806e-02
1.561419963836669922e-01
1.406627008691430092e-03
1.437633156776428223e+00
0.000000000000000000e+00
0.000000000000000000e+00
1.844055771827697754e+00
8.836963176727294922e-01
2.231989055871963501e-01
8.922463059425354004e-01
1.621331437490880489e-03
4.018963277339935303e-01
3.817695379257202148e-02
0.000000000000000000e+00
2.743359208106994629e-01
5.991862416267395020e-01
7.274549007415771484e-01
1.843369901180267334e-01
7.202620506286621094e-01
0.000000000000000000e+00
4.998091161251068115e-01
1.209925532341003418e+00
2.499765250831842422e-03
1.540009584277868271e-02
4.998149722814559937e-02
2.799146771430969238e-01
1.261123061180114746e+00
1.496658921241760254e+00
0.000000000000000000e+00
6.166768074035644531e-01
1.714510023593902588e-01
0.000000000000000000e+00
3.582584559917449951e-01
0.000000000000000000e+00
1.075997650623321533e-01
1.996766403317451477e-02
3.240868076682090759e-02
3.051335811614990234e-01
5.548124313354492188e-01
0.000000000000000000e+00
3.509295284748077393e-01
4.019666314125061035e-01
5.490137264132499695e-02
1.394466012716293335e-01
1.220423378981649876e-03
1.145883928984403610e-02
3.210405819118022919e-03
4.940473660826683044e-02
8.367411792278289795e-02
0.000000000000000000e+00
2.249340772628784180e+00
5.304228514432907104e-02
8.020523935556411743e-02
4.714556038379669189e-02
1.768809705972671509e-01
7.536370158195495605e-01
6.410872936248779297e-02
1.975242018699645996e+00
1.620930247008800507e-02
7.658564136363565922e-04
0.000000000000000000e+00
4.690427705645561218e-02
2.993963956832885742e-01
0.000000000000000000e+00
4.956289380788803101e-02
0.000000000000000000e+00
0.000000000000000000e+00
0.000000000000000000e+00
3.254748135805130005e-02
1.389993906021118164e+00
0.000000000000000000e+00
4.224672168493270874e-02
0.000000000000000000e+00
1.784084290266036987e-01
0.000000000000000000e+00
1.307392609305679798e-03
7.312201708555221558e-02
2.303278595209121704e-01
6.132332980632781982e-02
7.042866945266723633e-02
3.939267158508300781e+00
0.000000000000000000e+00
0.000000000000000000e+00
2.083275556564331055e+00
9.151636622846126556e-03
0.000000000000000000e+00
2.874223291873931885e-01
5.874701961874961853e-02
7.258459329605102539e-01
1.663599461317062378e-01
0.000000000000000000e+00
0.000000000000000000e+00
3.838639557361602783e-01
5.691043287515640259e-02
2.581036882475018501e-03
1.621403843164443970e-01
5.158760026097297668e-02
2.741603925824165344e-02
0.000000000000000000e+00
1.418285369873046875e-01
1.229067216627299786e-03
3.113476559519767761e-03
5.436220392584800720e-02
4.837426245212554932e-01
2.780366241931915283e-01
1.560352444648742676e-01
5.723959580063819885e-02
8.329471200704574585e-02
1.064815759658813477e+00
2.081369161605834961e-01
4.485605657100677490e-01
3.598965331912040710e-02
5.017933249473571777e-01
1.958353668451309204e-01
1.212304737418889999e-02
0.000000000000000000e+00
0.000000000000000000e+00
8.933079428970813751e-03
0.000000000000000000e+00
0.000000000000000000e+00
5.252568423748016357e-02
4.543752968311309814e-02
1.342467427253723145e+00
8.995561301708221436e-02
0.000000000000000000e+00
1.358509063720703125e-02
3.197969496250152588e-01
0.000000000000000000e+00
4.319643601775169373e-02
0.000000000000000000e+00
8.578865230083465576e-02
3.549314662814140320e-02
0.000000000000000000e+00
1.668808162212371826e-01
0.000000000000000000e+00
1.202528998255729675e-01
2.148655802011489868e-02
1.628760337829589844e+00
1.769489645957946777e+00
7.957478612661361694e-02
6.164655089378356934e-02
7.260241359472274780e-02
9.637553989887237549e-02
4.218338523060083389e-03
1.339913904666900635e-01
7.442646473646163940e-02
1.308000385761260986e-01
6.687001883983612061e-02
9.070299267768859863e-01
6.491275876760482788e-02
2.987790405750274658e-01
0.000000000000000000e+00
6.234421730041503906e-01
2.668175101280212402e-01
2.029842376708984375e+00
4.229771494865417480e-01
2.323846146464347839e-02
1.741755902767181396e-01
0.000000000000000000e+00
0.000000000000000000e+00
4.884343221783638000e-02
1.686372607946395874e-01
3.888246417045593262e-02
1.843321025371551514e-01
0.000000000000000000e+00
4.050152841955423355e-03
7.528848946094512939e-02
2.398787975311279297e+00
0.000000000000000000e+00
1.408508419990539551e-01
4.111295044422149658e-01
1.273754715919494629e+00
6.435391958802938461e-03
1.179629683494567871e+00
1.152590569108724594e-02
0.000000000000000000e+00
3.328232467174530029e-02
3.145926818251609802e-02
2.052693665027618408e-01
3.699927777051925659e-02
1.432462874799966812e-02
2.596716769039630890e-02
0.000000000000000000e+00
0.000000000000000000e+00
0.000000000000000000e+00
4.541243892163038254e-03
1.264505863189697266e+00
0.000000000000000000e+00
1.041982620954513550e-01
1.355841457843780518e-01
0.000000000000000000e+00
1.842360198497772217e-02
5.802698135375976562e-01
1.488081067800521851e-01
2.590811811387538910e-02
3.710645198822021484e+00
1.359097287058830261e-02
1.312653347849845886e-02
8.849235773086547852e-01
0.000000000000000000e+00
7.114818096160888672e-01
2.388910949230194092e-01
1.528369784355163574e-01
7.735325396060943604e-02
0.000000000000000000e+00
6.416476331651210785e-03
5.521822571754455566e-01
0.000000000000000000e+00
2.051531672477722168e-01
4.904788453131914139e-03
7.850801199674606323e-02
5.059362575411796570e-02
9.460893273353576660e-02
1.579323550686240196e-03
0.000000000000000000e+00
0.000000000000000000e+00
0.000000000000000000e+00
0.000000000000000000e+00
3.863821327686309814e-01
6.665897965431213379e-01
1.210181340575218201e-01
5.680631101131439209e-02
0.000000000000000000e+00
3.678803145885467529e-02
1.569118797779083252e-01
4.727444171905517578e+00
2.263991832733154297e-01
6.299012154340744019e-02
2.786184787750244141e+00
0.000000000000000000e+00
7.611823268234729767e-03
8.286371231079101562e-01
4.095571860671043396e-02
1.261675477027893066e+00
1.528794884681701660e+00
1.589800357818603516e+00
9.671062827110290527e-01
9.586670398712158203e-01
0.000000000000000000e+00
0.000000000000000000e+00
1.868235468864440918e-01
4.680827632546424866e-02
1.480589061975479126e-01
3.616442382335662842e-01
0.000000000000000000e+00
2.629458904266357422e-01
0.000000000000000000e+00
4.730567336082458496e-02
0.000000000000000000e+00
1.015245437622070312e+00
1.342174708843231201e-01
3.230364993214607239e-03
2.767325043678283691e-01
4.275965690612792969e-01
2.279141843318939209e-01
8.732075244188308716e-02
1.216543316841125488e-01
1.368808388710021973e+00
0.000000000000000000e+00
0.000000000000000000e+00
1.119789294898509979e-02
0.000000000000000000e+00
4.202239215373992920e-03
4.304844886064529419e-02
3.376929089426994324e-02
1.449933946132659912e-01
2.591775059700012207e-01
1.526851113885641098e-02
2.363217063248157501e-02
1.729985475540161133e-01
2.702839970588684082e-01
1.196771144866943359e+00
0.000000000000000000e+00
0.000000000000000000e+00
3.333395719528198242e+00
0.000000000000000000e+00
2.100725650787353516e+00
0.000000000000000000e+00
6.948010623455047607e-02
1.628584600985050201e-02
2.068112045526504517e-02
1.676016952842473984e-03
7.256432175636291504e-01
1.634594649076461792e-01
6.013891100883483887e-01
4.053478240966796875e-01
0.000000000000000000e+00
4.115392267704010010e-02
0.000000000000000000e+00
1.371856927871704102e-01
9.644547104835510254e-01
6.038172245025634766e-01
5.741041898727416992e-02
0.000000000000000000e+00
1.014257408678531647e-02
3.263673558831214905e-02
1.324294209480285645e+00
1.727954298257827759e-01
1.259630825370550156e-02
2.804068475961685181e-02
8.912836313247680664e-01
0.000000000000000000e+00
8.017951250076293945e-01
1.031812727451324463e-01
2.846101999282836914e+00
0.000000000000000000e+00
3.807042241096496582e-01
0.000000000000000000e+00
0.000000000000000000e+00
0.000000000000000000e+00
3.544924259185791016e-01
1.170601621270179749e-01
3.171192705631256104e-01
6.633570194244384766e-01
7.236298918724060059e-02
0.000000000000000000e+00
1.523888587951660156e+00
3.874548375606536865e-01
3.851971030235290527e-01
0.000000000000000000e+00
0.000000000000000000e+00
4.787478595972061157e-02
2.858162857592105865e-02
4.868145287036895752e-02
7.439318299293518066e-02
1.189535204321146011e-02
3.072577118873596191e-01
0.000000000000000000e+00
1.916916072368621826e-01
9.173815697431564331e-02
1.294450163841247559e-01
0.000000000000000000e+00
0.000000000000000000e+00
0.000000000000000000e+00
0.000000000000000000e+00
4.172774851322174072e-01
1.552065759897232056e-01
5.874915719032287598e-01
7.447328567504882812e-01
4.907592296600341797e+00
1.126523092389106750e-01
1.505224108695983887e-01
6.591330766677856445e-01
7.382466644048690796e-02
1.209922552108764648e+00
3.374111652374267578e-01
1.861560903489589691e-02
0.000000000000000000e+00
0.000000000000000000e+00
3.623628616333007812e-02
4.132003784179687500e-01
1.604197144508361816e+00
7.884362936019897461e-01
1.075630545616149902e+00
0.000000000000000000e+00
0.000000000000000000e+00
4.503358304500579834e-01
1.192819952964782715e+00
1.609135866165161133e-01
1.955971419811248779e-01
7.000747323036193848e-02
0.000000000000000000e+00
8.920745849609375000e-01
0.000000000000000000e+00
1.629395961761474609e+00
3.687659204006195068e-01
9.789529442787170410e-02
1.328532397747039795e-01
1.266741845756769180e-02
4.754674620926380157e-03
1.320750359445810318e-02
5.439219996333122253e-02
1.113264203071594238e+00
4.737006723880767822e-01
1.384950876235961914e-01
1.107174158096313477e-02
6.189411878585815430e-02
9.526038765907287598e-01
8.296045064926147461e-01
2.736093699932098389e-01
4.861657917499542236e-01
5.873057618737220764e-02
7.211632132530212402e-01
2.285481989383697510e-01
2.292482182383537292e-03
1.050795674324035645e+00
0.000000000000000000e+00
8.892447687685489655e-03
0.000000000000000000e+00
1.686212792992591858e-02
0.000000000000000000e+00
3.238792657852172852e+00
6.526136398315429688e-01
4.721127510070800781e+00
1.319245994091033936e-01
8.422675728797912598e-02
2.473285913467407227e+00
1.930800527334213257e-01
4.861787892878055573e-03
3.502132371068000793e-02
9.228989481925964355e-02
6.841189265251159668e-01
4.791502356529235840e-01
3.677414059638977051e-01
2.313184924423694611e-02
2.161319926381111145e-02
6.250603497028350830e-02
6.279826164245605469e+00
6.409537047147750854e-02
1.830836758017539978e-02
1.154918447136878967e-01
7.394900918006896973e-02
2.207891829311847687e-02
0.000000000000000000e+00
2.625063247978687286e-02
1.922617107629776001e-01
0.000000000000000000e+00
3.909187555313110352e+00
2.549079656600952148e-01
6.010517477989196777e-01
7.097162604331970215e-01
1.041151046752929688e+00
8.593443781137466431e-02
1.361195370554924011e-02
4.515428096055984497e-02
0.000000000000000000e+00
1.804494261741638184e-01
0.000000000000000000e+00
1.007020026445388794e-01
1.017927657812833786e-02
1.405713558197021484e-01
1.134939268231391907e-01
0.000000000000000000e+00
7.129775285720825195e-01
6.500689312815666199e-03
8.744531311094760895e-03
8.050750494003295898e-01
1.510354783385992050e-02
1.794243790209293365e-02
1.737584471702575684e-01
0.000000000000000000e+00
1.922772884368896484e+00
0.000000000000000000e+00
1.178819611668586731e-01
0.000000000000000000e+00
0.000000000000000000e+00
6.726747751235961914e-02
8.201599121093750000e-05
4.533618092536926270e-01
3.942427635192871094e-01
3.933108411729335785e-03
1.356998980045318604e-01
3.701720833778381348e-01
1.024867296218872070e+00
1.186641097068786621e+00
4.567012935876846313e-02
0.000000000000000000e+00
0.000000000000000000e+00
5.355531722307205200e-02
8.534660935401916504e-02
0.000000000000000000e+00
2.390744723379611969e-02
2.177872136235237122e-02
4.986033961176872253e-02
0.000000000000000000e+00
2.865920066833496094e-01
1.152201175689697266e+00
2.543343603610992432e-01
9.084449708461761475e-02
8.527107536792755127e-02
5.720115825533866882e-02
0.000000000000000000e+00
2.369143813848495483e-01
0.000000000000000000e+00
5.911072716116905212e-03
3.803020715713500977e-02
4.887434770353138447e-04
0.000000000000000000e+00
1.503930892795324326e-02
3.381303697824478149e-02
9.929119944572448730e-01
3.363094031810760498e-01
1.121152877807617188e+00
4.379098117351531982e-01
1.174926087260246277e-01
4.265039265155792236e-01
2.832044124603271484e+00
4.409011453390121460e-02
3.858783841133117676e-02
1.465839296579360962e-01
1.437516137957572937e-02
2.365320734679698944e-02
0.000000000000000000e+00
3.334611654281616211e-02
2.602129578590393066e-01
1.754174947738647461e+00
0.000000000000000000e+00
0.000000000000000000e+00
4.330532997846603394e-02
1.757530689239501953e+00
0.000000000000000000e+00
0.000000000000000000e+00
4.597644805908203125e-01
3.400901854038238525e-01
0.000000000000000000e+00
3.016415238380432129e-01
4.878424108028411865e-01
3.104871511459350586e-01
3.813306391239166260e-01
2.957680463790893555e+00
5.981751601211726665e-04
1.362223993055522442e-03
2.058338141068816185e-03
5.154125213623046875e+00
0.000000000000000000e+00
9.962969459593296051e-03
1.612443476915359497e-01
3.020848706364631653e-02
2.685653865337371826e-01
3.112053573131561279e-01
2.362477593123912811e-02
2.997337607666850090e-03
0.000000000000000000e+00
0.000000000000000000e+00
7.656150311231613159e-02
2.551759481430053711e-01
0.000000000000000000e+00
1.212934494018554688e+00
1.240612268447875977e-01
6.095922365784645081e-02
1.704172790050506592e-01
3.449916467070579529e-02
3.123660385608673096e-02
1.348508298397064209e-01
8.921235054731369019e-02
2.168391365557909012e-03
0.000000000000000000e+00
6.361981481313705444e-02
5.451405420899391174e-02
1.639368012547492981e-02
7.383565902709960938e-01
5.165328737348318100e-03
8.183453083038330078e-01
0.000000000000000000e+00
1.247416138648986816e+00
0.000000000000000000e+00
8.333228826522827148e-01
2.167616970837116241e-02
1.010689213871955872e-01
6.101250648498535156e-01
4.173265993595123291e-01
0.000000000000000000e+00
3.195744752883911133e-01
3.752959072589874268e-01
3.914107084274291992e-01
1.703581064939498901e-01
1.870021373033523560e-01
2.882675528526306152e-01
5.991396680474281311e-02
0.000000000000000000e+00
1.116370677947998047e+00
9.601580500602722168e-01
8.940203115344047546e-03
1.034948348999023438e+00
4.914199933409690857e-02
2.142612338066101074e-01
0.000000000000000000e+00
1.024865582585334778e-01
7.642343997955322266e+00
7.820414304733276367e-01
6.839934736490249634e-02
5.416857004165649414e-01
0.000000000000000000e+00
3.939993083477020264e-01
0.000000000000000000e+00
1.719390153884887695e-01
0.000000000000000000e+00
0.000000000000000000e+00
5.158846825361251831e-02
0.000000000000000000e+00
2.961394190788269043e-02
1.698360294103622437e-01
2.028204649686813354e-01
4.509916901588439941e-02
1.631192490458488464e-02
1.690331995487213135e-01
0.000000000000000000e+00
1.231859847903251648e-01
1.739736273884773254e-02
1.309752315282821655e-01
0.000000000000000000e+00
1.579100787639617920e-01
1.723737455904483795e-02
1.830556243658065796e-02
6.157667189836502075e-02
0.000000000000000000e+00
0.000000000000000000e+00
1.117004677653312683e-01
2.646604180335998535e-01
3.415818093344569206e-03
0.000000000000000000e+00
0.000000000000000000e+00
0.000000000000000000e+00
3.480479493737220764e-02
3.504616022109985352e-02
0.000000000000000000e+00
1.220829784870147705e-02
1.273465901613235474e-01
3.484930377453565598e-03
9.304217696189880371e-01
3.270025849342346191e-01
1.841522753238677979e-01
0.000000000000000000e+00
8.942945301532745361e-02
9.757141582667827606e-03
4.589690640568733215e-02
0.000000000000000000e+00
0.000000000000000000e+00
8.888829350471496582e-01
1.387356966733932495e-01
1.091331690549850464e-01
1.302193522453308105e+00
2.569813095033168793e-02
1.902762055397033691e-02
0.000000000000000000e+00
5.401318520307540894e-02
2.455944940447807312e-02
1.458891667425632477e-02
1.809033304452896118e-01
6.829898059368133545e-02
0.000000000000000000e+00
1.672359183430671692e-02
2.095292359590530396e-01
5.181669816374778748e-02
6.712908297777175903e-02
1.023423392325639725e-02
4.453746974468231201e-02
1.120249509811401367e+00
7.450007647275924683e-02
0.000000000000000000e+00
1.920305192470550537e-02
0.000000000000000000e+00
8.680661022663116455e-02
1.277525126934051514e-01
2.060397565364837646e-01
4.745646379888057709e-03
2.495950609445571899e-01
6.459964811801910400e-02
8.630437850952148438e-01
0.000000000000000000e+00
0.000000000000000000e+00
0.000000000000000000e+00
6.231790781021118164e-02
4.944089800119400024e-02
2.908345684409141541e-02
7.782966494560241699e-01
7.603602409362792969e-01
5.970138311386108398e-02
0.000000000000000000e+00
7.913718223571777344e-01
2.554749846458435059e-01
1.233314156532287598e+00
0.000000000000000000e+00
5.912442691624164581e-03
0.000000000000000000e+00
0.000000000000000000e+00
2.405405044555664062e-02
0.000000000000000000e+00
4.048437997698783875e-02
0.000000000000000000e+00
5.205409526824951172e-01
5.534042716026306152e-01
5.682405084371566772e-02
1.247399747371673584e-01
1.918592024594545364e-03
2.673863887786865234e+00
4.447277262806892395e-02
3.330749571323394775e-01
0.000000000000000000e+00
2.165663003921508789e+00
0.000000000000000000e+00
2.183112651109695435e-01
1.187584400177001953e+00
2.978940308094024658e-02
2.563027292490005493e-02
7.785984128713607788e-02
1.041146889328956604e-01
1.786000132560729980e-01
1.335568726062774658e-01
1.974981836974620819e-02
1.852692365646362305e-01
0.000000000000000000e+00
0.000000000000000000e+00
0.000000000000000000e+00
1.923355460166931152e-02
3.065025992691516876e-02
1.909174174070358276e-01
1.821556873619556427e-02
3.791015967726707458e-02
1.670560799539089203e-02
1.821059435606002808e-01
1.268477290868759155e-01
0.000000000000000000e+00
0.000000000000000000e+00
0.000000000000000000e+00
9.669981151819229126e-02
2.844215631484985352e-01
4.338191822171211243e-02
0.000000000000000000e+00
0.000000000000000000e+00
8.752070069313049316e-01
5.038734525442123413e-02
0.000000000000000000e+00
2.240339815616607666e-01
1.648410968482494354e-02
6.152851581573486328e-01
3.708568513393402100e-01
9.829146862030029297e-01
3.315017372369766235e-02
1.519655250012874603e-02
4.060251414775848389e-01
3.707523224875330925e-03
4.083969164639711380e-03
1.415655910968780518e-01
5.094061419367790222e-02
8.007336407899856567e-02
2.624884992837905884e-02
8.767858743667602539e-01
1.097175031900405884e-01
4.961641132831573486e-01
3.987675160169601440e-02
4.646133482456207275e-01
2.704417519271373749e-02
0.000000000000000000e+00
1.494163926690816879e-02
3.320779651403427124e-02
1.233663335442543030e-01
0.000000000000000000e+00
4.180607851594686508e-03
0.000000000000000000e+00
0.000000000000000000e+00
0.000000000000000000e+00
4.941951930522918701e-01
2.136051654815673828e-01
2.772086560726165771e-01
4.440553486347198486e-01
1.600538194179534912e-01
7.868087291717529297e-02
8.865167945623397827e-02
1.575309634208679199e-01
1.530576217919588089e-02
0.000000000000000000e+00
7.318758368492126465e-01
8.125330209732055664e-01
1.894626766443252563e-01
3.746952116489410400e-01
8.229445666074752808e-02
3.662770241498947144e-02
1.527849435806274414e+00
2.054241253063082695e-03
0.000000000000000000e+00
1.253588311374187469e-02
8.003443479537963867e-01
8.234235644340515137e-01
6.277702003717422485e-02
3.830434381961822510e-01
1.979190669953823090e-02
3.600431233644485474e-02
7.879946380853652954e-02
3.968243002891540527e-01
5.825781822204589844e-01
1.717414334416389465e-02
6.976443529129028320e-02
3.671431541442871094e+00
2.347260266542434692e-01
1.678406894207000732e-01
0.000000000000000000e+00
1.073649749159812927e-01
5.080018672742880881e-05
7.686302065849304199e-01
2.300368547439575195e-01
0.000000000000000000e+00
5.497783049941062927e-02
3.322394564747810364e-03
0.000000000000000000e+00
6.725922226905822754e-02
4.225295782089233398e-02
0.000000000000000000e+00
1.114187240600585938e-01
9.964912533760070801e-01
1.546355634927749634e-01
0.000000000000000000e+00
2.896340787410736084e-01
8.134967088699340820e-02
1.810316890478134155e-01
8.926586247980594635e-03
7.728919852524995804e-03
9.741734713315963745e-02
2.323810011148452759e-03
0.000000000000000000e+00
0.000000000000000000e+00
1.289107799530029297e-01
1.573368161916732788e-01
7.225399464368820190e-02
1.774197369813919067e-01
3.624520450830459595e-02
0.000000000000000000e+00
8.628471195697784424e-02
0.000000000000000000e+00
9.003753960132598877e-02
8.639560639858245850e-02
4.505486786365509033e-01
0.000000000000000000e+00
1.081760451197624207e-01
0.000000000000000000e+00
4.819624423980712891e-01
7.140377908945083618e-02
2.196285128593444824e-01
6.027915701270103455e-02
0.000000000000000000e+00
5.877435803413391113e-01
4.772521495819091797e+00
1.000850740820169449e-02
1.050156354904174805e-01
6.579880602657794952e-03
1.246458739042282104e-01
3.884482383728027344e-01
8.672989606857299805e-01
7.934871315956115723e-02
0.000000000000000000e+00
4.657903671264648438e+00
0.000000000000000000e+00
6.604842096567153931e-02
2.267995029687881470e-01
1.666965037584304810e-01
1.499891728162765503e-01
0.000000000000000000e+00
0.000000000000000000e+00
2.803586609661579132e-02
1.325946301221847534e-01
8.548082709312438965e-01
3.801704570651054382e-02
5.112687125802040100e-03
7.312434259802103043e-03
0.000000000000000000e+00
2.316109836101531982e-01
8.247746527194976807e-02
5.160954315215349197e-03
6.140588223934173584e-02
4.476942539215087891e+00
8.168512582778930664e-01
9.848950058221817017e-02
2.571492195129394531e-01
1.751025795936584473e+00
0.000000000000000000e+00
4.094363689422607422e+00
0.000000000000000000e+00
5.747091956436634064e-03
4.146550893783569336e-01
1.795624010264873505e-02
9.728518128395080566e-01
0.000000000000000000e+00
1.617186665534973145e-01
0.000000000000000000e+00
4.576051607728004456e-02
0.000000000000000000e+00
0.000000000000000000e+00
3.675338625907897949e-01
1.225897893309593201e-01
2.153867185115814209e-01
1.367942616343498230e-02
7.963571697473526001e-02
6.579339504241943359e-02
4.294191837310791016e+00
1.660335063934326172e-01
1.124301478266716003e-01
3.231166601181030273e-01
0.000000000000000000e+00
5.583304762840270996e-01
0.000000000000000000e+00
0.000000000000000000e+00
0.000000000000000000e+00
3.436265289783477783e-01
4.705651700496673584e-01
1.205378025770187378e-02
2.190838009119033813e-01
0.000000000000000000e+00
8.976927995681762695e-01
7.989835739135742188e-02
1.213107109069824219e+00
7.601366639137268066e-01
3.406876027584075928e-01
2.136927366256713867e+00
3.860734105110168457e-01
3.753174245357513428e-01
1.381404399871826172e-01
5.765509977936744690e-02
1.310335993766784668e-01
2.219074815511703491e-01
2.731935977935791016e-01
0.000000000000000000e+00
6.158975511789321899e-02
6.806114315986633301e-02
3.852826356887817383e-02
0.000000000000000000e+00
5.146502330899238586e-02
0.000000000000000000e+00
0.000000000000000000e+00
6.814630329608917236e-02
1.525457352399826050e-01
0.000000000000000000e+00
2.995923161506652832e-02
0.000000000000000000e+00
7.694738507270812988e-01
0.000000000000000000e+00
0.000000000000000000e+00
1.787678152322769165e-02
1.494042873382568359e+00
1.214025449007749557e-02
2.339003324508666992e+00
5.002887248992919922e-01
6.016559600830078125e-01
0.000000000000000000e+00
5.757156759500503540e-02
5.516843795776367188e-01
1.671542879194021225e-03
0.000000000000000000e+00
4.113277196884155273e-01
1.711879849433898926e+00
1.175914883613586426e+00
1.398948073387145996e+00
0.000000000000000000e+00
9.039177894592285156e-01
8.145790547132492065e-02
1.388344317674636841e-01
2.232253313064575195e+00
1.141351699829101562e+00
2.122592210769653320e+00
3.240588903427124023e-01
3.198803588747978210e-02
6.479976177215576172e-01
3.946590125560760498e-01
1.916434764862060547e-01
6.162185966968536377e-02
5.474527552723884583e-02
2.689445763826370239e-02
4.799526631832122803e-01
2.825722331181168556e-03
0.000000000000000000e+00
4.465714097023010254e-02
5.736828222870826721e-02
0.000000000000000000e+00
4.698631465435028076e-01
3.093787729740142822e-01
0.000000000000000000e+00
2.848107218742370605e-01
0.000000000000000000e+00
5.541909486055374146e-02
0.000000000000000000e+00
1.533589209429919720e-03
1.252382546663284302e-01
1.666457056999206543e-01
2.249949216842651367e+00
1.897430866956710815e-01
1.269751667976379395e+00
8.219712972640991211e-02
7.298039197921752930e-01
0.000000000000000000e+00
0.000000000000000000e+00
9.250373840332031250e-01
0.000000000000000000e+00
9.184433519840240479e-02
1.401699632406234741e-01
2.086376398801803589e-01
2.125105112791061401e-01
0.000000000000000000e+00
0.000000000000000000e+00
1.213243044912815094e-02
0.000000000000000000e+00
2.717117592692375183e-02
6.671475768089294434e-01
3.429263830184936523e-02
7.931205444037914276e-03
8.080156147480010986e-02
2.790257036685943604e-01
2.696932526305317879e-03
1.588628045283257961e-03
0.000000000000000000e+00
1.180321335792541504e+00
1.144285593181848526e-02
1.167474985122680664e+00
0.000000000000000000e+00
2.302085794508457184e-02
1.388779841363430023e-02
6.123304367065429688e-01
8.139320015907287598e-01
5.482588768005371094e+00
1.062769174575805664e+00
2.089558362960815430e+00
0.000000000000000000e+00
0.000000000000000000e+00
0.000000000000000000e+00
2.783764362335205078e+00
1.935511245392262936e-03
0.000000000000000000e+00
0.000000000000000000e+00
7.900874614715576172e-01
5.729071617126464844e+00
5.681516602635383606e-02
2.057990245521068573e-02
7.401574403047561646e-02
1.959533840417861938e-01
9.186127185821533203e-01
1.697397045791149139e-02
1.113003492355346680e-01
1.670100092887878418e-01
3.413995960727334023e-03
5.918055027723312378e-02
7.727315276861190796e-02
0.000000000000000000e+00
3.282189369201660156e-03
1.557777523994445801e-01
0.000000000000000000e+00
1.298327092081308365e-02
8.039861917495727539e-01
0.000000000000000000e+00
0.000000000000000000e+00
1.354316473007202148e-01
2.258840084075927734e+00
1.569598615169525146e-01
4.326564967632293701e-01
1.126774400472640991e-01
8.747935891151428223e-01
0.000000000000000000e+00
0.000000000000000000e+00
1.775788888335227966e-02
0.000000000000000000e+00
0.000000000000000000e+00
0.000000000000000000e+00
2.819141000509262085e-02
6.980534642934799194e-02
0.000000000000000000e+00
8.676426857709884644e-02
0.000000000000000000e+00
8.307146839797496796e-03
1.698419213294982910e+00
2.398326992988586426e-01
0.000000000000000000e+00
0.000000000000000000e+00
0.000000000000000000e+00
5.685153603553771973e-01
4.071014523506164551e-01
2.511506795883178711e+00
8.875259757041931152e-01
5.575180053710937500e-03
1.074667811393737793e+00
0.000000000000000000e+00
3.493328094482421875e+00
3.695733249187469482e-01
0.000000000000000000e+00
1.129322350025177002e-01
8.410017937421798706e-03
3.676137447357177734e+00
2.511620521545410156e-01
3.918773308396339417e-02
1.132942736148834229e-01
0.000000000000000000e+00
5.422273874282836914e-01
3.381242454051971436e-01
3.565585017204284668e-01
1.848566345870494843e-02
6.505445344373583794e-04
6.103337276726961136e-03
2.079794406890869141e-01
0.000000000000000000e+00
2.552544176578521729e-01
2.246324568986892700e-01
1.222959607839584351e-01
1.737403988838195801e+00
3.147378563880920410e-02
0.000000000000000000e+00
0.000000000000000000e+00
5.390979722142219543e-02
6.671447157859802246e-01
2.769545018672943115e-01
4.885309040546417236e-01
2.276508882641792297e-02
0.000000000000000000e+00
0.000000000000000000e+00
3.401080667972564697e-01
8.866526186466217041e-03
0.000000000000000000e+00
1.005126722157001495e-02
0.000000000000000000e+00
1.451012492179870605e-01
2.172822505235671997e-01
2.202117443084716797e-01
7.541549205780029297e-02
0.000000000000000000e+00
0.000000000000000000e+00
8.623286150395870209e-03
6.670969724655151367e-02
0.000000000000000000e+00
4.596019908785820007e-02
8.619396388530731201e-02
1.265607587993144989e-02
3.771798312664031982e-01
0.000000000000000000e+00
0.000000000000000000e+00
1.838704012334346771e-02
1.071085810661315918e+00
6.763567682355642319e-03
0.000000000000000000e+00
1.237600669264793396e-02
6.552431732416152954e-02
6.269663572311401367e-02
0.000000000000000000e+00
0.000000000000000000e+00
1.791661977767944336e+00
3.539129793643951416e-01
3.233691304922103882e-02
1.843356043100357056e-01
3.120950162410736084e-01
0.000000000000000000e+00
0.000000000000000000e+00
1.895149424672126770e-02
3.914832696318626404e-02
9.618351608514785767e-02
6.255370378494262695e-01
2.509787678718566895e-02
2.502517029643058777e-02
0.000000000000000000e+00
0.000000000000000000e+00
1.283994615077972412e-01
0.000000000000000000e+00
3.076481074094772339e-02
4.810216487385332584e-04
2.223452180624008179e-02
3.630048930644989014e-01
0.000000000000000000e+00
2.570064067840576172e-01
0.000000000000000000e+00
1.744425296783447266e-01
2.369918376207351685e-01
3.176058828830718994e-01
1.358536072075366974e-02
0.000000000000000000e+00
4.343582391738891602e-01
0.000000000000000000e+00
0.000000000000000000e+00
1.995294587686657906e-03
0.000000000000000000e+00
5.801861882209777832e-01
0.000000000000000000e+00
5.117997527122497559e-01
1.211652925121597946e-04
7.086309045553207397e-02
2.534266375005245209e-02
8.580383658409118652e-02
1.047628652304410934e-02
2.253436088562011719e+00
3.822572231292724609e-01
0.000000000000000000e+00
4.987373054027557373e-01
2.643232643604278564e-01
4.125979542732238770e-02
1.084229126572608948e-01
0.000000000000000000e+00
3.866657018661499023e-01
2.606349252164363861e-02
0.000000000000000000e+00
5.837050676345825195e-01
3.290252014994621277e-02
1.053401082754135132e-01
2.403297871351242065e-01
7.149805780500173569e-03
0.000000000000000000e+00
8.602365255355834961e-01
1.997382044792175293e-01
6.349019408226013184e-01
1.663705520331859589e-02
0.000000000000000000e+00
2.272715419530868530e-02
1.119429245591163635e-02
7.527229189872741699e-01
2.333801388740539551e-01
3.579965829849243164e-01
5.279137492179870605e-01
6.851835548877716064e-02
7.483325004577636719e-01
3.293809667229652405e-02
2.434380948543548584e-01
8.946673944592475891e-03
0.000000000000000000e+00
1.361539401113986969e-02
2.861938476562500000e-01
6.698306202888488770e-01
3.940428495407104492e-01
4.210544228553771973e-01
0.000000000000000000e+00
2.926518954336643219e-02
1.793743856251239777e-02
2.667392790317535400e-01
1.707139760255813599e-01
2.633552066981792450e-04
1.454889059066772461e+00
1.993067413568496704e-01
0.000000000000000000e+00
0.000000000000000000e+00
2.818289399147033691e-01
0.000000000000000000e+00
1.987843662500381470e-01
2.754437923431396484e-01
6.438825279474258423e-02
2.287053875625133514e-02
3.925347626209259033e-01
4.681172966957092285e-01
6.921009160578250885e-03
1.797637343406677246e+00
1.128287985920906067e-02
4.919584095478057861e-01
2.638233602046966553e-01
6.136210262775421143e-02
7.496312260627746582e-02
8.964365720748901367e-02
5.688723921775817871e-01
5.512934178113937378e-02
4.539675414562225342e-01
0.000000000000000000e+00
1.458505749702453613e+00
6.946460008621215820e-01
3.267128020524978638e-02
0.000000000000000000e+00
9.752403497695922852e-01
0.000000000000000000e+00
3.954247385263442993e-02
0.000000000000000000e+00
1.407928466796875000e-01
5.024091005325317383e-01
2.433185651898384094e-02
1.507637500762939453e-01
1.015292167663574219e+00
1.881770342588424683e-01
2.445845678448677063e-02
1.188341975212097168e+00
3.234331309795379639e-02
1.611849963665008545e-01
3.000821359455585480e-02
0.000000000000000000e+00
4.125767201185226440e-02
3.943126797676086426e-01
3.124603033065795898e-01
0.000000000000000000e+00
5.308049265295267105e-03
2.316991388797760010e-01
1.713274866342544556e-01
1.032959483563899994e-02
8.838874101638793945e-01
0.000000000000000000e+00
1.337862014770507812e-01
1.444178700447082520e+00
0.000000000000000000e+00
0.000000000000000000e+00
6.825675815343856812e-02
1.952518224716186523e-01
6.559677124023437500e-01
1.284589320421218872e-01
7.168049365282058716e-02
1.267287693917751312e-02
2.797617316246032715e-01
2.186494827270507812e+00
0.000000000000000000e+00
2.955225482583045959e-02
5.114250630140304565e-02
2.056387662887573242e-01
1.307928711175918579e-01
2.650591433048248291e-01
1.884918361902236938e-01
0.000000000000000000e+00
2.492180466651916504e-02
7.777444273233413696e-02
2.832373082637786865e-01
0.000000000000000000e+00
5.267758853733539581e-03
2.447562851011753082e-02
9.019783884286880493e-02
5.395766496658325195e-01
3.457413613796234131e-01
0.000000000000000000e+00
2.571892142295837402e-01
8.104980736970901489e-02
2.831025922205299139e-04
1.508723258972167969e+00
3.967190161347389221e-02
0.000000000000000000e+00
5.752890557050704956e-02
0.000000000000000000e+00
3.441642522811889648e-01
4.775579869747161865e-01
0.000000000000000000e+00
1.206222474575042725e-01
3.610395193099975586e-01
2.740150503814220428e-02
3.992406427860260010e-01
4.565856456756591797e-01
4.164638817310333252e-01
4.827962517738342285e-01
1.771000474691390991e-01
4.936788696795701981e-03
0.000000000000000000e+00
0.000000000000000000e+00
5.820943713188171387e-01
1.153322402387857437e-02
6.138687133789062500e-01
3.406155109405517578e-02
0.000000000000000000e+00
3.316306322813034058e-02
1.286483287811279297e+00
5.330810695886611938e-02
9.221784770488739014e-03
1.020164132118225098e+00
7.842489480972290039e-01
0.000000000000000000e+00
8.770026206970214844e+00
0.000000000000000000e+00
0.000000000000000000e+00
1.854637861251831055e-01
5.125951766967773438e-02
1.220462284982204437e-02
4.668834507465362549e-01
3.031095489859580994e-02
1.753743854351341724e-03
5.015196800231933594e-01
5.851458311080932617e-01
6.696332246065139771e-02
9.247767738997936249e-03
0.000000000000000000e+00
2.974692583084106445e-01
2.449229717254638672e+00
2.245496958494186401e-02
0.000000000000000000e+00
1.269009113311767578e-01
1.854130744934082031e+00
1.510923821479082108e-02
0.000000000000000000e+00
4.758391994982957840e-03
6.854526698589324951e-03
4.151105880737304688e-03
1.168940798379480839e-03
3.319395482540130615e-01
6.351432204246520996e-01
0.000000000000000000e+00
4.297014474868774414e-01
2.538087368011474609e-01
0.000000000000000000e+00
6.440392136573791504e-01
2.334299087524414062e+00
0.000000000000000000e+00
0.000000000000000000e+00
7.583340257406234741e-02
5.462579250335693359e+00
2.256266176700592041e-01
1.740126684308052063e-02
1.067509129643440247e-02
1.280490159988403320e-01
0.000000000000000000e+00
2.911680638790130615e-01
0.000000000000000000e+00
4.215935766696929932e-01
0.000000000000000000e+00
6.958515942096710205e-02
0.000000000000000000e+00
5.791126489639282227e-01
6.066855788230895996e-02
0.000000000000000000e+00
0.000000000000000000e+00
3.660380363464355469e+00
7.078405469655990601e-02
4.159324467182159424e-01
2.101736545562744141e+00
4.147501289844512939e-02
0.000000000000000000e+00
3.179882839322090149e-02
5.164898633956909180e-01
1.835493594408035278e-01
6.253780424594879150e-02
0.000000000000000000e+00
1.060449361801147461e+00
6.767176389694213867e-01
3.300759494304656982e-01
0.000000000000000000e+00
5.573414266109466553e-02
0.000000000000000000e+00
3.723578527569770813e-02
5.490409135818481445e-01
1.605668663978576660e-02
1.755926012992858887e-01
7.012792676687240601e-02
6.930718664079904556e-03
0.000000000000000000e+00
7.201508432626724243e-02
0.000000000000000000e+00
2.372983932495117188e+00
2.850696742534637451e-01
0.000000000000000000e+00
2.403263896703720093e-01
3.231967091560363770e-01
1.847474277019500732e-02
2.176746353507041931e-02
5.360032664611935616e-04
1.308611333370208740e-01
1.322441920638084412e-02
1.470469236373901367e+00
9.542328119277954102e-02
3.650068640708923340e-01
0.000000000000000000e+00
8.898124843835830688e-02
8.148950338363647461e-01
0.000000000000000000e+00
2.215831041336059570e+00
2.267608195543289185e-01
0.000000000000000000e+00
7.649845629930496216e-02
1.568160206079483032e-02
0.000000000000000000e+00
4.158903658390045166e-02
1.067150950431823730e+00
2.600920945405960083e-02
9.291728585958480835e-02
2.070201188325881958e-01
1.799126900732517242e-02
1.091663241386413574e+00
5.768799781799316406e-01
3.640232086181640625e-01
2.889042533934116364e-02
1.062159519642591476e-02
0.000000000000000000e+00
6.454323977231979370e-02
0.000000000000000000e+00
2.842474579811096191e-01
6.774225831031799316e-02
1.261511802673339844e+00
1.175194621086120605e+00
3.130819275975227356e-02
1.121366247534751892e-01
1.473468914628028870e-02
2.251254469156265259e-01
2.127464056015014648e+00
1.010722756385803223e+00
0.000000000000000000e+00
1.277479575946927071e-03
5.999721959233283997e-02
8.753837347030639648e-01
2.473096549510955811e-02
5.608761906623840332e-01
0.000000000000000000e+00
3.531307727098464966e-02
2.217739969491958618e-01
9.286832213401794434e-01
8.986157365143299103e-03
5.577605217695236206e-02
0.000000000000000000e+00
1.081198006868362427e-01
1.172721982002258301e-01
2.492924928665161133e-01
1.015882080537267029e-04
1.688789129257202148e-01
2.425954490900039673e-02
3.074744939804077148e-01
2.966145277023315430e-01
4.969027996063232422e+00
0.000000000000000000e+00
2.346725612878799438e-01
0.000000000000000000e+00
3.044792413711547852e-01
4.155904054641723633e-02
0.000000000000000000e+00
0.000000000000000000e+00
1.247213333845138550e-01
2.903877943754196167e-02
0.000000000000000000e+00
7.382476925849914551e-01
4.934953153133392334e-02
1.426196563988924026e-02
4.900483042001724243e-02
3.140391707420349121e-01
1.728873401880264282e-01
2.494910731911659241e-02
3.565743863582611084e-01
0.000000000000000000e+00
0.000000000000000000e+00
1.764804869890213013e-01
2.102484460920095444e-03
7.653134465217590332e-01
1.671878993511199951e-02
4.869554936885833740e-01
1.528379678726196289e+00
7.409950718283653259e-03
0.000000000000000000e+00
9.494014829397201538e-02
0.000000000000000000e+00
0.000000000000000000e+00
6.039313157089054585e-04
0.000000000000000000e+00
2.221773386001586914e+00
2.611113898456096649e-02
5.417071655392646790e-02
0.000000000000000000e+00
4.969776272773742676e-01
0.000000000000000000e+00
5.281689167022705078e-01
5.171590447425842285e-01
3.942328318953514099e-02
1.298529505729675293e-01
1.681114137172698975e-01
4.345580041408538818e-01
8.111623674631118774e-02
1.054835692048072815e-02
1.943884044885635376e-02
1.098108217120170593e-01
2.444359473884105682e-02
7.633354514837265015e-02
1.443889141082763672e-01
2.404758147895336151e-02
3.459266945719718933e-02
8.052624017000198364e-02
1.309439092874526978e-01
1.702755130827426910e-02
3.993956148624420166e-01
0.000000000000000000e+00
0.000000000000000000e+00
4.442306980490684509e-02
0.000000000000000000e+00
1.980612426996231079e-01
1.538475453853607178e-01
5.036596208810806274e-02
4.750196635723114014e-02
3.612796217203140259e-02
0.000000000000000000e+00
1.135452389717102051e+00
1.048696413636207581e-01
1.683360338211059570e-01
2.012312412261962891e-01
