2.820745110511779785e-01
4.089536964893341064e-01
1.885481625795364380e-01
3.467416465282440186e-01
4.529724642634391785e-02
1.981820911169052124e-01
0.000000000000000000e+00
2.233481407165527344e-02
2.266263008117675781e+00
4.775775671005249023e-01
2.633495330810546875e-01
3.275983631610870361e-01
3.908077180385589600e-01
2.876342274248600006e-02
7.649458944797515869e-02
2.389639317989349365e-01
0.000000000000000000e+00
2.879537642002105713e-01
4.786427319049835205e-02
1.613544344902038574e+00
7.061249613761901855e-01
4.247551411390304565e-02
2.286687260493636131e-03
2.173360586166381836e-01
1.632224917411804199e-01
1.074795350432395935e-01
8.962859958410263062e-02
0.000000000000000000e+00
3.716313242912292480e-01
2.786367014050483704e-02
0.000000000000000000e+00
4.111808538436889648e-01
1.434194762259721756e-02
4.990675151348114014e-01
0.000000000000000000e+00
9.662150405347347260e-03
4.159183800220489502e-02
6.459664702415466309e-01
9.565042704343795776e-02
0.000000000000000000e+00
7.523913867771625519e-03
1.501251757144927979e-02
4.509605839848518372e-02
3.897685091942548752e-03
3.039896488189697266e-01
8.102358877658843994e-02
6.895941495895385742e-02
2.615098655223846436e-02
5.049762502312660217e-02
2.433354556560516357e-01
3.682393431663513184e-01
1.529686301946640015e-01
4.244008287787437439e-02
8.946783840656280518e-03
0.000000000000000000e+00
2.859470248222351074e-01
0.000000000000000000e+00
4.327396452426910400e-01
4.221335351467132568e-01
6.684718132019042969e-01
9.547651410102844238e-01
5.030010938644409180e-01
1.904305629432201385e-02
2.630558907985687256e-01
1.080677032470703125e+00
1.168840527534484863e-01
1.736546874046325684e+00
9.873019456863403320e-01
4.614435434341430664e-01
5.295018106698989868e-02
5.156978964805603027e-01
3.947852924466133118e-02
0.000000000000000000e+00
4.095408022403717041e-01
1.013679981231689453e+00
5.850939750671386719e-01
7.222620248794555664e-01
6.435502171516418457e-01
2.833364725112915039e+00
3.599561378359794617e-02
1.920586228370666504e-01
3.969039767980575562e-02
1.709481030702590942e-01
0.000000000000000000e+00
4.425459206104278564e-01
1.636714488267898560e-01
6.334775686264038086e-01
0.000000000000000000e+00
2.759198844432830811e-01
1.480213701725006104e-01
6.197904422879219055e-02
7.751803845167160034e-02
7.453305181115865707e-03
1.365258693695068359e-01
1.796552911400794983e-02
1.143889725208282471e-01
3.020211458206176758e-01
3.886141479015350342e-01
9.643120765686035156e-01
5.033429861068725586e-01
2.932617366313934326e-01
1.074843764305114746e+00
5.707851409912109375e+00
5.487103939056396484e+00
6.681401729583740234e-01
0.000000000000000000e+00
1.235155761241912842e-01
5.849665999412536621e-01
3.050446510314941406e-01
3.304689228534698486e-01
0.000000000000000000e+00
9.688711911439895630e-02
6.685876101255416870e-02
4.372595846652984619e-01
1.685820706188678741e-02
5.961441993713378906e-01
1.127655655145645142e-01
1.535173207521438599e-01
8.315483480691909790e-02
2.430311441421508789e-01
3.983552753925323486e-02
8.626210503280162811e-03
0.000000000000000000e+00
2.331335544586181641e-01
5.949975013732910156e+00
4.037247896194458008e-01
1.400915831327438354e-01
5.855338573455810547e-01
1.485474109649658203e-01
0.000000000000000000e+00
3.652477636933326721e-02
9.952026605606079102e-01
2.199372798204421997e-01
7.198463380336761475e-02
0.000000000000000000e+00
2.262152135372161865e-01
1.292837262153625488e+00
6.502523273229598999e-02
2.162126302719116211e+00
0.000000000000000000e+00
1.374433279037475586e+00
9.526131302118301392e-02
1.887512207031250000e-01
2.785804495215415955e-02
5.042694807052612305e-01
1.084484979510307312e-01
2.348074197769165039e+00
4.753801599144935608e-02
4.194155335426330566e-01
5.007673427462577820e-02
4.344177544116973877e-01
7.102967053651809692e-02
3.929191827774047852e-02
4.661240149289369583e-03
4.078910648822784424e-01
3.366135060787200928e-01
9.772443026304244995e-02
1.369299411773681641e+00
8.770408481359481812e-02
4.395174682140350342e-01
3.104394078254699707e-01
3.451814055442810059e-01
8.474026918411254883e-01
4.623060300946235657e-02
6.968477368354797363e-01
1.791838109493255615e-01
8.197286725044250488e-01
1.434629503637552261e-02
8.402386307716369629e-01
3.386229276657104492e-01
8.582933545112609863e-01
5.552246570587158203e-01
1.010600328445434570e-01
9.806182384490966797e-01
2.155382744967937469e-02
4.427931904792785645e-01
4.119780063629150391e-01
1.000617444515228271e-01
0.000000000000000000e+00
1.251494169235229492e+00
2.322022058069705963e-02
3.608295619487762451e-01
9.293931722640991211e-02
9.500145316123962402e-01
1.116359606385231018e-01
5.382335782051086426e-01
4.279034733772277832e-01
4.813351109623908997e-02
8.583074808120727539e-02
0.000000000000000000e+00
7.289638370275497437e-02
2.428444772958755493e-01
6.424235105514526367e-01
3.957832753658294678e-01
0.000000000000000000e+00
7.076443731784820557e-02
4.861596524715423584e-01
1.725364029407501221e-01
1.169633492827415466e-01
1.235798478126525879e+00
3.973209857940673828e-02
5.029279366135597229e-02
8.643697202205657959e-02
7.058749441057443619e-03
0.000000000000000000e+00
1.012504026293754578e-01
5.635986477136611938e-02
2.149271667003631592e-01
0.000000000000000000e+00
1.397554576396942139e-01
3.394635394215583801e-02
6.713236868381500244e-02
0.000000000000000000e+00
9.391224384307861328e-02
0.000000000000000000e+00
5.148327827453613281e+00
1.656310260295867920e-01
3.022786974906921387e-01
9.943071007728576660e-02
1.605755090713500977e-01
4.872160404920578003e-02
1.564306207001209259e-02
4.236254394054412842e-01
0.000000000000000000e+00
3.539673984050750732e-02
8.901268988847732544e-02
0.000000000000000000e+00
1.219758484512567520e-02
3.340704739093780518e-01
3.387947976589202881e-01
0.000000000000000000e+00
4.856725782155990601e-02
6.992044392973184586e-03
3.395615518093109131e-01
6.158528327941894531e-01
0.000000000000000000e+00
4.352699965238571167e-02
1.170296430587768555e+00
3.973196819424629211e-02
6.910303831100463867e-01
1.684673279523849487e-01
2.074182927608489990e-01
7.103685736656188965e-01
1.285637855529785156e+00
6.513065844774246216e-02
2.952848076820373535e-01
0.000000000000000000e+00
1.488646725192666054e-03
6.861010193824768066e-01
1.390151500701904297e+00
1.756336167454719543e-02
0.000000000000000000e+00
3.600807487964630127e-01
2.204541303217411041e-02
1.608430743217468262e-01
6.109958887100219727e-01
4.567294195294380188e-02
0.000000000000000000e+00
3.218360841274261475e-01
3.665497899055480957e-02
1.007265523076057434e-01
6.619680523872375488e-01
7.145404219627380371e-01
6.715791821479797363e-01
3.705784678459167480e-01
1.181226074695587158e-01
2.073638141155242920e-01
4.743475914001464844e-01
2.711251378059387207e-01
1.912247836589813232e-01
1.596056818962097168e-01
1.683842897415161133e+00
7.579654455184936523e-02
3.413585424423217773e-01
5.342499166727066040e-02
1.385047078132629395e+00
9.036176204681396484e-01
1.513548940420150757e-01
5.674002766609191895e-01
8.912181481719017029e-03
9.038133174180984497e-02
1.427562236785888672e-01
2.773487269878387451e-01
1.735200136899948120e-01
0.000000000000000000e+00
2.190759032964706421e-01
1.802734136581420898e-01
9.573379158973693848e-02
1.053851962089538574e+00
5.931180119514465332e-01
8.422415703535079956e-02
4.688246250152587891e-01
5.506285429000854492e-01
0.000000000000000000e+00
3.260094381403177977e-04
5.175254344940185547e-01
2.515004873275756836e-01
1.068403646349906921e-01
0.000000000000000000e+00
4.552272856235504150e-01
7.195670902729034424e-02
5.503987893462181091e-03
2.644303441047668457e-01
6.163736581802368164e-01
3.643732368946075439e-01
2.839838713407516479e-02
8.087946474552154541e-02
4.383521974086761475e-01
2.838123738765716553e-01
9.711831808090209961e-01
1.856578707695007324e+00
4.248917996883392334e-01
1.316374540328979492e+00
0.000000000000000000e+00
4.341438412666320801e-02
1.211773753166198730e-01
3.683966398239135742e-01
1.005883887410163879e-01
1.947792246937751770e-02
0.000000000000000000e+00
3.660769164562225342e-01
0.000000000000000000e+00
0.000000000000000000e+00
8.823850005865097046e-02
1.406536251306533813e-01
3.303002417087554932e-01
7.056801319122314453e-01
3.480344414710998535e-01
6.611244380474090576e-02
6.879501342773437500e-01
7.008437812328338623e-02
1.146739363670349121e+00
1.788324266672134399e-01
1.082161888480186462e-01
7.449126243591308594e-01
6.368072330951690674e-02
1.082107275724411011e-01
1.155717764049768448e-02
1.991952896118164062e+00
1.670644134283065796e-01
3.007965981960296631e-01
4.157531261444091797e-01
8.016142845153808594e-01
1.983165502548217773e+00
1.428174078464508057e-01
2.422645129263401031e-02
0.000000000000000000e+00
5.222219228744506836e-02
7.908993400633335114e-03
6.312119960784912109e-01
4.022431969642639160e-01
4.225374385714530945e-02
2.944798171520233154e-01
0.000000000000000000e+00
3.192223235964775085e-02
0.000000000000000000e+00
1.656910777091979980e-02
1.604472696781158447e-01
2.787574827671051025e-01
1.357535924762487411e-02
0.000000000000000000e+00
7.895343005657196045e-02
4.688446968793869019e-02
0.000000000000000000e+00
3.828558921813964844e-01
1.041488572955131531e-01
2.886158227920532227e-01
5.542326718568801880e-03
4.279143363237380981e-02
0.000000000000000000e+00
9.912827610969543457e-02
1.113832220435142517e-01
1.467691898345947266e+00
2.861477136611938477e-01
0.000000000000000000e+00
9.160289168357849121e-02
2.015392854809761047e-02
1.708495058119297028e-02
1.497356593608856201e-01
8.071941137313842773e-02
1.358844190835952759e-01
6.792261451482772827e-02
4.300295352935791016e+00
2.778004705905914307e-01
9.699346423149108887e-01
1.905561536550521851e-01
8.338760733604431152e-01
4.278282821178436279e-02
2.425007708370685577e-02
6.933688521385192871e-01
4.555451124906539917e-02
5.317401885986328125e-02
4.382443055510520935e-02
0.000000000000000000e+00
2.179364711046218872e-01
3.436233401298522949e-01
7.697957754135131836e-02
7.294630259275436401e-02
1.062162518501281738e-01
3.463260531425476074e-01
1.387095808982849121e+00
2.766215987503528595e-02
1.888640108518302441e-04
4.400216974318027496e-03
9.917312860488891602e-01
1.352206319570541382e-01
4.699555635452270508e-01
4.878907799720764160e-01
2.470561861991882324e-01
7.601940073072910309e-03
2.686831727623939514e-02
4.609046503901481628e-02
4.496364295482635498e-02
0.000000000000000000e+00
6.302413344383239746e-02
5.886369198560714722e-02
8.084117434918880463e-03
1.482181996107101440e-01
1.394929289817810059e-01
9.039404988288879395e-02
0.000000000000000000e+00
9.739990234375000000e-01
1.340288901701569557e-03
3.685314655303955078e-01
2.420723140239715576e-01
7.298018932342529297e-01
0.000000000000000000e+00
1.373698469251394272e-03
3.324758028611540794e-03
0.000000000000000000e+00
1.067807301878929138e-01
7.623793184757232666e-02
1.803649544715881348e+00
2.123098969459533691e-01
3.740326315164566040e-02
3.131865337491035461e-02
5.485484600067138672e-01
4.682954458985477686e-04
0.000000000000000000e+00
3.983556106686592102e-02
3.440458476543426514e-01
6.553280353546142578e-02
1.251073777675628662e-01
2.035998851060867310e-01
1.229882538318634033e-01
0.000000000000000000e+00
1.115014195442199707e+00
5.963685512542724609e-01
1.099566668272018433e-01
7.262627780437469482e-02
1.677030324935913086e+00
5.211172252893447876e-02
5.967903509736061096e-02
2.830615267157554626e-02
2.999894022941589355e-01
1.968010663986206055e-01
4.508558660745620728e-02
5.114842578768730164e-02
0.000000000000000000e+00
5.332331657409667969e-01
1.753276288509368896e-01
3.565276145935058594e+00
4.137293100357055664e-01
1.400610357522964478e-01
3.532401025295257568e-01
3.151848539710044861e-02
0.000000000000000000e+00
0.000000000000000000e+00
5.949676036834716797e-03
3.159254090860486031e-03
1.593556255102157593e-01
8.621133565902709961e-01
7.080348581075668335e-02
7.829748392105102539e-01
5.342375636100769043e-01
1.172150000929832458e-01
0.000000000000000000e+00
1.606789231300354004e-02
3.373766839504241943e-01
2.377823740243911743e-01
3.225747644901275635e-01
3.350479006767272949e-01
7.888691127300262451e-02
1.135778665542602539e+00
6.381108760833740234e-01
0.000000000000000000e+00
4.348208308219909668e-01
1.729740947484970093e-01
7.176712751388549805e-01
3.234071433544158936e-01
2.734322547912597656e-01
1.473506212234497070e+00
8.407218009233474731e-02
1.122981891967356205e-03
4.342408180236816406e-01
8.483582139015197754e-01
4.569115117192268372e-02
3.077943623065948486e-02
3.572212457656860352e-01
0.000000000000000000e+00
0.000000000000000000e+00
9.921999275684356689e-02
1.788613915443420410e+00
2.423004992306232452e-02
4.176164269447326660e-01
2.619371376931667328e-02
1.429611206054687500e+00
9.378557652235031128e-02
9.673317074775695801e-01
0.000000000000000000e+00
1.223111432045698166e-02
2.923675537109375000e+00
4.381943702697753906e+00
3.587462306022644043e-01
2.700222432613372803e-01
0.000000000000000000e+00
7.995341420173645020e-01
5.171104073524475098e-01
0.000000000000000000e+00
1.075179204344749451e-01
8.096680641174316406e-01
9.263015985488891602e-01
3.173101842403411865e-01
7.784497141838073730e-01
1.872089877724647522e-02
6.020879745483398438e-01
3.948767483234405518e-01
1.856819167733192444e-02
2.810394763946533203e-01
2.376827597618103027e-02
4.112775623798370361e-02
4.139002859592437744e-01
1.154214739799499512e-01
0.000000000000000000e+00
1.617890834808349609e+00
2.995395362377166748e-01
1.132969930768013000e-01
1.813059329986572266e+00
1.348141767084598541e-02
1.117402315139770508e+00
1.141016464680433273e-02
7.371257990598678589e-02
2.173444747924804688e+00
5.019460916519165039e-01
1.070147752761840820e-01
6.085343360900878906e-01
1.915485262870788574e-01
1.959547633305191994e-03
1.325657963752746582e-01
8.598142862319946289e-02
1.689729243516921997e-01
0.000000000000000000e+00
1.058917567133903503e-01
1.434403061866760254e-01
7.387306541204452515e-02
1.019562959671020508e+00
3.704307973384857178e-01
5.481586977839469910e-02
0.000000000000000000e+00
8.288719654083251953e-01
4.567621946334838867e-01
7.760370522737503052e-02
1.701226115226745605e+00
9.035949409008026123e-02
2.679564803838729858e-02
0.000000000000000000e+00
2.149030715227127075e-01
2.249635197222232819e-02
2.502932399511337280e-02
4.896302819252014160e-01
2.303037606179714203e-02
4.239088390022516251e-03
0.000000000000000000e+00
1.079964172095060349e-02
1.966309845447540283e-01
4.480783641338348389e-02
7.412693649530410767e-02
1.355404555797576904e-01
8.775380849838256836e-01
5.962232500314712524e-02
0.000000000000000000e+00
7.567191123962402344e-02
8.675598353147506714e-02
6.803244818001985550e-03
9.733875095844268799e-02
3.418713510036468506e-01
1.660457104444503784e-01
5.259533971548080444e-02
2.151927709579467773e+00
1.260040402412414551e-01
1.227009017020463943e-02
3.631354495882987976e-02
5.032861828804016113e-01
3.503968417644500732e-01
3.113373219966888428e-01
3.782626241445541382e-03
2.876499667763710022e-02
8.443993330001831055e-01
9.095789194107055664e-01
0.000000000000000000e+00
9.875044226646423340e-02
0.000000000000000000e+00
6.989518180489540100e-03
4.051526486873626709e-01
1.275930553674697876e-01
0.000000000000000000e+00
2.054689079523086548e-02
5.378282666206359863e-01
2.231621593236923218e-01
5.608033016324043274e-02
3.023452758789062500e-01
2.291176468133926392e-02
0.000000000000000000e+00
6.036699414253234863e-01
6.229870319366455078e-01
3.441066741943359375e-01
4.320913851261138916e-01
5.884450674057006836e-01
2.760009467601776123e-02
3.268290543928742409e-03
0.000000000000000000e+00
7.900907844305038452e-02
4.129507215111516416e-05
9.339954704046249390e-02
1.294193416833877563e-01
1.432418674230575562e-01
5.416318178176879883e-01
1.950251579284667969e+00
2.272655963897705078e-01
0.000000000000000000e+00
2.231183946132659912e-01
1.615444868803024292e-01
3.418556600809097290e-02
5.835948977619409561e-03
0.000000000000000000e+00
8.289349675178527832e-01
1.082990616559982300e-01
0.000000000000000000e+00
1.766700744628906250e-01
3.266354091465473175e-03
1.575561165809631348e+00
6.503834724426269531e-01
1.562384963035583496e+00
5.931854844093322754e-01
4.357634857296943665e-02
2.096713781356811523e-01
5.544888600707054138e-02
1.650395244359970093e-01
2.650587446987628937e-02
1.424452960491180420e-01
3.110045008361339569e-02
0.000000000000000000e+00
6.018399074673652649e-02
2.641430616378784180e+00
7.378466129302978516e-01
5.246348977088928223e-01
9.112489409744739532e-03
2.998318672180175781e-01
4.783042669296264648e-01
2.866072654724121094e+00
8.416717052459716797e-01
1.553174108266830444e-01
1.623794555664062500e+00
0.000000000000000000e+00
0.000000000000000000e+00
7.634717226028442383e-02
0.000000000000000000e+00
1.218063291162252426e-02
2.210560798645019531e+00
3.082593530416488647e-02
6.915398687124252319e-02
2.765642851591110229e-02
4.606821537017822266e-01
0.000000000000000000e+00
7.090924773365259171e-03
8.280319720506668091e-02
1.436151027679443359e+00
2.882103994488716125e-02
1.845530420541763306e-01
5.623951088637113571e-03
8.618772029876708984e-03
3.681343495845794678e-01
0.000000000000000000e+00
1.492019295692443848e+00
2.827878892421722412e-01
3.151924312114715576e-01
6.642240285873413086e-02
9.706489741802215576e-03
7.391056045889854431e-03
3.388195857405662537e-02
5.711489319801330566e-01
1.242864847183227539e+00
2.576869539916515350e-02
0.000000000000000000e+00
2.202322483062744141e-01
0.000000000000000000e+00
7.067383732646703720e-03
3.033185899257659912e-01
3.061417639255523682e-01
5.198582410812377930e-01
1.777433395385742188e+00
1.639453023672103882e-01
1.929571777582168579e-01
8.363167643547058105e-01
9.747923351824283600e-03
4.715636372566223145e-01
2.364211529493331909e-01
6.573409587144851685e-02
2.704079449176788330e-02
8.105644583702087402e-02
1.080312654376029968e-01
4.516028240323066711e-02
1.235561743378639221e-01
2.347694486379623413e-01
5.319785475730895996e-01
0.000000000000000000e+00
4.772947132587432861e-01
6.182877421379089355e-01
1.212787628173828125e-02
0.000000000000000000e+00
4.918980225920677185e-02
7.714058738201856613e-03
1.544509828090667725e-02
4.225616157054901123e-01
5.782102942466735840e-01
0.000000000000000000e+00
5.711241960525512695e-01
3.628909960389137268e-02
0.000000000000000000e+00
3.579916805028915405e-02
1.507514119148254395e+00
3.579473868012428284e-02
4.912395775318145752e-01
2.471376657485961914e+00
3.598021343350410461e-02
6.690334677696228027e-01
8.145017623901367188e-01
1.429004594683647156e-02
1.393164157867431641e+00
1.708534061908721924e-01
2.752788305282592773e+00
1.022439479827880859e+00
1.239769277162849903e-03
5.669385660439729691e-03
0.000000000000000000e+00
5.127506703138351440e-02
1.612960360944271088e-02
9.951398521661758423e-02
3.479484319686889648e-01
1.579610854387283325e-01
7.320070266723632812e-01
3.160030022263526917e-02
3.783325105905532837e-02
0.000000000000000000e+00
1.310846060514450073e-01
3.439452648162841797e-01
3.357631713151931763e-02
2.522941231727600098e-01
5.506197214126586914e-01
3.751169741153717041e-01
1.730390638113021851e-02
2.138664245605468750e+00
1.585028879344463348e-02
4.505103081464767456e-02
9.108615666627883911e-02
3.915863037109375000e-01
1.134185399860143661e-02
1.301496326923370361e-01
1.442627981305122375e-02
4.931858479976654053e-01
1.389928162097930908e-01
2.325797230005264282e-01
8.903184905648231506e-03
1.485327482223510742e-01
7.615996897220611572e-02
7.147381901741027832e-01
5.850848555564880371e-01
2.114240266382694244e-02
0.000000000000000000e+00
1.127294898033142090e+00
2.253423780202865601e-01
4.687050879001617432e-01
5.008445307612419128e-02
1.708878390491008759e-02
6.913502514362335205e-02
2.363924831151962280e-01
0.000000000000000000e+00
1.312149763107299805e-01
1.247703433036804199e-01
9.490021467208862305e-01
1.989860385656356812e-01
0.000000000000000000e+00
4.086046945303678513e-03
4.354696720838546753e-02
2.272759974002838135e-01
2.513454854488372803e-01
2.459868341684341431e-01
4.801719635725021362e-02
1.191959157586097717e-01
1.721966266632080078e-01
8.179754950106143951e-03
1.818145632743835449e+00
2.534487843513488770e-01
0.000000000000000000e+00
2.146548628807067871e-01
9.023690223693847656e-01
0.000000000000000000e+00
3.490570485591888428e-01
2.331136167049407959e-01
6.464161872863769531e-01
7.464593509212136269e-04
7.389926165342330933e-02
1.489145457744598389e-01
0.000000000000000000e+00
3.343468904495239258e-02
6.516686677932739258e-01
9.475452899932861328e-01
1.511778980493545532e-01
3.823685944080352783e-01
3.461043834686279297e-01
1.267626322805881500e-02
1.451348423957824707e+00
3.763856589794158936e-01
7.526708394289016724e-02
8.470325917005538940e-02
3.210538625717163086e-02
4.167262464761734009e-03
5.139288902282714844e-01
0.000000000000000000e+00
3.776190876960754395e-01
1.684629321098327637e-01
1.352818310260772705e-01
3.309525549411773682e-01
2.396586686372756958e-01
2.848356403410434723e-02
4.444816336035728455e-02
1.320488750934600830e-01
3.409811258316040039e-01
0.000000000000000000e+00
7.275938987731933594e-03
9.224413037300109863e-01
2.909022010862827301e-02
2.374846339225769043e-01
3.128252625465393066e-01
3.948297500610351562e+00
3.179523944854736328e-01
2.177293300628662109e-01
2.148706018924713135e-01
2.150962352752685547e-01
3.054604530334472656e-01
1.439842730760574341e-01
5.137069821357727051e-01
1.338787972927093506e-01
2.646146528422832489e-02
5.307353287935256958e-02
5.616291761398315430e-01
3.515913188457489014e-01
7.252258062362670898e-01
6.791096180677413940e-02
1.808060146868228912e-02
0.000000000000000000e+00
7.651793956756591797e-01
8.264757990837097168e-01
0.000000000000000000e+00
4.692875966429710388e-02
3.472579717636108398e-01
0.000000000000000000e+00
1.927979886531829834e-01
5.209716558456420898e-01
1.169605627655982971e-01
7.668109536170959473e-01
2.497803419828414917e-02
0.000000000000000000e+00
1.038680039346218109e-02
1.859003901481628418e-01
9.315560758113861084e-02
3.939294815063476562e-02
6.222234368324279785e-01
4.181687235832214355e-01
1.050403565168380737e-01
1.540514640510082245e-02
2.749311625957489014e-01
1.020683646202087402e+00
5.708234906196594238e-01
4.511715769767761230e-01
1.451420068740844727e+00
3.111296892166137695e-01
1.827314347028732300e-01
6.188527867197990417e-02
0.000000000000000000e+00
1.748667359352111816e+00
9.445558488368988037e-02
1.219107303768396378e-02
3.446901962161064148e-02
5.332221742719411850e-03
2.989918552339076996e-02
9.848132729530334473e-01
1.384924352169036865e-01
5.198591709136962891e+00
4.237011075019836426e-02
6.894318014383316040e-02
3.844897150993347168e-01
2.788278087973594666e-02
1.087230965495109558e-01
8.477383293211460114e-03
0.000000000000000000e+00
1.856179714202880859e+00
7.751947641372680664e-01
2.750339545309543610e-02
1.390036288648843765e-02
1.256419569253921509e-01
4.323849976062774658e-01
4.305618286132812500e+00
1.606529206037521362e-01
5.300213396549224854e-02
2.958718687295913696e-02
9.641883522272109985e-02
9.420311450958251953e-02
3.241816163063049316e-02
5.931618157774209976e-03
1.756594300270080566e+00
1.161555852741003036e-02
5.525590106844902039e-02
9.873034358024597168e-01
2.037271410226821899e-01
5.268927812576293945e-01
1.945211648941040039e+00
3.301866119727492332e-03
8.821839839220046997e-02
0.000000000000000000e+00
6.418675184249877930e-02
1.936892718076705933e-01
1.177121549844741821e-01
1.450260430574417114e-01
2.669160626828670502e-02
5.146556496620178223e-01
7.307020574808120728e-02
0.000000000000000000e+00
9.690121561288833618e-02
6.516958028078079224e-02
1.202275007963180542e-01
1.261538743972778320e+00
0.000000000000000000e+00
9.902893565595149994e-03
4.880496300756931305e-03
1.195768713951110840e-01
6.771164387464523315e-02
1.813356280326843262e-01
2.373811006546020508e-01
0.000000000000000000e+00
1.607177406549453735e-02
0.000000000000000000e+00
2.893610298633575439e-01
2.671589851379394531e-01
4.465059638023376465e-01
3.156649470329284668e-01
7.355951517820358276e-02
6.218318343162536621e-01
1.355323672294616699e+00
1.007755547761917114e-01
4.097428917884826660e-02
9.520888328552246094e-03
4.168547689914703369e-01
0.000000000000000000e+00
4.014882445335388184e-02
2.001090496778488159e-01
2.133794873952865601e-02
5.643630027770996094e-01
0.000000000000000000e+00
0.000000000000000000e+00
4.996864199638366699e-01
1.151298880577087402e+00
1.502991318702697754e+00
8.224195986986160278e-02
2.478564977645874023e-01
2.825181782245635986e-01
0.000000000000000000e+00
7.947403937578201294e-02
2.299682237207889557e-02
3.724742680788040161e-02
5.172116216272115707e-03
2.400066256523132324e-01
8.397255837917327881e-02
7.292619347572326660e-02
1.717936098575592041e-01
3.697431385517120361e-01
1.257338076829910278e-01
4.741569608449935913e-02
4.261188209056854248e-01
9.300301969051361084e-02
5.154405832290649414e-01
1.496881693601608276e-01
2.379623353481292725e-01
8.974413387477397919e-03
4.930448532104492188e-02
6.216075737029314041e-03
6.168292090296745300e-02
4.246917366981506348e-01
9.882967174053192139e-02
0.000000000000000000e+00
3.903288841247558594e-01
0.000000000000000000e+00
1.397205609828233719e-02
5.258514080196619034e-03
5.546696186065673828e-01
0.000000000000000000e+00
9.690669248811900616e-04
0.000000000000000000e+00
1.401627063751220703e-01
0.000000000000000000e+00
4.134173095226287842e-01
1.743063032627105713e-01
6.389550566673278809e-01
1.826469600200653076e-01
1.527233242988586426e+00
1.009625196456909180e-01
7.364083081483840942e-02
1.168279275298118591e-01
2.274462699890136719e+00
3.545057401061058044e-02
1.906346715986728668e-02
4.064355453010648489e-04
7.732251286506652832e-02
0.000000000000000000e+00
8.906275033950805664e-01
8.033505678176879883e-01
0.000000000000000000e+00
2.674758248031139374e-02
2.197536081075668335e-02
8.864428848028182983e-02
3.924223482608795166e-01
1.654902100563049316e-01
1.749194413423538208e-01
6.576697826385498047e-01
3.931964933872222900e-01
1.932304948568344116e-01
1.219478026032447815e-01
7.192886620759963989e-02
2.650319635868072510e-01
1.311797499656677246e+00
1.683093979954719543e-02
6.324089132249355316e-03
8.425394445657730103e-02
2.995037436485290527e-01
8.199172466993331909e-02
6.962280869483947754e-01
4.783884286880493164e-01
1.365751266479492188e+00
6.174580007791519165e-02
4.036229252815246582e-01
3.332430124282836914e-02
2.210727781057357788e-01
1.210459470748901367e-01
7.876197993755340576e-02
2.748114243149757385e-02
5.809813737869262695e-02
0.000000000000000000e+00
4.369631409645080566e-02
4.444656372070312500e-01
8.564058691263198853e-02
2.266412973403930664e-01
1.187208201736211777e-02
2.014050036668777466e-01
9.145466238260269165e-02
5.438633561134338379e-01
2.052074193954467773e+00
3.346943855285644531e-01
0.000000000000000000e+00
3.421716392040252686e-01
1.394653171300888062e-01
2.359591126441955566e-01
1.459215581417083740e-01
1.053088903427124023e+00
1.144398093223571777e+00
6.401098370552062988e-01
4.113540947437286377e-01
7.498346269130706787e-02
0.000000000000000000e+00
5.471677705645561218e-02
5.551137328147888184e-01
2.067767083644866943e-02
0.000000000000000000e+00
0.000000000000000000e+00
1.021645404398441315e-02
1.272235647775232792e-03
3.051968514919281006e-01
3.535573184490203857e-02
2.928269207477569580e-01
1.631170749664306641e+00
0.000000000000000000e+00
5.385565161705017090e-01
6.548076122999191284e-02
9.241937398910522461e-01
2.821216732263565063e-02
1.207672338932752609e-02
5.328852217644453049e-03
8.293541148304939270e-03
0.000000000000000000e+00
4.451595246791839600e-01
1.368759386241436005e-02
4.589107334613800049e-01
0.000000000000000000e+00
3.060938790440559387e-02
5.460469126701354980e-01
5.619698017835617065e-02
7.826243340969085693e-02
0.000000000000000000e+00
0.000000000000000000e+00
2.693145275115966797e-01
1.293058842420578003e-01
6.661145016551017761e-03
2.287317253649234772e-02
5.774006843566894531e-01
2.469419501721858978e-02
1.584618687629699707e-01
2.394015789031982422e-01
2.720156451687216759e-03
0.000000000000000000e+00
7.178144901990890503e-02
2.763311192393302917e-02
0.000000000000000000e+00
1.293937563896179199e-01
8.223549276590347290e-02
8.744605779647827148e-01
1.048667058348655701e-01
3.856299445033073425e-02
1.099074035882949829e-01
5.849683880805969238e-01
6.199775729328393936e-03
9.342906624078750610e-02
6.645458936691284180e-02
0.000000000000000000e+00
1.190265417098999023e-01
2.624619603157043457e-01
0.000000000000000000e+00
0.000000000000000000e+00
5.146296620368957520e-01
2.396343462169170380e-02
3.442350775003433228e-03
6.345014572143554688e-01
1.680945754051208496e-01
4.586727917194366455e-02
7.044047713279724121e-01
5.739021301269531250e-02
5.063287615776062012e-01
2.936718519777059555e-03
1.669742166996002197e-01
7.018272280693054199e-01
3.983781337738037109e-01
4.176068603992462158e-01
4.543123841285705566e-01
9.581632167100906372e-02
1.491018664091825485e-02
2.816189825534820557e-01
6.630674600601196289e-01
1.552854478359222412e-01
2.130317091941833496e-01
6.344328820705413818e-02
0.000000000000000000e+00
1.607334017753601074e-01
3.005580604076385498e-01
1.493908047676086426e+00
3.042855998501181602e-03
5.718415975570678711e-01
7.907056212425231934e-01
1.660220026969909668e-01
5.196999311447143555e-01
0.000000000000000000e+00
5.503759160637855530e-02
5.821568369865417480e-01
1.144056618213653564e-01
0.000000000000000000e+00
0.000000000000000000e+00
7.200769148766994476e-03
0.000000000000000000e+00
4.753711819648742676e-01
1.491797119379043579e-01
7.523046731948852539e-01
1.461053937673568726e-01
4.141855239868164062e-02
5.915127992630004883e-01
2.429726362228393555e+00
1.170563027262687683e-01
8.808168023824691772e-02
4.968566894531250000e+00
0.000000000000000000e+00
3.565112650394439697e-01
3.902694582939147949e-01
5.637979134917259216e-03
0.000000000000000000e+00
1.069683209061622620e-02
0.000000000000000000e+00
0.000000000000000000e+00
2.580396234989166260e-01
8.941060304641723633e-01
4.445039927959442139e-01
6.529904901981353760e-02
1.773803830146789551e-01
0.000000000000000000e+00
2.675445750355720520e-03
5.102667585015296936e-02
0.000000000000000000e+00
5.819589644670486450e-02
6.725062429904937744e-02
7.049847394227981567e-03
3.809691639617085457e-03
2.924903035163879395e-01
1.607545763254165649e-01
0.000000000000000000e+00
1.765179447829723358e-03
9.152897596359252930e-01
7.502364367246627808e-02
0.000000000000000000e+00
2.028029598295688629e-02
0.000000000000000000e+00
1.612208485603332520e-01
2.788276970386505127e-01
1.233297437429428101e-01
5.264549851417541504e-01
0.000000000000000000e+00
6.088191270828247070e-01
2.987535595893859863e-01
5.556677281856536865e-02
5.605673789978027344e-01
4.775859788060188293e-02
0.000000000000000000e+00
2.912320792675018311e-01
1.134339928627014160e+00
1.697690784931182861e-01
1.494004726409912109e-01
3.389215841889381409e-02
1.467774510383605957e-01
1.594482809305191040e-01
1.283084303140640259e-01
1.112761855125427246e+00
7.259735465049743652e-01
2.705354392528533936e-01
4.912834241986274719e-02
0.000000000000000000e+00
3.405508771538734436e-02
6.144515797495841980e-02
0.000000000000000000e+00
8.901435881853103638e-03
1.204041466116905212e-01
3.500344455242156982e-01
1.045276690274477005e-02
9.993881918489933014e-03
2.291477620601654053e-01
3.560962900519371033e-02
2.417490482330322266e-01
3.147175073623657227e+00
1.265710592269897461e-01
0.000000000000000000e+00
8.892929553985595703e-02
7.344670593738555908e-02
1.185385510325431824e-02
8.113851770758628845e-03
7.524721026420593262e-01
6.430877447128295898e-01
7.923448681831359863e-01
1.670065075159072876e-01
2.770808935165405273e-01
0.000000000000000000e+00
3.510470986366271973e-01
2.767380326986312866e-02
8.305842876434326172e-01
8.670934475958347321e-03
8.631429821252822876e-02
1.382905095815658569e-01
7.490143179893493652e-02
7.706607878208160400e-02
0.000000000000000000e+00
1.206352561712265015e-02
5.819075927138328552e-02
8.950964361429214478e-02
8.847705125808715820e-01
1.460824161767959595e-02
0.000000000000000000e+00
1.682044506072998047e+00
1.424735933542251587e-01
3.796790838241577148e-01
3.342339992523193359e-01
2.904585599899291992e-01
5.697130784392356873e-02
4.078337252140045166e-01
1.406938731670379639e-01
1.037416397593915462e-03
9.147784113883972168e-02
0.000000000000000000e+00
9.272536262869834900e-03
7.488022744655609131e-02
0.000000000000000000e+00
3.437303006649017334e-02
1.004953752271831036e-03
5.936642885208129883e-01
8.628989011049270630e-02
3.462393879890441895e-01
1.575198322534561157e-01
8.956979960203170776e-02
3.026515059173107147e-02
4.661085829138755798e-02
4.779769107699394226e-02
6.219723224639892578e-01
4.529323875904083252e-01
4.211644642055034637e-03
0.000000000000000000e+00
7.032468169927597046e-02
1.397538632154464722e-01
3.349538147449493408e-02
7.446812093257904053e-02
1.199774518609046936e-01
0.000000000000000000e+00
6.322158873081207275e-02
0.000000000000000000e+00
2.265716493129730225e-01
2.524524927139282227e-01
5.265957713127136230e-01
1.519994810223579407e-02
0.000000000000000000e+00
1.176538467407226562e-01
1.554614454507827759e-01
3.454174101352691650e-01
9.619878977537155151e-02
1.198424458503723145e+00
8.553950488567352295e-02
5.602707341313362122e-02
3.053157627582550049e-01
3.492601588368415833e-02
5.948209166526794434e-01
3.045001812279224396e-02
9.360966086387634277e-02
3.119645174592733383e-03
1.595637559890747070e+00
3.604376018047332764e-01
1.019292846322059631e-01
9.237291812896728516e-01
0.000000000000000000e+00
0.000000000000000000e+00
5.317570641636848450e-02
2.023753643035888672e+00
1.009366139769554138e-01
3.861167430877685547e-01
9.819096326828002930e-02
6.063548922538757324e-01
1.952208727598190308e-01
2.001330703496932983e-01
5.960762128233909607e-02
4.985728263854980469e-01
6.118065211921930313e-03
3.639476597309112549e-01
8.404341936111450195e-01
4.521072506904602051e-01
3.530996739864349365e-01
2.050395905971527100e-01
1.931824326515197754e+00
9.717550128698348999e-02
9.604767709970474243e-02
1.404744029045104980e+00
2.122059345245361328e+00
1.560961902141571045e-01
3.116324901580810547e+00
1.921157469041645527e-03
1.131886243820190430e-01
5.773245692253112793e-01
1.047579884529113770e+00
3.962318897247314453e-01
8.041948080062866211e-02
5.106415748596191406e-01
0.000000000000000000e+00
1.383561268448829651e-02
2.224994897842407227e-01
3.453977406024932861e-02
3.288869261741638184e-01
2.258657664060592651e-01
6.546082496643066406e-01
9.303487837314605713e-02
8.065173774957656860e-02
6.854959577322006226e-02
6.880535602569580078e+00
2.491452991962432861e-01
4.138082265853881836e-01
6.333996355533599854e-02
8.503084070980548859e-03
6.471691187471151352e-03
9.979195147752761841e-02
7.272166013717651367e-01
0.000000000000000000e+00
1.490209460258483887e+00
1.227224692702293396e-01
3.571411222219467163e-02
1.628158837556838989e-01
2.956385016441345215e-01
3.353211581707000732e-01
8.091225624084472656e-01
2.214630544185638428e-01
4.001689851284027100e-01
3.934610188007354736e-01
1.092206597328186035e+00
2.142416834831237793e-01
2.319354772567749023e+00
4.194540530443191528e-02
1.213744431734085083e-01
3.099346458911895752e-01
1.273173466324806213e-02
1.133225917816162109e+00
9.897010028362274170e-02
1.006318330764770508e+00
2.481764256954193115e-01
0.000000000000000000e+00
2.808460406959056854e-02
6.769772619009017944e-02
1.267126649618148804e-01
4.527559503912925720e-02
7.010551095008850098e-01
2.813129425048828125e-01
5.751498788595199585e-02
9.742100536823272705e-02
0.000000000000000000e+00
1.215618610382080078e+00
2.398879826068878174e-02
1.929125562310218811e-02
0.000000000000000000e+00
1.002262681722640991e-01
1.020484343171119690e-01
1.471706151962280273e+00
4.360553324222564697e-01
1.042301058769226074e-01
1.380148436874151230e-02
5.980418622493743896e-02
9.131564497947692871e-01
5.693357903510332108e-03
2.446736581623554230e-02
4.907614290714263916e-01
4.974595308303833008e-01
6.473352313041687012e-01
3.410784602165222168e-01
2.934843897819519043e-01
1.224040985107421875e-03
4.924887716770172119e-01
2.221801877021789551e-02
1.244687065482139587e-01
3.689993321895599365e-01
2.724155426025390625e+00
7.492228150367736816e-01
0.000000000000000000e+00
6.010167002677917480e-01
5.266224741935729980e-01
2.741257846355438232e-01
4.849627986550331116e-02
6.858957000076770782e-03
2.807291597127914429e-02
0.000000000000000000e+00
1.671742200851440430e-01
3.722897917032241821e-02
0.000000000000000000e+00
1.090079545974731445e-01
5.458299070596694946e-03
2.948205769062042236e-01
1.065182566642761230e+00
0.000000000000000000e+00
6.716409325599670410e-02
2.037587016820907593e-02
4.127928018569946289e-01
1.328177452087402344e-01
3.140816930681467056e-03
0.000000000000000000e+00
7.986115291714668274e-03
1.145838856697082520e+00
1.712147891521453857e-02
1.315221667289733887e+00
2.355902493000030518e-01
3.655833005905151367e-01
0.000000000000000000e+00
2.147982269525527954e-01
1.344085205346345901e-02
8.980922400951385498e-02
1.813988983631134033e-01
0.000000000000000000e+00
0.000000000000000000e+00
6.226295232772827148e-01
2.435230910778045654e-01
4.765189439058303833e-02
0.000000000000000000e+00
2.247893624007701874e-02
0.000000000000000000e+00
6.800913214683532715e-01
4.337550606578588486e-03
3.213656321167945862e-02
5.875571817159652710e-02
2.378858804702758789e+00
1.283247917890548706e-01
1.112936250865459442e-02
1.655878722667694092e-01
1.232610821723937988e+00
0.000000000000000000e+00
3.174960911273956299e-01
6.763473898172378540e-02
1.915812864899635315e-02
5.686042085289955139e-02
2.211908996105194092e-02
2.357987686991691589e-03
2.339341878890991211e+00
2.194176435470581055e+00
2.215303421020507812e+00
2.208719402551651001e-01
0.000000000000000000e+00
3.593108654022216797e-01
3.294370889663696289e+00
1.111633703112602234e-01
3.236658638343214989e-03
6.610079109668731689e-02
8.246678709983825684e-01
3.344356536865234375e+00
6.294543743133544922e-01
0.000000000000000000e+00
6.780898571014404297e-02
1.514228284358978271e-01
4.001823663711547852e-01
5.233785510063171387e-01
1.170001924037933350e-01
2.232203185558319092e-01
3.191415965557098389e-02
1.774961054325103760e-01
8.217261731624603271e-02
3.261305093765258789e-01
1.635232940316200256e-02
7.293476909399032593e-02
0.000000000000000000e+00
3.882746398448944092e-01
5.416066646575927734e-01
1.849661022424697876e-02
4.745758138597011566e-03
6.707517802715301514e-02
7.659367918968200684e-01
2.226241976022720337e-01
5.883582234382629395e-01
7.349222153425216675e-02
7.195145636796951294e-02
3.168040420860052109e-03
3.131897002458572388e-02
9.201107174158096313e-02
7.536576595157384872e-03
0.000000000000000000e+00
8.472370356321334839e-02
8.086622692644596100e-03
0.000000000000000000e+00
3.176915049552917480e-01
1.305952481925487518e-02
1.252368241548538208e-01
5.725461840629577637e-01
6.346840858459472656e-01
1.677841530181467533e-03
1.903036981821060181e-02
4.368543997406959534e-02
0.000000000000000000e+00
1.092840284109115601e-01
5.752886533737182617e-01
1.338809847831726074e+00
1.283747434616088867e+00
6.719912588596343994e-02
1.694584339857101440e-01
9.490300435572862625e-04
2.109488248825073242e+00
1.127364709973335266e-01
5.951277911663055420e-02
2.287391573190689087e-01
1.532188892364501953e+00
4.013090729713439941e-01
3.717744648456573486e-01
8.243551105260848999e-02
3.545608818531036377e-01
0.000000000000000000e+00
5.255112051963806152e-01
1.688844561576843262e-01
4.326536357402801514e-01
1.400258243083953857e-01
3.847986459732055664e-02
2.437051443848758936e-04
6.513117551803588867e-01
1.072747353464365005e-02
0.000000000000000000e+00
5.633295774459838867e-01
8.833961188793182373e-02
1.974202543497085571e-01
2.049872651696205139e-02
2.520763576030731201e-01
0.000000000000000000e+00
1.234495788812637329e-01
7.532868385314941406e-01
7.854385673999786377e-02
1.943689882755279541e-01
7.784953713417053223e-01
1.148987337946891785e-01
0.000000000000000000e+00
3.098732531070709229e-01
0.000000000000000000e+00
0.000000000000000000e+00
4.189546108245849609e-01
8.262074552476406097e-03
2.372696623206138611e-02
3.348652720451354980e-01
1.536772679537534714e-02
0.000000000000000000e+00
4.857101291418075562e-02
7.852528989315032959e-02
8.788151293992996216e-02
2.862966954708099365e-01
1.094928290694952011e-02
5.710946321487426758e-01
8.590295165777206421e-02
1.119461804628372192e-01
4.284136593341827393e-01
0.000000000000000000e+00
8.584479242563247681e-02
4.811976477503776550e-02
2.120518833398818970e-01
9.922483563423156738e-01
8.044996857643127441e-02
2.458925992250442505e-01
1.879805140197277069e-02
1.326730400323867798e-01
3.688268363475799561e-02
0.000000000000000000e+00
6.587512493133544922e-01
5.163820981979370117e-01
3.116683848202228546e-02
1.192594051361083984e+00
9.035832434892654419e-02
7.646049559116363525e-02
3.929770900867879391e-05
1.119136214256286621e+00
3.886541128158569336e-01
1.397323161363601685e-01
6.535675525665283203e-01
1.811003237962722778e-01
6.044406890869140625e-01
4.844954311847686768e-01
6.043816730380058289e-02
2.620146870613098145e-01
1.178353726863861084e-01
0.000000000000000000e+00
9.404420852661132812e-01
4.155718907713890076e-02
7.201138138771057129e-01
0.000000000000000000e+00
5.708996653556823730e-01
0.000000000000000000e+00
0.000000000000000000e+00
3.603032231330871582e-01
7.433985471725463867e-01
8.065272867679595947e-02
0.000000000000000000e+00
2.035086899995803833e-01
1.787666231393814087e-02
5.088107585906982422e-01
1.299286335706710815e-01
2.422471344470977783e-02
8.881134539842605591e-02
5.408428236842155457e-02
4.295559823513031006e-01
2.542217820882797241e-02
0.000000000000000000e+00
1.509422063827514648e-01
4.755296409130096436e-01
3.959173336625099182e-02
1.951981425285339355e+00
1.885140687227249146e-01
1.810878701508045197e-02
3.511739969253540039e-01
4.915212094783782959e-01
7.834140956401824951e-02
7.610504329204559326e-02
3.074904680252075195e-01
0.000000000000000000e+00
9.996509552001953125e-02
2.088026553392410278e-01
1.374039292335510254e+00
7.025817036628723145e-01
3.742888569831848145e-02
1.478739231824874878e-01
2.935141697525978088e-02
0.000000000000000000e+00
5.861245393753051758e-01
5.121302232146263123e-02
6.125955581665039062e-01
5.422005429863929749e-02
0.000000000000000000e+00
4.588208198547363281e-01
3.243664205074310303e-01
2.449673563241958618e-01
1.452119201421737671e-01
1.657851338386535645e-01
6.853491067886352539e-02
3.591270744800567627e-02
6.930146217346191406e-01
1.133643835783004761e-01
7.808236032724380493e-02
9.115995466709136963e-02
1.366693377494812012e-01
1.096116565167903900e-02
1.388235926628112793e+00
2.604713141918182373e-01
2.407777309417724609e-01
6.186905503273010254e-01
0.000000000000000000e+00
0.000000000000000000e+00
3.415151441004127264e-04
1.318228840827941895e-01
0.000000000000000000e+00
2.383309911238029599e-04
1.355735421180725098e+00
1.354161500930786133e+00
2.186469882726669312e-01
3.816444054245948792e-02
9.998105168342590332e-01
1.232539191842079163e-01
1.726736873388290405e-01
3.248409628868103027e-01
2.423103898763656616e-03
6.615541577339172363e-01
2.823324315249919891e-02
1.021653562784194946e-01
3.577323555946350098e-01
6.744741201400756836e-01
3.860866650938987732e-02
1.248333305120468140e-01
5.093631148338317871e-01
8.066992275416851044e-03
1.192750502377748489e-02
4.383595660328865051e-02
1.679746210575103760e-01
6.530924886465072632e-02
1.906053423881530762e-01
0.000000000000000000e+00
1.086217641830444336e+00
2.458238601684570312e-01
5.989050259813666344e-04
0.000000000000000000e+00
1.196071028709411621e+00
0.000000000000000000e+00
8.950948715209960938e-02
6.987911462783813477e-02
1.667496189475059509e-02
4.546322226524353027e-01
5.056614279747009277e-01
0.000000000000000000e+00
3.450832366943359375e-01
5.684809684753417969e-01
4.457169771194458008e-01
4.795348644256591797e-01
3.205848112702369690e-02
2.038829177618026733e-01
2.594498097896575928e-01
1.279705464839935303e-01
9.507792419753968716e-04
1.886705309152603149e-01
8.101128339767456055e-01
7.886549085378646851e-02
2.401619404554367065e-01
4.730145335197448730e-01
2.086741616949439049e-03
1.838324964046478271e-01
2.958299875259399414e+00
5.991504993289709091e-03
6.091529503464698792e-02
3.896102905273437500e+00
1.039347611367702484e-02
2.262566052377223969e-02
5.292472243309020996e-01
2.039007097482681274e-01
1.814611405134201050e-01
2.002249807119369507e-01
2.862946689128875732e-01
1.520556118339300156e-02
4.451922178268432617e-01
4.024715423583984375e-01
4.143838584423065186e-02
1.540900021791458130e-01
7.149681448936462402e-02
2.992530167102813721e-01
9.518294781446456909e-02
1.961176395416259766e-01
2.888441979885101318e-01
1.859871596097946167e-01
5.546201020479202271e-02
3.990488648414611816e-01
3.475256860256195068e-01
2.067079693078994751e-01
0.000000000000000000e+00
1.768181025981903076e-01
0.000000000000000000e+00
1.071207284927368164e+00
4.267710074782371521e-02
4.898110777139663696e-02
1.491699088364839554e-02
6.615843772888183594e-01
4.701739251613616943e-01
4.700198769569396973e-01
4.846940040588378906e-01
1.285819172859191895e+00
1.224038004875183105e-01
1.106773153878748417e-03
7.532304525375366211e-01
9.576294422149658203e-01
0.000000000000000000e+00
2.338032573461532593e-01
3.190138638019561768e-01
4.969689249992370605e-02
2.416001856327056885e-01
1.093175530433654785e+00
1.801075190305709839e-01
4.103711545467376709e-01
2.229568362236022949e-01
0.000000000000000000e+00
3.820925951004028320e-02
9.482009410858154297e-01
7.668665051460266113e-01
1.626333594322204590e-02
3.613038659095764160e-01
3.225555177778005600e-03
7.844161242246627808e-02
6.277440786361694336e-01
3.311358988285064697e-01
1.380782276391983032e-01
9.305766224861145020e-02
1.147554397583007812e+00
6.429420113563537598e-01
1.947482675313949585e-02
5.971916198730468750e+00
4.653659760951995850e-01
7.612674683332443237e-02
9.999054670333862305e-02
0.000000000000000000e+00
8.787565678358078003e-02
1.605994701385498047e-01
5.730180442333221436e-02
0.000000000000000000e+00
1.512829959392547607e-01
6.611602306365966797e-01
7.063621282577514648e-01
8.812049776315689087e-02
0.000000000000000000e+00
2.891499698162078857e-01
5.785576701164245605e-01
9.614022448658943176e-03
5.994968861341476440e-02
1.052130199968814850e-02
1.052763387560844421e-01
3.294383361935615540e-02
3.993810340762138367e-02
0.000000000000000000e+00
1.801992394030094147e-02
7.321426868438720703e-01
7.530525922775268555e-01
3.052043914794921875e-01
2.169070690870285034e-01
6.814625114202499390e-02
8.097339272499084473e-01
2.851207852363586426e-01
0.000000000000000000e+00
8.526083081960678101e-02
1.456344008445739746e+00
3.004886396229267120e-02
1.428906992077827454e-02
9.669636376202106476e-03
2.644566059112548828e+00
4.037444889545440674e-01
1.010058671236038208e-01
6.100133992731571198e-03
5.854002237319946289e-01
0.000000000000000000e+00
3.311346843838691711e-02
1.791865825653076172e-01
2.270162820816040039e+00
5.504319071769714355e-02
2.087748795747756958e-02
1.506527792662382126e-02
7.160801887512207031e-01
3.960986137390136719e-01
1.325987726449966431e-01
1.884335651993751526e-02
2.581891059875488281e+00
2.420473247766494751e-01
2.729707062244415283e-01
1.463814854621887207e+00
2.844312787055969238e-01
1.404805332422256470e-01
7.562193274497985840e-02
1.333396434783935547e+00
1.617107033729553223e+00
1.605159416794776917e-02
8.059005253016948700e-03
9.752479195594787598e-01
1.343715548515319824e+00
1.000007018446922302e-01
5.135174989700317383e-01
1.151074394583702087e-01
4.052752256393432617e-02
1.234593316912651062e-01
2.010460346937179565e-01
9.287326037883758545e-02
1.034703329205513000e-01
2.909689545631408691e-01
1.274246424436569214e-01
2.367191314697265625e-01
2.255555242300033569e-01
0.000000000000000000e+00
1.159869551658630371e+00
6.991327274590730667e-03
9.439248591661453247e-02
3.320334553718566895e-01
5.177307128906250000e-01
0.000000000000000000e+00
0.000000000000000000e+00
1.919282972812652588e-02
1.007954329252243042e-01
3.072412312030792236e-01
3.637439310550689697e-01
1.052927896380424500e-01
7.046078145503997803e-02
7.647047284990549088e-03
3.360130786895751953e-01
2.713746130466461182e-01
0.000000000000000000e+00
6.202898621559143066e-01
1.372518688440322876e-01
0.000000000000000000e+00
0.000000000000000000e+00
5.331947281956672668e-02
3.039488755166530609e-02
5.029421299695968628e-02
4.054725766181945801e-01
5.717310681939125061e-02
2.592603266239166260e-01
5.235673114657402039e-02
4.905941188335418701e-01
7.149940729141235352e-02
3.608363270759582520e-01
7.589696645736694336e-01
0.000000000000000000e+00
3.710963577032089233e-02
5.696734413504600525e-03
7.025918960571289062e-01
0.000000000000000000e+00
6.667833775281906128e-02
3.195236325263977051e-01
1.209218263626098633e+00
4.966392517089843750e-01
4.325192887336015701e-03
6.675972044467926025e-02
1.424540299922227859e-02
6.298022866249084473e-01
3.232308328151702881e-01
6.115819811820983887e-01
9.859788231551647186e-03
4.675309062004089355e-01
4.928715527057647705e-02
6.030207872390747070e-01
1.641465700231492519e-03
8.239443898200988770e-01
1.730541139841079712e-01
2.802631258964538574e-01
8.431603759527206421e-02
5.551906228065490723e-01
2.559968642890453339e-02
5.488745570182800293e-01
0.000000000000000000e+00
3.695465624332427979e-02
2.011367827653884888e-01
1.377984762191772461e+00
2.678552456200122833e-02
1.178110465407371521e-01
5.260359495878219604e-03
3.371241390705108643e-01
1.773766875267028809e-01
7.030944824218750000e-01
0.000000000000000000e+00
1.988725513219833374e-01
1.210187599062919617e-01
3.891119658946990967e-01
0.000000000000000000e+00
0.000000000000000000e+00
0.000000000000000000e+00
8.047744035720825195e-01
1.047911345958709717e-01
5.208902060985565186e-02
7.950366139411926270e-01
1.351083535701036453e-02
0.000000000000000000e+00
6.652583926916122437e-02
1.596908569335937500e-01
0.000000000000000000e+00
2.437972277402877808e-01
1.064780592918395996e+00
3.466288000345230103e-02
1.476498041301965714e-02
1.720850020647048950e-01
0.000000000000000000e+00
5.388863086700439453e-01
1.755203469656407833e-03
6.114279106259346008e-02
5.762599706649780273e-01
0.000000000000000000e+00
5.067465081810951233e-02
0.000000000000000000e+00
9.440174698829650879e-02
7.218259572982788086e-02
7.780534774065017700e-02
1.454821825027465820e-01
6.789633035659790039e-01
0.000000000000000000e+00
9.555985778570175171e-02
0.000000000000000000e+00
4.718057438731193542e-02
0.000000000000000000e+00
2.629425823688507080e-01
2.572968602180480957e-01
1.865539699792861938e-02
2.303924560546875000e-01
3.495271503925323486e-01
1.526079893112182617e+00
6.810848414897918701e-02
4.017706587910652161e-02
3.209253549575805664e-01
2.988356649875640869e-01
4.144331067800521851e-02
2.898002974689006805e-02
4.115557670593261719e-02
5.892572458833456039e-03
3.911589384078979492e-01
1.751638948917388916e-01
3.063910640776157379e-02
1.156241521239280701e-01
4.081896506249904633e-03
2.022122032940387726e-02
1.135012060403823853e-01
0.000000000000000000e+00
1.484557706862688065e-02
1.336218118667602539e-01
8.909429609775543213e-02
1.127049028873443604e-01
7.274188399314880371e-01
7.037742137908935547e-01
1.542472839355468750e-02
1.013447403907775879e+00
1.167585998773574829e-01
5.616433918476104736e-02
0.000000000000000000e+00
