3.530779480934143066e-01
6.121947765350341797e-01
5.357632879167795181e-03
1.952768415212631226e-01
8.004668354988098145e-02
2.094747126102447510e-01
0.000000000000000000e+00
0.000000000000000000e+00
2.076543331146240234e+00
0.000000000000000000e+00
3.179745674133300781e-01
1.520676724612712860e-02
8.244792222976684570e-01
1.797318309545516968e-01
1.129864215850830078e+00
1.209191009402275085e-01
8.784808218479156494e-02
2.999894917011260986e-01
6.294693350791931152e-01
1.005440503358840942e-01
2.543816268444061279e-01
8.881533145904541016e-02
2.647928521037101746e-02
6.907867193222045898e-01
4.337336122989654541e-01
2.025010287761688232e-01
6.603205800056457520e-01
0.000000000000000000e+00
1.478218883275985718e-01
5.598260462284088135e-02
1.291832774877548218e-01
3.165015876293182373e-01
0.000000000000000000e+00
2.669308781623840332e-01
0.000000000000000000e+00
1.863626763224601746e-02
0.000000000000000000e+00
3.978642821311950684e-01
3.145311772823333740e-01
3.788193166255950928e-01
1.480376869440078735e-01
8.030517697334289551e-01
0.000000000000000000e+00
1.004726648330688477e+00
0.000000000000000000e+00
5.417374372482299805e-01
3.079536184668540955e-02
4.774027969688177109e-03
2.311891019344329834e-01
0.000000000000000000e+00
2.289772033691406250e-01
5.008175373077392578e-01
1.807099021971225739e-02
9.103444814682006836e-01
4.530096650123596191e-01
3.392568826675415039e-01
1.684533990919589996e-02
4.824540913105010986e-01
1.422753930091857910e+00
1.304421663284301758e+00
9.392539858818054199e-01
3.735945224761962891e-01
2.202474027872085571e-01
6.920667290687561035e-01
9.392891526222229004e-01
3.279689848423004150e-01
8.127903938293457031e-01
1.601287722587585449e+00
5.531026721000671387e-01
4.794069379568099976e-02
1.473243832588195801e+00
3.508933782577514648e-01
0.000000000000000000e+00
4.999088346958160400e-01
3.087464347481727600e-02
7.143545150756835938e-02
1.020319223403930664e+00
1.737567782402038574e-01
3.708129167556762695e+00
1.388553500175476074e+00
0.000000000000000000e+00
4.352380707859992981e-02
0.000000000000000000e+00
8.498968183994293213e-02
2.172846555709838867e+00
1.701077461242675781e+00
0.000000000000000000e+00
0.000000000000000000e+00
8.058059811592102051e-01
0.000000000000000000e+00
6.071791425347328186e-02
4.367255046963691711e-02
1.491428911685943604e-01
2.101335674524307251e-01
2.635300718247890472e-02
1.498012185096740723e+00
1.114179372787475586e+00
1.144799113273620605e+00
1.058467507362365723e+00
2.597247064113616943e-01
7.074718363583087921e-03
2.231280803680419922e-01
5.550625324249267578e-01
2.855610132217407227e+00
2.681691050529479980e-01
9.145780801773071289e-01
4.691489040851593018e-01
2.245198339223861694e-01
1.208296716213226318e-01
2.041185140609741211e+00
4.025192931294441223e-02
0.000000000000000000e+00
2.231093496084213257e-01
0.000000000000000000e+00
1.193104758858680725e-01
1.283695816993713379e+00
1.178011775016784668e+00
1.447116397321224213e-02
8.580533787608146667e-03
1.787595152854919434e-01
3.100381791591644287e-01
9.429783374071121216e-02
0.000000000000000000e+00
5.047783851623535156e-01
7.290977478027343750e+00
4.060535505414009094e-02
1.999784559011459351e-01
8.931233286857604980e-01
4.779646694660186768e-01
1.828980594873428345e-01
4.654468968510627747e-02
2.510583162307739258e+00
9.713853942230343819e-04
5.107511281967163086e-01
0.000000000000000000e+00
9.517068415880203247e-02
7.207000851631164551e-01
2.330831019207835197e-03
8.908767253160476685e-02
3.392139673233032227e-01
5.934628844261169434e-02
1.084763765335083008e+00
6.236883401870727539e-01
6.349585484713315964e-03
1.024134270846843719e-02
2.990303933620452881e-02
1.366191029548645020e+00
1.869882494211196899e-01
3.316896781325340271e-02
0.000000000000000000e+00
8.186632394790649414e-01
4.319499060511589050e-02
1.518494263291358948e-02
8.539302647113800049e-02
7.021796703338623047e-01
6.474578380584716797e-02
3.975193202495574951e-01
0.000000000000000000e+00
5.015230178833007812e-02
1.234667897224426270e-01
1.961740478873252869e-02
2.353644073009490967e-01
1.786151170730590820e+00
4.540694355964660645e-01
1.235696021467447281e-02
1.442429423332214355e-01
2.053668797016143799e-01
6.392924115061759949e-03
4.985401332378387451e-01
0.000000000000000000e+00
4.224283695220947266e-01
3.172823190689086914e-01
2.594904005527496338e-01
9.601105451583862305e-01
3.775763511657714844e-02
5.616438984870910645e-01
3.681929707527160645e-01
1.970433235168457031e+00
1.737830578349530697e-03
9.708363413810729980e-01
1.224517077207565308e-01
6.860680878162384033e-02
2.895175218582153320e+00
8.741508126258850098e-01
1.225880384445190430e-01
2.967196982353925705e-03
4.429397284984588623e-01
2.668246924877166748e-01
0.000000000000000000e+00
0.000000000000000000e+00
1.045578047633171082e-01
7.978518307209014893e-02
3.336696624755859375e-01
0.000000000000000000e+00
1.329836845397949219e-01
0.000000000000000000e+00
1.261015653610229492e+00
1.545728892087936401e-01
2.449980564415454865e-02
1.389598965644836426e+00
2.969318535178899765e-03
1.860905885696411133e-01
2.555175721645355225e-01
1.478789597749710083e-01
0.000000000000000000e+00
3.119827508926391602e-01
1.234251633286476135e-01
2.060412913560867310e-01
2.893277676776051521e-03
7.899311929941177368e-02
0.000000000000000000e+00
4.016425013542175293e-01
5.488950386643409729e-02
1.209696941077709198e-02
1.931290328502655029e-01
2.367698431015014648e+00
6.598281860351562500e-01
6.986361742019653320e-02
4.164213836193084717e-01
0.000000000000000000e+00
3.102878630161285400e-01
0.000000000000000000e+00
0.000000000000000000e+00
0.000000000000000000e+00
0.000000000000000000e+00
0.000000000000000000e+00
8.428011089563369751e-02
2.331457734107971191e-01
1.366811156272888184e+00
5.799846053123474121e-01
1.967734843492507935e-01
2.309570759534835815e-01
8.247608542442321777e-01
3.040891885757446289e-01
1.351719498634338379e+00
2.678831815719604492e-01
3.811929747462272644e-02
1.492284536361694336e+00
2.974072284996509552e-02
8.548325300216674805e-01
2.989093959331512451e-01
3.204442909918725491e-04
1.416632175445556641e+00
1.415473461151123047e+00
7.175985723733901978e-03
7.442354559898376465e-01
0.000000000000000000e+00
5.363096669316291809e-02
8.989806175231933594e-01
9.558186531066894531e-01
6.623425483703613281e-01
9.935943782329559326e-02
2.310552150011062622e-01
0.000000000000000000e+00
8.940945267677307129e-01
1.262282207608222961e-02
4.772232845425605774e-02
3.457409143447875977e-01
2.591410279273986816e-01
2.443914264440536499e-01
4.472880363464355469e-01
6.949467658996582031e-01
3.698801517486572266e+00
7.279569655656814575e-02
8.575715869665145874e-02
1.502991169691085815e-01
1.908340007066726685e-01
4.585490096360445023e-03
0.000000000000000000e+00
1.087901741266250610e-01
2.023260742425918579e-01
1.275146961212158203e+00
5.822601169347763062e-02
3.355815634131431580e-02
4.511367529630661011e-02
2.025237306952476501e-02
3.795093595981597900e-01
6.609420180320739746e-01
2.185866594314575195e+00
6.711254362016916275e-03
1.286015957593917847e-01
5.736351013183593750e-02
9.266442060470581055e-01
4.849385368288494647e-05
1.671118661761283875e-02
2.110722780227661133e+00
5.996549725532531738e-01
2.789682745933532715e-01
4.836799800395965576e-01
3.569262325763702393e-01
1.456562336534261703e-02
8.933913893997669220e-03
1.740582883358001709e-01
0.000000000000000000e+00
3.971586376428604126e-02
1.337106078863143921e-01
4.212527871131896973e-01
6.382220238447189331e-02
7.543248683214187622e-02
8.013175427913665771e-02
4.306917786598205566e-01
1.058439686894416809e-01
1.550714015960693359e+00
1.064941763877868652e+00
7.571111917495727539e-01
4.551160335540771484e-01
1.596016138792037964e-01
5.423467159271240234e-01
6.485618650913238525e-02
1.978056728839874268e-01
1.219444200396537781e-01
2.145901769399642944e-01
9.379218220710754395e-01
3.070008475333452225e-03
1.177745908498764038e-01
2.200395762920379639e-01
1.299850828945636749e-02
4.337163269519805908e-02
9.461950510740280151e-02
2.534262537956237793e-01
0.000000000000000000e+00
1.824521780014038086e+00
1.935950815677642822e-01
2.472659945487976074e-02
1.304323196411132812e+00
1.563330367207527161e-02
5.763940513134002686e-02
5.517990142107009888e-02
6.696474552154541016e-02
8.046221137046813965e-01
1.585057079792022705e-01
7.114082574844360352e-02
1.369007229804992676e+00
3.233243525028228760e-01
2.425932697951793671e-02
0.000000000000000000e+00
2.563849091529846191e-01
2.114333659410476685e-01
1.538073301315307617e+00
2.492001652717590332e-01
3.257646858692169189e-01
2.809261344373226166e-02
5.490890741348266602e-01
6.608562916517257690e-02
4.966229945421218872e-02
0.000000000000000000e+00
8.742891252040863037e-02
1.990169845521450043e-02
2.754284441471099854e-01
1.695762157440185547e+00
1.914269566535949707e+00
0.000000000000000000e+00
2.041965723037719727e-01
0.000000000000000000e+00
3.609949350357055664e-02
5.941254645586013794e-02
2.183732204139232635e-02
6.952138543128967285e-01
1.307385921478271484e+00
1.028213128447532654e-01
4.277673959732055664e-01
3.251909613609313965e-01
2.381415665149688721e-01
2.297920286655426025e-01
1.238404393196105957e+00
5.023582652211189270e-02
8.113224059343338013e-02
1.878375373780727386e-02
0.000000000000000000e+00
1.657581515610218048e-02
9.866116195917129517e-02
3.895871937274932861e-01
1.028329968452453613e+00
8.239486217498779297e-01
2.275193929672241211e-01
2.529988884925842285e-01
4.852009937167167664e-02
6.436452735215425491e-03
6.357817053794860840e-01
2.549902796745300293e-01
2.531772851943969727e-01
1.670868992805480957e-01
1.712391734123229980e+00
0.000000000000000000e+00
6.140423417091369629e-01
3.583812415599822998e-01
5.228742212057113647e-02
3.747035935521125793e-02
5.730320513248443604e-02
3.577387332916259766e-01
0.000000000000000000e+00
3.978066518902778625e-02
1.580392420291900635e-01
0.000000000000000000e+00
4.533473551273345947e-01
4.919545352458953857e-01
5.927807837724685669e-02
6.565987467765808105e-01
3.413075804710388184e-01
8.316698670387268066e-01
1.765917778015136719e+00
9.431876242160797119e-02
1.380014717578887939e-01
6.203210353851318359e-01
6.820454597473144531e-01
6.795398145914077759e-02
2.846451699733734131e-01
4.906524419784545898e-01
1.352978587150573730e+00
1.728947401046752930e+00
2.616108686197549105e-04
1.291554570198059082e-01
1.263913065195083618e-01
1.422051191329956055e-01
0.000000000000000000e+00
0.000000000000000000e+00
6.561209447681903839e-03
4.830755591392517090e-01
0.000000000000000000e+00
8.947919607162475586e-01
4.666873253881931305e-03
1.159511327743530273e+00
1.357330977916717529e-01
2.016525268554687500e-01
8.883822709321975708e-02
5.310233235359191895e-01
0.000000000000000000e+00
0.000000000000000000e+00
0.000000000000000000e+00
1.908684265799820423e-03
6.723872423171997070e-01
1.817921549081802368e-01
1.175877451896667480e+00
7.702050209045410156e-01
1.034062862396240234e+00
3.440434113144874573e-02
2.584344521164894104e-02
2.794883958995342255e-02
2.188015431165695190e-01
2.505066394805908203e-01
1.227318421006202698e-01
1.734562590718269348e-02
1.194053981453180313e-02
1.418271541595458984e+00
1.014370203018188477e+00
6.116329878568649292e-02
1.477713463827967644e-03
4.550697207450866699e-01
3.677614033222198486e-02
2.491598725318908691e-01
7.176172137260437012e-01
5.640044212341308594e-01
5.849621891975402832e-01
1.115244030952453613e-01
1.229120016098022461e+00
1.403121091425418854e-02
0.000000000000000000e+00
2.492929250001907349e-01
1.556626319885253906e+00
6.077759265899658203e-01
2.018729597330093384e-01
3.054349660873413086e+00
6.040867045521736145e-02
1.014465689659118652e+00
1.824343390762805939e-02
0.000000000000000000e+00
1.141845807433128357e-01
1.704701036214828491e-01
2.042349986732006073e-02
4.738057032227516174e-02
3.822681680321693420e-02
6.839172840118408203e-01
1.729992628097534180e-01
1.925676107406616211e+00
1.006151586771011353e-01
1.635420620441436768e-01
2.743530273437500000e-01
0.000000000000000000e+00
9.369744062423706055e-01
3.383221626281738281e-01
2.567150294780731201e-01
1.336374729871749878e-01
4.480307921767234802e-02
7.202419638633728027e-02
3.086193501949310303e-01
8.880347013473510742e-02
1.340507507324218750e+00
0.000000000000000000e+00
2.900025844573974609e-01
8.304980397224426270e-01
6.011594533920288086e-01
1.159608140587806702e-01
1.523373425006866455e-01
4.484701156616210938e-02
4.117009341716766357e-01
3.442845493555068970e-02
0.000000000000000000e+00
8.582505397498607635e-03
1.876169443130493164e-01
2.779580056667327881e-01
0.000000000000000000e+00
4.211080819368362427e-02
7.752289175987243652e-01
1.120703935623168945e+00
1.737520992755889893e-01
7.241722941398620605e-02
4.628579318523406982e-01
7.400617748498916626e-02
6.254503726959228516e-01
2.157552242279052734e+00
1.075419425964355469e+00
1.614711165428161621e+00
2.411014318466186523e+00
2.390712052583694458e-01
6.578809022903442383e-01
9.761988185346126556e-03
8.110111951828002930e-02
1.732084751129150391e-01
0.000000000000000000e+00
1.983777433633804321e-02
5.769458413124084473e-01
3.106298744678497314e-01
3.701379597187042236e-01
0.000000000000000000e+00
2.185205928981304169e-03
7.720591425895690918e-01
5.330441594123840332e-01
3.791453316807746887e-02
1.765184551477432251e-01
0.000000000000000000e+00
4.360357671976089478e-02
4.500150978565216064e-01
1.441419839859008789e+00
1.658204495906829834e-01
1.986904263496398926e+00
1.215179078280925751e-02
1.585151702165603638e-01
1.475636363029479980e-01
1.824520677328109741e-01
2.486085295677185059e-01
3.021247982978820801e-01
0.000000000000000000e+00
1.195487976074218750e+00
2.300094813108444214e-01
1.825188286602497101e-02
1.616891324520111084e-01
1.759717464447021484e-01
3.424686193466186523e-01
1.486424298491328955e-04
1.805319786071777344e+00
9.652925655245780945e-03
4.446682333946228027e-02
0.000000000000000000e+00
1.877779662609100342e-01
0.000000000000000000e+00
6.863856911659240723e-01
1.964653469622135162e-02
5.670666694641113281e-01
0.000000000000000000e+00
5.574246048927307129e-01
7.477762550115585327e-02
2.775175869464874268e-02
3.009641647338867188e+00
7.375231385231018066e-02
0.000000000000000000e+00
1.437415629625320435e-01
1.049510121345520020e+00
3.386950194835662842e-01
0.000000000000000000e+00
4.486677348613739014e-01
1.085629779845476151e-02
2.453671842813491821e-01
7.208235561847686768e-02
4.724507406353950500e-02
4.121609032154083252e-01
2.428950518369674683e-01
1.071626320481300354e-01
1.339515447616577148e-01
9.401323795318603516e-01
2.920458316802978516e-01
0.000000000000000000e+00
9.251007437705993652e-01
4.072967171669006348e-01
2.815701365470886230e-01
1.925483494997024536e-01
1.206684947013854980e+00
3.124853372573852539e-01
8.864816278219223022e-02
1.735958695411682129e+00
5.833303555846214294e-02
0.000000000000000000e+00
3.218819797039031982e-01
6.277964115142822266e-01
2.228815555572509766e-01
1.803167760372161865e-01
5.506687238812446594e-02
0.000000000000000000e+00
1.819183826446533203e+00
1.630375534296035767e-01
0.000000000000000000e+00
1.337355375289916992e+00
5.197388306260108948e-02
0.000000000000000000e+00
1.616319566965103149e-01
3.067029714584350586e+00
6.537026166915893555e-02
1.526064127683639526e-01
1.098747372627258301e+00
9.341619014739990234e-01
6.737161427736282349e-02
1.024850845336914062e+00
4.962604865431785583e-02
4.036084935069084167e-02
3.076428771018981934e-01
5.358102265745401382e-03
1.431752681732177734e+00
4.405855834484100342e-01
2.945565283298492432e-01
0.000000000000000000e+00
2.184658497571945190e-01
2.088669300079345703e+00
3.262043893337249756e-01
2.506770193576812744e-01
1.335632801055908203e-01
1.851330697536468506e-02
4.231384396553039551e-01
1.434542238712310791e-01
1.608888149261474609e+00
6.384106725454330444e-02
0.000000000000000000e+00
1.397582143545150757e-01
6.642650067806243896e-02
0.000000000000000000e+00
2.881233580410480499e-02
0.000000000000000000e+00
1.236442923545837402e+00
0.000000000000000000e+00
2.341148138046264648e+00
2.107602596282958984e+00
2.572067677974700928e-01
1.210253000259399414e+00
8.651998639106750488e-01
4.615397378802299500e-02
7.322618365287780762e-01
3.323397040367126465e-01
4.584282040596008301e-01
4.486587643623352051e-02
5.862711369991302490e-02
1.080393552780151367e+00
1.165346503257751465e+00
1.922903060913085938e-01
1.869586408138275146e-01
9.711036086082458496e-02
2.569405794143676758e+00
1.908355802297592163e-01
9.494972229003906250e-01
2.467009276151657104e-01
5.267653465270996094e-01
5.417180657386779785e-01
1.229346275329589844e+00
7.960143089294433594e-01
2.704514563083648682e-01
6.191372871398925781e-01
0.000000000000000000e+00
1.525568068027496338e-01
1.674159429967403412e-02
2.151166051626205444e-01
0.000000000000000000e+00
1.493782043457031250e+00
2.824530005455017090e-01
1.161840781569480896e-01
0.000000000000000000e+00
6.744197010993957520e-02
4.519132971763610840e-01
1.254953891038894653e-01
8.754659891128540039e-01
8.691733479499816895e-01
1.969570480287075043e-02
3.770700991153717041e-01
2.303292229771614075e-02
0.000000000000000000e+00
2.627657651901245117e-01
2.778302133083343506e-01
1.292643904685974121e+00
5.104880332946777344e-01
9.906889498233795166e-02
4.196441546082496643e-02
1.126110196113586426e+00
1.673036254942417145e-02
1.281392276287078857e-01
1.318417042493820190e-01
1.746260166168212891e+00
0.000000000000000000e+00
5.374727398157119751e-02
3.972404301166534424e-01
2.668420374393463135e-01
4.886481165885925293e-01
6.253975629806518555e-01
3.041442930698394775e-01
1.099775880575180054e-01
3.460226356983184814e-01
6.753697246313095093e-02
3.612337410449981689e-01
1.285569071769714355e-01
3.301727399230003357e-02
2.773508243262767792e-02
9.538409113883972168e-01
2.710163295269012451e-01
3.086061403155326843e-02
0.000000000000000000e+00
4.814740642905235291e-02
4.230023920536041260e-02
0.000000000000000000e+00
4.153851568698883057e-01
0.000000000000000000e+00
9.449905157089233398e-01
1.268235035240650177e-02
3.971643149852752686e-01
3.515156358480453491e-02
9.827860631048679352e-03
1.942306309938430786e-01
3.329674899578094482e-02
4.421619325876235962e-02
1.329579055309295654e-01
6.078830361366271973e-01
1.380183994770050049e-01
1.437543183565139771e-01
2.389572262763977051e-01
2.038865238428115845e-01
5.789907649159431458e-02
1.626953005790710449e+00
3.006274811923503876e-02
3.325261473655700684e-01
1.886383652687072754e+00
7.748092990368604660e-03
7.804167866706848145e-01
2.892166674137115479e-01
1.171054124832153320e+00
4.892790615558624268e-01
0.000000000000000000e+00
2.303765773773193359e+00
1.735066652297973633e+00
1.698994487524032593e-01
3.175748512148857117e-02
2.668888680636882782e-02
4.407434538006782532e-02
3.867322504520416260e-01
7.290082573890686035e-01
8.132727742195129395e-01
3.521807491779327393e-01
4.048608243465423584e-02
1.183876752853393555e+00
3.242499232292175293e-01
2.761777341365814209e-01
1.564693450927734375e-01
3.967979922890663147e-02
4.104948341846466064e-01
6.942767500877380371e-01
2.950357198715209961e-01
1.216558694839477539e+00
4.811067506670951843e-02
2.129642516374588013e-01
3.042664825916290283e-01
6.426132917404174805e-01
0.000000000000000000e+00
2.409691363573074341e-01
9.782328605651855469e-01
0.000000000000000000e+00
6.519316881895065308e-02
2.902649156749248505e-02
1.446755230426788330e-01
7.027719616889953613e-01
4.473300874233245850e-01
1.159685105085372925e-01
1.605899259448051453e-02
7.840541191399097443e-03
9.044377207756042480e-01
1.398794651031494141e+00
0.000000000000000000e+00
2.107676267623901367e+00
0.000000000000000000e+00
1.005905747413635254e+00
1.594471484422683716e-01
0.000000000000000000e+00
1.427208036184310913e-01
5.405265255831182003e-04
1.073192059993743896e-01
6.149934530258178711e-01
3.449121713638305664e-01
0.000000000000000000e+00
8.474659174680709839e-02
0.000000000000000000e+00
1.240292191505432129e+00
4.429981112480163574e-01
2.361306428909301758e+00
2.244366258382797241e-01
1.229971740394830704e-02
0.000000000000000000e+00
6.450859829783439636e-03
4.847812652587890625e-01
4.148010015487670898e-01
1.727168679237365723e+00
2.965399995446205139e-02
2.518803440034389496e-02
5.735686421394348145e-01
1.779437214136123657e-01
3.986519575119018555e-02
1.338744759559631348e+00
9.587879478931427002e-02
3.700620830059051514e-01
4.443149082362651825e-03
2.689842283725738525e-01
8.597469329833984375e-02
8.787361532449722290e-02
2.853989899158477783e-01
2.209772914648056030e-02
1.778832823038101196e-01
6.603329181671142578e-01
8.820866942405700684e-01
3.477829396724700928e-01
0.000000000000000000e+00
1.826240420341491699e+00
0.000000000000000000e+00
2.052126973867416382e-01
2.185867130756378174e-01
2.667862772941589355e-01
0.000000000000000000e+00
2.545149028301239014e-01
4.636057093739509583e-02
3.566065728664398193e-01
1.371525526046752930e-01
1.434738636016845703e-01
2.666068077087402344e-02
1.771127134561538696e-01
9.359502047300338745e-02
3.390458524227142334e-01
3.666505217552185059e-02
1.790601573884487152e-02
9.480603039264678955e-03
0.000000000000000000e+00
0.000000000000000000e+00
4.136566072702407837e-02
1.852799415588378906e+00
8.737512826919555664e-01
2.734297513961791992e+00
4.050339385867118835e-02
2.249649465084075928e-01
3.225821256637573242e-01
2.294504940509796143e-01
7.869508862495422363e-02
3.068253956735134125e-02
3.079254031181335449e-01
1.011243909597396851e-01
1.932088434696197510e-01
1.936002634465694427e-03
1.159232497215270996e+00
1.425996273756027222e-01
1.783057808876037598e+00
4.734300971031188965e-01
4.831616207957267761e-02
1.195005979388952255e-02
1.202286481857299805e+00
1.411184191703796387e+00
3.833180963993072510e-01
5.661357045173645020e-01
8.285211026668548584e-02
2.021085768938064575e-01
4.605419933795928955e-02
4.976445436477661133e-01
1.054547280073165894e-01
6.871626526117324829e-02
1.537527889013290405e-01
2.342512309551239014e-01
5.027874372899532318e-03
1.194397080689668655e-02
2.946862280368804932e-01
4.585076496005058289e-02
1.091047167778015137e+00
7.761349081993103027e-01
6.805819869041442871e-01
0.000000000000000000e+00
8.216672390699386597e-02
2.196927547454833984e+00
6.694816946983337402e-01
3.896513581275939941e-01
1.171593785285949707e+00
4.211821034550666809e-02
3.014037609100341797e-01
1.023778412491083145e-02
7.754769921302795410e-02
3.019770681858062744e-01
2.807964086532592773e-01
8.458750844001770020e-01
2.087127119302749634e-01
1.225118398666381836e+00
3.903507590293884277e-01
1.854183673858642578e-01
7.693839073181152344e-01
6.254607677459716797e+00
6.589390803128480911e-03
3.972150851041078568e-03
3.583101272583007812e+00
4.165897518396377563e-02
5.031499639153480530e-02
4.431484043598175049e-01
9.263710975646972656e-01
9.969111084938049316e-01
1.150949239730834961e+00
3.847405314445495605e-02
0.000000000000000000e+00
6.253375858068466187e-02
1.357534825801849365e-01
4.085779666900634766e+00
2.141481876373291016e+00
5.105573683977127075e-02
1.797122359275817871e-01
1.798902750015258789e-01
3.154678642749786377e-02
0.000000000000000000e+00
2.586841583251953125e-01
3.096419870853424072e-01
5.718321353197097778e-02
4.065517708659172058e-02
1.367680430412292480e+00
9.363568425178527832e-01
7.005534172058105469e-01
2.434849023818969727e+00
1.085525900125503540e-01
5.277073383331298828e-01
7.453715801239013672e-01
3.445025086402893066e-01
4.778803512454032898e-02
1.811907291412353516e-01
0.000000000000000000e+00
1.444267630577087402e-01
3.376483023166656494e-01
1.447782218456268311e-01
2.559541165828704834e-02
8.506217598915100098e-01
9.770719707012176514e-02
4.725366830825805664e-02
6.537051200866699219e-01
3.302033841609954834e-01
5.212287604808807373e-02
2.208053588867187500e+00
2.179894000291824341e-01
7.022415399551391602e-01
2.168715894222259521e-01
1.407566815614700317e-01
1.711560636758804321e-01
2.863437309861183167e-02
7.928884029388427734e-02
6.491512805223464966e-02
2.399359345436096191e-01
1.816322803497314453e+00
1.210799291729927063e-01
6.396913528442382812e-02
5.585660412907600403e-02
1.029837608337402344e+00
2.269740253686904907e-01
7.214997708797454834e-02
3.292210698127746582e-01
4.908559024333953857e-01
0.000000000000000000e+00
1.405870616436004639e-01
0.000000000000000000e+00
2.093142420053482056e-01
3.394834995269775391e-01
1.451826095581054688e-01
4.976197183132171631e-01
7.120948433876037598e-01
6.595377326011657715e-01
7.151662707328796387e-01
2.950902283191680908e-01
0.000000000000000000e+00
1.578890234231948853e-01
2.602453231811523438e-01
2.691784873604774475e-02
1.053530722856521606e-01
1.685213148593902588e-01
1.203898638486862183e-01
1.485031694173812866e-01
2.304414510726928711e-01
3.652514517307281494e-01
1.582439392805099487e-01
1.432652711868286133e+00
1.634599924087524414e+00
3.126794993877410889e-01
4.130394756793975830e-02
3.059398531913757324e-01
4.206470549106597900e-01
5.173323154449462891e-01
7.362158596515655518e-02
1.321641355752944946e-01
1.069661229848861694e-01
1.593204401433467865e-02
2.246516058221459389e-03
9.551613330841064453e-01
1.190157420933246613e-02
4.754833281040191650e-01
1.370237112045288086e+00
0.000000000000000000e+00
0.000000000000000000e+00
6.371244043111801147e-02
4.299617707729339600e-01
4.059885069727897644e-02
0.000000000000000000e+00
3.041941523551940918e-01
3.008206784725189209e-01
0.000000000000000000e+00
1.208293214440345764e-01
7.137339115142822266e-01
2.979758568108081818e-02
5.615037679672241211e-01
3.156053543090820312e+00
4.712492525577545166e-01
0.000000000000000000e+00
1.107073798775672913e-01
2.445957660675048828e+00
6.293619275093078613e-01
6.224143132567405701e-02
1.089184999465942383e+00
1.471124961972236633e-02
2.095174342393875122e-01
2.840423882007598877e-01
3.554545044898986816e-01
2.913790754973888397e-02
4.043127968907356262e-02
2.403872907161712646e-01
4.273441806435585022e-02
3.733649253845214844e-01
0.000000000000000000e+00
2.343503087759017944e-01
1.785192638635635376e-02
8.970630168914794922e-02
3.689844131469726562e+00
1.938835084438323975e-01
5.462897419929504395e-01
3.418576419353485107e-01
1.644026935100555420e-01
6.235331762582063675e-03
5.523282885551452637e-01
1.804924160242080688e-01
6.493716239929199219e-01
2.678865194320678711e-01
2.455026805400848389e-01
9.680868685245513916e-02
4.306569099426269531e-01
9.529476054012775421e-03
3.281671106815338135e-01
1.182222843170166016e+00
1.838343888521194458e-01
1.186328157782554626e-01
3.570921719074249268e-01
2.297653444111347198e-02
8.593113720417022705e-02
8.268477767705917358e-02
6.600694656372070312e-01
1.592398762702941895e+00
1.394638270139694214e-01
3.125521913170814514e-02
1.606924459338188171e-02
0.000000000000000000e+00
3.186347708106040955e-02
3.679004609584808350e-01
5.988616347312927246e-01
0.000000000000000000e+00
0.000000000000000000e+00
6.999412178993225098e-01
6.769715249538421631e-02
6.269991993904113770e-01
2.776324748992919922e-02
1.919187791645526886e-02
7.604825496673583984e-01
1.066438198089599609e+00
7.199148088693618774e-02
3.424288034439086914e-01
4.615422189235687256e-01
6.749058961868286133e-01
2.440879344940185547e-01
7.019490748643875122e-02
0.000000000000000000e+00
1.091146767139434814e-01
2.562205120921134949e-02
0.000000000000000000e+00
2.155430465936660767e-01
1.419635862112045288e-01
4.977158084511756897e-02
3.886431157588958740e-01
1.845378130674362183e-01
1.969582438468933105e+00
6.238711625337600708e-02
1.753147095441818237e-01
2.176253870129585266e-02
1.402591615915298462e-01
1.137444600462913513e-01
0.000000000000000000e+00
0.000000000000000000e+00
8.526530265808105469e-01
6.527910232543945312e-01
7.045217603445053101e-02
0.000000000000000000e+00
4.536421298980712891e-01
7.588916271924972534e-02
7.202752679586410522e-02
1.828503049910068512e-02
4.941512942314147949e-01
9.643615223467350006e-03
4.844195395708084106e-02
3.574418425559997559e-01
0.000000000000000000e+00
2.175638228654861450e-01
9.823285937309265137e-01
4.961465299129486084e-01
1.258764714002609253e-01
3.506703376770019531e-01
6.028486881405115128e-03
1.958009228110313416e-02
3.026868402957916260e-02
2.998887188732624054e-02
7.032052874565124512e-01
1.247354224324226379e-01
0.000000000000000000e+00
8.303580880165100098e-01
5.929459333419799805e-01
8.149803280830383301e-01
6.327143311500549316e-01
6.764302495867013931e-03
4.737854897975921631e-01
3.712551593780517578e-01
9.335399419069290161e-02
2.221923507750034332e-02
1.966596208512783051e-02
2.171107083559036255e-01
6.059004738926887512e-02
6.189584359526634216e-02
4.576839208602905273e-01
3.233948722481727600e-02
5.511088371276855469e-01
5.431070458143949509e-03
1.747532561421394348e-02
1.659434586763381958e-01
1.678348898887634277e+00
3.791015744209289551e-01
1.299767643213272095e-01
5.785005912184715271e-02
0.000000000000000000e+00
2.174944579601287842e-01
1.537859737873077393e-01
3.020019531250000000e-01
3.872914910316467285e-01
7.700862288475036621e-01
7.766347408294677734e+00
5.519211292266845703e-01
1.516852527856826782e-01
4.059013128280639648e-01
2.904886603355407715e-01
0.000000000000000000e+00
5.661790966987609863e-01
3.928380012512207031e-01
5.809865593910217285e-01
1.494533419609069824e+00
5.350567698478698730e-01
9.861899539828300476e-03
8.881173133850097656e-01
5.936924219131469727e-01
3.975667357444763184e-01
9.797769039869308472e-02
1.466274708509445190e-01
0.000000000000000000e+00
3.249196410179138184e-01
3.803719580173492432e-01
3.800656199455261230e-01
4.784685373306274414e-02
0.000000000000000000e+00
3.679660856723785400e-01
3.062814474105834961e-01
1.964192688465118408e-01
4.558728933334350586e-01
1.494520008563995361e-01
4.017467796802520752e-01
9.603129625320434570e-01
3.346687555313110352e-01
0.000000000000000000e+00
2.628924608230590820e+00
8.396439999341964722e-02
3.069943785667419434e-01
1.065871477127075195e+00
6.562402099370956421e-02
1.240767091512680054e-01
2.178700715303421021e-01
4.564360082149505615e-01
7.171506434679031372e-02
0.000000000000000000e+00
5.261103436350822449e-02
2.408710718154907227e-01
7.658218592405319214e-02
8.251295238733291626e-02
1.157260220497846603e-02
2.224796451628208160e-02
1.579297035932540894e-01
1.004393491894006729e-02
3.191807121038436890e-02
1.597627550363540649e-01
3.577690199017524719e-02
2.154543995857238770e-02
3.235222995281219482e-01
9.630022943019866943e-02
1.700692996382713318e-02
6.348739564418792725e-02
0.000000000000000000e+00
1.676911562681198120e-01
1.733148097991943359e+00
0.000000000000000000e+00
1.530249416828155518e-01
4.092651605606079102e-01
3.246412426233291626e-02
8.548204600811004639e-02
0.000000000000000000e+00
9.152031689882278442e-02
1.309784889221191406e+00
0.000000000000000000e+00
1.543632000684738159e-01
4.627835452556610107e-01
1.805522013455629349e-03
9.361967444419860840e-03
3.409835696220397949e-02
2.559130191802978516e-01
3.554379194974899292e-02
2.126768082380294800e-01
0.000000000000000000e+00
1.566018313169479370e-01
4.710601270198822021e-02
4.081770777702331543e-02
1.851678133010864258e+00
1.817138791084289551e-01
1.311561465263366699e+00
4.033732041716575623e-02
2.270818687975406647e-02
2.255301773548126221e-01
1.072166673839092255e-02
9.621278941631317139e-02
1.772532165050506592e-01
2.526670694351196289e-01
1.991071179509162903e-02
1.652294956147670746e-02
1.909082382917404175e-01
8.329522013664245605e-01
3.464444540441036224e-03
9.002121165394783020e-03
0.000000000000000000e+00
2.505381703376770020e-01
1.269278209656476974e-02
5.233475565910339355e-02
0.000000000000000000e+00
2.968210540711879730e-02
9.791615419089794159e-03
1.518043637275695801e+00
3.379803895950317383e-01
7.816989421844482422e-01
4.813347160816192627e-01
8.033856004476547241e-02
6.101942062377929688e-02
2.182895898818969727e+00
4.085853397846221924e-01
6.558484584093093872e-02
4.796288907527923584e-01
1.201895236968994141e+00
1.238123774528503418e-01
6.455402374267578125e-01
0.000000000000000000e+00
4.948846399784088135e-01
1.742821186780929565e-01
7.734481990337371826e-02
2.919370830059051514e-01
2.037271708250045776e-01
7.882815599441528320e-02
8.035764098167419434e-02
4.791507244110107422e+00
2.308785170316696167e-01
5.149681568145751953e-01
7.066250592470169067e-02
5.699562430381774902e-01
1.338256150484085083e-02
1.009100973606109619e-01
1.126322057098150253e-02
3.174480050802230835e-03
1.331180810928344727e+00
0.000000000000000000e+00
1.134965866804122925e-01
8.005123585462570190e-02
1.073137894272804260e-01
0.000000000000000000e+00
1.362506002187728882e-01
3.306883573532104492e-02
3.754464909434318542e-02
1.993491351604461670e-01
0.000000000000000000e+00
2.368269711732864380e-01
1.424423605203628540e-01
6.573807448148727417e-02
0.000000000000000000e+00
2.249703854322433472e-01
7.702146172523498535e-01
0.000000000000000000e+00
0.000000000000000000e+00
7.183237075805664062e-01
2.583038806915283203e-01
1.624969393014907837e-01
2.923872172832489014e-01
1.652725599706172943e-02
2.161266282200813293e-03
2.532168291509151459e-02
8.860585093498229980e-02
1.110591292381286621e-01
1.489062756299972534e-01
4.759900271892547607e-01
4.045875668525695801e-01
0.000000000000000000e+00
7.851196569390594959e-04
0.000000000000000000e+00
1.185588240623474121e+00
3.677550703287124634e-03
2.903294563293457031e-01
6.227632053196430206e-03
8.734095096588134766e-01
6.576810836791992188e+00
6.649003829807043076e-03
4.267684817314147949e-01
0.000000000000000000e+00
1.585067063570022583e-02
1.142238259315490723e+00
2.980297207832336426e-01
1.166458874940872192e-01
3.315087407827377319e-02
2.566721916198730469e+00
3.277118131518363953e-02
2.495277971029281616e-01
4.714801609516143799e-01
3.990597724914550781e-01
6.562607828527688980e-03
4.949761554598808289e-02
2.901466935873031616e-02
3.658470511436462402e-02
2.463914453983306885e-01
6.705235242843627930e-01
4.628337621688842773e-01
0.000000000000000000e+00
6.005761679261922836e-03
2.121876738965511322e-02
3.490825891494750977e-01
2.902617454528808594e-01
5.526995658874511719e-01
1.548236012458801270e-01
1.394072294235229492e+00
1.208845496177673340e+00
9.802413582801818848e-01
1.039462804794311523e+00
1.320954203605651855e+00
3.218581974506378174e-01
9.175534844398498535e-01
4.268066287040710449e-01
2.011215090751647949e-01
3.164229989051818848e-01
3.627552390098571777e-01
4.790671169757843018e-01
9.852024726569652557e-03
3.838863670825958252e-01
1.516661643981933594e-01
1.009573861956596375e-01
1.761268377304077148e-01
3.458521142601966858e-02
2.185057848691940308e-02
4.718478322029113770e-01
4.078020527958869934e-02
3.896091580390930176e-01
1.097416505217552185e-01
1.110431328415870667e-01
1.283488273620605469e+00
2.502106726169586182e-01
5.796668529510498047e-01
3.592801094055175781e-01
1.164094284176826477e-01
2.845121324062347412e-01
5.302862077951431274e-02
2.155294567346572876e-01
7.278423011302947998e-02
5.061492919921875000e-01
5.236908793449401855e-01
0.000000000000000000e+00
3.920680880546569824e-01
7.695769518613815308e-02
8.763877749443054199e-01
4.545318782329559326e-01
4.281947612762451172e+00
3.401669561862945557e-01
6.437426060438156128e-02
2.754661440849304199e-01
7.838423550128936768e-02
3.522280156612396240e-01
0.000000000000000000e+00
3.209128379821777344e-01
4.765949398279190063e-02
5.176551640033721924e-03
7.062403485178947449e-03
2.079224109649658203e+00
0.000000000000000000e+00
9.236150979995727539e-02
0.000000000000000000e+00
1.411257535219192505e-01
0.000000000000000000e+00
0.000000000000000000e+00
1.400253772735595703e-01
3.590138554573059082e-01
8.209503293037414551e-01
2.178012579679489136e-02
1.989552676677703857e-01
3.546294197440147400e-02
1.152619242668151855e+00
3.881799876689910889e-01
0.000000000000000000e+00
0.000000000000000000e+00
1.160616520792245865e-02
1.388509720563888550e-01
2.384402275085449219e+00
3.754745051264762878e-02
1.371319174766540527e+00
1.757570058107376099e-01
3.164083957672119141e-01
1.130087256431579590e+00
3.412174284458160400e-01
0.000000000000000000e+00
2.369187355041503906e+00
6.660453796386718750e+00
1.860490888357162476e-01
1.008987307548522949e+00
1.819788664579391479e-02
3.138633072376251221e-02
2.590961158275604248e-01
1.273431926965713501e-01
5.462409257888793945e-01
6.111744791269302368e-02
2.409911870956420898e+00
1.248322874307632446e-01
1.238513290882110596e-01
6.484146714210510254e-01
3.616589903831481934e-01
1.327318996191024780e-01
0.000000000000000000e+00
3.936467170715332031e-01
3.600070998072624207e-02
2.922127842903137207e-01
2.221137098968029022e-02
0.000000000000000000e+00
2.328897453844547272e-02
6.314907688647508621e-03
2.904640696942806244e-02
2.195767402648925781e+00
2.596157491207122803e-01
1.232364103198051453e-01
0.000000000000000000e+00
0.000000000000000000e+00
0.000000000000000000e+00
5.180538296699523926e-01
1.141059473156929016e-01
0.000000000000000000e+00
1.227213442325592041e-01
5.878278017044067383e-01
3.684195578098297119e-01
5.186607837677001953e-01
2.238056361675262451e-01
1.144066691398620605e+00
0.000000000000000000e+00
5.806830897927284241e-02
2.130193948745727539e+00
1.943164020776748657e-01
1.384779810905456543e-01
1.533565074205398560e-01
2.894959449768066406e-01
8.814678788185119629e-01
4.321253597736358643e-01
0.000000000000000000e+00
7.805290222167968750e-01
0.000000000000000000e+00
7.861299067735671997e-02
8.651253581047058105e-01
1.320260614156723022e-01
6.664937734603881836e-01
5.003656726330518723e-03
1.269113540649414062e+00
1.819962859153747559e-01
7.129675894975662231e-02
2.360595762729644775e-01
6.640112996101379395e-01
2.612055093050003052e-02
1.004873991012573242e+00
0.000000000000000000e+00
0.000000000000000000e+00
4.051992204040288925e-03
1.513454318046569824e+00
5.204222798347473145e-01
3.560631990432739258e+00
7.770975232124328613e-01
1.051622629165649414e+00
1.064605936408042908e-01
8.658698797225952148e-01
5.102204158902168274e-02
1.275443673133850098e+00
6.958556920289993286e-02
0.000000000000000000e+00
9.048592299222946167e-02
9.061526060104370117e-01
5.284610271453857422e+00
8.536390028893947601e-03
5.843328237533569336e-01
5.829406380653381348e-01
6.435042619705200195e-01
2.477488964796066284e-01
0.000000000000000000e+00
5.153942704200744629e-01
1.876427382230758667e-01
2.232680022716522217e-01
2.365626581013202667e-02
2.471961453557014465e-02
6.801081895828247070e-01
2.416588179767131805e-02
8.442812412977218628e-02
0.000000000000000000e+00
4.080108553171157837e-02
3.833119571208953857e-02
8.832450956106185913e-02
1.987147778272628784e-01
1.433762550354003906e+00
4.983626306056976318e-01
3.325806558132171631e-02
1.216696739196777344e+00
5.292209982872009277e-01
3.177756965160369873e-01
4.358392953872680664e-02
6.834395229816436768e-03
3.136562928557395935e-02
0.000000000000000000e+00
2.568242549896240234e-01
1.065052747726440430e-01
3.136227652430534363e-02
0.000000000000000000e+00
3.050441108644008636e-02
1.237419098615646362e-01
1.546590030193328857e-01
1.636144071817398071e-01
2.363764643669128418e-01
2.122225612401962280e-02
1.256368868052959442e-02
8.248801343142986298e-03
9.122549556195735931e-03
3.815895691514015198e-02
1.802349537611007690e-01
7.752686142921447754e-01
2.616388499736785889e-01
1.172529757022857666e-01
3.440973460674285889e-01
0.000000000000000000e+00
6.005740165710449219e-01
2.439552247524261475e-01
8.590900897979736328e-02
4.319152235984802246e-02
1.173196732997894287e-01
1.174414530396461487e-01
2.418000221252441406e+00
1.065976098179817200e-01
4.429717659950256348e-01
0.000000000000000000e+00
2.247113138437271118e-01
1.102321073412895203e-01
4.166557192802429199e-01
1.082052513957023621e-01
4.669055044651031494e-01
5.497122928500175476e-02
3.206751644611358643e-01
1.037477403879165649e-01
0.000000000000000000e+00
1.141591928899288177e-03
2.417877763509750366e-01
1.532875895500183105e+00
2.504508197307586670e-01
3.562530130147933960e-02
6.039571017026901245e-03
4.412398040294647217e-01
8.262643814086914062e-01
9.751841425895690918e-02
0.000000000000000000e+00
3.146700859069824219e-01
4.453313723206520081e-02
2.198874019086360931e-02
1.184165120124816895e+00
9.806101322174072266e-01
0.000000000000000000e+00
9.760868549346923828e-02
2.774069085717201233e-02
2.780979275703430176e-01
2.050773054361343384e-01
6.167694553732872009e-02
0.000000000000000000e+00
0.000000000000000000e+00
1.843473687767982483e-02
1.085662562400102615e-02
4.691657125949859619e-01
2.125914767384529114e-02
1.502916216850280762e-01
4.397072270512580872e-02
2.395874261856079102e-01
5.980756878852844238e-01
2.560672536492347717e-02
0.000000000000000000e+00
2.200869657099246979e-02
3.699512481689453125e+00
1.055542945861816406e+00
0.000000000000000000e+00
1.277042329311370850e-01
2.817219197750091553e-01
3.192660585045814514e-02
2.089657485485076904e-01
1.231901049613952637e-01
4.471485316753387451e-01
2.583265900611877441e-01
1.864591538906097412e-01
2.517580389976501465e-01
1.507345587015151978e-01
3.390571475028991699e-02
1.041777059435844421e-01
6.768636107444763184e-01
1.657874882221221924e-01
6.659695506095886230e-01
7.580009102821350098e-02
1.966888308525085449e-01
1.509270220994949341e-01
4.859338328242301941e-02
2.888632714748382568e-01
0.000000000000000000e+00
0.000000000000000000e+00
2.595267891883850098e-01
2.442745864391326904e-01
1.050023674964904785e+00
6.639096140861511230e-01
3.513338509947061539e-03
5.737614631652832031e-01
1.636379361152648926e-01
7.821286320686340332e-01
1.630895026028156281e-02
8.098102211952209473e-01
7.278164848685264587e-04
3.359450399875640869e-02
5.019960999488830566e-01
1.155289039015769958e-01
4.939148947596549988e-02
8.477328717708587646e-02
3.719389140605926514e-01
2.193448990583419800e-01
1.330031603574752808e-01
1.288836747407913208e-01
7.271063514053821564e-03
9.017769247293472290e-03
7.536963373422622681e-02
2.509005069732666016e-01
1.924775727093219757e-02
3.055307149887084961e+00
1.508771300315856934e+00
9.025710821151733398e-02
2.624098062515258789e-01
2.017561048269271851e-01
1.217829734086990356e-01
1.773597300052642822e-01
6.756494641304016113e-01
1.462457329034805298e-02
3.044920228421688080e-02
1.310376450419425964e-02
7.054061293601989746e-01
7.146041393280029297e-01
2.909698709845542908e-02
1.768285185098648071e-01
6.836624443531036377e-02
2.575194276869297028e-02
1.437571048736572266e+00
0.000000000000000000e+00
1.722234636545181274e-01
9.272855520248413086e-01
3.903402015566825867e-02
1.109695792198181152e+00
6.456007361412048340e-01
5.186510086059570312e-01
1.985169649124145508e-01
7.803307473659515381e-02
0.000000000000000000e+00
8.121475577354431152e-01
1.814525961875915527e+00
4.389810934662818909e-02
1.493747532367706299e-01
8.588151633739471436e-02
3.313326835632324219e-01
0.000000000000000000e+00
1.949599087238311768e-01
1.025181889533996582e+00
3.853984475135803223e-01
2.578199386596679688e+00
5.061520338058471680e-01
3.275614678859710693e-01
3.823916427791118622e-03
9.241635203361511230e-01
9.038008749485015869e-02
8.628502488136291504e-02
7.924265861511230469e-01
7.346457839012145996e-01
6.736971735954284668e-01
1.001026667654514313e-02
8.000004105269908905e-03
0.000000000000000000e+00
5.332472268491983414e-03
0.000000000000000000e+00
3.675470650196075439e-01
9.375528432428836823e-03
8.464086651802062988e-01
4.273322224617004395e-02
1.991717889904975891e-02
1.148727416992187500e+00
0.000000000000000000e+00
1.168118119239807129e+00
1.035245582461357117e-01
0.000000000000000000e+00
2.125388011336326599e-02
1.041144728660583496e-01
1.934560239315032959e-01
1.253575924783945084e-02
2.249378204345703125e+00
7.082596421241760254e-02
2.211792618036270142e-01
2.199978195130825043e-02
6.989883631467819214e-02
6.912984848022460938e-01
2.163217067718505859e+00
4.502143710851669312e-02
0.000000000000000000e+00
1.879345178604125977e-01
7.724262773990631104e-02
1.452437788248062134e-01
4.452385380864143372e-02
1.108707189559936523e+00
4.121792316436767578e-01
1.862562179565429688e+00
5.792350769042968750e-01
1.408041715621948242e+00
2.381850332021713257e-01
1.002298474311828613e+00
2.752494573593139648e+00
6.255203334148973227e-05
5.420723557472229004e-02
4.137910008430480957e-01
1.414317637681961060e-01
1.239403039216995239e-01
1.540121585130691528e-01
9.150995314121246338e-02
0.000000000000000000e+00
1.782569140195846558e-01
3.413145780563354492e+00
4.344983899500221014e-04
2.726213634014129639e-01
1.369415283203125000e+00
3.874343633651733398e-02
1.366240680217742920e-01
1.262870430946350098e+00
2.850634455680847168e-01
3.620851933956146240e-01
3.839977458119392395e-02
1.094846054911613464e-02
6.201270222663879395e-02
1.790342688560485840e+00
8.298462629318237305e-02
0.000000000000000000e+00
1.364971697330474854e-01
2.780194282531738281e-01
1.610844433307647705e-01
1.469374060630798340e+00
7.287155091762542725e-02
1.564460247755050659e-01
9.756355285644531250e-01
2.320448607206344604e-01
6.104488420533016324e-05
1.138160705566406250e+00
8.617766201496124268e-02
1.771655119955539703e-02
6.270348429679870605e-01
0.000000000000000000e+00
5.445477366447448730e-02
8.357360363006591797e-01
0.000000000000000000e+00
1.256550997495651245e-01
8.648050134070217609e-04
6.500810384750366211e-01
2.844873368740081787e-01
1.711625009775161743e-01
3.297401368618011475e-01
6.389886736869812012e-01
0.000000000000000000e+00
2.407189607620239258e-01
1.063021898269653320e+00
2.783245965838432312e-02
2.772963838651776314e-03
1.344418078660964966e-01
3.783471882343292236e-02
2.447153925895690918e-01
8.099277019500732422e-01
2.243750989437103271e-01
3.782923221588134766e-01
2.035422623157501221e-02
1.008810773491859436e-01
4.314344841986894608e-03
9.141337871551513672e-01
1.465268284082412720e-01
3.193054199218750000e-01
6.132059097290039062e-01
0.000000000000000000e+00
2.054992318153381348e-02
7.602025289088487625e-04
5.942598581314086914e-01
4.807254299521446228e-02
0.000000000000000000e+00
3.862720131874084473e-01
1.021822571754455566e+00
5.046904832124710083e-02
3.832680940628051758e+00
3.311848640441894531e-01
1.973708570003509521e-01
9.315538406372070312e-02
0.000000000000000000e+00
0.000000000000000000e+00
8.198438882827758789e-01
0.000000000000000000e+00
1.891719363629817963e-02
5.294103622436523438e-01
8.060446977615356445e-01
2.646951377391815186e-01
0.000000000000000000e+00
8.197148144245147705e-02
4.769097268581390381e-01
1.117738485336303711e+00
6.018246337771415710e-02
3.875452280044555664e-01
8.534066379070281982e-02
1.336800307035446167e-01
2.229818552732467651e-01
1.319624781608581543e-01
1.741382107138633728e-02
2.824653871357440948e-02
1.881146919913589954e-03
0.000000000000000000e+00
3.839850127696990967e-01
4.223186075687408447e-01
9.796358644962310791e-02
8.289391398429870605e-01
1.545250564813613892e-01
0.000000000000000000e+00
2.829716801643371582e-01
1.680545687675476074e+00
3.770123049616813660e-02
7.248047739267349243e-02
8.224763721227645874e-02
3.240398406982421875e+00
6.685945391654968262e-01
5.261684581637382507e-02
1.356817595660686493e-02
1.764603495597839355e+00
6.626631319522857666e-02
1.624941974878311157e-01
2.144549787044525146e-01
9.460465312004089355e-01
4.510176368057727814e-03
5.510583287104964256e-04
8.714436739683151245e-02
1.793685108423233032e-01
4.921405315399169922e-01
2.421833574771881104e-02
7.492384314537048340e-02
1.226935386657714844e+00
1.272215127944946289e+00
1.215285882353782654e-01
2.575697302818298340e-01
4.904139637947082520e-01
6.994879841804504395e-01
1.236596032977104187e-01
2.218882739543914795e-01
3.016159534454345703e-01
2.975763082504272461e-01
5.508257150650024414e-01
1.869814038276672363e+00
1.100611329078674316e+00
1.133844815194606781e-02
7.252298295497894287e-02
6.950218975543975830e-02
8.494523353874683380e-03
3.538424074649810791e-01
3.368631601333618164e-01
1.247532144188880920e-01
3.957783579826354980e-01
3.604526817798614502e-02
1.586173102259635925e-02
2.298987703397870064e-03
6.114815175533294678e-02
1.101787313818931580e-01
3.379739761352539062e+00
3.760051429271697998e-01
8.183928579092025757e-02
1.066536605358123779e-01
3.715140819549560547e+00
0.000000000000000000e+00
0.000000000000000000e+00
1.983094215393066406e-02
6.145243048667907715e-01
4.571803212165832520e-01
4.409030973911285400e-01
3.280903026461601257e-02
9.519063830375671387e-01
1.323513686656951904e-01
1.444233208894729614e-01
3.220064043998718262e-01
2.198637425899505615e-01
1.255300521850585938e+00
1.469061076641082764e-01
6.359576433897018433e-02
4.389152163639664650e-04
0.000000000000000000e+00
2.135684788227081299e-01
4.997979700565338135e-01
2.699761390686035156e-01
5.037381779402494431e-03
3.119540810585021973e-01
8.488354086875915527e-02
3.427680581808090210e-02
1.149391770362854004e+00
7.117959856986999512e-01
6.231654807925224304e-02
4.851062595844268799e-02
2.891021966934204102e-01
7.676902413368225098e-01
1.850035190582275391e-01
3.392463177442550659e-02
0.000000000000000000e+00
3.330106437206268311e-01
1.633206903934478760e-01
1.044503927230834961e+00
0.000000000000000000e+00
1.751669794321060181e-01
2.637535929679870605e-01
9.851925373077392578e-01
9.055717587471008301e-01
2.679901756346225739e-02
1.054443791508674622e-01
0.000000000000000000e+00
3.771947324275970459e-01
3.832116723060607910e-01
0.000000000000000000e+00
0.000000000000000000e+00
8.334302902221679688e-02
1.492522954940795898e-01
7.045091390609741211e-01
6.371343731880187988e-01
3.962512016296386719e-01
6.430212259292602539e-01
3.829167410731315613e-02
3.439314663410186768e-01
1.533644944429397583e-01
1.902539432048797607e-01
3.426306545734405518e-01
4.653254151344299316e-01
4.936657845973968506e-01
2.721729576587677002e-01
0.000000000000000000e+00
1.328748941421508789e+00
1.558127403259277344e-01
4.394790530204772949e-01
5.932883359491825104e-03
3.175289928913116455e-01
1.875640749931335449e-01
0.000000000000000000e+00
0.000000000000000000e+00
4.120017886161804199e-01
2.153830677270889282e-01
8.501045107841491699e-01
3.509761691093444824e-01
7.009688764810562134e-03
1.116960868239402771e-02
1.511428318917751312e-02
1.080048549920320511e-02
0.000000000000000000e+00
4.723092019557952881e-01
7.353849411010742188e-01
3.108800761401653290e-02
5.565304681658744812e-02
5.292536616325378418e-01
3.042053198441863060e-03
6.276691436767578125e+00
3.815501555800437927e-02
2.131221741437911987e-01
5.792611837387084961e-02
1.522428449243307114e-02
7.634087465703487396e-03
4.651984572410583496e-02
0.000000000000000000e+00
2.903632819652557373e-02
2.361914217472076416e-01
1.162186637520790100e-01
3.007233738899230957e-01
1.183807384222745895e-02
7.505437135696411133e-01
0.000000000000000000e+00
1.558476593345403671e-03
5.294266343116760254e-02
2.539813816547393799e-01
0.000000000000000000e+00
3.223994513973593712e-03
6.733179092407226562e-03
2.404092550277709961e+00
8.508470654487609863e-01
1.268578767776489258e-01
1.829254324547946453e-05
1.256233453750610352e-01
1.503060162067413330e-01
6.775385886430740356e-02
1.621492803096771240e-01
5.232014656066894531e-01
1.156081780791282654e-01
3.925493955612182617e-01
3.742917180061340332e-01
4.625163078308105469e-01
3.187724649906158447e-01
2.988280057907104492e-01
4.981173276901245117e-01
6.828157231211662292e-03
1.820069849491119385e-01
1.719266758300364017e-03
1.320683956146240234e-02
1.211077719926834106e-01
1.121619120240211487e-01
9.625242352485656738e-01
2.242568284273147583e-01
0.000000000000000000e+00
1.024000626057386398e-02
1.585563868284225464e-01
2.372484095394611359e-02
0.000000000000000000e+00
