1.402624100446701050e-01
6.861706078052520752e-02
3.653471916913986206e-02
1.177802920341491699e+00
0.000000000000000000e+00
2.325987100601196289e+00
9.638995528221130371e-01
3.497239649295806885e-01
2.011707544326782227e+00
4.785738587379455566e-01
1.861092746257781982e-01
1.751421570777893066e+00
2.081729769706726074e-01
1.919367350637912750e-02
3.838862106204032898e-02
0.000000000000000000e+00
0.000000000000000000e+00
1.166541099548339844e+00
6.086866259574890137e-01
4.694216549396514893e-01
4.825101196765899658e-01
2.124709635972976685e-01
3.970184326171875000e-01
4.732398092746734619e-01
6.916079521179199219e-01
3.762319982051849365e-01
1.034110635519027710e-01
1.546063274145126343e-01
1.921148598194122314e-02
0.000000000000000000e+00
1.045850664377212524e-01
4.788831472396850586e-01
3.488141298294067383e-01
6.323391944169998169e-02
3.514408692717552185e-02
1.340726763010025024e-01
3.687388300895690918e-01
6.251274347305297852e-01
1.059218589216470718e-02
8.731603622436523438e-01
3.343971446156501770e-03
3.093583285808563232e-01
1.897085607051849365e-01
7.646064758300781250e-01
0.000000000000000000e+00
1.371203213930130005e-01
2.353781163692474365e-01
1.295742690563201904e-01
5.937809869647026062e-02
2.482461184263229370e-01
8.938920497894287109e-02
7.346626371145248413e-02
1.447966843843460083e-01
1.509961128234863281e+00
4.529866278171539307e-01
1.297137141227722168e-01
8.457356691360473633e-02
5.222721025347709656e-02
3.857150441035628319e-03
2.914335951209068298e-02
1.116576671600341797e+00
8.520738780498504639e-02
1.054630056023597717e-01
9.433969855308532715e-03
1.295899629592895508e+00
4.318646490573883057e-01
1.141071096062660217e-01
5.100145339965820312e-01
2.305474430322647095e-01
8.185199461877346039e-03
2.639349400997161865e-01
1.413446187973022461e+00
3.154213428497314453e-01
1.521338671445846558e-01
9.993221759796142578e-01
1.262615155428647995e-02
5.381664633750915527e-01
1.213712215423583984e+00
1.584450602531433105e-01
8.519758284091949463e-02
9.038661122322082520e-01
2.347330600023269653e-01
1.148773729801177979e-01
0.000000000000000000e+00
3.099185526371002197e-01
0.000000000000000000e+00
2.349319458007812500e-01
1.015090756118297577e-02
4.166126549243927002e-01
7.122111320495605469e-01
0.000000000000000000e+00
1.110629960894584656e-01
0.000000000000000000e+00
3.805191814899444580e-02
3.634423613548278809e-01
1.557828038930892944e-01
9.699233174324035645e-01
2.561681568622589111e-01
1.015729531645774841e-01
5.165989398956298828e-01
1.193317100405693054e-01
2.634259164333343506e-01
2.419839382171630859e+00
6.411840438842773438e+00
3.865244984626770020e-01
7.991652488708496094e-01
1.524989008903503418e-01
3.926071804016828537e-03
1.018759384751319885e-01
9.645226597785949707e-02
7.335484027862548828e-01
2.097797989845275879e-01
2.895228005945682526e-02
1.930083483457565308e-01
2.372821867465972900e-01
1.333371456712484360e-02
3.358533605933189392e-02
4.835523962974548340e-01
2.178065180778503418e-01
2.730879783630371094e+00
1.234348979778587818e-03
3.413636684417724609e-01
2.034063190221786499e-01
2.412900328636169434e-01
5.356066226959228516e+00
1.515327394008636475e-01
3.749971985816955566e-01
6.092398762702941895e-01
4.749470204114913940e-02
0.000000000000000000e+00
2.560438156127929688e+00
7.767885327339172363e-01
1.287051886320114136e-01
1.575122922658920288e-01
0.000000000000000000e+00
2.119982391595840454e-01
2.641751803457736969e-02
1.072232961654663086e+00
4.432174205780029297e+00
3.352770805358886719e-01
3.810906708240509033e-01
4.519484341144561768e-01
4.038913249969482422e-01
8.037338852882385254e-01
1.380888223648071289e-01
2.881150320172309875e-02
2.816994905471801758e+00
3.577744960784912109e-01
7.281945552676916122e-03
8.233063668012619019e-02
1.132887721061706543e+00
1.682953685522079468e-01
2.539609074592590332e-01
4.412868916988372803e-01
6.636814475059509277e-01
4.310369864106178284e-02
8.394162058830261230e-01
7.769755125045776367e-01
0.000000000000000000e+00
9.324718266725540161e-02
7.823129892349243164e-01
8.536122739315032959e-02
1.109110862016677856e-01
5.608067149296402931e-04
1.078935638070106506e-01
1.115964651107788086e+00
0.000000000000000000e+00
0.000000000000000000e+00
3.668628931045532227e-01
1.757945567369461060e-01
6.468650102615356445e-01
1.328020915389060974e-02
1.516214132308959961e+00
4.521477967500686646e-02
9.929098188877105713e-02
2.624044660478830338e-03
0.000000000000000000e+00
1.846200466156005859e+00
2.329339832067489624e-02
2.838269233703613281e+00
1.496488749980926514e-01
0.000000000000000000e+00
1.173476338386535645e+00
1.326192915439605713e-01
2.387454509735107422e-01
1.890676617622375488e-01
0.000000000000000000e+00
9.137046933174133301e-01
3.822338208556175232e-02
1.576674915850162506e-02
1.927356608211994171e-02
3.396614491939544678e-01
0.000000000000000000e+00
0.000000000000000000e+00
0.000000000000000000e+00
3.051701486110687256e-01
6.133758425712585449e-01
1.155265495181083679e-01
1.452447474002838135e-01
8.534376025199890137e-01
4.635338783264160156e-01
1.661126613616943359e+00
6.126747727394104004e-01
1.250264793634414673e-01
4.353544116020202637e-02
2.312846034765243530e-01
1.793320298194885254e+00
1.501733362674713135e-01
0.000000000000000000e+00
2.260917983949184418e-02
1.057935655117034912e-01
1.132733225822448730e+00
1.105697080492973328e-02
2.479297071695327759e-01
6.011238694190979004e-01
5.316039547324180603e-02
0.000000000000000000e+00
1.976530551910400391e+00
7.462481968104839325e-03
5.011385083198547363e-01
7.228019088506698608e-02
3.731404989957809448e-02
8.016508221626281738e-01
2.131253629922866821e-01
1.674668490886688232e-02
4.971681833267211914e-01
4.636778533458709717e-01
6.273006200790405273e-01
6.975018978118896484e-02
9.644594043493270874e-02
2.349855005741119385e-02
2.561292052268981934e-01
4.387545108795166016e+00
9.156525135040283203e-02
3.388487100601196289e-01
6.122597455978393555e-01
4.344020783901214600e-01
1.466185927391052246e+00
0.000000000000000000e+00
1.321824043989181519e-01
4.725326970219612122e-02
1.679455041885375977e-01
6.956090033054351807e-02
1.192635536193847656e+00
3.070831000804901123e-01
0.000000000000000000e+00
0.000000000000000000e+00
1.448649019002914429e-01
1.960082501173019409e-01
2.149553298950195312e-01
4.490403831005096436e-02
7.716239988803863525e-02
5.468999147415161133e-01
9.386177361011505127e-02
7.010147571563720703e-01
9.649728238582611084e-02
9.296086430549621582e-02
0.000000000000000000e+00
1.151419151574373245e-02
8.940262198448181152e-01
1.733213216066360474e-01
3.179768323898315430e-01
3.219170331954956055e+00
6.417441368103027344e-02
6.153639405965805054e-02
3.423418384045362473e-03
7.340497374534606934e-01
5.002856850624084473e-01
1.098477077903226018e-04
1.238944411277770996e+00
3.251850008964538574e-01
5.176085829734802246e-01
8.086445182561874390e-02
2.166135311126708984e-01
1.904700547456741333e-01
6.874091625213623047e-01
1.920888304710388184e+00
8.063043355941772461e-01
9.294136166572570801e-01
1.881131716072559357e-02
4.862383604049682617e-01
2.964345514774322510e-01
1.739425212144851685e-01
6.720622181892395020e-01
2.680808544158935547e+00
2.276963740587234497e-01
1.816128194332122803e-01
4.502829015254974365e-01
4.270153343677520752e-01
5.479410290718078613e-01
3.679036796092987061e-01
3.875775337219238281e-01
7.897885143756866455e-02
7.577823102474212646e-02
6.550263613462448120e-02
1.186278939247131348e+00
2.123791426420211792e-01
3.748161792755126953e-01
3.169512450695037842e-01
8.291864395141601562e-02
0.000000000000000000e+00
5.723143219947814941e-01
1.637435913085937500e+00
1.161019444465637207e+00
2.484345622360706329e-02
2.265157550573348999e-01
2.091352343559265137e-01
3.529061377048492432e-01
1.057721972465515137e+00
1.141373276710510254e+00
1.679158210754394531e+00
9.640447497367858887e-01
1.948953717947006226e-01
5.962582230567932129e-01
1.215788125991821289e+00
7.583345770835876465e-01
1.734112650156021118e-01
1.864862814545631409e-02
1.650969386100769043e-01
9.222866892814636230e-01
5.341782793402671814e-02
2.735670506954193115e-01
5.408523678779602051e-01
2.540016412734985352e+00
4.656107425689697266e-01
2.283444702625274658e-01
9.539800882339477539e-01
3.930351510643959045e-02
1.693815886974334717e-01
9.345800280570983887e-01
6.778507959097623825e-03
1.110879421234130859e+00
1.100853383541107178e-01
6.313968449831008911e-03
1.722232222557067871e+00
2.632503807544708252e-01
1.524635707028210163e-03
2.490687817335128784e-01
2.156706303358078003e-01
3.113664388656616211e-01
3.047796152532100677e-02
1.937302015721797943e-02
8.084238506853580475e-04
9.536380171775817871e-01
3.637018427252769470e-02
2.584009766578674316e-01
7.979134470224380493e-02
1.176722526550292969e+00
1.460330933332443237e-01
2.400376833975315094e-02
1.075167655944824219e-01
0.000000000000000000e+00
7.785222679376602173e-02
6.566390395164489746e-01
3.170682489871978760e-02
3.034360408782958984e-01
3.528119251132011414e-02
3.441573306918144226e-02
2.428212910890579224e-01
1.082705259323120117e+00
8.875927329063415527e-02
4.222914576530456543e-01
9.510848671197891235e-02
3.675450682640075684e-01
0.000000000000000000e+00
0.000000000000000000e+00
1.193771362304687500e-01
0.000000000000000000e+00
3.317065536975860596e-02
4.310063719749450684e-01
1.465320438146591187e-01
7.797129750251770020e-01
5.153867006301879883e-01
6.390228271484375000e-01
7.454171776771545410e-02
4.497870504856109619e-01
1.690984703600406647e-02
1.220589429140090942e-01
4.308041036128997803e-01
3.322702646255493164e-01
3.226091384887695312e+00
2.712623178958892822e-01
1.296719551086425781e+00
6.638736128807067871e-01
1.786944828927516937e-02
0.000000000000000000e+00
3.672665450721979141e-03
1.314225792884826660e-01
0.000000000000000000e+00
6.578544378280639648e-01
8.303979784250259399e-02
4.782555997371673584e-01
4.052247852087020874e-02
8.256061375141143799e-02
3.908523917198181152e-02
1.192114129662513733e-01
0.000000000000000000e+00
1.856643557548522949e-01
5.296958237886428833e-02
3.332149609923362732e-02
2.680644392967224121e-01
3.748490512371063232e-01
0.000000000000000000e+00
6.598853468894958496e-01
2.678732946515083313e-02
4.987274408340454102e-01
3.743209838867187500e-01
1.541585445404052734e+00
2.076936006546020508e+00
1.924324482679367065e-01
6.145349703729152679e-03
3.863673806190490723e-01
4.381398558616638184e-01
9.922997355461120605e-01
2.727007567882537842e-01
3.496251106262207031e-01
7.604639530181884766e-01
2.882770895957946777e-01
1.818893551826477051e-01
2.965398430824279785e-01
0.000000000000000000e+00
7.674115300178527832e-01
2.861162722110748291e-01
0.000000000000000000e+00
7.473200559616088867e-01
0.000000000000000000e+00
3.114301525056362152e-02
0.000000000000000000e+00
2.188662067055702209e-02
1.374570429325103760e-01
1.485735550522804260e-02
0.000000000000000000e+00
2.001700639724731445e+00
6.262705922126770020e-01
3.262123167514801025e-01
5.506677180528640747e-02
1.362989656627178192e-02
1.394605040550231934e-01
0.000000000000000000e+00
4.777828156948089600e-01
0.000000000000000000e+00
3.831393122673034668e-01
2.284110486507415771e-01
8.920724503695964813e-03
3.998509943485260010e-01
1.254815310239791870e-01
3.040550462901592255e-02
1.263101696968078613e-01
0.000000000000000000e+00
7.418531179428100586e-02
1.095115065574645996e+00
9.998393058776855469e-01
4.498078227043151855e-01
1.837375760078430176e-01
1.694609373807907104e-01
3.382974863052368164e-01
5.010609515011310577e-03
5.996042251586914062e+00
3.885597288608551025e-01
1.096886023879051208e-02
1.180023327469825745e-02
6.420945525169372559e-01
1.424601674079895020e-01
4.215990900993347168e-01
1.074773430824279785e+00
2.394012548029422760e-02
8.187163621187210083e-02
6.784520149230957031e-01
2.143003419041633606e-02
6.889897584915161133e-02
2.610738575458526611e-01
1.717701792716979980e+00
3.091361522674560547e+00
1.575031280517578125e-01
1.351264715194702148e-01
3.949146568775177002e-01
1.045698598027229309e-01
2.898644469678401947e-02
1.661356687545776367e+00
4.043679833412170410e-01
1.424910277128219604e-01
3.801221400499343872e-02
5.412652716040611267e-02
5.789708495140075684e-01
4.133789062500000000e+00
1.831508874893188477e-01
0.000000000000000000e+00
2.931059300899505615e-01
3.893215209245681763e-02
5.164328217506408691e-02
8.079890012741088867e-01
1.395843505859375000e+00
2.020255848765373230e-02
0.000000000000000000e+00
1.590151786804199219e+00
1.158485189080238342e-01
2.995248079299926758e+00
1.044724345207214355e+00
1.576475948095321655e-01
3.347869157791137695e+00
7.723083347082138062e-02
0.000000000000000000e+00
4.470531344413757324e-01
1.974777221679687500e+00
1.951635181903839111e-01
1.593422740697860718e-01
3.630146980285644531e-01
0.000000000000000000e+00
2.199529707431793213e-01
1.533878296613693237e-01
1.539941906929016113e+00
1.963273167610168457e+00
1.226171255111694336e+00
7.991705089807510376e-02
1.214404463768005371e+00
1.390399485826492310e-01
2.787895917892456055e+00
6.504462361335754395e-01
2.285038471221923828e+00
0.000000000000000000e+00
6.660681962966918945e-01
1.615571230649948120e-01
1.938040256500244141e-01
9.849029779434204102e-01
1.245102956891059875e-01
1.390852928161621094e+00
1.148636564612388611e-01
4.231853187084197998e-01
5.446953177452087402e-01
0.000000000000000000e+00
6.325475871562957764e-02
1.813571453094482422e-01
3.549975633621215820e+00
1.148314848542213440e-01
1.692987382411956787e-01
7.810872197151184082e-01
5.498403906822204590e-01
1.254845708608627319e-01
0.000000000000000000e+00
4.850619792938232422e+00
6.041857004165649414e-01
2.385902218520641327e-02
7.248860001564025879e-01
3.401282802224159241e-02
3.226677328348159790e-02
2.513709068298339844e-01
2.354621171951293945e+00
2.869161367416381836e-01
2.382203936576843262e-02
0.000000000000000000e+00
0.000000000000000000e+00
2.542380094528198242e-01
3.954783082008361816e-01
1.110558435320854187e-01
1.882875524461269379e-02
1.538295894861221313e-01
1.143857650458812714e-02
0.000000000000000000e+00
6.119736433029174805e-01
1.971975415945053101e-01
1.240928024053573608e-01
7.738233357667922974e-02
1.412702947854995728e-01
0.000000000000000000e+00
1.360995462164282799e-03
2.895174324512481689e-01
7.854955196380615234e-01
2.217186540365219116e-01
0.000000000000000000e+00
2.238392353057861328e+00
2.437278255820274353e-02
1.274357885122299194e-01
1.218377232551574707e+00
3.361476957798004150e-01
3.940489888191223145e-01
4.389587044715881348e-01
7.570822536945343018e-02
5.109159350395202637e-01
1.044867515563964844e+00
1.307782083749771118e-01
4.502606987953186035e-01
1.411381214857101440e-01
0.000000000000000000e+00
2.288756817579269409e-01
0.000000000000000000e+00
1.214960932731628418e+00
8.817183971405029297e-02
2.470636218786239624e-01
3.853577852249145508e+00
1.833759061992168427e-02
3.430932760238647461e-02
6.750259399414062500e-01
0.000000000000000000e+00
0.000000000000000000e+00
1.033089280128479004e+00
1.654229640960693359e+00
1.594313383102416992e+00
1.869256347417831421e-01
0.000000000000000000e+00
2.221387624740600586e-01
2.718845367431640625e+00
0.000000000000000000e+00
0.000000000000000000e+00
2.280345916748046875e+00
2.061319351196289062e-01
4.462076758500188589e-04
2.495539747178554535e-02
1.603078991174697876e-01
1.614197641611099243e-01
8.200416713953018188e-02
4.034250974655151367e-01
3.864044696092605591e-02
9.248054027557373047e-02
2.466515451669692993e-01
1.141078621149063110e-01
1.746429085731506348e+00
5.700979232788085938e-01
0.000000000000000000e+00
1.192308783531188965e+00
2.418045699596405029e-01
2.070657730102539062e+00
6.955053210258483887e-01
1.123816817998886108e-01
8.430509567260742188e-01
1.206347584724426270e+00
1.284251958131790161e-01
0.000000000000000000e+00
0.000000000000000000e+00
4.342876747250556946e-02
4.437518119812011719e-01
1.409508943557739258e+00
8.782997727394104004e-01
1.071201935410499573e-01
2.111267857253551483e-02
4.033657014369964600e-01
3.030867278575897217e-01
8.316588997840881348e-01
0.000000000000000000e+00
5.753172039985656738e-01
0.000000000000000000e+00
1.189928874373435974e-02
1.663687467575073242e+00
2.158822298049926758e+00
8.717653900384902954e-02
3.570325374603271484e-01
6.289514899253845215e-02
3.119464814662933350e-01
4.095007479190826416e-02
3.821925260126590729e-03
4.470702707767486572e-01
2.697601616382598877e-01
9.735457897186279297e-01
1.881824731826782227e+00
2.335175752639770508e+00
1.189545728266239166e-02
8.083343505859375000e-01
4.086143672466278076e-01
4.343114197254180908e-01
1.070708990097045898e+00
9.888591170310974121e-01
4.445844650268554688e+00
5.373385548591613770e-02
6.000308513641357422e+00
2.910324931144714355e-01
1.160967722535133362e-01
8.600699715316295624e-03
4.271065890789031982e-01
2.184846997261047363e-01
3.526164591312408447e-01
4.795855283737182617e-01
9.183967113494873047e-02
1.402849704027175903e-01
3.087097220122814178e-02
4.824985265731811523e-01
3.732494413852691650e-01
2.430159300565719604e-01
5.192164421081542969e+00
2.227591723203659058e-02
9.700955152511596680e-01
1.100212410092353821e-01
8.334918022155761719e+00
4.233121871948242188e-03
1.305526643991470337e-01
5.087680816650390625e-01
2.397767305374145508e+00
4.991901814937591553e-01
1.069914828985929489e-02
2.291898965835571289e+00
2.992610633373260498e-02
3.042753338813781738e-01
1.138900756835937500e+00
4.105887934565544128e-02
5.625907182693481445e-01
4.355760812759399414e-01
6.825097650289535522e-02
1.752354353666305542e-01
2.231551893055438995e-02
8.291850090026855469e-01
1.344447374343872070e+00
4.991100728511810303e-02
7.823936939239501953e-01
4.982649683952331543e-01
7.238735556602478027e-01
5.138087645173072815e-02
1.798992156982421875e-01
7.719847490079700947e-04
7.925195246934890747e-02
1.688391268253326416e-01
2.281056642532348633e-01
4.039008915424346924e-01
1.835718750953674316e-01
7.749924659729003906e-01
3.856643289327621460e-02
1.721041351556777954e-01
6.745753884315490723e-01
3.219314664602279663e-02
2.144133299589157104e-02
2.315359711647033691e-01
1.692897081375122070e-01
4.340629279613494873e-02
5.970877408981323242e-02
4.907236248254776001e-02
3.890570402145385742e-01
2.733108699321746826e-01
4.135290682315826416e-01
1.548974812030792236e-01
1.450498104095458984e-01
1.085308641195297241e-01
9.125476479530334473e-01
2.880032919347286224e-02
2.004857212305068970e-01
5.551732778549194336e-01
2.475653402507305145e-02
2.439495563507080078e+00
0.000000000000000000e+00
1.704902201890945435e-01
4.472088813781738281e-01
7.378430962562561035e-01
1.287404537200927734e+00
2.697740681469440460e-02
1.941290944814682007e-01
2.502361834049224854e-01
6.099895834922790527e-01
1.237991079688072205e-01
4.177658259868621826e-01
1.794209033250808716e-01
2.042391300201416016e+00
1.080494046211242676e+00
9.362998008728027344e-01
2.880010306835174561e-01
5.646416544914245605e-02
3.507530391216278076e-01
8.931546658277511597e-02
7.845833897590637207e-02
1.894714683294296265e-02
3.100308477878570557e-01
2.205588389188051224e-03
9.110831618309020996e-01
1.817324638366699219e+00
2.040353059768676758e+00
0.000000000000000000e+00
4.589035511016845703e-01
2.965938150882720947e-01
3.415566682815551758e-01
1.195998191833496094e+00
1.486034840345382690e-01
8.670419454574584961e-02
1.710049360990524292e-01
6.844241172075271606e-02
1.150064229965209961e+00
9.717953205108642578e-02
3.799873292446136475e-01
1.020066380500793457e+00
1.170634508132934570e+00
4.863999783992767334e-01
6.131823062896728516e-01
4.358189702033996582e-01
8.328927755355834961e-01
1.239950880408287048e-01
1.522887218743562698e-02
1.194085367023944855e-02
6.032189130783081055e-01
1.798469424247741699e-01
6.663429141044616699e-01
2.436259761452674866e-02
5.672626495361328125e-01
1.808235347270965576e-01
1.303465127944946289e+00
1.093270778656005859e+00
3.754760980606079102e+00
7.772160768508911133e-01
3.380248546600341797e-01
5.039933323860168457e-02
5.185388326644897461e-01
2.734030224382877350e-02
7.335624098777770996e-01
2.997429370880126953e-01
1.345526194199919701e-03
1.297345608472824097e-01
6.410406231880187988e-01
2.687676548957824707e-01
5.884968638420104980e-01
1.657372713088989258e-01
9.561774134635925293e-02
1.749716401100158691e-01
4.969913139939308167e-02
1.900095641613006592e-01
5.841827988624572754e-01
2.337244898080825806e-01
3.776973485946655273e-02
1.143646016716957092e-01
6.455649137496948242e-01
2.400530725717544556e-01
1.140478719025850296e-02
2.977022901177406311e-02
2.712295651435852051e-01
3.423581421375274658e-01
5.918605998158454895e-02
2.393196150660514832e-02
6.420311927795410156e-01
2.014953829348087311e-02
5.616621971130371094e-01
2.328840196132659912e-01
9.317258000373840332e-02
1.557485163211822510e-01
1.578459292650222778e-01
4.843515157699584961e-02
2.130333036184310913e-01
9.947335720062255859e-02
1.482956260442733765e-01
2.777802757918834686e-02
5.874731540679931641e-01
1.491000801324844360e-01
1.484043896198272705e-01
5.258646607398986816e-01
2.502393163740634918e-02
4.915556684136390686e-02
8.041201233863830566e-01
2.640374302864074707e-01
4.989293962717056274e-02
2.922703623771667480e-01
2.963420391082763672e+00
4.344252347946166992e-01
6.185367330908775330e-02
4.303142130374908447e-01
8.026326894760131836e-01
4.394738003611564636e-03
2.010378055274486542e-02
5.362303256988525391e-01
1.312495470046997070e-01
8.594153821468353271e-02
1.186024993658065796e-01
9.547064900398254395e-01
1.085726767778396606e-01
3.866221010684967041e-01
9.322952628135681152e-01
2.823121612891554832e-03
2.599185109138488770e-01
2.409814745187759399e-01
0.000000000000000000e+00
3.401482701301574707e-01
1.371239572763442993e-01
7.906371355056762695e-01
3.243655264377593994e-01
1.297846317291259766e+00
2.979854345321655273e-01
9.962984919548034668e-01
0.000000000000000000e+00
4.514881372451782227e-01
2.910440921783447266e+00
4.529890716075897217e-01
1.852159500122070312e-01
7.899474352598190308e-02
1.439148036297410727e-04
7.134936749935150146e-02
2.439568191766738892e-01
1.209996920078992844e-02
2.093195170164108276e-01
3.358547389507293701e-01
4.207982420921325684e-01
1.672131270170211792e-01
2.073663920164108276e-01
5.583688020706176758e-01
1.832815110683441162e-01
2.292624861001968384e-02
2.359451055526733398e+00
4.616049304604530334e-02
5.111861228942871094e-01
3.398015499114990234e-01
2.242776751518249512e-02
9.823941588401794434e-01
0.000000000000000000e+00
6.836628317832946777e-01
0.000000000000000000e+00
0.000000000000000000e+00
1.609863527119159698e-02
3.227476179599761963e-01
5.661921501159667969e-01
3.729848384857177734e+00
2.293483614921569824e-01
0.000000000000000000e+00
4.218690395355224609e-01
1.345267444849014282e-01
6.703175604343414307e-02
3.691168725490570068e-01
8.588579297065734863e-01
4.074819087982177734e-01
2.340582609176635742e+00
2.282853424549102783e-02
0.000000000000000000e+00
1.382393985986709595e-01
1.209248304367065430e-01
2.914836108684539795e-01
3.375130891799926758e-02
4.882791265845298767e-02
1.005382314324378967e-01
0.000000000000000000e+00
9.551109373569488525e-02
1.368170529603958130e-01
2.696938216686248779e-01
0.000000000000000000e+00
2.638228004798293114e-03
9.882328100502490997e-03
3.203885555267333984e-01
7.971158027648925781e-01
5.038393735885620117e-01
2.714021205902099609e-01
7.043466717004776001e-02
9.700556285679340363e-03
3.099401891231536865e-01
2.590567767620086670e-01
0.000000000000000000e+00
6.555733084678649902e-02
5.837606266140937805e-02
1.723651766777038574e+00
1.748507618904113770e-01
9.504668414592742920e-02
4.057420492172241211e-01
0.000000000000000000e+00
3.038933128118515015e-02
1.106432732194662094e-02
5.878512859344482422e-01
1.592353820800781250e+00
7.117981314659118652e-01
6.696538627147674561e-02
3.007695376873016357e-01
5.000918358564376831e-02
8.624296635389328003e-02
1.612694978713989258e+00
4.383483156561851501e-02
1.442286968231201172e-01
1.866550892591476440e-01
5.544509738683700562e-02
5.723005533218383789e-02
2.859781682491302490e-01
4.616345465183258057e-01
1.550023257732391357e-01
6.938657760620117188e-01
8.767116069793701172e-01
3.549993038177490234e-01
1.811131387948989868e-01
3.529461324214935303e-01
3.232120871543884277e-01
0.000000000000000000e+00
2.265966730192303658e-03
5.005761981010437012e-01
2.788532674312591553e-01
9.633550792932510376e-02
1.380097627639770508e+00
2.364185405895113945e-03
4.163257598876953125e+00
1.039207577705383301e+00
3.386386632919311523e-01
3.896943032741546631e-01
0.000000000000000000e+00
9.770952165126800537e-02
6.147039532661437988e-01
8.870557649061083794e-04
2.081704139709472656e-02
7.138039916753768921e-02
4.610708728432655334e-02
1.576827883720397949e+00
3.322441503405570984e-02
6.207322478294372559e-01
3.449836969375610352e-01
3.295176327228546143e-01
1.242056265473365784e-01
3.435651361942291260e-01
0.000000000000000000e+00
4.679951444268226624e-02
2.751698970794677734e+00
1.471900641918182373e-01
1.116886496543884277e+00
3.194605708122253418e-01
6.310290098190307617e-01
2.896428294479846954e-02
0.000000000000000000e+00
6.983213126659393311e-02
2.425918579101562500e-01
3.826859891414642334e-01
6.091496348381042480e-01
1.451718807220458984e-01
1.926447451114654541e-01
0.000000000000000000e+00
1.810023486614227295e-01
1.522484183311462402e+00
4.193613529205322266e-01
2.070971997454762459e-03
1.044469401240348816e-01
2.329568266868591309e-01
5.154656246304512024e-02
3.516689687967300415e-02
0.000000000000000000e+00
4.191263020038604736e-02
3.901916503906250000e+00
1.592817902565002441e-01
2.187039852142333984e-01
1.509420871734619141e-01
2.730207681655883789e+00
9.997348189353942871e-01
3.527992367744445801e-01
3.701438903808593750e-01
2.254261821508407593e-01
2.081026285886764526e-01
4.106405004858970642e-02
5.503908395767211914e-01
1.225462998263537884e-03
3.142395615577697754e-01
3.976196050643920898e+00
4.327176809310913086e-01
9.062197804450988770e-01
0.000000000000000000e+00
3.357566893100738525e-01
4.382088780403137207e-02
1.389111280441284180e-01
8.895474672317504883e-02
3.807350099086761475e-01
9.827047586441040039e-03
0.000000000000000000e+00
0.000000000000000000e+00
1.772327162325382233e-02
9.855935722589492798e-02
2.453292310237884521e-01
6.572464108467102051e-01
2.870415151119232178e-01
9.963958859443664551e-01
6.779128313064575195e-02
0.000000000000000000e+00
8.989790827035903931e-02
6.887753605842590332e-01
0.000000000000000000e+00
6.206296086311340332e-01
0.000000000000000000e+00
4.417503476142883301e-01
0.000000000000000000e+00
1.684823334217071533e-01
4.307335853576660156e+00
4.200671017169952393e-01
2.810755074024200439e-01
2.370612919330596924e-01
1.606169342994689941e-01
1.119544431567192078e-01
1.816815733909606934e-01
6.666368246078491211e-01
3.480395972728729248e-01
3.827747702598571777e-02
1.333479769527912140e-02
2.468278855085372925e-01
5.808411631733179092e-03
5.300907611846923828e+00
1.783575490117073059e-02
2.259897142648696899e-01
1.070661544799804688e+00
6.552348136901855469e-01
5.106533765792846680e-01
1.163590312004089355e+00
2.539678215980529785e-01
8.161250352859497070e-01
2.353948593139648438e+00
1.616654396057128906e+00
1.361765146255493164e+00
2.945389151573181152e-01
5.945023894309997559e-02
5.554488301277160645e-02
0.000000000000000000e+00
1.718758791685104370e-01
3.936358988285064697e-01
2.428856343030929565e-01
2.445003092288970947e-01
1.511976122856140137e-01
2.133080005645751953e+00
2.174696698784828186e-02
4.080350399017333984e-01
2.488736659288406372e-01
2.152607440948486328e-01
0.000000000000000000e+00
1.402634382247924805e-01
2.291826456785202026e-01
2.245118916034698486e-01
1.835978031158447266e-01
3.051260709762573242e+00
1.581829339265823364e-01
4.087330400943756104e-02
4.627972841262817383e-01
1.007019309327006340e-03
1.487431764602661133e+00
3.740966320037841797e-01
8.774194717407226562e-01
1.896030604839324951e-01
1.024456992745399475e-01
8.750115036964416504e-01
0.000000000000000000e+00
5.173833966255187988e-01
3.536747395992279053e-01
3.776504397392272949e-01
2.624341547489166260e-01
3.689421117305755615e-01
1.802880614995956421e-01
5.815120339393615723e-01
4.192207753658294678e-02
4.059895873069763184e-02
9.674415737390518188e-02
1.181429505348205566e+00
3.650266826152801514e-01
3.776963949203491211e+00
1.772947460412979126e-01
1.492007493972778320e+00
1.363081693649291992e+00
6.875544786453247070e-02
1.463472843170166016e-01
6.865690350532531738e-01
1.155589699745178223e+00
2.734236791729927063e-02
5.987352225929498672e-03
6.078903079032897949e-01
0.000000000000000000e+00
1.500688046216964722e-01
4.280592501163482666e-01
4.553502798080444336e-01
3.033869564533233643e-01
3.197641372680664062e-01
3.156589984893798828e+00
6.555404067039489746e-01
3.448042571544647217e-01
4.797897338867187500e-01
9.685424156486988068e-03
2.582269906997680664e-01
3.177455440163612366e-02
2.693237066268920898e-01
6.191713809967041016e-01
3.075882792472839355e-01
2.550611495971679688e+00
7.857500314712524414e-01
5.967228412628173828e-01
0.000000000000000000e+00
2.909780144691467285e-01
2.267722487449645996e-01
1.946059018373489380e-01
4.219355583190917969e-01
4.827281087636947632e-02
2.315710037946701050e-01
7.204431295394897461e-01
1.985546827316284180e+00
3.560115993022918701e-01
5.006966646760702133e-03
2.470140218734741211e+00
1.969293355941772461e-01
1.886982172727584839e-01
3.534886837005615234e-01
0.000000000000000000e+00
1.668747663497924805e-01
8.339229226112365723e-02
5.592921376228332520e-02
2.917557954788208008e-01
1.418976932764053345e-01
0.000000000000000000e+00
8.240608572959899902e-01
1.038015127182006836e+00
1.829598098993301392e-02
1.214603856205940247e-01
0.000000000000000000e+00
1.337414741516113281e+00
6.794485449790954590e-02
8.075002431869506836e-01
1.251888036727905273e+00
1.365528535097837448e-02
7.031602412462234497e-02
1.295241355895996094e+00
0.000000000000000000e+00
0.000000000000000000e+00
9.170309640467166901e-03
0.000000000000000000e+00
6.487060785293579102e-01
9.536394476890563965e-01
3.924432098865509033e-01
8.902938961982727051e-01
4.480811953544616699e-01
5.428150296211242676e-01
1.265494942665100098e+00
2.177189588546752930e-01
1.171743869781494141e-02
4.500185325741767883e-02
0.000000000000000000e+00
5.709711909294128418e-01
1.171665072441101074e+00
3.381175696849822998e-01
1.568757891654968262e-01
1.663054466247558594e+00
9.141699969768524170e-02
0.000000000000000000e+00
1.192997321486473083e-01
7.473862729966640472e-03
0.000000000000000000e+00
0.000000000000000000e+00
6.013724207878112793e-02
2.769277691841125488e-01
7.772529125213623047e-01
0.000000000000000000e+00
2.070862293243408203e+00
3.076251983642578125e+00
5.544614791870117188e-01
3.696771264076232910e-01
2.110193856060504913e-02
0.000000000000000000e+00
4.408132731914520264e-01
5.280423164367675781e-01
2.842892892658710480e-02
3.972705900669097900e-01
1.051150709390640259e-01
2.516456544399261475e-01
3.031219821423292160e-03
0.000000000000000000e+00
1.164065897464752197e-01
1.860264390707015991e-01
1.895987033843994141e+00
5.172029137611389160e-01
1.962043195962905884e-01
0.000000000000000000e+00
1.725821942090988159e-01
1.951145291328430176e+00
4.586948454380035400e-01
1.418997287750244141e+00
6.340427696704864502e-02
1.755289584398269653e-01
3.139002025127410889e-01
7.727296650409698486e-02
1.935254335403442383e-01
7.524772882461547852e-01
4.497183114290237427e-02
5.846310257911682129e-01
2.555058956146240234e+00
3.211802244186401367e-01
3.987997770309448242e-01
1.625475436449050903e-01
3.033223748207092285e-01
1.248088479042053223e+00
0.000000000000000000e+00
8.420747518539428711e-01
1.723127216100692749e-01
1.582849740982055664e+00
6.219532489776611328e-01
5.861633419990539551e-01
1.855930387973785400e-01
2.436345964670181274e-01
1.100620031356811523e+00
5.388836935162544250e-02
2.145560458302497864e-02
1.334943622350692749e-01
0.000000000000000000e+00
1.394554674625396729e-01
0.000000000000000000e+00
3.364511132240295410e-01
1.967544294893741608e-02
0.000000000000000000e+00
1.184237480163574219e+00
4.229168891906738281e-01
1.833044807426631451e-03
1.719385981559753418e-01
1.551720738410949707e+00
1.039270497858524323e-02
2.415876239538192749e-01
1.755324363708496094e+00
1.320180416107177734e+00
7.850098013877868652e-01
2.743296027183532715e-01
0.000000000000000000e+00
4.218668490648269653e-02
3.818824589252471924e-01
0.000000000000000000e+00
2.352636307477951050e-01
0.000000000000000000e+00
2.531233429908752441e-01
1.318273041397333145e-02
1.044334173202514648e+00
8.211867809295654297e-01
6.622962355613708496e-01
1.862493529915809631e-02
3.312808871269226074e-01
6.537631154060363770e-01
1.272686868906021118e-01
0.000000000000000000e+00
3.691108226776123047e+00
7.773317396640777588e-02
2.215261608362197876e-01
0.000000000000000000e+00
2.016408294439315796e-01
2.765512228012084961e+00
1.302208378911018372e-02
2.409980148077011108e-01
0.000000000000000000e+00
2.068386077880859375e-01
1.445336490869522095e-01
2.785151004791259766e-01
1.154766798019409180e+00
8.081432431936264038e-02
1.068458929657936096e-01
6.350694894790649414e-01
9.849225878715515137e-01
8.312989026308059692e-03
1.635922938585281372e-01
5.714931339025497437e-02
6.401008367538452148e-01
3.641838580369949341e-02
0.000000000000000000e+00
5.855002403259277344e-01
4.127054661512374878e-02
6.250903606414794922e-01
5.717413872480392456e-02
3.892048448324203491e-02
0.000000000000000000e+00
6.021510437130928040e-02
5.300070643424987793e-01
5.366975441575050354e-02
1.718696057796478271e-01
1.868870854377746582e-01
2.312242746353149414e+00
0.000000000000000000e+00
1.661689877510070801e-01
4.660793244838714600e-01
2.122363448143005371e-01
9.119693934917449951e-02
1.082854270935058594e+00
1.437225341796875000e-01
3.353458344936370850e-01
2.727165222167968750e-01
7.424840331077575684e-02
2.050189524888992310e-01
9.000834822654724121e-01
1.716234833002090454e-01
1.026240643113851547e-02
5.781144648790359497e-02
0.000000000000000000e+00
8.016758598387241364e-03
1.240157857537269592e-01
6.343402713537216187e-02
5.154746174812316895e-01
2.027236461639404297e+00
4.158967137336730957e-01
8.264058232307434082e-01
3.530616462230682373e-01
8.768374323844909668e-01
7.063331007957458496e-01
6.517959833145141602e-01
8.305295705795288086e-01
9.025897383689880371e-01
2.244769781827926636e-02
2.376651950180530548e-02
2.210900634527206421e-01
6.641711294651031494e-02
2.545884549617767334e-01
7.521299272775650024e-02
9.707164019346237183e-02
1.440625905990600586e+00
1.442293286323547363e+00
6.990607082843780518e-02
3.889709413051605225e-01
9.188323020935058594e-01
1.128682047128677368e-01
1.042291402816772461e+00
1.238346219062805176e+00
3.104263246059417725e-01
1.001152470707893372e-01
1.532698631286621094e+00
6.332269906997680664e-01
9.653007984161376953e-02
1.433948755264282227e+00
8.687006235122680664e-01
7.751490473747253418e-01
8.481746912002563477e-02
5.610450357198715210e-02
2.529415488243103027e-01
3.376814723014831543e-01
9.270472526550292969e-01
2.305916137993335724e-02
1.078385233879089355e+00
7.524971961975097656e-01
0.000000000000000000e+00
7.272503525018692017e-02
4.312894344329833984e-01
2.710280120372772217e-01
3.928880989551544189e-01
1.437323093414306641e-01
5.475380420684814453e-01
1.792142838239669800e-01
7.704741954803466797e-01
4.276629090309143066e-01
3.531517386436462402e-01
1.692749559879302979e-01
1.321851741522550583e-02
6.231045117601752281e-04
2.844391763210296631e-01
4.823074340820312500e-01
3.128913044929504395e-02
0.000000000000000000e+00
5.373792648315429688e-01
2.901818752288818359e-01
6.454740166664123535e-01
0.000000000000000000e+00
1.849266409873962402e+00
8.063213527202606201e-02
4.967802464962005615e-01
1.319658458232879639e-01
8.791449479758739471e-03
4.345275759696960449e-01
1.494854569435119629e+00
4.364512488245964050e-02
4.259219020605087280e-02
6.747649908065795898e-01
7.236308604478836060e-02
1.511014848947525024e-01
8.321762084960937500e-02
3.939726948738098145e-01
6.981823444366455078e-01
4.919126033782958984e-01
1.302405148744583130e-01
5.185730457305908203e+00
1.065752029418945312e+00
1.495261549949645996e+00
5.846612453460693359e-01
3.864852786064147949e-01
8.925676941871643066e-01
3.399849832057952881e-01
1.189027547836303711e+00
7.577127218246459961e-01
8.747705817222595215e-01
1.823331266641616821e-01
6.593369245529174805e-01
2.493110150098800659e-01
1.162200570106506348e-01
2.390565872192382812e-01
0.000000000000000000e+00
3.033782541751861572e-01
1.717261821031570435e-01
1.290820837020874023e+00
1.776549696922302246e+00
5.838845968246459961e-01
2.793701551854610443e-02
3.943197727203369141e-01
0.000000000000000000e+00
3.334976434707641602e-01
2.796935476362705231e-02
1.779918372631072998e-02
8.459834754467010498e-02
2.007792741060256958e-01
3.156697377562522888e-02
1.892069578170776367e+00
0.000000000000000000e+00
1.098228931427001953e+00
3.206299543380737305e-01
6.217306256294250488e-01
4.692704379558563232e-01
3.401138782501220703e-01
3.647482693195343018e-01
6.926697492599487305e-01
1.336994051933288574e+00
3.071985721588134766e+00
2.017759382724761963e-01
3.268323540687561035e-01
2.868592143058776855e-01
5.868974924087524414e-01
2.320082485675811768e-01
1.736056804656982422e-01
1.071654930710792542e-01
3.697571903467178345e-02
2.378606200218200684e-01
1.426490023732185364e-02
2.730779051780700684e-01
1.162132481113076210e-03
6.745692342519760132e-02
3.283023834228515625e-04
8.498573303222656250e-02
1.431612521409988403e-01
3.701716065406799316e-01
1.237772703170776367e-01
6.288729906082153320e-01
3.457191944122314453e+00
2.413726747035980225e-01
2.344013899564743042e-01
3.304364085197448730e-01
4.527455568313598633e-01
6.529852151870727539e-01
3.802945852279663086e+00
7.886512279510498047e-01
1.188501119613647461e+00
2.773482911288738251e-02
3.416621685028076172e-02
6.718037277460098267e-02
7.982451915740966797e-01
2.483459413051605225e-01
1.119279582053422928e-02
9.955914691090583801e-03
6.733868122100830078e-01
2.773056745529174805e+00
7.045196741819381714e-02
1.064339950680732727e-01
3.182685673236846924e-01
1.454584598541259766e+00
1.301011562347412109e+00
1.832392364740371704e-01
1.130695641040802002e-01
6.583462357521057129e-01
4.619027078151702881e-01
5.823092535138130188e-02
2.616048455238342285e-01
0.000000000000000000e+00
2.516570329666137695e+00
4.407339990139007568e-01
1.296911835670471191e-01
3.683380186557769775e-01
2.075516939163208008e+00
1.750015467405319214e-01
2.560670375823974609e-01
8.810814023017883301e-01
2.990575075149536133e+00
0.000000000000000000e+00
9.384785294532775879e-01
2.501712925732135773e-02
4.185286164283752441e-01
6.956551223993301392e-02
0.000000000000000000e+00
5.788063630461692810e-02
3.509974107146263123e-03
1.217645928263664246e-01
3.018277883529663086e-01
3.474846854805946350e-02
0.000000000000000000e+00
2.245180755853652954e-01
1.726797670125961304e-01
7.192728668451309204e-02
2.892105281352996826e-01
6.178287863731384277e-01
7.514867931604385376e-02
6.393590569496154785e-02
1.464373022317886353e-01
4.002234935760498047e-01
1.572149246931076050e-01
7.191181927919387817e-02
7.962300181388854980e-01
1.083671767264604568e-02
8.467677235603332520e-02
1.959817409515380859e+00
0.000000000000000000e+00
0.000000000000000000e+00
1.366584748029708862e-01
3.253459036350250244e-01
1.779347807168960571e-01
1.660861819982528687e-02
2.086220026016235352e+00
4.271214455366134644e-02
3.635094761848449707e-01
1.932296305894851685e-01
5.234798043966293335e-02
6.189754009246826172e-01
3.239778876304626465e-01
1.821748852729797363e+00
0.000000000000000000e+00
4.033977091312408447e-01
2.786307036876678467e-01
0.000000000000000000e+00
0.000000000000000000e+00
5.475007295608520508e-01
1.165658235549926758e+00
8.836784362792968750e-01
6.018646359443664551e-01
5.712838470935821533e-02
6.287198066711425781e-01
3.379848971962928772e-02
6.750279664993286133e-01
6.476948261260986328e-01
0.000000000000000000e+00
3.324992656707763672e-01
7.030045986175537109e-02
0.000000000000000000e+00
2.455717884004116058e-02
2.443319320678710938e+00
6.237041354179382324e-01
0.000000000000000000e+00
8.834053874015808105e-01
1.413746029138565063e-01
3.311260640621185303e-01
0.000000000000000000e+00
2.259559035301208496e-01
2.196742147207260132e-01
2.591823339462280273e-01
1.890345476567745209e-03
4.777857363224029541e-01
7.856140732765197754e-01
0.000000000000000000e+00
3.640082180500030518e-01
2.255165725946426392e-01
2.843201346695423126e-02
1.419418212026357651e-02
1.401129830628633499e-02
8.086262643337249756e-02
6.832299232482910156e-01
1.782779455184936523e+00
9.455090761184692383e-02
1.076623797416687012e-01
8.448434621095657349e-02
4.655402153730392456e-02
2.096993625164031982e-01
3.091566264629364014e-01
9.581912308931350708e-02
1.063752293586730957e+00
1.853214859962463379e+00
3.744913637638092041e-01
2.166090458631515503e-01
2.320585399866104126e-01
6.369348764419555664e-01
2.134156674146652222e-01
3.759472370147705078e-01
1.083080649375915527e+00
3.157892450690269470e-02
3.086878061294555664e-01
9.004104137420654297e-02
1.753808930516242981e-02
2.955697663128376007e-02
3.834900856018066406e+00
1.057034358382225037e-02
0.000000000000000000e+00
7.209857553243637085e-02
0.000000000000000000e+00
1.333908677101135254e+00
1.986805647611618042e-01
1.061474755406379700e-01
1.146575689315795898e+00
6.606359481811523438e-01
1.223893165588378906e+00
3.660168498754501343e-02
2.173230648040771484e+00
0.000000000000000000e+00
6.602220535278320312e-01
0.000000000000000000e+00
6.660943031311035156e-01
5.411292985081672668e-02
6.167072337120771408e-03
3.511221706867218018e-02
1.487567424774169922e-01
2.391200512647628784e-01
7.541109919548034668e-01
6.559610366821289062e-03
2.457921504974365234e-01
2.016613259911537170e-02
1.065989255905151367e+00
1.698046340607106686e-03
8.691726326942443848e-01
8.363640308380126953e-01
7.399591803550720215e-02
5.564170479774475098e-01
9.203713387250900269e-03
9.556566178798675537e-02
0.000000000000000000e+00
2.224363088607788086e-01
5.100960135459899902e-01
3.361213952302932739e-02
2.994386255741119385e-01
8.937428891658782959e-02
1.965992599725723267e-01
5.319854021072387695e-01
4.101561605930328369e-01
2.780357189476490021e-02
1.867335103452205658e-02
9.433313608169555664e-01
9.907940626144409180e-01
1.333233237266540527e+00
7.066702237352728844e-04
2.855978161096572876e-02
1.283771395683288574e-01
2.194831132888793945e+00
1.211043953895568848e+00
1.272028386592864990e-01
1.979382038116455078e-01
2.959131598472595215e-01
6.669009327888488770e-01
2.820714950561523438e+00
1.001833081245422363e+00
1.964417286217212677e-02
3.972799051553010941e-03
5.721320509910583496e-01
0.000000000000000000e+00
7.021342515945434570e-01
8.369328826665878296e-02
1.023948788642883301e-01
0.000000000000000000e+00
1.612471044063568115e-01
1.131644919514656067e-01
1.400429308414459229e-01
0.000000000000000000e+00
2.474318146705627441e-01
5.610122904181480408e-02
3.543615639209747314e-01
1.952490359544754028e-01
1.152495294809341431e-01
1.236127354786731303e-05
1.827216334640979767e-02
8.986412733793258667e-02
7.681190036237239838e-04
8.777157664299011230e-01
5.816455483436584473e-01
1.884738951921463013e-01
2.833697795867919922e-01
2.202062606811523438e+00
0.000000000000000000e+00
1.610043109394609928e-03
5.711259841918945312e-01
1.469446778297424316e+00
2.669805884361267090e-01
3.696857718750834465e-03
1.471556872129440308e-01
1.571714878082275391e-01
4.628840982913970947e-01
9.519436955451965332e-02
1.329632759094238281e+00
1.051614522933959961e+00
1.745367795228958130e-01
9.691341221332550049e-02
2.894540786743164062e+00
8.404444456100463867e-01
7.173341233283281326e-03
2.706018090248107910e-01
1.057423837482929230e-02
1.564882546663284302e-01
1.702427566051483154e-01
8.666356801986694336e-01
1.001275703310966492e-01
5.946220159530639648e-01
3.416450694203376770e-03
9.991780519485473633e-01
9.376177191734313965e-02
2.205850839614868164e+00
0.000000000000000000e+00
2.319914102554321289e-01
1.808532327413558960e-02
1.720319539308547974e-01
1.908330060541629791e-02
2.169946022331714630e-02
1.049979209899902344e+00
1.159614175558090210e-01
5.545940622687339783e-02
1.243085972964763641e-02
2.799399197101593018e-01
1.469043493270874023e-01
1.724191188812255859e+00
2.035289444029331207e-02
1.623342752456665039e+00
5.128273740410804749e-02
0.000000000000000000e+00
2.390215545892715454e-01
8.140187859535217285e-01
1.189657300710678101e-01
0.000000000000000000e+00
8.616635203361511230e-02
5.622454881668090820e-01
5.663242191076278687e-02
1.305302381515502930e+00
9.530651569366455078e-02
6.446419656276702881e-02
6.462590694427490234e-01
2.154374867677688599e-01
2.207598686218261719e+00
3.604305684566497803e-01
1.357352733612060547e+00
5.210013389587402344e-01
4.195616543292999268e-01
0.000000000000000000e+00
4.199948906898498535e-01
5.650771856307983398e-01
7.980804443359375000e-01
6.027771830558776855e-01
1.308528631925582886e-01
2.463730517774820328e-03
4.954285025596618652e-01
1.077748179435729980e+00
1.334086712449789047e-02
4.507907032966613770e-01
4.030407428741455078e+00
2.094896435737609863e-01
1.078888848423957825e-01
2.021079301834106445e+00
5.715138316154479980e-01
0.000000000000000000e+00
3.548693060874938965e-01
6.589510440826416016e-01
1.257132552564144135e-02
1.586097180843353271e-01
3.673987090587615967e-01
2.539616264402866364e-02
1.902045756578445435e-01
2.191109210252761841e-01
9.789414703845977783e-03
8.977193385362625122e-02
4.333234131336212158e-01
1.399352680891752243e-02
5.094913840293884277e-01
2.707261033356189728e-02
6.191114187240600586e-01
2.625271081924438477e-01
3.971854597330093384e-02
8.630444407463073730e-01
0.000000000000000000e+00
4.301689267158508301e-01
1.619694530963897705e-01
5.566073060035705566e-01
1.063830703496932983e-01
3.199626803398132324e-01
1.101543784141540527e+00
8.617053031921386719e-01
1.959755644202232361e-02
5.414307117462158203e-01
9.714316725730895996e-01
7.650032043457031250e-01
1.281171455048024654e-03
2.206649780273437500e-01
1.079216226935386658e-01
4.272447153925895691e-02
9.074261784553527832e-02
4.252828359603881836e-01
3.999462127685546875e-01
1.693346023559570312e+00
6.757590919733047485e-02
1.798887699842453003e-01
4.468601569533348083e-02
2.177337169647216797e+00
6.177719831466674805e-01
2.276090383529663086e-01
2.337126731872558594e+00
1.802879571914672852e-01
5.118256211280822754e-01
1.166662454605102539e+00
3.177420422434806824e-02
3.780349791049957275e-01
0.000000000000000000e+00
6.095220446586608887e-01
3.407705202698707581e-02
2.063347101211547852e+00
4.485281407833099365e-01
0.000000000000000000e+00
4.934330880641937256e-01
3.002093872055411339e-03
3.668304532766342163e-02
2.359932065010070801e-01
1.313317894935607910e+00
1.432013465091586113e-03
8.557099848985671997e-02
6.804684549570083618e-02
6.659639477729797363e-01
5.722977593541145325e-02
1.842878264142200351e-04
2.948814928531646729e-01
6.599697470664978027e-02
9.973553419113159180e-01
1.349815249443054199e+00
2.272713184356689453e-01
3.720127344131469727e-01
1.057686284184455872e-01
0.000000000000000000e+00
2.069564759731292725e-01
6.275199055671691895e-01
1.252313405275344849e-01
1.484363198280334473e+00
8.368718624114990234e-01
1.171978354454040527e+00
2.136374823749065399e-02
3.935105353593826294e-02
0.000000000000000000e+00
1.463255286216735840e+00
8.981753140687942505e-02
1.451775431632995605e-01
1.798720099031925201e-02
2.297943830490112305e+00
6.531010866165161133e-01
2.128542661666870117e-01
6.151359081268310547e-01
5.832492113113403320e-01
2.068130299448966980e-03
0.000000000000000000e+00
9.064122103154659271e-03
0.000000000000000000e+00
1.250188350677490234e-01
3.141869977116584778e-02
7.653090287931263447e-04
1.199149042367935181e-01
7.707097381353378296e-02
3.695439174771308899e-02
0.000000000000000000e+00
5.173110961914062500e-02
1.417928561568260193e-02
4.693095684051513672e+00
1.001947879791259766e+00
1.802234202623367310e-01
5.601447820663452148e-01
1.430342942476272583e-01
2.598632872104644775e-01
3.989378809928894043e-01
3.872216641902923584e-01
4.953569889068603516e+00
7.312287092208862305e-01
1.341132640838623047e+00
1.320995092391967773e-01
9.160363078117370605e-01
8.076395094394683838e-02
5.681267380714416504e-01
9.780130386352539062e-01
1.045065820217132568e-01
1.226475596427917480e+00
9.208447337150573730e-01
0.000000000000000000e+00
1.503202132880687714e-02
2.847127020359039307e-01
5.506582856178283691e-01
6.879720836877822876e-02
2.368785738945007324e-01
1.390048861503601074e-01
3.004912137985229492e-01
2.715563774108886719e-02
6.087134480476379395e-01
9.982801079750061035e-01
1.807533144950866699e+00
3.903658986091613770e-01
2.268365398049354553e-02
1.576123386621475220e-01
3.023737967014312744e-01
5.566520690917968750e+00
0.000000000000000000e+00
3.692894801497459412e-02
2.347406148910522461e+00
6.824135780334472656e-01
7.314222864806652069e-03
6.599129736423492432e-02
0.000000000000000000e+00
1.883892714977264404e-01
3.905774056911468506e-01
2.572937905788421631e-01
1.341311454772949219e+00
9.555275738239288330e-02
3.562652766704559326e-01
2.053060531616210938e-01
1.148405075073242188e+00
0.000000000000000000e+00
1.521390080451965332e-01
1.078245602548122406e-02
1.046398520469665527e+00
1.901217910926789045e-04
9.771001935005187988e-01
1.919874250888824463e-01
9.728571176528930664e-01
5.228346586227416992e-02
1.107534885406494141e+00
5.562796071171760559e-02
1.141901969909667969e+00
9.084340333938598633e-01
7.583848834037780762e-01
1.737516283988952637e+00
2.005629688501358032e-01
8.440095186233520508e-02
6.823165416717529297e-01
1.155895218253135681e-01
8.773661255836486816e-01
1.314782500267028809e-01
4.023797810077667236e-02
3.497656285762786865e-01
0.000000000000000000e+00
1.184209823608398438e+00
0.000000000000000000e+00
1.136181235313415527e+00
4.147950932383537292e-02
1.187498807907104492e+00
4.557763338088989258e-01
4.266076534986495972e-02
1.740490458905696869e-02
1.116056088358163834e-02
0.000000000000000000e+00
2.221915960311889648e+00
3.198652505874633789e+00
1.426145993173122406e-02
2.574318349361419678e-01
2.646373748779296875e+00
3.986991941928863525e-01
1.404594898223876953e+00
2.889996580779552460e-02
1.280341386795043945e+00
4.261776208877563477e-01
0.000000000000000000e+00
4.266025424003601074e-01
9.296346455812454224e-03
1.059398949146270752e-01
1.532711237668991089e-01
7.223865985870361328e-01
1.562056422233581543e+00
2.586067318916320801e-01
4.198095574975013733e-02
4.771401286125183105e-01
4.765970166772603989e-03
4.420322179794311523e-02
2.512083351612091064e-01
7.609161734580993652e-02
1.584609895944595337e-01
9.294305928051471710e-03
2.720293700695037842e-01
6.472987532615661621e-01
1.831261366605758667e-01
2.749662995338439941e-01
2.465342730283737183e-01
8.057850599288940430e-01
1.164108514785766602e-01
1.196429729461669922e+00
9.986864030361175537e-02
7.517323493957519531e-01
4.520528316497802734e-01
1.780129224061965942e-01
1.846534758806228638e-02
0.000000000000000000e+00
9.487812221050262451e-02
5.540640354156494141e-01
7.355973869562149048e-02
0.000000000000000000e+00
6.859341263771057129e-01
1.179140925407409668e+00
8.635734319686889648e-01
4.391479492187500000e-01
1.206899404525756836e+00
5.011180788278579712e-02
1.003008708357810974e-02
5.101697146892547607e-02
1.111975759267807007e-01
2.676002085208892822e-01
2.647497877478599548e-02
1.373409152030944824e+00
