3.708216249942779541e-01
4.582934379577636719e-01
3.407165035605430603e-02
3.024041354656219482e-01
2.545057535171508789e-01
8.510858416557312012e-01
1.156012296676635742e+00
3.616651752963662148e-03
2.950374186038970947e-01
2.046174369752407074e-02
3.436368703842163086e-01
1.020775914192199707e+00
1.271841581910848618e-02
0.000000000000000000e+00
2.136235125362873077e-02
1.521894615143537521e-02
2.321464382112026215e-02
2.088129281997680664e+00
1.298771858215332031e+00
9.794697165489196777e-01
3.036650717258453369e-01
1.088287774473428726e-02
7.672045379877090454e-02
1.986895054578781128e-01
1.354821622371673584e-01
1.352947473526000977e+00
4.416188299655914307e-01
3.573017567396163940e-02
0.000000000000000000e+00
0.000000000000000000e+00
3.311949074268341064e-01
8.554765582084655762e-01
3.580161035060882568e-01
1.743223816156387329e-01
0.000000000000000000e+00
1.125128030776977539e+00
1.129940748214721680e-01
1.294990897178649902e+00
1.194455251097679138e-01
1.950296461582183838e-01
4.781410396099090576e-01
2.049404084682464600e-01
1.587471812963485718e-01
7.898022532463073730e-01
6.702852994203567505e-02
5.383500456809997559e-02
1.833174377679824829e-01
0.000000000000000000e+00
0.000000000000000000e+00
8.777390420436859131e-02
3.369441032409667969e-01
5.262007564306259155e-02
1.833689510822296143e-01
7.149808406829833984e-01
1.464843451976776123e-01
6.163287535309791565e-02
5.537737011909484863e-01
0.000000000000000000e+00
9.752470999956130981e-02
0.000000000000000000e+00
2.368177622556686401e-01
2.273118346929550171e-01
6.837595254182815552e-02
2.024002820253372192e-01
1.489056587219238281e+00
2.457768917083740234e-01
8.262340724468231201e-02
6.215882301330566406e-01
1.023770123720169067e-02
0.000000000000000000e+00
1.423132568597793579e-01
3.345624208450317383e-01
5.618083849549293518e-02
2.728617787361145020e-01
1.871153354644775391e+00
2.903683856129646301e-02
7.903130352497100830e-02
1.526965945959091187e-01
7.693046331405639648e-02
1.103004738688468933e-01
3.535199761390686035e-01
4.159113764762878418e-01
4.719084501266479492e-01
0.000000000000000000e+00
1.412047147750854492e-01
4.763725697994232178e-01
1.360825821757316589e-02
1.463375519961118698e-02
5.718819499015808105e-01
4.462910890579223633e-01
4.690302610397338867e-01
7.623619437217712402e-01
7.880099001340568066e-04
3.442493826150894165e-02
3.075010888278484344e-02
3.005870878696441650e-01
1.631034612655639648e-01
1.170583724975585938e+00
5.202269926667213440e-02
6.832175254821777344e-01
0.000000000000000000e+00
6.116522103548049927e-02
4.597835242748260498e-01
4.075656890869140625e+00
2.518134593963623047e+00
7.077947854995727539e-01
2.539340257644653320e-01
2.043991908431053162e-02
2.438309341669082642e-01
6.104535460472106934e-01
4.636447876691818237e-02
9.754889607429504395e-01
1.247686624526977539e+00
1.158373206853866577e-01
1.211784929037094116e-01
0.000000000000000000e+00
5.328152179718017578e-01
4.582943022251129150e-01
1.192227363586425781e+00
2.491255283355712891e+00
1.046472135931253433e-02
6.273301318287849426e-03
1.909609884023666382e-02
1.556511670351028442e-01
6.040831089019775391e+00
2.134117037057876587e-01
6.715515255928039551e-01
1.206892281770706177e-01
3.416061401367187500e-01
3.611069172620773315e-02
6.776940226554870605e-01
2.640640437602996826e-01
5.308726802468299866e-02
9.667053818702697754e-02
6.789702922105789185e-02
4.558850824832916260e-01
8.487525582313537598e-02
7.312899231910705566e-01
5.318498134613037109e+00
6.240333318710327148e-01
0.000000000000000000e+00
8.169106245040893555e-01
3.499175906181335449e-01
2.224329859018325806e-01
1.809272798709571362e-03
1.471331864595413208e-01
4.439510703086853027e-01
1.397965252399444580e-01
8.743149787187576294e-02
2.796690464019775391e-01
7.914718389511108398e-01
2.752762138843536377e-01
1.442607760429382324e+00
3.350669443607330322e-01
4.210818186402320862e-02
5.248586460947990417e-02
7.147938609123229980e-01
1.534488499164581299e-01
8.067589998245239258e-02
7.485474925488233566e-03
1.336009144783020020e+00
1.687214523553848267e-02
7.302788645029067993e-02
8.673670142889022827e-02
1.595667302608489990e-01
1.109400033950805664e+00
2.282640933990478516e-01
4.405239224433898926e-01
9.288948178291320801e-01
3.734524846076965332e-01
8.515673279762268066e-01
1.026487071067094803e-02
1.079455614089965820e+00
0.000000000000000000e+00
4.210093244910240173e-02
0.000000000000000000e+00
9.945232421159744263e-03
5.748203396797180176e-01
3.713905215263366699e-01
1.252664089202880859e+00
3.581100106239318848e-01
6.409362703561782837e-02
8.161639571189880371e-01
3.977349698543548584e-01
3.120254576206207275e-01
1.623406708240509033e-01
8.755029439926147461e-01
6.433257460594177246e-01
8.773886412382125854e-02
5.332109704613685608e-02
4.486039280891418457e-02
1.074357423931360245e-02
7.825660705566406250e-01
9.439353644847869873e-02
0.000000000000000000e+00
1.156878247857093811e-01
1.501006245613098145e+00
1.306404232978820801e+00
5.795514583587646484e-01
4.106968939304351807e-01
1.372350931167602539e+00
4.266681373119354248e-01
1.224129740148782730e-02
4.902907460927963257e-02
5.398853123188018799e-02
1.148620843887329102e-01
5.649938583374023438e-01
1.383192420005798340e+00
0.000000000000000000e+00
1.258635282516479492e+00
8.384767919778823853e-03
5.757817029953002930e-01
2.273562178015708923e-02
1.628827810287475586e+00
1.287269741296768188e-01
2.880581468343734741e-02
1.233490929007530212e-01
1.410863161087036133e+00
1.205946356058120728e-01
4.048344790935516357e-01
2.936247885227203369e-01
3.286236226558685303e-01
1.380778431892395020e+00
9.070049971342086792e-02
4.339728970080614090e-03
5.442764163017272949e-01
2.473566681146621704e-01
4.413364827632904053e-01
1.556706707924604416e-02
4.520417749881744385e-01
0.000000000000000000e+00
8.372216671705245972e-02
3.942545652389526367e+00
2.981251291930675507e-02
9.387617558240890503e-02
3.094571530818939209e-01
2.677349187433719635e-02
1.408959031105041504e+00
1.026588026434183121e-02
0.000000000000000000e+00
1.864131987094879150e-01
2.675325572490692139e-01
1.407659053802490234e-01
2.146576642990112305e-01
1.819177418947219849e-01
2.793028205633163452e-02
0.000000000000000000e+00
1.148541927337646484e+00
1.625750213861465454e-02
1.340560019016265869e-01
4.023167490959167480e-02
4.280099272727966309e-02
8.787007331848144531e-01
4.866366274654865265e-03
9.040460586547851562e-01
1.161781996488571167e-01
3.930393606424331665e-02
1.453787460923194885e-02
0.000000000000000000e+00
7.859983444213867188e-01
1.692476123571395874e-02
1.847175061702728271e-01
3.583790957927703857e-01
1.696716099977493286e-01
3.567579388618469238e-02
2.556722378358244896e-03
1.332963705062866211e-01
3.452101051807403564e-01
4.107872247695922852e-01
5.259926319122314453e-01
3.708434700965881348e-01
8.334057033061981201e-02
0.000000000000000000e+00
1.041577681899070740e-01
1.562663912773132324e+00
9.487877488136291504e-01
2.321557283401489258e+00
2.905175089836120605e-01
2.260696440935134888e-01
4.093788266181945801e-01
8.136601448059082031e-01
5.713068842887878418e-01
3.562774956226348877e-01
1.380705088376998901e-01
2.672509670257568359e+00
1.141543313860893250e-01
3.680250793695449829e-02
8.943129796534776688e-05
1.577350497245788574e+00
2.497879713773727417e-01
3.660252317786216736e-02
9.112548828125000000e-01
0.000000000000000000e+00
1.492176800966262817e-01
5.722584724426269531e-01
5.228592753410339355e-01
3.094238340854644775e-01
7.711886614561080933e-02
4.542790651321411133e-01
3.126417845487594604e-02
1.112834811210632324e-01
1.140933781862258911e-01
2.542806863784790039e+00
1.684016823768615723e+00
5.411136150360107422e-01
8.443880677223205566e-01
1.323928385972976685e-01
1.202912330627441406e-01
8.277920484542846680e-01
6.064397096633911133e-01
5.364576578140258789e-01
3.486057221889495850e-01
6.581653952598571777e-01
1.027554392814636230e+00
1.252534627914428711e+00
4.877595007419586182e-01
1.966883242130279541e-01
1.351060904562473297e-02
3.186371922492980957e-02
9.103599190711975098e-01
1.244902908802032471e-01
3.590352535247802734e-01
2.658865749835968018e-01
9.900055527687072754e-01
4.834188818931579590e-01
1.079245209693908691e-01
6.958000063896179199e-01
1.073869824409484863e+00
3.377953767776489258e-01
5.244049429893493652e-01
3.875725204125046730e-03
7.351700067520141602e-01
2.928934060037136078e-02
4.232548773288726807e-01
2.441551834344863892e-01
3.311142027378082275e-01
0.000000000000000000e+00
0.000000000000000000e+00
2.771147191524505615e-01
9.828595519065856934e-01
3.444788604974746704e-02
1.669843867421150208e-02
0.000000000000000000e+00
6.137650012969970703e-01
0.000000000000000000e+00
2.638446390628814697e-01
0.000000000000000000e+00
5.843209028244018555e-01
1.726130843162536621e-01
3.091216683387756348e-01
2.356499582529067993e-01
0.000000000000000000e+00
8.514541387557983398e-01
2.716359198093414307e-01
1.449483633041381836e-01
2.393804073333740234e+00
1.606244593858718872e-02
1.639774441719055176e-01
0.000000000000000000e+00
5.525166988372802734e-01
1.873300969600677490e-01
4.373330995440483093e-02
1.995645929127931595e-03
8.635267615318298340e-03
5.538845062255859375e-02
5.414251089096069336e-01
7.362791895866394043e-02
5.219167470932006836e-02
7.670801714994013309e-04
9.260927140712738037e-02
3.846772015094757080e-02
3.371797204017639160e-01
3.830964490771293640e-02
2.192932069301605225e-01
6.980755925178527832e-01
6.796668171882629395e-01
1.567856371402740479e-01
0.000000000000000000e+00
1.067356392741203308e-01
1.992197185754776001e-01
4.017650604248046875e+00
1.200842335820198059e-01
4.514127504080533981e-03
8.230711221694946289e-01
0.000000000000000000e+00
2.149632945656776428e-02
1.589365154504776001e-01
1.184748411178588867e-01
1.146297086961567402e-03
1.095336318016052246e+00
2.958480268716812134e-02
2.686845362186431885e-01
2.712259590625762939e-01
0.000000000000000000e+00
4.400862753391265869e-01
6.336930990219116211e-01
4.985916242003440857e-02
4.324846565723419189e-01
8.585829287767410278e-02
0.000000000000000000e+00
1.263251304626464844e+00
2.597123086452484131e-01
0.000000000000000000e+00
1.133794903755187988e+00
7.320135831832885742e-02
8.321703970432281494e-02
4.380471408367156982e-01
2.093236446380615234e-01
1.408581376075744629e+00
3.145425617694854736e-01
3.631072938442230225e-01
6.996145844459533691e-02
4.017715752124786377e-01
1.527890264987945557e-01
5.345888137817382812e-01
2.700463831424713135e-01
5.742192864418029785e-01
3.935309946537017822e-01
5.519559383392333984e-01
4.947284758090972900e-01
4.700144007802009583e-02
5.903881788253784180e-01
3.758271634578704834e-01
0.000000000000000000e+00
8.254000544548034668e-01
3.145219758152961731e-02
3.479967415332794189e-01
1.801923960447311401e-01
2.204853575676679611e-03
6.660668551921844482e-02
1.074435636401176453e-01
8.982561528682708740e-03
2.410203218460083008e+00
3.354674279689788818e-01
1.162619218230247498e-01
4.558426141738891602e-01
2.911620140075683594e-01
1.664713323116302490e-01
5.158818513154983521e-02
3.572641639038920403e-03
0.000000000000000000e+00
4.512441530823707581e-02
2.035287022590637207e-02
4.537172019481658936e-01
2.072098404169082642e-01
1.000693738460540771e-01
6.373386830091476440e-02
1.949961856007575989e-02
3.672244492918252945e-03
9.591887146234512329e-02
1.434750705957412720e-01
1.029686331748962402e+00
5.968715548515319824e-01
2.191515266895294189e-02
4.274282976984977722e-02
1.578764170408248901e-01
1.606986275874078274e-03
1.304984331130981445e+00
8.742434382438659668e-01
1.490255147218704224e-01
2.438498139381408691e-01
1.522022843360900879e+00
5.966816563159227371e-03
5.427818894386291504e-01
4.240316152572631836e-01
4.131396859884262085e-02
1.448953151702880859e-02
6.961064934730529785e-01
9.676119685173034668e-02
1.401092410087585449e-01
1.436621397733688354e-01
1.167631387710571289e+00
3.642654180526733398e+00
8.732153177261352539e-01
1.032103821635246277e-01
2.299810200929641724e-02
1.259597018361091614e-03
8.102617859840393066e-01
4.163853526115417480e-01
6.931481361389160156e-01
1.073172688484191895e-01
4.110662266612052917e-03
2.159094959497451782e-01
0.000000000000000000e+00
4.900880336761474609e+00
1.330106258392333984e-01
4.493388812988996506e-03
8.681717514991760254e-02
2.635321319103240967e-01
0.000000000000000000e+00
7.858611941337585449e-01
5.248244404792785645e-01
0.000000000000000000e+00
0.000000000000000000e+00
2.505150079727172852e+00
1.718052104115486145e-02
9.565403461456298828e-01
2.786519289016723633e+00
9.224589914083480835e-02
2.417406797409057617e+00
1.248583719134330750e-01
1.614304259419441223e-03
8.692820072174072266e-01
1.054535031318664551e+00
4.711644351482391357e-01
9.846525192260742188e-01
2.443899363279342651e-01
0.000000000000000000e+00
3.448200225830078125e+00
1.389722973108291626e-01
6.492899060249328613e-01
3.386044502258300781e+00
5.257468223571777344e-01
0.000000000000000000e+00
7.039265036582946777e-01
8.034573495388031006e-02
4.374866962432861328e+00
1.048792481422424316e+00
2.190190076828002930e+00
6.020954810082912445e-03
2.981876134872436523e-01
1.378812789916992188e+00
3.340263664722442627e-02
6.377648115158081055e-01
0.000000000000000000e+00
3.748819828033447266e+00
9.635404348373413086e-01
4.059046134352684021e-02
3.206228017807006836e-01
3.256768584251403809e-01
5.975103005766868591e-03
4.585805237293243408e-01
2.725867986679077148e+00
5.138665810227394104e-02
1.584608554840087891e-01
6.592289805412292480e-01
8.200014233589172363e-01
6.788198351860046387e-01
1.638601534068584442e-02
9.326142311096191406e+00
9.806998968124389648e-01
2.159553207457065582e-02
3.670044988393783569e-02
2.319557219743728638e-01
2.624070942401885986e-01
3.159454464912414551e-02
3.053417682647705078e+00
1.076360419392585754e-01
1.916841045022010803e-02
5.719411000609397888e-02
5.233143270015716553e-02
6.525872647762298584e-02
7.018122076988220215e-01
1.391706019639968872e-01
2.189483027905225754e-03
6.258128881454467773e-01
5.000341534614562988e-01
8.147769607603549957e-03
5.410149097442626953e-01
3.008519299328327179e-02
1.485295966267585754e-02
1.842830330133438110e-02
2.263484895229339600e-01
2.312440723180770874e-01
1.015423983335494995e-01
2.217271327972412109e-01
5.052483081817626953e-01
3.350204229354858398e-01
4.631328880786895752e-01
6.239479184150695801e-01
8.918137550354003906e-01
2.387893386185169220e-03
2.222111970186233521e-01
2.591308578848838806e-02
3.495079278945922852e-01
5.095986127853393555e-01
2.025561640039086342e-03
2.798410952091217041e-01
3.531958162784576416e-01
2.555096708238124847e-02
8.853309750556945801e-01
0.000000000000000000e+00
2.087378650903701782e-01
2.840860188007354736e-01
2.507803738117218018e-01
3.522540628910064697e-01
5.294089317321777344e-01
2.776027917861938477e-01
2.340243577957153320e+00
6.159507110714912415e-02
3.463657200336456299e-02
8.851782083511352539e-01
3.512951778247952461e-03
1.514346301555633545e-01
4.035995900630950928e-01
1.392497062683105469e+00
2.982153594493865967e-01
9.685291349887847900e-02
7.334246765822172165e-03
1.039905324578285217e-01
1.141612648963928223e+00
1.656963974237442017e-01
3.040312826633453369e-01
2.462625980377197266e+00
5.420508384704589844e-01
0.000000000000000000e+00
5.697013810276985168e-02
1.707917265594005585e-02
3.525013029575347900e-01
5.702684167772531509e-03
2.034969329833984375e-01
0.000000000000000000e+00
3.124614953994750977e-01
7.457574605941772461e-01
1.515068858861923218e-02
8.591059446334838867e-01
4.867579042911529541e-02
3.286057412624359131e-01
6.576378345489501953e-01
3.339413106441497803e-01
9.382992386817932129e-01
2.655451893806457520e-01
2.127163559198379517e-01
1.727247595787048340e+00
2.224458217620849609e+00
3.016361268237233162e-03
8.867010474205017090e-02
3.445294569246470928e-04
3.636845201253890991e-02
8.398681282997131348e-01
1.064829111099243164e+00
4.099450409412384033e-01
1.206415891647338867e-01
6.063327938318252563e-02
0.000000000000000000e+00
3.622693568468093872e-02
5.065085887908935547e-01
1.283359248191118240e-02
4.464106261730194092e-01
9.100254625082015991e-03
5.739209055900573730e-02
6.786717176437377930e-01
4.990975856781005859e-01
3.545833528041839600e-01
1.244248598814010620e-01
1.726313829421997070e+00
6.799570918083190918e-01
4.143170081079006195e-03
0.000000000000000000e+00
2.999385595321655273e-01
2.316849827766418457e-01
2.117556333541870117e-01
7.929039001464843750e-01
9.589693695306777954e-02
5.930668711662292480e-01
7.306273579597473145e-01
4.386789798736572266e-01
8.559337258338928223e-01
1.903809458017349243e-01
1.971965879201889038e-01
2.683985471725463867e+00
1.098115555942058563e-02
6.673221588134765625e+00
6.347653269767761230e-02
0.000000000000000000e+00
5.621748417615890503e-02
1.297000795602798462e-01
8.291238546371459961e-01
1.214918613433837891e+00
1.795455813407897949e-01
5.038434267044067383e-01
7.443496584892272949e-01
9.157393127679824829e-02
1.749072805978357792e-03
4.140349477529525757e-02
4.328684508800506592e-01
3.343815088272094727e+00
7.278297096490859985e-03
1.271127909421920776e-01
1.517516225576400757e-01
6.402865886688232422e+00
7.933135144412517548e-03
0.000000000000000000e+00
8.272295594215393066e-01
6.407289505004882812e-01
4.813416898250579834e-01
0.000000000000000000e+00
1.352360725402832031e+00
2.439464442431926727e-02
1.400415413081645966e-02
9.152359962463378906e-01
0.000000000000000000e+00
2.407031953334808350e-01
1.212388515472412109e+00
1.466794461011886597e-01
5.684430152177810669e-02
1.830581948161125183e-02
1.112291812896728516e+00
2.697435207664966583e-02
5.074480175971984863e-01
4.343420565128326416e-01
4.392212033271789551e-01
1.777119636535644531e+00
0.000000000000000000e+00
3.342869877815246582e-01
2.090959548950195312e-01
8.240281604230403900e-04
3.662196919322013855e-02
1.432668864727020264e-01
3.396855592727661133e-01
5.796521306037902832e-01
9.095858931541442871e-01
4.193734005093574524e-02
6.027222797274589539e-02
5.431334972381591797e-01
3.058469295501708984e-01
1.527828276157379150e-01
0.000000000000000000e+00
4.451464489102363586e-02
1.375762075185775757e-01
0.000000000000000000e+00
3.075061924755573273e-02
7.679491043090820312e-01
0.000000000000000000e+00
5.054749250411987305e-01
6.698722392320632935e-02
1.564368456602096558e-01
1.358236193656921387e+00
7.231318950653076172e-01
0.000000000000000000e+00
4.738337397575378418e-01
1.704729045741260052e-03
7.492283582687377930e-01
3.004043579101562500e+00
2.288711257278919220e-03
1.186454772949218750e+00
4.933556914329528809e-02
7.130714058876037598e-01
1.896189212799072266e+00
0.000000000000000000e+00
1.560608893632888794e-01
5.670174956321716309e-02
1.064008325338363647e-01
7.892920970916748047e-01
3.462685644626617432e-01
4.831248894333839417e-02
6.446440815925598145e-01
8.480783700942993164e-01
2.235309630632400513e-01
3.284516558051109314e-02
3.816779255867004395e-01
8.231099843978881836e-01
7.156872004270553589e-02
2.432472305372357368e-03
7.251559197902679443e-02
3.785022497177124023e-01
2.246146053075790405e-01
2.729507163166999817e-02
1.736209034919738770e+00
1.510805368423461914e+00
1.158810853958129883e-01
1.005310893058776855e+00
1.163383126258850098e+00
8.006699085235595703e-01
1.214641451835632324e+00
7.226180434226989746e-01
3.991079628467559814e-01
4.160980582237243652e-01
0.000000000000000000e+00
4.311557292938232422e+00
0.000000000000000000e+00
2.593612968921661377e-01
2.986753284931182861e-01
3.176882266998291016e+00
3.675137460231781006e-01
5.708275437355041504e-01
2.864318490028381348e-01
4.556727409362792969e-01
5.454874411225318909e-02
2.329082600772380829e-02
1.508501768112182617e-01
1.234318375587463379e+00
3.372465819120407104e-02
1.753632128238677979e-01
2.362717092037200928e-01
7.864941656589508057e-02
5.664838105440139771e-02
4.475429654121398926e-01
2.473812818527221680e+00
5.006908893585205078e+00
3.548291325569152832e-01
6.754753738641738892e-02
4.212675243616104126e-02
3.404185175895690918e-01
0.000000000000000000e+00
1.024061918258666992e+00
5.387271195650100708e-02
0.000000000000000000e+00
1.825594604015350342e-01
6.183906197547912598e-01
8.413367718458175659e-02
7.439250349998474121e-01
5.392656326293945312e-01
4.616008996963500977e-01
3.480641543865203857e-02
2.910182774066925049e-01
6.189821362495422363e-01
3.085429072380065918e-01
2.104190886020660400e-01
5.888493359088897705e-02
6.820350140333175659e-02
2.613906860351562500e-01
5.489072799682617188e-01
1.448151562362909317e-02
9.910899400711059570e-02
1.359621882438659668e-01
2.137875407934188843e-01
0.000000000000000000e+00
3.567325472831726074e-01
4.637452065944671631e-01
4.181709587574005127e-01
7.985038310289382935e-02
4.411290287971496582e-01
2.803454399108886719e-01
0.000000000000000000e+00
7.500207424163818359e-02
1.637279987335205078e-02
2.033208906650543213e-01
1.680373400449752808e-01
1.312079727649688721e-01
1.005960181355476379e-01
2.987217903137207031e-01
3.500946611166000366e-02
9.887559711933135986e-02
3.283584713935852051e-01
1.151611357927322388e-01
0.000000000000000000e+00
9.094625115394592285e-01
3.894640132784843445e-02
1.000011205673217773e+00
6.467344164848327637e-01
1.161283493041992188e+00
7.202009670436382294e-03
0.000000000000000000e+00
1.199846744537353516e+00
6.761345863342285156e-01
2.041375637054443359e-02
2.540861368179321289e-01
2.008833169937133789e+00
8.798931725323200226e-03
0.000000000000000000e+00
1.516263633966445923e-01
1.807106137275695801e-01
6.781626492738723755e-03
1.315565466880798340e+00
3.811102211475372314e-01
1.455291211605072021e-01
3.432445824146270752e-01
4.618439450860023499e-02
0.000000000000000000e+00
8.026062846183776855e-01
6.164850201457738876e-03
6.323457509279251099e-02
1.730679988861083984e+00
4.771952033042907715e-01
2.583161890506744385e-01
3.246404528617858887e-01
0.000000000000000000e+00
4.688778817653656006e-01
3.578833818435668945e+00
1.069644808769226074e+00
2.148313671350479126e-01
4.238645136356353760e-01
0.000000000000000000e+00
2.969538271427154541e-01
2.618805766105651855e-01
1.276193838566541672e-02
4.706900417804718018e-01
6.694531440734863281e-02
3.349248468875885010e-01
2.903637662529945374e-02
3.497015833854675293e-01
0.000000000000000000e+00
1.794970780611038208e-01
7.955034077167510986e-02
6.289715766906738281e-01
1.892223209142684937e-02
3.281636536121368408e-01
2.781001627445220947e-01
9.034039825201034546e-02
1.913462877273559570e+00
0.000000000000000000e+00
2.003819197416305542e-01
0.000000000000000000e+00
1.072465181350708008e-01
5.014818906784057617e-01
5.237535834312438965e-01
7.533509135246276855e-01
8.982177972793579102e-01
1.637827008962631226e-01
5.582121014595031738e-02
2.140008956193923950e-01
5.829820036888122559e-02
7.736602425575256348e-02
1.477406024932861328e-01
6.858868002891540527e-01
1.572834402322769165e-01
2.834744930267333984e+00
1.066930890083312988e-01
6.323512643575668335e-03
1.032764092087745667e-01
1.396356374025344849e-01
6.051381304860115051e-02
2.263523042201995850e-01
1.006557866930961609e-01
3.024072013795375824e-02
6.753148138523101807e-02
1.525337249040603638e-01
3.718640208244323730e-01
1.075630486011505127e-01
2.816868126392364502e-01
7.605288028717041016e-01
3.360587637871503830e-03
9.536755681037902832e-01
3.570213615894317627e-01
8.374617695808410645e-01
1.570425182580947876e-02
9.572928398847579956e-02
0.000000000000000000e+00
1.885450333356857300e-01
0.000000000000000000e+00
3.633096814155578613e-02
4.756668210029602051e-02
2.607437595725059509e-02
1.190820932388305664e+00
6.695011854171752930e-01
9.655989706516265869e-02
4.337472319602966309e-01
6.938568353652954102e-01
0.000000000000000000e+00
4.315224587917327881e-01
5.567951798439025879e-01
1.150750279426574707e+00
1.560427665710449219e+00
6.724703907966613770e-01
1.632670164108276367e+00
3.304200768470764160e-01
5.448223948478698730e-01
2.190273284912109375e+00
9.124624133110046387e-01
3.007805906236171722e-02
2.829047143459320068e-01
4.989414662122726440e-02
2.790895104408264160e-02
3.554828166961669922e-01
2.626006841659545898e+00
4.947142601013183594e-01
6.034195423126220703e-01
1.875994920730590820e+00
4.275860264897346497e-02
2.381057292222976685e-01
1.355100721120834351e-01
2.773406449705362320e-03
5.422303676605224609e-01
0.000000000000000000e+00
2.367491006851196289e+00
4.563175439834594727e-01
8.852765709161758423e-02
1.913976550102233887e+00
4.214646760374307632e-03
1.215962171554565430e+00
2.644032478332519531e+00
1.957152038812637329e-01
5.992548465728759766e-01
7.120663672685623169e-02
1.159917712211608887e-01
1.171099320054054260e-01
9.433240443468093872e-02
1.251446455717086792e-02
0.000000000000000000e+00
0.000000000000000000e+00
2.168936014175415039e+00
3.141093850135803223e-01
1.248951852321624756e-01
1.503018587827682495e-01
1.023687273263931274e-01
2.635485492646694183e-02
2.836386300623416901e-02
4.412495344877243042e-02
1.214611250907182693e-02
2.139422893524169922e+00
8.297763764858245850e-02
6.888270378112792969e-01
1.382348835468292236e-01
1.702823638916015625e-01
4.103445708751678467e-01
2.480327896773815155e-02
3.705331310629844666e-02
1.433058232069015503e-01
1.964535862207412720e-01
1.833582371473312378e-01
2.977474406361579895e-02
0.000000000000000000e+00
3.542783204466104507e-03
3.790497183799743652e-01
6.858667731285095215e-01
4.915350377559661865e-01
3.793142363429069519e-02
4.355214070528745651e-03
1.541512832045555115e-02
5.722778849303722382e-03
1.153426915407180786e-01
1.303699333220720291e-02
1.539741009473800659e-01
2.156574487686157227e+00
6.117690727114677429e-02
5.694415885955095291e-03
1.337292343378067017e-01
9.244010597467422485e-02
4.982902705669403076e-01
4.387898743152618408e-01
1.929236501455307007e-01
1.966027468442916870e-01
1.588938474655151367e+00
1.178453117609024048e-02
2.460276335477828979e-01
4.355375468730926514e-02
2.078652232885360718e-01
6.633313894271850586e-01
3.892950415611267090e-01
1.055531501770019531e+00
0.000000000000000000e+00
1.217995211482048035e-01
2.037294581532478333e-02
5.555026233196258545e-02
0.000000000000000000e+00
3.275762796401977539e-01
2.427523396909236908e-02
4.393840208649635315e-03
0.000000000000000000e+00
1.841030083596706390e-02
9.702899307012557983e-02
8.042878471314907074e-03
5.635053515434265137e-01
1.537510752677917480e-01
5.951710343360900879e-01
1.823116391897201538e-01
4.018849227577447891e-03
1.711363941431045532e-01
2.406998127698898315e-01
1.072766333818435669e-01
9.042140245437622070e-01
0.000000000000000000e+00
3.481235206127166748e-01
0.000000000000000000e+00
2.797467708587646484e-01
4.669061183929443359e+00
4.861965477466583252e-01
7.219797372817993164e-01
1.177840530872344971e-01
4.005922749638557434e-02
0.000000000000000000e+00
2.800381928682327271e-02
4.238003790378570557e-01
7.248482108116149902e-02
0.000000000000000000e+00
6.186835467815399170e-02
3.575400449335575104e-03
1.713841855525970459e-01
5.077451705932617188e+00
0.000000000000000000e+00
5.436971783638000488e-01
3.208103418350219727e+00
2.696894109249114990e-01
5.511528253555297852e-02
4.086016416549682617e-01
7.705511059612035751e-03
1.145067587494850159e-01
1.667093992233276367e+00
1.999745130538940430e+00
3.558697700500488281e-01
9.145045652985572815e-03
0.000000000000000000e+00
1.784572005271911621e-01
4.476549569517374039e-03
1.507602483034133911e-01
2.654201164841651917e-02
4.006982445716857910e-01
1.385491490364074707e-01
1.020619049668312073e-01
2.106176376342773438e+00
9.494155645370483398e-02
4.449291527271270752e-01
3.611093759536743164e-01
9.122191369533538818e-02
1.000453252345323563e-02
4.800992012023925781e-01
5.200115591287612915e-02
7.492505759000778198e-02
5.032075643539428711e-01
3.654199600219726562e+00
8.323443122208118439e-03
4.246386885643005371e-02
1.094278693199157715e-01
1.055578812956809998e-01
1.049100160598754883e+00
8.344718813896179199e-01
2.160921096801757812e+00
8.933036588132381439e-03
0.000000000000000000e+00
2.456464916467666626e-01
1.003184318542480469e-01
5.431416630744934082e-02
5.113648772239685059e-01
2.699853852391242981e-02
0.000000000000000000e+00
5.434341728687286377e-02
2.675142586231231689e-01
1.225660592317581177e-01
4.803127050399780273e-02
0.000000000000000000e+00
3.047228045761585236e-02
7.117276787757873535e-01
1.436691433191299438e-01
2.972792387008666992e+00
4.032246768474578857e-01
6.556127667427062988e-01
1.991113781929016113e+00
2.536269724369049072e-01
1.109478622674942017e-01
4.986338019371032715e-01
4.295013546943664551e-01
0.000000000000000000e+00
2.276711016893386841e-01
1.600878715515136719e+00
2.823328971862792969e-02
2.803445458412170410e-01
1.143745660781860352e+00
0.000000000000000000e+00
2.462591975927352905e-01
1.652960330247879028e-01
3.016752481460571289e+00
8.232124447822570801e-01
3.507404029369354248e-02
9.869839549064636230e-01
0.000000000000000000e+00
5.340022444725036621e-01
5.865750089287757874e-02
1.735649257898330688e-01
3.832065165042877197e-01
5.715591907501220703e-01
1.169634580612182617e+00
3.302305042743682861e-01
4.737293422222137451e-01
6.013242900371551514e-02
4.382507205009460449e-01
3.128838241100311279e-01
1.822770573198795319e-02
8.539332747459411621e-01
1.489554494619369507e-01
1.811884790658950806e-01
3.394604474306106567e-02
9.821306467056274414e-01
2.063707113265991211e+00
7.786727696657180786e-02
1.797987461090087891e+00
4.247373342514038086e-01
1.086512506008148193e-01
2.400740385055541992e-01
6.407390236854553223e-01
3.155754804611206055e-01
0.000000000000000000e+00
0.000000000000000000e+00
8.258938789367675781e-01
1.257800906896591187e-01
2.815330326557159424e-01
4.533859491348266602e-01
6.257964968681335449e-01
3.473442196846008301e-01
5.242273584008216858e-02
0.000000000000000000e+00
1.876477599143981934e+00
1.488886177539825439e-01
3.110043704509735107e-01
5.290849804878234863e-01
6.269413977861404419e-02
3.674017488956451416e-01
3.276883363723754883e-01
1.411759853363037109e-02
5.403953790664672852e-02
6.785651203244924545e-03
0.000000000000000000e+00
9.148887991905212402e-01
1.444687485694885254e+00
1.006394386291503906e+00
7.155479192733764648e-01
8.074229210615158081e-02
2.828448079526424408e-02
1.178986430168151855e+00
1.296311710029840469e-02
2.155178636312484741e-01
6.891727447509765625e-02
0.000000000000000000e+00
5.639463663101196289e-02
1.274694681167602539e+00
0.000000000000000000e+00
0.000000000000000000e+00
1.036843776702880859e+00
4.352776333689689636e-02
1.586065441370010376e-01
1.947730481624603271e-01
0.000000000000000000e+00
0.000000000000000000e+00
2.000301480293273926e-01
1.585183888673782349e-01
2.053013816475868225e-02
2.288211137056350708e-01
0.000000000000000000e+00
2.016118288040161133e+00
2.307897567749023438e+00
2.352787256240844727e-01
6.605877876281738281e-01
1.681179165840148926e+00
0.000000000000000000e+00
7.835788279771804810e-02
5.947746038436889648e-01
4.393126964569091797e-01
3.953642547130584717e-01
6.644635796546936035e-01
1.710369735956192017e-01
0.000000000000000000e+00
4.714989289641380310e-02
4.917493164539337158e-01
0.000000000000000000e+00
1.683753132820129395e+00
1.126410067081451416e-01
1.197601035237312317e-01
0.000000000000000000e+00
3.487709164619445801e-01
8.046786189079284668e-01
8.705761283636093140e-02
1.060798645019531250e+00
2.293225526809692383e-01
1.129755284637212753e-02
1.711147278547286987e-01
0.000000000000000000e+00
1.373328566551208496e+00
4.520593285560607910e-01
0.000000000000000000e+00
2.955119907855987549e-01
2.798122167587280273e+00
2.628633379936218262e-01
6.471570134162902832e-01
1.711748354136943817e-02
6.491981744766235352e-01
1.660236530005931854e-02
3.522300720214843750e-02
5.399256944656372070e-01
1.954671554267406464e-02
1.018170237541198730e+00
5.609809160232543945e-01
1.678279787302017212e-01
8.304139226675033569e-02
1.452853381633758545e-01
1.046942234039306641e+00
2.595800161361694336e-01
5.180000886321067810e-02
4.619217291474342346e-02
5.127995833754539490e-02
8.433176577091217041e-02
2.058648020029067993e-01
8.256930112838745117e-02
0.000000000000000000e+00
0.000000000000000000e+00
2.608370304107666016e+00
9.642059206962585449e-01
6.469430029392242432e-02
7.975237071514129639e-02
5.094320178031921387e-01
1.596615910530090332e-01
9.658727049827575684e-02
4.363549947738647461e-01
1.105760574340820312e+00
1.499831080436706543e+00
5.224931240081787109e-01
3.236213326454162598e-02
0.000000000000000000e+00
8.000328540802001953e-01
5.660220049321651459e-03
5.413721799850463867e-01
0.000000000000000000e+00
2.481009215116500854e-01
2.013424485921859741e-01
7.015282511711120605e-01
2.309767484664916992e+00
3.593142628669738770e-01
4.647079855203628540e-02
1.065971255302429199e+00
3.502441942691802979e-02
5.876518785953521729e-02
1.454142481088638306e-01
1.211195826530456543e+00
4.140077829360961914e-01
2.123855352401733398e-01
4.360137972980737686e-03
0.000000000000000000e+00
1.639578342437744141e+00
0.000000000000000000e+00
8.662580251693725586e-01
0.000000000000000000e+00
1.005798220634460449e+00
3.960226848721504211e-02
1.434865713119506836e+00
3.610164821147918701e-01
1.372876018285751343e-01
1.091580390930175781e-01
5.617823600769042969e-01
6.721300482749938965e-01
3.099403902888298035e-02
2.293242327868938446e-02
2.677558064460754395e-01
1.932233721017837524e-01
3.207148611545562744e-01
0.000000000000000000e+00
5.319345593452453613e-01
7.502014935016632080e-02
4.820915311574935913e-02
1.152659673243761063e-02
0.000000000000000000e+00
6.397786084562540054e-03
7.721467874944210052e-03
3.160591125488281250e-01
3.732635825872421265e-02
2.233280241489410400e-01
7.393098622560501099e-02
6.975516676902770996e-01
0.000000000000000000e+00
2.233996838331222534e-01
1.788486540317535400e-01
7.626877725124359131e-02
1.026498991996049881e-02
1.522167325019836426e+00
2.037531435489654541e-01
5.081896781921386719e-01
3.512971699237823486e-01
1.229420006275177002e-01
5.279675126075744629e-02
2.795716047286987305e+00
8.929198235273361206e-02
1.942089647054672241e-01
1.233838498592376709e-01
4.344787914305925369e-03
4.452500343322753906e-01
7.331429515033960342e-03
9.855438023805618286e-02
2.138763517141342163e-01
2.124844312667846680e+00
3.261519432067871094e+00
5.113167166709899902e-01
1.543062329292297363e-01
8.539392948150634766e-01
1.318611264228820801e+00
7.468243688344955444e-02
2.517340779304504395e-01
3.906870782375335693e-01
3.373225778341293335e-02
6.100109749240800738e-05
1.028303742408752441e+00
0.000000000000000000e+00
2.678205966949462891e-01
1.430133581161499023e-01
3.077979013323783875e-02
3.766572177410125732e-01
5.499518513679504395e-01
8.518096208572387695e-01
8.402021527290344238e-01
1.765954345464706421e-01
1.359399557113647461e-01
4.589653313159942627e-01
1.131814718246459961e+00
7.484145164489746094e-01
1.221696212887763977e-01
2.624783992767333984e+00
2.266069352626800537e-01
1.691453456878662109e-01
9.321776628494262695e-01
1.090240359306335449e+00
2.017108052968978882e-01
4.041187465190887451e-01
0.000000000000000000e+00
4.633671790361404419e-02
0.000000000000000000e+00
1.198129296302795410e+00
7.810680866241455078e-01
8.335233479738235474e-02
2.871641516685485840e-01
5.951024219393730164e-02
1.511095315217971802e-01
2.837517261505126953e-01
0.000000000000000000e+00
1.721026539802551270e+00
0.000000000000000000e+00
1.858948111534118652e+00
6.208227947354316711e-02
2.337369918823242188e+00
1.119830459356307983e-01
1.782915145158767700e-01
3.838066756725311279e-02
2.850218713283538818e-01
2.320891804993152618e-02
1.297769695520401001e-01
8.537069708108901978e-02
0.000000000000000000e+00
1.572420597076416016e-01
3.600018620491027832e-01
9.460631012916564941e-02
4.128812253475189209e-02
4.198248684406280518e-02
9.348986744880676270e-01
1.619555242359638214e-02
7.274808734655380249e-02
3.867067769169807434e-02
1.335041830316185951e-03
3.759495541453361511e-02
2.329103276133537292e-02
2.670765221118927002e-01
0.000000000000000000e+00
5.389960408210754395e-01
9.710031002759933472e-02
4.126598536968231201e-01
1.110392659902572632e-01
2.416390329599380493e-01
6.684570759534835815e-02
2.976887160912156105e-03
6.553527712821960449e-02
1.546667814254760742e+00
1.867595613002777100e-01
2.326826333999633789e+00
1.009747028350830078e+00
4.362758696079254150e-01
9.576784819364547729e-02
1.175733089447021484e+00
7.715073227882385254e-01
4.626575112342834473e-01
4.409628510475158691e-01
4.904862344264984131e-01
7.689118385314941406e-01
7.518861889839172363e-01
2.267216704785823822e-02
0.000000000000000000e+00
5.496991798281669617e-02
1.885068863630294800e-01
8.891067504882812500e-01
1.293202638626098633e-01
3.924562036991119385e-01
4.050719141960144043e-01
0.000000000000000000e+00
1.997354924678802490e-01
0.000000000000000000e+00
0.000000000000000000e+00
4.220491647720336914e-02
2.969608083367347717e-02
3.537200093269348145e-01
9.852200001478195190e-02
1.726285964250564575e-01
2.367318153381347656e+00
1.953381896018981934e-01
1.653338432312011719e+00
1.040438860654830933e-01
9.292433410882949829e-02
4.788802564144134521e-02
9.254833310842514038e-02
1.593049764633178711e-01
3.103179633617401123e-01
1.074301481246948242e+00
2.861756563186645508e+00
1.484372615814208984e-01
4.829087555408477783e-01
0.000000000000000000e+00
4.186903536319732666e-01
1.948262564837932587e-02
1.480731181800365448e-02
1.843434572219848633e-01
8.791779726743698120e-02
1.040244624018669128e-01
5.345463752746582031e-03
2.425940036773681641e-01
7.957778871059417725e-02
1.126171469688415527e+00
1.387291550636291504e+00
2.070059031248092651e-01
2.950026392936706543e-01
1.012669950723648071e-01
5.149537920951843262e-01
7.284111380577087402e-01
9.982641339302062988e-01
1.528631448745727539e-01
1.435775458812713623e-01
5.731795728206634521e-02
1.868461072444915771e-01
3.379207551479339600e-01
1.798270702362060547e+00
3.448360562324523926e-01
1.691409945487976074e+00
3.796163201332092285e-02
2.032944560050964355e-02
5.267520435154438019e-03
1.013308167457580566e-01
0.000000000000000000e+00
0.000000000000000000e+00
4.717570915818214417e-02
2.863245606422424316e-01
3.103796720504760742e+00
1.676224619150161743e-01
2.938810884952545166e-01
2.913830280303955078e-01
6.897067427635192871e-01
3.919828832149505615e-01
2.559801042079925537e-01
1.135589256882667542e-01
2.875002324581146240e-01
2.147348970174789429e-01
5.840565543621778488e-03
2.044679969549179077e-02
1.847252598963677883e-03
1.456170201301574707e+00
7.013531327247619629e-01
1.027406975626945496e-01
1.418541073799133301e-01
6.216072440147399902e-01
0.000000000000000000e+00
2.394759953022003174e-01
4.256451502442359924e-02
1.788669347763061523e+00
0.000000000000000000e+00
4.006177186965942383e-01
5.649368762969970703e-01
3.972393926233053207e-03
3.390720188617706299e-01
1.778553240001201630e-02
4.812099412083625793e-02
0.000000000000000000e+00
1.279572248458862305e-01
6.356947869062423706e-02
8.128640241920948029e-03
3.433658778667449951e-01
0.000000000000000000e+00
4.650970548391342163e-02
5.953793227672576904e-02
1.867743395268917084e-02
1.418389201164245605e+00
3.892720490694046021e-02
2.800316177308559418e-02
3.550042957067489624e-02
0.000000000000000000e+00
0.000000000000000000e+00
0.000000000000000000e+00
7.468249201774597168e-01
1.577932536602020264e-01
5.896250605583190918e-01
4.942398071289062500e-01
0.000000000000000000e+00
2.293937802314758301e-01
3.736021462827920914e-03
0.000000000000000000e+00
7.594059407711029053e-02
7.843439280986785889e-02
3.152287960052490234e+00
2.986160516738891602e-01
5.067157149314880371e-01
1.826059103012084961e+00
3.013678193092346191e-01
1.157728284597396851e-01
3.301006555557250977e-02
2.237491130828857422e+00
0.000000000000000000e+00
7.663981616497039795e-02
2.763562798500061035e-01
1.097449511289596558e-01
0.000000000000000000e+00
7.080110311508178711e-01
8.316225409507751465e-01
3.048374056816101074e-01
6.539015769958496094e-01
1.004224494099617004e-01
8.035808801651000977e-02
3.040953576564788818e-01
1.725095659494400024e-01
1.653790324926376343e-01
9.462581947445869446e-03
8.392760753631591797e-01
1.128080934286117554e-01
0.000000000000000000e+00
8.897687792778015137e-01
2.379312276840209961e+00
3.047064840793609619e-01
0.000000000000000000e+00
5.439080595970153809e-01
1.656722664833068848e+00
8.001107722520828247e-02
4.200224950909614563e-02
5.335729718208312988e-01
3.847342729568481445e-02
1.487052142620086670e-01
0.000000000000000000e+00
4.453114867210388184e-01
9.153000116348266602e-01
0.000000000000000000e+00
2.910036444664001465e-01
4.721707999706268311e-01
2.891429960727691650e-01
1.413321644067764282e-01
3.778215497732162476e-02
0.000000000000000000e+00
3.598644137382507324e-01
5.759114027023315430e-01
0.000000000000000000e+00
7.279059290885925293e-02
3.595806062221527100e-01
5.009504556655883789e-01
1.176639124751091003e-01
4.345591366291046143e-02
2.091392427682876587e-01
7.985252141952514648e-02
1.164425492286682129e+00
1.932296752929687500e-01
4.385352507233619690e-02
1.427215635776519775e-01
2.242191880941390991e-01
0.000000000000000000e+00
1.953006684780120850e-01
6.678805947303771973e-01
0.000000000000000000e+00
2.089752703905105591e-01
2.547343671321868896e-01
8.551757037639617920e-02
0.000000000000000000e+00
6.255418300628662109e+00
7.134510874748229980e-01
1.422336697578430176e-01
9.347718954086303711e-02
1.287662684917449951e-01
3.292366743087768555e+00
7.421069592237472534e-02
2.156118601560592651e-01
1.047769904136657715e+00
4.963332116603851318e-01
2.618769407272338867e-01
3.029274046421051025e-01
2.095981121063232422e+00
4.067635536193847656e-02
1.281489618122577667e-02
0.000000000000000000e+00
8.071375638246536255e-02
3.652969002723693848e-02
2.595283463597297668e-02
5.931416153907775879e-01
4.655274450778961182e-01
2.720769643783569336e-01
8.109060525894165039e-01
5.058187246322631836e-02
0.000000000000000000e+00
8.110468089580535889e-02
6.963937878608703613e-01
1.363765895366668701e-01
1.247739911079406738e+00
6.320222616195678711e-01
4.341420531272888184e-02
1.872972995042800903e-01
0.000000000000000000e+00
1.984136737883090973e-02
3.011336084455251694e-04
1.200332045555114746e-01
4.393841624259948730e-01
5.812731385231018066e-01
3.168054819107055664e-01
4.828150942921638489e-02
4.239835441112518311e-01
3.086553812026977539e-01
2.605562508106231689e-01
2.729094028472900391e-02
9.086784720420837402e-02
2.925269901752471924e-01
3.414284884929656982e-01
2.537356913089752197e-01
3.544238805770874023e-01
1.405413262546062469e-02
0.000000000000000000e+00
3.449277579784393311e-01
5.888480544090270996e-01
0.000000000000000000e+00
2.221433073282241821e-02
1.368453819304704666e-02
2.922456562519073486e-01
4.462211430072784424e-01
1.008787512779235840e+00
1.716173291206359863e-01
2.768000122159719467e-03
1.011752188205718994e-01
0.000000000000000000e+00
2.034500539302825928e-01
2.638300880789756775e-02
7.449164986610412598e-01
0.000000000000000000e+00
0.000000000000000000e+00
1.617339849472045898e-01
1.273793578147888184e-01
1.315143108367919922e-01
9.870933741331100464e-02
0.000000000000000000e+00
7.718113809823989868e-02
1.366793364286422729e-01
7.469200342893600464e-02
6.586579978466033936e-02
8.527368903160095215e-01
3.490236997604370117e-01
1.386590600013732910e+00
4.046966433525085449e-01
2.930195070803165436e-02
1.093486770987510681e-01
1.839406788349151611e-01
4.327365398406982422e+00
0.000000000000000000e+00
1.946131438016891479e-01
4.035962820053100586e-01
1.842595815658569336e+00
1.525270640850067139e-01
2.155154012143611908e-02
1.324562728404998779e-01
2.008644104003906250e+00
8.709941757842898369e-04
3.658978268504142761e-02
3.771517276763916016e-01
1.119882166385650635e-01
6.477589607238769531e-01
1.088145151734352112e-01
1.997772574424743652e+00
9.194762706756591797e-01
1.393679976463317871e-01
1.214217618107795715e-01
1.152249127626419067e-01
2.638747096061706543e-01
5.101703405380249023e-01
1.849539279937744141e-01
0.000000000000000000e+00
3.765713050961494446e-02
2.776410803198814392e-02
6.807017326354980469e-01
2.926506996154785156e-01
1.283882558345794678e-01
2.537829242646694183e-02
3.292664885520935059e-02
3.610136210918426514e-01
1.403772830963134766e-01
4.058709740638732910e-01
1.770144701004028320e-01
1.261788487434387207e+00
4.742415994405746460e-02
3.249717876315116882e-02
1.896393001079559326e-01
6.077308580279350281e-02
8.862907290458679199e-01
1.505052685737609863e+00
4.236875772476196289e-01
5.622515082359313965e-01
3.146536052227020264e-01
2.875274512916803360e-03
9.978326559066772461e-01
1.512683648616075516e-02
7.220329251140356064e-03
1.069835573434829712e-01
1.369551271200180054e-01
2.561877071857452393e-01
4.805941581726074219e-01
4.589112997055053711e-01
3.650387981906533241e-03
3.221470117568969727e-01
4.353788793087005615e-01
1.101407408714294434e-01
1.418841123580932617e+00
5.563973784446716309e-01
1.705604672431945801e+00
2.199293226003646851e-01
5.129298567771911621e-01
9.947422891855239868e-02
3.151209652423858643e-02
7.999764084815979004e-01
3.883545994758605957e-01
7.809070497751235962e-02
1.694655865430831909e-01
0.000000000000000000e+00
2.101461589336395264e-01
3.252729177474975586e-01
0.000000000000000000e+00
1.044597625732421875e-01
4.655867099761962891e+00
9.857740253210067749e-02
7.935263961553573608e-02
2.205815315246582031e+00
6.975575685501098633e-01
4.261206090450286865e-01
6.265375763177871704e-02
6.459446996450424194e-02
2.789682336151599884e-02
0.000000000000000000e+00
5.138788223266601562e-01
2.080243974924087524e-01
1.373146474361419678e-01
6.905636191368103027e-02
1.070590782910585403e-02
1.764835566282272339e-01
0.000000000000000000e+00
1.679451167583465576e-01
1.003368496894836426e+00
4.265173524618148804e-02
1.966204285621643066e+00
1.523029357194900513e-01
0.000000000000000000e+00
6.885895878076553345e-02
4.332362860441207886e-02
1.006493806838989258e+00
3.511136770248413086e-02
3.861001431941986084e-01
1.205898970365524292e-01
8.317098617553710938e-01
9.352020025253295898e-01
3.335787653923034668e-01
2.028046874329447746e-03
7.298471331596374512e-01
1.141355752944946289e+00
4.447000324726104736e-01
1.760056056082248688e-02
6.112240627408027649e-02
2.390651255846023560e-01
0.000000000000000000e+00
1.605722308158874512e-02
2.114097028970718384e-01
1.512876152992248535e-01
3.989260196685791016e-01
8.776105940341949463e-02
1.616982221603393555e-01
0.000000000000000000e+00
2.227362871170043945e+00
6.555767655372619629e-01
9.463471919298171997e-02
1.596585154533386230e+00
2.427662461996078491e-01
3.463904261589050293e-01
1.256330609321594238e-01
4.532800018787384033e-01
4.599555730819702148e-01
6.134704453870654106e-04
4.732083678245544434e-01
2.187961041927337646e-01
2.518049955368041992e+00
5.864174664020538330e-02
1.393434703350067139e-01
4.984571635723114014e-01
0.000000000000000000e+00
6.121504902839660645e-01
0.000000000000000000e+00
1.102795600891113281e+00
2.566553056240081787e-01
1.753420382738113403e-01
7.292757928371429443e-02
7.513306140899658203e-01
3.000328242778778076e-01
0.000000000000000000e+00
1.625107377767562866e-01
1.214049339294433594e+00
3.513406217098236084e-01
4.192532971501350403e-02
2.567458748817443848e-01
9.667040407657623291e-02
2.807328104972839355e-02
0.000000000000000000e+00
3.277570381760597229e-02
5.252415537834167480e-01
7.281273007392883301e-01
3.831470608711242676e-01
1.879050254821777344e+00
9.427664875984191895e-01
0.000000000000000000e+00
5.928073525428771973e-01
3.583813086152076721e-03
2.250580549240112305e+00
5.830554366111755371e-01
2.768143117427825928e-01
9.979353845119476318e-02
2.041723489761352539e+00
7.520843148231506348e-01
7.888334393501281738e-01
2.082253992557525635e-01
4.293010532855987549e-01
0.000000000000000000e+00
1.538556963205337524e-01
0.000000000000000000e+00
1.725238375365734100e-02
2.970948815345764160e-02
1.253353208303451538e-01
1.928890645503997803e-01
4.054943099617958069e-03
3.300895690917968750e-01
1.049284823238849640e-02
0.000000000000000000e+00
1.271807402372360229e-01
1.655983738601207733e-02
3.333365678787231445e+00
4.342546761035919189e-01
4.485443234443664551e-01
2.101628035306930542e-01
1.440824009478092194e-02
4.018637910485267639e-02
4.903703927993774414e-01
1.688876450061798096e-01
2.265578508377075195e+00
2.195634603500366211e+00
7.714924812316894531e-01
2.784210145473480225e-01
1.606414318084716797e+00
0.000000000000000000e+00
7.898783683776855469e-01
9.048987627029418945e-01
1.144570112228393555e-01
6.903445720672607422e-01
5.049191117286682129e-01
0.000000000000000000e+00
1.162469387054443359e-03
2.842285633087158203e-01
1.480797290802001953e+00
6.816836446523666382e-02
1.171067580580711365e-01
9.719911031424999237e-03
1.553816944360733032e-01
0.000000000000000000e+00
4.443533718585968018e-01
2.835254967212677002e-01
1.606199264526367188e+00
9.489549696445465088e-02
1.033821851015090942e-01
6.989768147468566895e-01
1.021020561456680298e-01
5.787580013275146484e+00
0.000000000000000000e+00
4.387590885162353516e-01
1.557291150093078613e+00
2.073857188224792480e-01
5.752874612808227539e-01
1.673792302608489990e-02
1.489072740077972412e-01
5.883810576051473618e-03
2.368449717760086060e-01
4.670123755931854248e-01
6.312602162361145020e-01
6.665113032795488834e-04
6.999291479587554932e-02
7.405415177345275879e-02
8.729937672615051270e-01
0.000000000000000000e+00
2.382535114884376526e-02
9.043455868959426880e-02
5.681510567665100098e-01
1.396444886922836304e-01
7.575747370719909668e-01
3.291959464550018311e-01
7.482259273529052734e-01
3.545970842242240906e-02
4.653539061546325684e-01
1.936916857957839966e-01
4.244169890880584717e-01
1.188184499740600586e+00
5.383135080337524414e-01
6.096422672271728516e-01
9.162836074829101562e-01
3.242669627070426941e-02
9.534047842025756836e-01
0.000000000000000000e+00
2.271334886550903320e+00
1.690895706415176392e-01
0.000000000000000000e+00
2.517184615135192871e-01
0.000000000000000000e+00
1.490582376718521118e-01
6.016272902488708496e-01
5.145848393440246582e-01
6.640709005296230316e-03
1.030935287475585938e+00
1.519195556640625000e+00
8.856025338172912598e-02
2.746201455593109131e-01
0.000000000000000000e+00
9.270128211937844753e-04
5.885398387908935547e-01
1.800929188728332520e+00
0.000000000000000000e+00
8.540875464677810669e-02
2.950487613677978516e+00
5.689480304718017578e-01
6.804378032684326172e-01
0.000000000000000000e+00
5.432085990905761719e-01
1.905543684959411621e+00
0.000000000000000000e+00
3.837240859866142273e-02
3.995641320943832397e-02
0.000000000000000000e+00
1.838526278734207153e-01
7.688343524932861328e-01
4.925660192966461182e-01
2.052550166845321655e-01
7.076826691627502441e-02
1.511782854795455933e-01
2.854869067668914795e-01
1.640701782889664173e-03
2.947184443473815918e-01
2.038083598017692566e-02
1.774726361036300659e-01
2.902836725115776062e-02
2.481537014245986938e-01
1.435183137655258179e-01
8.932391181588172913e-03
0.000000000000000000e+00
5.102674663066864014e-02
4.475162029266357422e-01
4.830231070518493652e-01
5.315088629722595215e-01
1.257224559783935547e+00
3.255302906036376953e-01
1.882841587066650391e-01
4.360409975051879883e-01
6.897577643394470215e-01
1.693904101848602295e-01
5.090175196528434753e-02
1.007324814796447754e+00
1.721150875091552734e-01
2.762807160615921021e-02
1.471857279539108276e-01
2.254064798355102539e+00
6.131241321563720703e-01
1.768219947814941406e+00
1.980201721191406250e+00
1.984292268753051758e-01
1.515388116240501404e-02
3.635642826557159424e-01
1.058794260025024414e+00
0.000000000000000000e+00
4.932576119899749756e-01
8.894175291061401367e-01
