2.257186323404312134e-01
3.023301064968109131e-01
2.729746699333190918e-02
1.225302815437316895e+00
1.400329470634460449e-01
2.038117170333862305e+00
3.319783508777618408e-01
7.794021070003509521e-02
7.440764904022216797e-01
1.821862608194351196e-01
6.545713543891906738e-02
9.047219157218933105e-01
2.258746325969696045e-01
0.000000000000000000e+00
2.306132391095161438e-02
2.919496269896626472e-03
1.955806463956832886e-02
1.841489315032958984e+00
1.652945429086685181e-01
1.449616312980651855e+00
1.959458947181701660e+00
9.070402942597866058e-03
1.918494105339050293e-01
2.631694376468658447e-01
5.488954782485961914e-01
2.326145209372043610e-02
0.000000000000000000e+00
6.125009432435035706e-02
1.511220782995223999e-01
0.000000000000000000e+00
3.298357427120208740e-01
1.025322914123535156e+00
1.284675896167755127e-01
1.358694881200790405e-01
0.000000000000000000e+00
1.523642241954803467e-01
3.472127392888069153e-02
4.214556813240051270e-01
2.272560000419616699e-01
1.612244993448257446e-01
6.944383978843688965e-01
1.618429571390151978e-01
3.725752467289566994e-03
1.235692143440246582e+00
4.658669233322143555e-02
4.417575895786285400e-01
0.000000000000000000e+00
2.355380207300186157e-01
1.592750996351242065e-01
0.000000000000000000e+00
1.030721701681613922e-02
8.390825823880732059e-04
1.160181779414415359e-02
1.273058891296386719e+00
3.889580070972442627e-01
7.702629566192626953e-01
5.711398124694824219e-01
1.832515597343444824e-01
0.000000000000000000e+00
0.000000000000000000e+00
1.441057771444320679e-01
3.318318426609039307e-01
1.657534688711166382e-01
3.163785040378570557e-01
8.070853352546691895e-01
3.898713886737823486e-01
3.150294721126556396e-02
2.120130956172943115e-01
5.953455567359924316e-01
0.000000000000000000e+00
4.009054005146026611e-01
8.347365260124206543e-02
1.692067682743072510e-01
1.771120280027389526e-01
7.168108820915222168e-01
1.183623746037483215e-01
4.208049476146697998e-01
3.742761313915252686e-01
1.127869859337806702e-01
2.867280691862106323e-02
7.128183543682098389e-02
1.634362488985061646e-01
1.500126421451568604e-01
1.662331372499465942e-01
1.904223263263702393e-01
0.000000000000000000e+00
3.920450806617736816e-01
2.538010776042938232e-01
7.260795235633850098e-01
1.981006860733032227e-01
1.230719834566116333e-01
0.000000000000000000e+00
0.000000000000000000e+00
6.159981340169906616e-02
3.003706336021423340e-01
8.466511964797973633e-01
2.030261754989624023e-01
1.117262244224548340e+00
5.749523639678955078e-01
8.260031044483184814e-02
8.326829411089420319e-03
3.606430441141128540e-02
3.230702877044677734e+00
3.955333471298217773e+00
4.737841486930847168e-01
3.597404658794403076e-01
1.308456540107727051e+00
2.808944508433341980e-02
5.611995458602905273e-01
6.415750086307525635e-02
7.384470701217651367e-01
3.856267333030700684e-01
5.198344588279724121e-01
4.995719529688358307e-03
5.204433798789978027e-01
1.625442318618297577e-02
3.186130821704864502e-01
5.881340503692626953e-01
1.580109596252441406e+00
2.514917612075805664e+00
7.316688895225524902e-01
3.000647425651550293e-01
8.055216819047927856e-02
3.674363493919372559e-01
4.877806186676025391e+00
1.599207669496536255e-01
0.000000000000000000e+00
3.954937160015106201e-01
1.044321656227111816e-01
8.088228787528350949e-05
1.341767430305480957e+00
1.912705302238464355e+00
1.952000707387924194e-01
9.560341946780681610e-03
1.966382116079330444e-01
6.123778820037841797e-01
1.851034313440322876e-01
3.017736971378326416e-01
2.975496292114257812e+00
5.949587821960449219e-01
1.126436889171600342e-01
3.020108044147491455e-01
5.364068597555160522e-02
8.148424327373504639e-02
3.203455805778503418e-01
2.991583384573459625e-02
1.902659177780151367e+00
3.315902650356292725e-01
1.951354444026947021e-01
1.451126784086227417e-01
2.179845273494720459e-01
4.717899952083826065e-03
1.903249025344848633e-01
6.664265990257263184e-01
5.270100235939025879e-01
1.394407749176025391e-01
1.029558703303337097e-01
4.741697013378143311e-01
3.300077468156814575e-02
3.340066373348236084e-01
7.237144559621810913e-02
6.442786008119583130e-02
1.797387003898620605e-01
5.230694413185119629e-01
3.557497262954711914e-01
7.864039540290832520e-01
2.899325489997863770e-01
1.046197190880775452e-01
2.594023644924163818e-01
2.613438852131366730e-02
3.421993255615234375e-01
1.046944931149482727e-01
8.290914297103881836e-01
3.323657810688018799e-01
0.000000000000000000e+00
3.377152234315872192e-02
4.315286874771118164e-02
1.499625802040100098e+00
7.176926732063293457e-02
5.723241567611694336e-01
2.933059260249137878e-02
1.765429391525685787e-03
7.579486370086669922e-01
7.672860473394393921e-02
2.067552655935287476e-01
4.827731847763061523e-02
6.189699172973632812e-01
6.209638714790344238e-01
1.550321131944656372e-01
4.075812175869941711e-02
4.363685250282287598e-01
1.107104346156120300e-01
5.389466509222984314e-02
2.122308593243360519e-03
0.000000000000000000e+00
1.658975034952163696e-01
1.483007788658142090e+00
4.437327086925506592e-01
3.075049817562103271e-02
4.787922203540802002e-01
4.696082174777984619e-01
3.791972696781158447e-01
1.420637965202331543e-01
3.729652762413024902e-01
9.603589773178100586e-02
5.813319236040115356e-02
7.219558954238891602e-02
2.840909063816070557e-01
0.000000000000000000e+00
1.046879068017005920e-01
5.518820881843566895e-02
9.301329851150512695e-01
2.746771275997161865e-01
8.542996048927307129e-01
0.000000000000000000e+00
1.773475527763366699e+00
0.000000000000000000e+00
9.922993183135986328e-01
1.561932265758514404e-01
2.825041711330413818e-01
1.892197430133819580e-01
1.144248642958700657e-03
1.877325028181076050e-01
4.144310951232910156e-02
1.908445847220718861e-03
7.419847846031188965e-01
2.835178375244140625e-01
4.595278799533843994e-01
4.489566981792449951e-01
4.930856525897979736e-01
5.487814545631408691e-02
6.437206268310546875e-02
1.078454256057739258e+00
0.000000000000000000e+00
1.039126396179199219e+00
4.161820933222770691e-02
5.861363187432289124e-02
4.228880405426025391e-01
2.048559486865997314e-02
2.147510647773742676e-01
7.586222887039184570e-02
2.328693568706512451e-01
7.572211325168609619e-02
4.257955849170684814e-01
9.232835471630096436e-02
1.042156815528869629e-01
3.219446400180459023e-03
2.987248003482818604e-01
1.233543455600738525e-01
4.073804020881652832e-01
0.000000000000000000e+00
5.116981863975524902e-01
6.258372664451599121e-01
0.000000000000000000e+00
3.341576755046844482e-01
2.137801945209503174e-01
0.000000000000000000e+00
4.080934822559356689e-02
1.010238081216812134e-01
2.986500263214111328e-01
1.910066157579421997e-01
8.139136433601379395e-01
5.920358896255493164e-01
1.795426383614540100e-02
0.000000000000000000e+00
7.431903854012489319e-03
1.950489282608032227e-01
1.026004791259765625e+00
1.651992946863174438e-01
8.921796083450317383e-01
2.770412564277648926e-01
5.576741695404052734e-01
0.000000000000000000e+00
0.000000000000000000e+00
2.543894052505493164e-01
1.196503758430480957e+00
3.287107467651367188e+00
2.293397188186645508e-01
8.084180355072021484e-01
1.266134530305862427e-01
1.280030012130737305e-01
8.247082233428955078e-01
7.744495570659637451e-02
4.507604241371154785e-01
2.241655349731445312e+00
3.114467561244964600e-01
1.814861148595809937e-01
0.000000000000000000e+00
3.022957593202590942e-02
6.673406362533569336e-01
2.476468235254287720e-01
4.548141956329345703e-01
0.000000000000000000e+00
9.354625642299652100e-02
4.454461336135864258e-01
8.492136001586914062e-01
1.877639144659042358e-01
7.763782888650894165e-02
6.191744804382324219e-01
1.998813450336456299e-01
5.533874034881591797e-01
2.139737308025360107e-01
4.837073385715484619e-01
6.726791262626647949e-01
7.284086942672729492e-02
9.272007942199707031e-01
5.874154567718505859e-01
5.407678484916687012e-01
2.624274194240570068e-01
2.159812301397323608e-01
1.759651660919189453e+00
1.322264373302459717e-01
7.406473755836486816e-01
7.920055836439132690e-02
1.054795384407043457e+00
8.520781993865966797e-01
6.101801618933677673e-02
4.861856997013092041e-02
2.662478573620319366e-02
4.950421452522277832e-01
4.217577353119850159e-02
1.291539669036865234e-01
1.552771031856536865e-01
1.267273426055908203e+00
4.481617361307144165e-02
4.731382802128791809e-02
1.375744491815567017e-01
5.747998952865600586e-01
0.000000000000000000e+00
6.385005116462707520e-01
3.978618979454040527e-02
1.046034812927246094e+00
3.277374505996704102e-01
4.137963652610778809e-01
1.827224850654602051e+00
1.729295104742050171e-01
1.350819468498229980e-01
5.652881786227226257e-02
8.811756037175655365e-03
1.937554404139518738e-02
2.563264369964599609e-01
4.860982298851013184e-02
5.977805256843566895e-01
4.262727499008178711e-01
2.884008362889289856e-02
1.347799301147460938e-01
4.104349613189697266e-01
2.193848341703414917e-01
2.757899165153503418e-01
1.045159101486206055e-01
1.265484094619750977e-01
0.000000000000000000e+00
9.983522891998291016e-01
6.534685492515563965e-01
0.000000000000000000e+00
1.046808809041976929e-01
8.490999042987823486e-02
6.952315568923950195e-01
4.686429798603057861e-01
6.134805083274841309e-01
1.842111498117446899e-01
5.053602457046508789e-01
1.638953089714050293e-01
3.447675108909606934e-01
4.997554421424865723e-02
4.652032554149627686e-01
0.000000000000000000e+00
5.978723615407943726e-02
0.000000000000000000e+00
2.973468303680419922e-01
6.721071153879165649e-02
0.000000000000000000e+00
1.890681266784667969e+00
9.170112013816833496e-02
2.651954293251037598e-01
4.894818961620330811e-01
7.677428424358367920e-02
5.505762249231338501e-02
4.986428618431091309e-01
2.907110452651977539e-01
3.903233766555786133e+00
5.695688724517822266e-01
2.927995443344116211e+00
2.071085572242736816e-01
4.729170352220535278e-02
1.252362877130508423e-02
2.367880344390869141e-01
1.346842050552368164e-01
9.572846465744078159e-04
1.259592294692993164e+00
1.381023228168487549e-01
4.839118719100952148e-01
2.792584598064422607e-01
5.007156729698181152e-02
4.457136690616607666e-01
1.030179932713508606e-01
3.493676707148551941e-02
0.000000000000000000e+00
1.476961225271224976e-01
6.331492215394973755e-03
1.583749890327453613e+00
3.885258138179779053e-01
2.272496931254863739e-02
7.771295309066772461e-01
1.918446272611618042e-01
2.232381328940391541e-02
1.426431536674499512e-01
6.679393053054809570e-01
1.671614408493041992e+00
4.162849858403205872e-02
8.643099106848239899e-03
1.905051618814468384e-01
0.000000000000000000e+00
4.405320063233375549e-02
3.222320675849914551e-01
2.116135209798812866e-01
2.998185753822326660e-01
8.738233447074890137e-01
1.104415357112884521e-01
4.830694794654846191e-01
5.593966245651245117e-01
1.553122282028198242e+00
7.881263494491577148e-01
5.482403635978698730e-01
1.066237092018127441e+00
7.400724291801452637e-01
1.417851299047470093e-01
2.178569510579109192e-02
2.448111586272716522e-02
8.316326141357421875e-02
6.616650521755218506e-02
1.935087703168392181e-02
1.073074460029602051e+00
6.031503677368164062e-01
2.452635914087295532e-01
1.207888051867485046e-01
5.807422474026679993e-02
3.413780406117439270e-02
3.592327237129211426e-01
5.111831426620483398e-01
2.198546938598155975e-02
2.300583571195602417e-01
2.145598679780960083e-01
1.491975188255310059e-01
4.924528896808624268e-01
0.000000000000000000e+00
0.000000000000000000e+00
5.088804289698600769e-02
1.221199519932270050e-02
1.889113038778305054e-01
4.479373991489410400e-01
1.979661732912063599e-01
2.205270975828170776e-01
5.401514768600463867e-01
1.314543485641479492e-01
1.747058182954788208e-01
1.303861737251281738e-01
4.466549873352050781e+00
5.375771522521972656e-01
8.611396700143814087e-02
1.610866785049438477e-01
1.804051876068115234e+00
9.996918439865112305e-01
1.900831311941146851e-01
2.614905238151550293e-01
7.479592412710189819e-02
7.201345637440681458e-03
6.384460255503654480e-03
6.527797318994998932e-03
2.085216715931892395e-02
4.851929098367691040e-02
8.031293749809265137e-01
3.759922504425048828e+00
1.215944051742553711e+00
0.000000000000000000e+00
3.563069701194763184e-01
1.929648104123771191e-03
6.901056040078401566e-03
8.770982623100280762e-01
2.645952440798282623e-02
1.421159058809280396e-01
3.077889382839202881e-01
2.045382261276245117e-01
1.963763386011123657e-01
4.393148899078369141e+00
3.474515080451965332e-01
2.323586121201515198e-02
0.000000000000000000e+00
4.640671908855438232e-01
2.258900552988052368e-02
1.585028648376464844e+00
1.606840640306472778e-01
0.000000000000000000e+00
7.899160683155059814e-02
6.043468117713928223e-01
1.676901578903198242e-01
1.511911153793334961e-01
1.977174915373325348e-02
6.242533326148986816e-01
2.976655960083007812e+00
1.816332526504993439e-02
2.687885612249374390e-02
1.624803394079208374e-01
2.319829940795898438e+00
9.747212380170822144e-02
7.657535374164581299e-02
1.056717038154602051e+00
0.000000000000000000e+00
1.928966641426086426e+00
0.000000000000000000e+00
4.328763186931610107e-01
2.663362979888916016e+00
1.190001130104064941e+00
3.411243259906768799e-01
6.798301935195922852e-01
1.467736158519983292e-02
1.724506974220275879e+00
3.206293880939483643e-01
3.776135206222534180e+00
0.000000000000000000e+00
1.324080944061279297e+00
5.417946577072143555e-01
8.957827091217041016e-02
1.308272965252399445e-02
9.287399053573608398e-02
5.681614875793457031e-01
3.481088876724243164e-01
4.049804806709289551e-02
3.890396356582641602e-01
8.478318154811859131e-02
4.064818322658538818e-01
1.031148910522460938e+00
1.666160702705383301e+00
3.914468288421630859e-01
0.000000000000000000e+00
1.508781909942626953e-01
9.918905049562454224e-02
9.199444651603698730e-01
0.000000000000000000e+00
1.543164610862731934e+00
5.569165349006652832e-01
0.000000000000000000e+00
1.200228095054626465e+00
5.101147294044494629e-01
2.013857066631317139e-01
0.000000000000000000e+00
2.748378813266754150e-01
4.779243171215057373e-01
4.448593780398368835e-02
1.911263167858123779e-02
0.000000000000000000e+00
1.633261293172836304e-01
2.019735127687454224e-01
0.000000000000000000e+00
3.429823368787765503e-02
8.170285820960998535e-01
3.408906757831573486e-01
9.437697380781173706e-02
1.840585768222808838e-01
4.406677186489105225e-01
4.713169857859611511e-02
8.762889355421066284e-02
5.924617499113082886e-02
4.409753158688545227e-02
9.112034924328327179e-03
5.405597090721130371e-01
5.905631184577941895e-01
7.512966990470886230e-01
1.283730864524841309e-01
4.940090477466583252e-01
1.019497141242027283e-01
7.182253599166870117e-01
1.077579140663146973e+00
8.666439354419708252e-02
4.043117761611938477e-01
1.481623798608779907e-01
9.999055415391921997e-02
1.522818505764007568e-01
6.020156741142272949e-01
1.555190384387969971e-01
1.991534233093261719e-02
2.661527991294860840e-01
2.020353823900222778e-01
6.052464246749877930e-02
4.115906059741973877e-01
2.001402854919433594e+00
3.135499060153961182e-01
5.857907980680465698e-02
1.468718886375427246e+00
6.976017355918884277e-02
1.687505245208740234e-01
2.014645099639892578e+00
9.602486342191696167e-02
0.000000000000000000e+00
6.608945727348327637e-01
1.205697655677795410e+00
7.577638626098632812e-01
1.356821656227111816e-01
1.061469689011573792e-01
0.000000000000000000e+00
7.609458565711975098e-01
5.543112754821777344e-01
1.616420596837997437e-02
1.574496030807495117e+00
1.519034206867218018e-01
4.735987633466720581e-02
8.781966567039489746e-01
8.387933671474456787e-02
1.642860919237136841e-01
0.000000000000000000e+00
5.078909173607826233e-02
2.025554701685905457e-02
7.660269737243652344e-02
3.753250539302825928e-01
2.605851888656616211e-01
1.189352869987487793e+00
6.945566274225711823e-03
3.682933449745178223e-01
1.548840850591659546e-01
9.716650843620300293e-02
1.618272781372070312e+00
3.279064968228340149e-02
0.000000000000000000e+00
2.441787719726562500e-01
7.340209484100341797e-01
5.262355506420135498e-02
1.326368749141693115e-02
9.384950622916221619e-03
3.213240066543221474e-03
5.898165330290794373e-02
1.858432412147521973e+00
1.721242219209671021e-01
9.072679281234741211e-02
1.297670900821685791e-01
0.000000000000000000e+00
7.414749264717102051e-01
1.378244996070861816e+00
1.757975667715072632e-01
2.484535276889801025e-01
1.336517632007598877e-01
0.000000000000000000e+00
6.571637988090515137e-01
3.329020142555236816e-01
6.997721195220947266e-01
2.639757394790649414e-01
4.183790385723114014e-01
1.708658933639526367e-01
4.275301843881607056e-02
0.000000000000000000e+00
9.635033011436462402e-01
4.641011729836463928e-02
0.000000000000000000e+00
1.599825501441955566e+00
2.131475210189819336e+00
9.429109096527099609e-02
4.792566895484924316e-01
1.819998025894165039e-01
2.445768266916275024e-01
6.753753423690795898e-01
3.564357459545135498e-01
1.863080024719238281e+00
7.291611284017562866e-03
3.636187553405761719e+00
1.661442667245864868e-01
4.049562290310859680e-02
7.263341546058654785e-02
1.368298381567001343e-02
1.912214457988739014e-01
6.318153142929077148e-01
4.191126227378845215e-01
9.427783489227294922e-01
1.736853457987308502e-02
1.188127875328063965e+00
3.150576055049896240e-01
5.151782631874084473e-01
1.529591623693704605e-02
3.526567220687866211e+00
2.907426357269287109e-01
9.444346651434898376e-03
2.680848166346549988e-02
4.298070907592773438e+00
3.634003549814224243e-02
3.069175779819488525e-02
3.134150505065917969e-01
2.579580843448638916e-01
3.953609764575958252e-01
3.269801661372184753e-02
1.270989060401916504e+00
0.000000000000000000e+00
1.794889271259307861e-01
1.922701835632324219e+00
1.723828166723251343e-01
1.412651538848876953e-01
5.764044448733329773e-02
6.201748847961425781e-01
3.826150000095367432e-01
0.000000000000000000e+00
2.915626168251037598e-01
5.013737678527832031e-01
9.555688500404357910e-02
1.569026350975036621e+00
1.091990396380424500e-01
1.722060084342956543e+00
1.575757861137390137e-01
1.024981737136840820e+00
1.019699573516845703e+00
4.204528331756591797e-01
5.310352444648742676e-01
7.576972246170043945e-02
1.991392374038696289e-01
1.395801454782485962e-01
1.001286864280700684e+00
5.078708752989768982e-03
1.236111577600240707e-02
5.235737562179565430e-01
3.221168220043182373e-01
2.059119567275047302e-02
2.175909578800201416e-01
1.120518967509269714e-01
7.457502186298370361e-02
0.000000000000000000e+00
4.218179360032081604e-02
6.045255064964294434e-02
1.303336918354034424e-01
9.341014921665191650e-02
2.401486225426197052e-02
1.020624954253435135e-02
2.820957601070404053e-01
8.691427856683731079e-02
5.387685727328062057e-03
1.153987288475036621e+00
1.862236261367797852e-01
1.151869446039199829e-01
1.974514365196228027e+00
7.633849047124385834e-03
6.289222240447998047e-01
1.732006520032882690e-01
5.444483757019042969e-01
3.930447101593017578e-01
2.528087794780731201e-01
8.018158674240112305e-01
1.552966237068176270e-01
6.937897205352783203e-02
8.597980141639709473e-01
1.242161542177200317e-02
1.181785985827445984e-01
1.284440606832504272e-01
5.999074578285217285e-01
5.832716822624206543e-01
1.994939297437667847e-01
5.183025822043418884e-02
1.843650937080383301e-01
6.048856973648071289e-01
3.244648873805999756e-01
3.761625885963439941e-01
4.054026305675506592e-01
5.207797512412071228e-02
1.342561364173889160e+00
2.063169717788696289e+00
1.605036020278930664e+00
5.065033212304115295e-02
3.789678961038589478e-02
2.312719225883483887e-01
4.031620919704437256e-01
3.257958590984344482e-02
4.783398285508155823e-02
1.065029948949813843e-02
0.000000000000000000e+00
4.789202660322189331e-02
7.709231972694396973e-01
2.523274347186088562e-02
1.789808720350265503e-01
6.675041317939758301e-01
2.715283155441284180e+00
9.048851728439331055e-01
1.201966166496276855e+00
5.758200213313102722e-02
4.282990992069244385e-01
4.675377160310745239e-02
1.131222844123840332e-01
0.000000000000000000e+00
6.780950427055358887e-01
0.000000000000000000e+00
1.098752021789550781e+00
1.459919288754463196e-02
4.111629128456115723e-01
1.780291348695755005e-01
7.919069528579711914e-01
1.222959518432617188e+00
1.706905961036682129e+00
1.622648388147354126e-01
4.729503691196441650e-01
8.647038042545318604e-02
4.514264464378356934e-01
0.000000000000000000e+00
9.572269916534423828e-01
1.811651289463043213e-01
1.076746955513954163e-01
1.813669055700302124e-01
4.457467496395111084e-01
4.747557342052459717e-01
4.216272830963134766e-01
4.062360525131225586e-02
1.792474091053009033e-01
8.647976815700531006e-02
5.436015725135803223e-01
2.435799092054367065e-01
2.245470136404037476e-01
4.036843478679656982e-01
2.437396943569183350e-01
2.873654961585998535e-01
3.780666366219520569e-02
5.805014446377754211e-02
9.732789546251296997e-02
2.134693413972854614e-02
5.336357355117797852e-01
3.109567463397979736e-01
1.387547999620437622e-01
1.871896833181381226e-01
9.465585947036743164e-01
3.340585529804229736e-02
6.943290829658508301e-01
1.967953592538833618e-01
9.038592129945755005e-02
0.000000000000000000e+00
2.830452919006347656e-01
1.437916047871112823e-02
1.136372327804565430e+00
5.454623699188232422e-01
2.823679745197296143e-01
0.000000000000000000e+00
4.560413062572479248e-01
9.821253269910812378e-02
8.856303989887237549e-02
3.031515777111053467e-01
4.174042865633964539e-02
0.000000000000000000e+00
5.007362961769104004e-01
3.718908548355102539e+00
4.086346030235290527e-01
8.207077980041503906e-01
3.737630248069763184e-01
5.147596001625061035e-01
4.489459097385406494e-01
1.536299705505371094e+00
1.672869175672531128e-01
1.212344840168952942e-01
8.050898462533950806e-02
8.183503150939941406e-01
1.122002080082893372e-01
0.000000000000000000e+00
4.440107643604278564e-01
4.166043363511562347e-03
2.791964113712310791e-01
2.112082988023757935e-01
8.292291313409805298e-02
6.380109190940856934e-01
3.451450765132904053e-01
0.000000000000000000e+00
1.900032535195350647e-02
5.994840264320373535e-01
4.353902041912078857e-01
3.241487443447113037e-01
1.618630886077880859e+00
1.349545270204544067e-01
1.089071989059448242e+00
3.772290945053100586e-01
0.000000000000000000e+00
6.575077772140502930e-01
6.426604390144348145e-01
8.628681898117065430e-01
1.063853263854980469e+00
1.209300905466079712e-01
0.000000000000000000e+00
2.496402151882648468e-02
1.397678554058074951e-01
3.677524328231811523e-01
1.696219146251678467e-01
1.330803334712982178e-01
5.302147269248962402e-01
4.978695213794708252e-01
2.145792692899703979e-01
5.479991436004638672e-01
2.099148482084274292e-01
4.822010919451713562e-02
1.980708479881286621e+00
5.641352534294128418e-01
3.897195160388946533e-01
5.245992541313171387e-01
1.069664359092712402e-01
3.494906425476074219e-01
2.904984168708324432e-02
2.294339090585708618e-01
2.839286997914314270e-02
0.000000000000000000e+00
3.269795775413513184e-01
9.777654409408569336e-01
1.154840826988220215e+00
1.248247504234313965e+00
1.749678999185562134e-01
0.000000000000000000e+00
8.399902582168579102e-01
9.210111945867538452e-02
1.953224837779998779e-01
5.712432861328125000e-01
5.329183340072631836e-01
5.120239257812500000e-01
1.133889436721801758e+00
1.229108721017837524e-01
5.231886357069015503e-02
3.456088900566101074e-01
4.497551321983337402e-01
2.392327308654785156e+00
3.038713037967681885e-01
3.370832204818725586e-01
3.248780965805053711e-02
2.089279741048812866e-01
1.078367233276367188e-01
2.372190952301025391e-01
2.010536640882492065e-01
1.914349794387817383e-01
7.894722372293472290e-02
1.025101691484451294e-01
3.662317618727684021e-02
7.077689766883850098e-01
2.739487886428833008e-01
3.806376084685325623e-02
3.934223204851150513e-02
3.288612514734268188e-02
3.185995295643806458e-02
2.371168881654739380e-01
7.621231675148010254e-02
2.061329483985900879e-01
4.315593242645263672e-01
2.582281351089477539e+00
1.622064858675003052e-01
2.426743209362030029e-01
1.511281356215476990e-02
8.983628451824188232e-02
5.016805604100227356e-02
0.000000000000000000e+00
1.762026920914649963e-02
1.379463315010070801e+00
3.364014253020286560e-02
6.828394532203674316e-02
9.233988523483276367e-01
2.904552221298217773e-01
1.897990554571151733e-01
7.135658860206604004e-01
9.990508109331130981e-02
1.528850663453340530e-02
7.721602916717529297e-01
2.399259712547063828e-03
6.112630963325500488e-01
8.442062139511108398e-01
7.972623109817504883e-01
5.114029049873352051e-01
8.811135292053222656e-01
9.503756761550903320e-01
2.297232858836650848e-02
4.350170865654945374e-02
8.107814192771911621e-02
5.010361671447753906e-01
2.933940291404724121e-01
6.843925267457962036e-02
6.642525643110275269e-02
2.481016814708709717e-01
9.964965581893920898e-01
3.040651559829711914e+00
0.000000000000000000e+00
1.952404737472534180e+00
1.865449905395507812e+00
8.874578773975372314e-02
3.970155119895935059e-01
7.617986202239990234e-02
2.219853550195693970e-02
2.926246821880340576e-01
1.219243034720420837e-01
9.110260754823684692e-02
0.000000000000000000e+00
9.723297506570816040e-02
1.738653659820556641e+00
1.479605287313461304e-01
4.888160824775695801e-01
1.264662444591522217e-01
6.782534718513488770e-01
8.423441648483276367e-02
2.175908386707305908e-01
7.386066019535064697e-02
2.155474871397018433e-01
2.472423575818538666e-02
1.149187833070755005e-01
1.201974868774414062e+00
4.004529491066932678e-02
8.649745583534240723e-02
1.202831640839576721e-01
1.244107961654663086e+00
7.577728033065795898e-01
5.660452321171760559e-02
8.720908761024475098e-01
1.740715026855468750e+00
4.493448510766029358e-02
2.854664437472820282e-02
2.613979857414960861e-03
1.176889061927795410e+00
4.528252780437469482e-01
0.000000000000000000e+00
6.605192273855209351e-02
2.072263509035110474e-01
0.000000000000000000e+00
8.033141493797302246e-02
3.914903849363327026e-02
7.599905878305435181e-02
4.747806582599878311e-03
1.563364744186401367e+00
0.000000000000000000e+00
1.117502711713314056e-02
9.887249767780303955e-02
4.820225834846496582e-01
5.661286115646362305e-01
3.629374504089355469e-01
3.915901184082031250e-01
1.415300276130437851e-02
1.054267883300781250e-01
3.085256554186344147e-02
7.591578364372253418e-02
0.000000000000000000e+00
8.409385383129119873e-02
3.146004915237426758e+00
1.725024078041315079e-03
4.910030066967010498e-01
0.000000000000000000e+00
2.575086355209350586e-01
9.170761704444885254e-02
2.057015597820281982e-01
3.310151025652885437e-02
3.247926533222198486e-01
1.010785624384880066e-01
1.911649946123361588e-03
0.000000000000000000e+00
0.000000000000000000e+00
1.149723291397094727e+00
4.720286466181278229e-03
1.250606179237365723e-01
5.469069480895996094e-01
9.076776355504989624e-02
2.000291794538497925e-01
1.677978783845901489e-02
5.801662057638168335e-02
1.014386415481567383e+00
5.707046762108802795e-02
1.257235050201416016e+00
8.125282824039459229e-03
4.762510061264038086e-01
1.296169939450919628e-04
3.255143761634826660e-02
4.071033954620361328e+00
1.363788366317749023e+00
4.130063354969024658e-01
4.072737395763397217e-01
1.421329528093338013e-01
1.813422329723834991e-02
9.961853921413421631e-02
5.620028972625732422e-01
8.502098172903060913e-02
0.000000000000000000e+00
2.016450911760330200e-01
2.341334149241447449e-02
1.847991347312927246e-01
1.990414381027221680e+00
5.586757659912109375e-01
1.121854293160140514e-03
7.896437495946884155e-02
8.954439759254455566e-01
0.000000000000000000e+00
3.183819949626922607e-01
1.363777041435241699e+00
5.446610450744628906e-01
3.595542013645172119e-01
1.777954697608947754e+00
2.390389740467071533e-01
5.249697342514991760e-02
1.386458985507488251e-02
3.293961985036730766e-03
5.201008636504411697e-03
3.560868203639984131e-01
6.266411542892456055e-01
7.210907936096191406e-01
5.866498947143554688e-01
1.202120259404182434e-01
1.216921806335449219e+00
0.000000000000000000e+00
6.108137965202331543e-02
4.847756326198577881e-01
3.426686674356460571e-02
0.000000000000000000e+00
1.178933754563331604e-01
2.561589702963829041e-02
2.304490655660629272e-03
1.347619771957397461e+00
1.353389501571655273e+00
1.591114103794097900e-01
2.331053614616394043e-01
6.024798750877380371e-01
0.000000000000000000e+00
1.950883030891418457e+00
2.447960674762725830e-01
1.436555624008178711e+00
6.747724115848541260e-02
4.998846910893917084e-03
4.934924072585999966e-04
8.747263252735137939e-02
4.402117133140563965e-01
6.656350195407867432e-02
1.758076064288616180e-02
3.966180384159088135e-01
0.000000000000000000e+00
6.043287515640258789e-01
2.120494991540908813e-01
4.361061006784439087e-02
0.000000000000000000e+00
6.770296394824981689e-02
3.163938820362091064e-01
1.583264023065567017e-01
7.197248339653015137e-01
9.585486352443695068e-02
4.271761178970336914e-01
1.414249241352081299e-01
4.467094242572784424e-01
0.000000000000000000e+00
5.766955614089965820e-01
1.663953781127929688e+00
0.000000000000000000e+00
2.148817628622055054e-01
3.653982579708099365e-01
1.416161376982927322e-02
3.713959157466888428e-01
4.700312316417694092e-01
2.564985752105712891e-01
5.606833696365356445e-01
2.744488418102264404e-01
4.276940524578094482e-01
5.982935428619384766e-01
5.876417458057403564e-02
2.880010306835174561e-01
4.149265214800834656e-02
1.329535897821187973e-02
8.410637825727462769e-02
0.000000000000000000e+00
2.831197082996368408e-01
3.199856281280517578e-01
1.208551049232482910e+00
2.559643685817718506e-01
2.599184215068817139e-01
2.286203089170157909e-04
9.279482811689376831e-02
3.990078717470169067e-02
7.001490592956542969e-01
2.544148862361907959e-01
6.880452632904052734e-01
2.745142877101898193e-01
1.292315006256103516e+00
1.337228715419769287e-01
4.519912600517272949e-01
1.253896504640579224e-01
5.020446777343750000e-01
4.456557929515838623e-01
1.704064249992370605e+00
1.207430288195610046e-01
2.897105924785137177e-02
2.874136529862880707e-02
2.294689044356346130e-02
3.230901956558227539e-01
1.039407104253768921e-01
9.883887320756912231e-02
4.838467538356781006e-01
3.221983788534998894e-03
5.233981609344482422e-01
8.528444916009902954e-02
9.465521574020385742e-02
3.888707160949707031e-01
1.070284008979797363e+00
4.159555137157440186e-01
5.854757875204086304e-02
7.133707404136657715e-01
0.000000000000000000e+00
1.314095258712768555e-01
1.154642701148986816e+00
6.634314358234405518e-02
1.276132464408874512e-01
0.000000000000000000e+00
0.000000000000000000e+00
6.362245082855224609e-01
1.605485200881958008e+00
3.413093388080596924e-01
2.250210344791412354e-01
4.680135250091552734e-01
6.793253868818283081e-02
4.294820129871368408e-03
4.507521167397499084e-02
1.311463713645935059e-01
8.224802464246749878e-02
0.000000000000000000e+00
4.212757050991058350e-01
3.004329502582550049e-01
5.410984531044960022e-02
1.735302656888961792e-01
1.520639657974243164e+00
5.130379647016525269e-02
1.492684707045555115e-02
1.136482208967208862e-01
0.000000000000000000e+00
3.073039650917053223e-01
2.627126276493072510e-01
2.174066938459873199e-02
8.499648422002792358e-02
2.759912014007568359e-01
3.720195963978767395e-03
2.281607866287231445e+00
1.218487381935119629e+00
1.029021024703979492e+00
2.528162598609924316e-01
3.125981241464614868e-02
2.516354806721210480e-02
4.644667357206344604e-02
0.000000000000000000e+00
0.000000000000000000e+00
7.295036315917968750e-02
5.907545089721679688e-01
3.347521126270294189e-01
1.859524846076965332e-02
6.686171889305114746e-02
3.205191716551780701e-02
3.183785080909729004e-02
4.934858083724975586e-01
2.253460139036178589e-02
1.839788854122161865e-01
6.037998013198375702e-03
3.100519254803657532e-02
6.154597401618957520e-01
6.266374140977859497e-02
2.750504612922668457e-01
8.248797059059143066e-02
4.410453438758850098e-01
1.019428670406341553e-01
6.353157758712768555e-02
1.004153788089752197e-01
3.404172062873840332e-01
6.710814684629440308e-02
1.321093738079071045e-01
1.740633249282836914e+00
4.934490323066711426e-01
2.458477206528186798e-02
1.757195591926574707e-01
2.782291769981384277e-01
9.702950716018676758e-02
0.000000000000000000e+00
0.000000000000000000e+00
1.837436109781265259e-01
1.524527907371520996e+00
1.432823687791824341e-01
1.237823367118835449e+00
9.226553887128829956e-02
1.976649761199951172e-01
1.484739780426025391e+00
4.253553226590156555e-02
1.777437627315521240e-01
3.309056162834167480e-01
0.000000000000000000e+00
1.377601474523544312e-01
1.865611970424652100e-02
7.069515585899353027e-01
2.464504539966583252e-02
8.303248882293701172e-02
1.285811543464660645e+00
8.005814999341964722e-02
2.890888601541519165e-02
0.000000000000000000e+00
7.768740057945251465e-01
3.242208957672119141e-01
0.000000000000000000e+00
5.723707079887390137e-01
1.832933574914932251e-01
1.013795733451843262e+00
1.960641980171203613e+00
2.089259680360555649e-03
2.316328929737210274e-03
2.420728206634521484e-01
7.179577648639678955e-02
5.819199085235595703e-01
1.914843171834945679e-02
1.619335860013961792e-01
3.054363839328289032e-02
1.133230924606323242e-01
5.006798505783081055e-01
6.571743488311767578e-01
1.362260580062866211e-01
2.955160140991210938e-01
1.053380966186523438e+00
1.325855255126953125e-01
2.195645356550812721e-03
2.260077238082885742e+00
4.860274493694305420e-03
8.219404220581054688e-01
1.659940034151077271e-01
8.760777115821838379e-02
4.594028949737548828e+00
7.668900489807128906e-02
3.549269735813140869e-01
1.216811239719390869e-01
3.555117547512054443e-01
1.352361440658569336e-01
1.755873411893844604e-01
2.006489038467407227e-01
1.397439241409301758e-01
3.571812063455581665e-02
4.745471477508544922e-01
7.870318293571472168e-01
3.893363848328590393e-02
2.737088203430175781e-01
3.549963831901550293e-01
1.342408359050750732e-01
2.889489755034446716e-03
2.804504521191120148e-02
0.000000000000000000e+00
5.290959775447845459e-02
6.662483327090740204e-03
3.926631063222885132e-02
0.000000000000000000e+00
3.447671979665756226e-02
1.039205938577651978e-01
6.750761270523071289e-01
9.251971729099750519e-03
3.846042454242706299e-01
4.638146236538887024e-02
2.161628007888793945e+00
3.449372202157974243e-02
1.182248909026384354e-02
1.085838973522186279e-01
4.330333322286605835e-02
4.389087483286857605e-02
9.246345162391662598e-01
7.170695066452026367e-02
4.514281451702117920e-02
5.171018242835998535e-01
2.365987747907638550e-01
2.482449710369110107e-01
1.141939878463745117e+00
2.569760978221893311e-01
5.796431377530097961e-02
5.220488086342811584e-02
5.621494725346565247e-02
8.410669118165969849e-02
1.809820882044732571e-03
2.998827993869781494e-01
5.246216654777526855e-01
3.665531158447265625e+00
2.553769946098327637e-02
1.468954563140869141e+00
0.000000000000000000e+00
1.477143168449401855e-01
8.047334551811218262e-01
1.396064907312393188e-01
3.787612617015838623e-01
8.214644789695739746e-01
2.255463302135467529e-01
0.000000000000000000e+00
3.287832066416740417e-02
3.900064826011657715e-01
1.585064083337783813e-02
9.382027387619018555e-02
1.225099191069602966e-01
1.209326758980751038e-01
9.397153742611408234e-03
1.057013962417840958e-02
3.501575291156768799e-01
8.449847251176834106e-02
3.051063418388366699e-01
2.716449260711669922e+00
9.149159193038940430e-01
4.675954580307006836e-01
5.410675406455993652e-01
3.887438178062438965e-01
8.281691372394561768e-02
1.788099855184555054e-02
2.839748859405517578e+00
9.553710818290710449e-01
1.384864300489425659e-01
4.443461447954177856e-02
2.843772061169147491e-02
7.187473773956298828e-02
4.683516025543212891e-01
1.812070608139038086e-01
9.090894460678100586e-02
1.921997517347335815e-01
2.934856116771697998e-01
2.592051625251770020e-01
1.016146242618560791e-01
1.148614212870597839e-01
7.482831180095672607e-02
2.927904725074768066e-01
1.722203642129898071e-01
1.053938865661621094e+00
5.518848448991775513e-02
1.325647115707397461e+00
0.000000000000000000e+00
4.762967675924301147e-02
4.348015412688255310e-02
5.645028874278068542e-02
2.166121825575828552e-02
4.623425379395484924e-02
8.828325569629669189e-02
2.014296333072707057e-04
2.999654039740562439e-02
9.297736883163452148e-01
2.315583080053329468e-02
2.403296977281570435e-01
7.718792557716369629e-02
1.983569264411926270e+00
0.000000000000000000e+00
5.409558489918708801e-02
1.202853098511695862e-01
2.845934927463531494e-01
4.501217007637023926e-01
5.307335257530212402e-01
1.923632472753524780e-01
3.757160622626543045e-03
4.032222926616668701e-01
8.857727050781250000e-02
5.481841564178466797e-01
3.483508825302124023e-01
4.277704954147338867e-01
5.186219811439514160e-01
4.397704601287841797e-01
3.111851215362548828e-01
6.245079040527343750e-01
3.529025614261627197e-01
3.367017507553100586e-01
3.662579655647277832e-01
7.495436072349548340e-02
5.623913407325744629e-01
5.638487935066223145e-01
7.276774048805236816e-01
1.365938425064086914e+00
3.741129338741302490e-01
2.262268811464309692e-01
2.373900562524795532e-01
2.341141849756240845e-01
3.242524564266204834e-01
1.074533239006996155e-01
2.574359066784381866e-02
0.000000000000000000e+00
1.283396005630493164e+00
8.686692118644714355e-01
2.450502395629882812e+00
6.457960605621337891e-01
0.000000000000000000e+00
1.509274721145629883e+00
5.669125318527221680e-01
4.700220748782157898e-02
4.165634745731949806e-04
2.223694920539855957e-01
2.373188138008117676e-01
5.344378948211669922e-01
9.053469449281692505e-02
3.116660118103027344e-01
3.640018701553344727e-01
2.067073583602905273e-01
8.435358107089996338e-02
5.292175412178039551e-01
0.000000000000000000e+00
3.112511038780212402e-01
1.176078692078590393e-01
3.414899855852127075e-02
1.036817073822021484e+00
4.294899463653564453e+00
2.366970106959342957e-02
7.587229460477828979e-02
1.694115549325942993e-01
4.901062250137329102e-01
1.778296381235122681e-01
1.628643125295639038e-01
2.796122431755065918e-01
0.000000000000000000e+00
4.969049245119094849e-03
2.234410261735320091e-03
2.284134030342102051e-01
4.458478093147277832e-02
6.019527912139892578e-01
4.081329330801963806e-03
1.236710622906684875e-01
8.015985786914825439e-02
0.000000000000000000e+00
3.927104175090789795e-03
4.043178260326385498e-01
2.486662149429321289e+00
6.564888358116149902e-02
4.218076467514038086e-01
0.000000000000000000e+00
8.026334047317504883e-01
9.152889251708984375e-02
3.687744855880737305e+00
6.552001833915710449e-01
9.702321887016296387e-01
1.541954278945922852e-01
2.397902756929397583e-01
1.645294129848480225e-01
7.206435203552246094e-01
0.000000000000000000e+00
0.000000000000000000e+00
2.930358946323394775e-01
6.879625916481018066e-01
2.773005247116088867e+00
2.629915997385978699e-02
2.191739827394485474e-01
1.216472126543521881e-02
2.436273992061614990e-01
2.209959626197814941e-01
5.087450612336397171e-03
7.066025733947753906e-01
3.415441215038299561e-01
3.350074961781501770e-02
1.872854866087436676e-02
1.053732540458440781e-02
7.489591091871261597e-02
6.030352115631103516e-01
5.944343805313110352e-01
2.361128292977809906e-02
1.960144490003585815e-01
4.960035979747772217e-01
8.228103816509246826e-02
3.948814049363136292e-02
7.780954837799072266e-01
2.433286011219024658e-01
9.399020671844482422e-02
7.384148240089416504e-01
9.744221717119216919e-02
4.415767788887023926e-01
1.184940040111541748e-01
2.655366063117980957e-02
1.085194572806358337e-01
1.861113011837005615e-01
3.140380140393972397e-03
5.126512609422206879e-03
1.432142686098814011e-02
6.475716084241867065e-02
0.000000000000000000e+00
2.215011417865753174e-01
3.482775390148162842e-01
5.390115827322006226e-02
7.641347646713256836e-01
1.970191448926925659e-01
1.056192666292190552e-01
3.252852335572242737e-02
1.064386844635009766e+00
0.000000000000000000e+00
4.138322919607162476e-02
3.928974568843841553e-01
0.000000000000000000e+00
0.000000000000000000e+00
7.988232970237731934e-01
0.000000000000000000e+00
7.691465020179748535e-01
1.966606650967150927e-04
0.000000000000000000e+00
7.794034481048583984e-02
7.160063087940216064e-02
1.940568387508392334e-01
0.000000000000000000e+00
1.058259844779968262e+00
2.057782933115959167e-02
1.303977966308593750e-01
1.066614985466003418e-01
8.928830921649932861e-02
1.871397972106933594e+00
1.429790556430816650e-01
1.339553594589233398e-01
2.694338932633399963e-02
4.472910612821578979e-02
0.000000000000000000e+00
0.000000000000000000e+00
1.664319820702075958e-02
1.560145523399114609e-02
4.394413828849792480e-01
4.644611477851867676e-02
6.403943151235580444e-02
2.998412400484085083e-02
1.073650717735290527e+00
5.491125583648681641e-01
1.802689284086227417e-01
5.764766829088330269e-04
3.557027503848075867e-02
1.656292192637920380e-02
3.758347928524017334e-01
1.110701203346252441e+00
1.108812019228935242e-01
4.893440306186676025e-01
1.422510296106338501e-01
4.129889607429504395e-02
1.458894491195678711e+00
6.032291799783706665e-02
3.632120490074157715e-01
5.323853716254234314e-02
0.000000000000000000e+00
1.007155776023864746e-01
1.162255883216857910e+00
9.952495098114013672e-01
0.000000000000000000e+00
1.074677482247352600e-01
6.183926463127136230e-01
1.163779616355895996e+00
9.921601414680480957e-02
5.920057184994220734e-03
0.000000000000000000e+00
3.381461203098297119e-01
1.033510923385620117e+00
3.215758204460144043e-01
0.000000000000000000e+00
2.058298289775848389e-01
2.850222587585449219e-02
1.289298571646213531e-02
0.000000000000000000e+00
2.924230396747589111e-01
9.262891411781311035e-01
4.476779997348785400e-01
1.489557474851608276e-01
2.955964803695678711e-01
3.934587875846773386e-04
2.121955901384353638e-01
6.845950335264205933e-02
1.301064968109130859e+00
1.582544893026351929e-01
0.000000000000000000e+00
1.778064221143722534e-01
2.237284369766712189e-02
3.684369623661041260e-01
1.345575787127017975e-02
1.704412341117858887e+00
1.980315744876861572e-01
3.721892833709716797e-01
1.681489199399948120e-01
0.000000000000000000e+00
1.708823680877685547e+00
1.013382822275161743e-01
1.141813993453979492e-01
1.042670249938964844e+00
1.774862766265869141e+00
1.217630624771118164e+00
1.709232479333877563e-02
2.664028167724609375e+00
9.406440076418220997e-04
5.372978746891021729e-02
3.171485066413879395e-01
4.552712198346853256e-03
4.665730595588684082e-01
2.976881563663482666e-01
1.434872388839721680e+00
4.981355369091033936e-02
3.663759678602218628e-02
1.579156160354614258e+00
5.558396503329277039e-02
2.375161461532115936e-02
2.858068943023681641e-01
6.340988874435424805e-01
0.000000000000000000e+00
7.218543887138366699e-01
4.859687685966491699e-01
5.164934322237968445e-02
2.378156632184982300e-01
0.000000000000000000e+00
8.883990347385406494e-02
6.486755609512329102e-02
1.666723042726516724e-01
1.411388665437698364e-01
7.328225765377283096e-03
1.265041232109069824e-01
4.164020121097564697e-01
1.310383081436157227e-01
8.637278676033020020e-01
1.137265563011169434e+00
1.939930021762847900e-01
0.000000000000000000e+00
2.435314655303955078e-01
2.451113909482955933e-01
6.763684153556823730e-01
2.113828808069229126e-01
1.446448080241680145e-02
3.056017160415649414e-01
6.229923367500305176e-01
5.096611380577087402e-01
4.124369472265243530e-02
1.730986237525939941e-01
6.389130651950836182e-02
2.962081432342529297e-01
1.348031282424926758e+00
5.185304284095764160e-01
1.587984561920166016e-01
1.399530097842216492e-02
5.687892436981201172e-01
6.025326438248157501e-03
8.535665273666381836e-02
2.455117404460906982e-01
3.088658675551414490e-02
1.690211147069931030e-01
6.743782013654708862e-02
0.000000000000000000e+00
3.819076344370841980e-02
1.327551901340484619e-01
6.126275286078453064e-02
0.000000000000000000e+00
1.871402002871036530e-02
2.380629777908325195e-01
5.116772055625915527e-01
7.740631699562072754e-02
4.688282310962677002e-01
6.202100217342376709e-02
9.512712806463241577e-02
6.613967418670654297e-01
8.414567448198795319e-03
4.941366147249937057e-03
5.838124155998229980e-01
2.176378250122070312e+00
0.000000000000000000e+00
1.116990745067596436e-01
9.742428362369537354e-02
5.055917501449584961e-01
6.979417800903320312e-02
3.600741922855377197e-01
7.866697758436203003e-02
0.000000000000000000e+00
1.188825890421867371e-01
1.661664396524429321e-01
1.035827636718750000e+00
2.070556133985519409e-01
5.774805545806884766e-01
7.627885043621063232e-02
9.227071404457092285e-01
1.231904625892639160e-01
3.316991031169891357e-01
4.453359637409448624e-03
8.999613672494888306e-02
1.751307584345340729e-02
4.459309577941894531e-01
3.314332365989685059e-01
7.428903877735137939e-02
1.494998186826705933e-01
3.626936972141265869e-01
9.045568704605102539e-01
4.236210286617279053e-01
4.493337869644165039e-01
3.918616101145744324e-03
5.631245970726013184e-01
3.921567201614379883e-01
2.367414981126785278e-01
6.753966808319091797e-01
1.438866257667541504e-01
1.320433169603347778e-01
7.570821046829223633e-01
6.569291651248931885e-02
0.000000000000000000e+00
5.623518675565719604e-02
1.825197190046310425e-01
4.711142182350158691e-01
0.000000000000000000e+00
5.775531381368637085e-02
3.292126655578613281e-01
0.000000000000000000e+00
4.450628757476806641e-01
3.812893480062484741e-02
1.552915424108505249e-01
2.896063625812530518e-01
3.102951049804687500e-01
3.500731289386749268e-01
8.379747718572616577e-02
7.252334356307983398e-01
4.837089180946350098e-01
2.308713831007480621e-02
2.311453968286514282e-01
3.466879576444625854e-02
1.486843705177307129e+00
6.206013560295104980e-01
2.945414185523986816e-01
3.488599061965942383e-01
6.868491172790527344e-01
0.000000000000000000e+00
3.604052066802978516e-01
2.102383971214294434e-01
4.047502875328063965e-01
2.264072895050048828e-01
1.311468482017517090e-01
2.392876893281936646e-02
3.428047597408294678e-01
3.077649176120758057e-01
1.264519151300191879e-02
1.162231042981147766e-01
3.687450885772705078e+00
2.191556096076965332e-01
1.768620908260345459e-01
5.411368608474731445e-01
4.626809060573577881e-01
2.903091013431549072e-01
6.694211363792419434e-01
3.965472280979156494e-01
6.652754265815019608e-03
3.646663576364517212e-02
4.922151099890470505e-03
1.204970926046371460e-01
4.902134090662002563e-02
0.000000000000000000e+00
1.082718893885612488e-01
6.527512073516845703e-01
2.155586183071136475e-01
1.483715623617172241e-01
1.475455164909362793e+00
8.520114235579967499e-03
1.043797731399536133e+00
4.155863076448440552e-02
9.282024693675339222e-04
4.935534596443176270e-01
0.000000000000000000e+00
1.349901664070785046e-03
4.013384580612182617e-01
3.469345271587371826e-01
1.028612256050109863e-01
0.000000000000000000e+00
3.798063695430755615e-01
2.471268415451049805e+00
2.990132384002208710e-02
1.869903564453125000e+00
3.671692684292793274e-02
2.365386724472045898e+00
2.215195447206497192e-01
1.610925793647766113e-01
3.741785138845443726e-02
0.000000000000000000e+00
0.000000000000000000e+00
2.141450643539428711e-01
7.769176959991455078e-01
1.398795962333679199e+00
6.261684745550155640e-02
3.869735896587371826e-01
1.893918588757514954e-02
2.475308895111083984e+00
6.835057139396667480e-01
2.955577373504638672e-01
1.033548712730407715e+00
1.493746340274810791e-01
7.110590338706970215e-01
5.512888431549072266e-01
2.377397008240222931e-02
0.000000000000000000e+00
4.863106645643711090e-03
2.077163904905319214e-01
0.000000000000000000e+00
1.724441170692443848e+00
2.407231628894805908e-01
3.137663304805755615e-01
1.079885810613632202e-01
9.460551291704177856e-02
1.035777013748884201e-02
1.804553866386413574e-01
8.816604614257812500e-01
1.065026819705963135e-01
1.448862906545400620e-02
9.370775520801544189e-02
8.499327898025512695e-01
2.711778879165649414e-01
0.000000000000000000e+00
2.312116473913192749e-01
5.672279000282287598e-02
2.059231996536254883e-01
3.236920535564422607e-01
8.303813338279724121e-01
4.440834224224090576e-01
8.266962133347988129e-03
8.939039893448352814e-03
2.980878353118896484e-01
5.231838822364807129e-01
5.343890786170959473e-01
3.101615048944950104e-02
1.169727444648742676e+00
2.137020826339721680e+00
1.466066986322402954e-01
5.253392457962036133e-01
0.000000000000000000e+00
3.463753759860992432e-01
1.677905201911926270e+00
1.732148379087448120e-01
5.690388381481170654e-02
1.327970743179321289e+00
1.182580888271331787e-01
4.243672788143157959e-01
2.672733664512634277e-01
1.277024149894714355e+00
4.799466207623481750e-02
0.000000000000000000e+00
2.550511853769421577e-03
0.000000000000000000e+00
8.752308040857315063e-02
7.958066463470458984e-02
8.539517968893051147e-02
1.873388439416885376e-01
2.899304330348968506e-01
1.557836830615997314e-01
5.494827032089233398e-02
6.599975377321243286e-02
5.789804458618164062e-01
1.830389857292175293e+00
5.403219461441040039e-01
1.505160778760910034e-01
7.345201820135116577e-02
2.558323740959167480e-01
2.839421629905700684e-01
1.361062079668045044e-01
8.751213550567626953e-02
3.734508514404296875e+00
1.919839978218078613e-01
4.973076879978179932e-01
1.916145831346511841e-01
1.051074147224426270e+00
7.270859088748693466e-03
2.191883772611618042e-01
2.098870754241943359e+00
8.740980923175811768e-02
3.130156517028808594e+00
1.575454622507095337e-01
2.240891335532069206e-04
0.000000000000000000e+00
1.602038145065307617e-01
2.873829007148742676e-01
2.187491804361343384e-01
1.505655702203512192e-02
8.880982641130685806e-04
5.616967007517814636e-02
1.431997213512659073e-02
6.367012262344360352e-01
3.198268711566925049e-01
1.522026360034942627e-01
7.793400883674621582e-01
1.577988862991333008e-01
9.263517260551452637e-01
9.278120994567871094e-01
2.030607223510742188e+00
0.000000000000000000e+00
0.000000000000000000e+00
1.130935192108154297e+00
5.477883219718933105e-01
2.070270478725433350e-01
3.049124777317047119e-01
4.053836464881896973e-01
3.479841649532318115e-01
7.607115805149078369e-02
3.723669946193695068e-01
6.987639665603637695e-01
0.000000000000000000e+00
0.000000000000000000e+00
2.363405376672744751e-01
7.340046763420104980e-01
1.311689168214797974e-01
4.117019847035408020e-02
6.112219765782356262e-02
5.445185303688049316e-02
3.780189156532287598e-01
1.365601718425750732e-01
1.304363310337066650e-01
3.314177095890045166e-01
2.710601389408111572e-01
1.127417922019958496e+00
5.583986639976501465e-02
2.790656387805938721e-01
6.953940987586975098e-01
4.727628529071807861e-01
1.207135677337646484e+00
4.617301747202873230e-02
0.000000000000000000e+00
6.441558599472045898e-01
4.228138551115989685e-02
7.556945085525512695e-01
4.837306588888168335e-02
1.009865198284387589e-02
6.520373821258544922e-01
3.914296254515647888e-02
1.878676563501358032e-01
1.345913112163543701e-01
1.597161442041397095e-01
6.538663525134325027e-03
6.208944320678710938e-01
7.459015846252441406e-01
4.927878268063068390e-03
8.399508148431777954e-02
1.458202139474451542e-03
2.548708319664001465e-01
1.011948108673095703e+00
3.090660810470581055e+00
3.443590179085731506e-02
2.763616144657135010e-01
3.032273054122924805e+00
5.937943235039710999e-02
1.699837088584899902e+00
3.380759060382843018e-02
4.125214517116546631e-01
7.684908509254455566e-01
0.000000000000000000e+00
7.272142916917800903e-02
0.000000000000000000e+00
3.114924952387809753e-02
2.191833555698394775e-01
6.076617240905761719e-01
2.061805874109268188e-01
5.792416930198669434e-01
0.000000000000000000e+00
8.441483229398727417e-02
2.542925775051116943e-01
4.363396763801574707e-02
3.556285500526428223e-01
2.459166347980499268e-01
1.863267123699188232e-01
2.300591766834259033e-01
1.727289706468582153e-01
3.471118509769439697e-01
2.931773960590362549e-01
5.692688375711441040e-02
5.113603472709655762e-01
6.012667417526245117e-01
6.937520503997802734e-01
2.867840044200420380e-02
3.537151813507080078e-01
2.017577409744262695e+00
2.897406220436096191e-01
2.043633311986923218e-01
2.072755396366119385e-01
1.954704523086547852e-01
4.968008026480674744e-03
3.576790913939476013e-02
6.056638807058334351e-02
0.000000000000000000e+00
9.885421395301818848e-02
9.192572534084320068e-02
6.570250988006591797e-01
1.377357482910156250e+00
2.576331198215484619e-01
2.415731176733970642e-02
1.783006638288497925e-02
2.313847094774246216e-01
1.779033802449703217e-03
2.131751775741577148e-01
1.821493357419967651e-01
3.729425668716430664e-01
