1.097287386655807495e-01
7.640591263771057129e-02
0.000000000000000000e+00
1.178408861160278320e+00
5.031092464923858643e-02
1.342061281204223633e+00
1.094035729765892029e-01
1.492401808500289917e-01
3.664680123329162598e-01
1.197974205017089844e+00
1.512015610933303833e-01
3.821122050285339355e-01
4.224882274866104126e-02
7.347593456506729126e-02
2.538622617721557617e-01
1.598911173641681671e-02
6.977100856602191925e-04
1.304414749145507812e+00
3.544530570507049561e-01
6.084963083267211914e-01
5.985133647918701172e-01
5.297015979886054993e-02
1.164019852876663208e-02
2.908831238746643066e-01
1.416986286640167236e-01
5.783772468566894531e-01
6.808672565966844559e-03
9.495427459478378296e-02
0.000000000000000000e+00
1.266999635845422745e-02
1.483221799135208130e-01
2.377814054489135742e-01
4.135822057723999023e-01
2.898572683334350586e-01
7.421411573886871338e-02
8.771923780441284180e-01
0.000000000000000000e+00
1.337366580963134766e+00
1.280931383371353149e-01
2.545257806777954102e-01
3.567469418048858643e-01
1.458985507488250732e-01
2.569235563278198242e-01
8.981310725212097168e-01
8.526572957634925842e-03
0.000000000000000000e+00
3.648026883602142334e-01
1.697308123111724854e-01
0.000000000000000000e+00
7.654255628585815430e-02
9.788090735673904419e-02
6.142387539148330688e-02
0.000000000000000000e+00
5.755516290664672852e-01
3.608400523662567139e-01
1.944543421268463135e-01
1.956992000341415405e-01
4.913795590400695801e-01
0.000000000000000000e+00
0.000000000000000000e+00
7.580350041389465332e-01
7.931843400001525879e-02
4.528429210186004639e-01
7.880985736846923828e-02
1.428879238665103912e-02
3.897950053215026855e-01
6.581586599349975586e-01
3.135673701763153076e-01
2.263582795858383179e-01
1.532254964113235474e-01
1.931938342750072479e-02
6.934834122657775879e-01
2.587707638740539551e-01
3.157790303230285645e-01
3.402025997638702393e-01
2.265967875719070435e-01
2.061496973037719727e-01
6.898381710052490234e-01
6.056814640760421753e-02
2.583871595561504364e-02
3.401946127414703369e-01
4.712164103984832764e-01
7.616487145423889160e-02
5.696154758334159851e-02
6.096146106719970703e-01
0.000000000000000000e+00
7.948063611984252930e-01
0.000000000000000000e+00
7.133926749229431152e-01
3.390758931636810303e-01
9.283583611249923706e-02
7.243235111236572266e-01
0.000000000000000000e+00
6.672058254480361938e-02
1.844415068626403809e-01
3.050458431243896484e-01
9.010178595781326294e-02
2.708357870578765869e-01
1.820151805877685547e-01
1.409282326698303223e+00
0.000000000000000000e+00
1.707400083541870117e-01
7.659273147583007812e-01
4.302236080169677734e+00
3.979690968990325928e-01
7.561352252960205078e-01
2.882750034332275391e-01
1.118358224630355835e-01
7.452157884836196899e-02
4.675360023975372314e-01
6.666620820760726929e-02
6.664101481437683105e-01
5.893537402153015137e-01
1.546124219894409180e-01
5.190324783325195312e-01
7.096202671527862549e-02
2.848918437957763672e-01
2.669332921504974365e-01
5.969173908233642578e-01
4.465641975402832031e+00
1.149411424994468689e-01
5.271868705749511719e-01
1.915823519229888916e-01
1.927543133497238159e-01
4.481805801391601562e+00
0.000000000000000000e+00
1.319765895605087280e-01
2.502115815877914429e-02
1.309434697031974792e-02
4.192867875099182129e-02
5.828756093978881836e-01
2.869726419448852539e-01
0.000000000000000000e+00
4.559352621436119080e-02
4.106625914573669434e-02
1.635952740907669067e-01
5.642867460846900940e-02
7.102063894271850586e-01
3.309916973114013672e+00
3.349168598651885986e-01
5.115553736686706543e-02
4.214171171188354492e-01
6.914668083190917969e-01
2.881122231483459473e-01
1.407204717397689819e-01
1.633159667253494263e-01
5.823683738708496094e-01
1.404479891061782837e-01
2.861130833625793457e-01
8.129447698593139648e-02
6.007664799690246582e-01
3.002072125673294067e-02
7.039232850074768066e-01
3.743879795074462891e-01
7.351834774017333984e-01
1.141805350780487061e-01
3.006608188152313232e-01
2.019138447940349579e-02
9.027527645230293274e-03
1.081051155924797058e-01
7.739077210426330566e-01
7.697461545467376709e-02
3.541110828518867493e-02
3.480977192521095276e-02
1.209199652075767517e-01
7.800345420837402344e-01
5.800724029541015625e-03
5.655008554458618164e-02
3.713831901550292969e-01
1.888523846864700317e-01
3.979257941246032715e-01
3.075589239597320557e-01
1.412775754928588867e+00
3.971409797668457031e-02
4.257666319608688354e-02
8.409741334617137909e-03
0.000000000000000000e+00
9.924654364585876465e-01
2.067546844482421875e-01
1.353515625000000000e+00
2.505799233913421631e-01
0.000000000000000000e+00
1.315437793731689453e+00
1.056960940361022949e+00
3.227379322052001953e-01
4.474362730979919434e-01
2.054175287485122681e-01
3.267482817173004150e-01
6.035525798797607422e-01
2.399383811280131340e-03
4.431970790028572083e-02
1.589629650115966797e-01
7.509126514196395874e-02
0.000000000000000000e+00
0.000000000000000000e+00
4.846694692969322205e-02
1.038008689880371094e+00
8.075999617576599121e-01
8.504658937454223633e-03
7.182965874671936035e-01
3.031975328922271729e-01
3.910889029502868652e-01
7.374358177185058594e-02
2.652193047106266022e-02
5.033400654792785645e-02
7.995764911174774170e-02
2.607433795928955078e-01
4.269978404045104980e-01
0.000000000000000000e+00
1.078889295458793640e-01
2.828941047191619873e-01
8.842083811759948730e-01
6.367883086204528809e-02
4.129891395568847656e-01
8.728405088186264038e-02
1.285973340272903442e-01
0.000000000000000000e+00
2.258619308471679688e+00
8.229034021496772766e-03
1.736780703067779541e-01
1.997327804565429688e-02
2.107665538787841797e-01
7.387820482254028320e-01
6.023144125938415527e-01
2.530162455514073372e-03
9.296594858169555664e-01
3.843226656317710876e-02
3.213034868240356445e-01
4.502138793468475342e-01
3.344116508960723877e-01
2.863008063286542892e-03
1.271792948246002197e-01
2.268628597259521484e+00
1.770784892141819000e-02
2.604301571846008301e-01
2.262168079614639282e-01
7.515738159418106079e-02
1.162470459938049316e+00
0.000000000000000000e+00
1.110116541385650635e-01
2.256750129163265228e-02
5.941833928227424622e-02
1.034348160028457642e-01
2.273093312978744507e-01
2.957982383668422699e-02
1.270064562559127808e-01
0.000000000000000000e+00
4.945287108421325684e-01
1.808496192097663879e-03
4.900804162025451660e-01
6.655478850007057190e-03
3.535055816173553467e-01
8.658487200736999512e-01
1.056813914328813553e-02
4.617518186569213867e-01
1.611018478870391846e-01
3.229794800281524658e-01
8.021182566881179810e-02
0.000000000000000000e+00
9.791579246520996094e-01
9.901295304298400879e-01
6.877027153968811035e-01
1.206672668457031250e+00
9.232474118471145630e-02
2.632849104702472687e-02
0.000000000000000000e+00
4.419400691986083984e-01
1.594992354512214661e-02
8.324968814849853516e-02
1.101392149925231934e+00
9.215497225522994995e-02
4.041368067264556885e-01
1.768392026424407959e-01
1.597694754600524902e-01
6.508523821830749512e-01
1.532560706138610840e+00
2.233298540115356445e+00
3.980655670166015625e-01
7.164405584335327148e-01
9.124625474214553833e-02
4.239481985569000244e-01
1.201579719781875610e-02
4.451884701848030090e-02
3.755136728286743164e-01
3.305423736572265625e+00
6.205520778894424438e-02
1.692333817481994629e-02
1.655216664075851440e-01
4.083162546157836914e-01
2.955271005630493164e-01
8.953219652175903320e-02
1.420384794473648071e-01
8.818426728248596191e-02
0.000000000000000000e+00
1.691663861274719238e-01
4.475363194942474365e-01
1.164861861616373062e-02
2.735775411128997803e-01
1.479265451431274414e+00
0.000000000000000000e+00
5.204181745648384094e-02
1.152494400739669800e-01
4.170763492584228516e-01
6.330068111419677734e-01
1.978584006428718567e-02
5.052441954612731934e-01
4.357931911945343018e-01
2.745173275470733643e-01
7.765994668006896973e-01
1.814574450254440308e-01
1.079116225242614746e+00
4.613000452518463135e-01
1.157763600349426270e+00
3.556247353553771973e-01
6.616945266723632812e-01
6.812912821769714355e-01
1.472497358918190002e-02
1.429651826620101929e-01
2.391165588051080704e-03
4.647993445396423340e-01
1.208124384284019470e-01
1.989032030105590820e-01
7.344727516174316406e-01
7.593408823013305664e-01
2.405156940221786499e-02
3.873059749603271484e-01
5.005397796630859375e-01
3.692751526832580566e-01
3.329781815409660339e-02
4.345899224281311035e-01
1.044123545289039612e-01
4.335414767265319824e-01
6.806228309869766235e-02
1.517061889171600342e-01
1.305932760238647461e+00
6.345376372337341309e-02
1.529582682996988297e-02
2.724018879234790802e-02
3.081516548991203308e-02
5.778956413269042969e-01
0.000000000000000000e+00
8.493632823228836060e-02
1.103488951921463013e-01
3.119769990444183350e-01
4.100276622921228409e-03
5.923197865486145020e-01
6.628502905368804932e-02
2.929303944110870361e-01
2.221489995718002319e-01
1.565810441970825195e-01
8.859586715698242188e-01
4.298872500658035278e-02
1.196416378021240234e+00
3.843289911746978760e-01
2.395789027214050293e-01
1.804420351982116699e-01
1.662767827510833740e-01
3.034356534481048584e-01
0.000000000000000000e+00
6.935108900070190430e-01
2.426365464925765991e-01
1.132635995745658875e-01
1.113485693931579590e-01
3.943387269973754883e-01
2.921424619853496552e-02
1.523214131593704224e-01
3.244001865386962891e-01
1.037820130586624146e-01
0.000000000000000000e+00
2.492913752794265747e-01
0.000000000000000000e+00
5.402219891548156738e-01
2.402924448251724243e-01
1.639684885740280151e-01
6.966420412063598633e-01
5.978808924555778503e-02
1.141536086797714233e-01
2.286517620086669922e-02
5.863270759582519531e-01
2.553151845932006836e-01
5.498500347137451172e+00
3.777455389499664307e-01
4.059535861015319824e-01
8.146938681602478027e-01
1.557864993810653687e-01
0.000000000000000000e+00
6.240259855985641479e-02
1.160675585269927979e-01
5.331932101398706436e-03
5.141239166259765625e-01
2.695874571800231934e-01
4.382151365280151367e-01
2.847828865051269531e-01
2.112955302000045776e-01
2.560045421123504639e-01
4.281823933124542236e-01
2.217394486069679260e-02
1.929240375757217407e-01
1.962624788284301758e-01
3.993766847997903824e-03
3.173113465309143066e-01
8.256064355373382568e-02
0.000000000000000000e+00
4.127830862998962402e-01
3.247109651565551758e-01
6.430674344301223755e-02
2.773333191871643066e-01
7.577129006385803223e-01
7.078526616096496582e-01
1.750494837760925293e-01
2.533184289932250977e-01
3.790386766195297241e-02
2.626366019248962402e-01
1.889271885156631470e-01
5.879349708557128906e-01
1.460945159196853638e-01
2.883706688880920410e-01
9.169685840606689453e-02
5.602739378809928894e-02
9.559304118156433105e-01
0.000000000000000000e+00
2.344470500946044922e+00
2.514607906341552734e-01
0.000000000000000000e+00
6.313100457191467285e-01
1.810239255428314209e-01
2.371800690889358521e-01
2.754308879375457764e-01
0.000000000000000000e+00
6.526137888431549072e-02
3.426795601844787598e-01
0.000000000000000000e+00
6.908164620399475098e-01
2.932306826114654541e-01
1.723380982875823975e-01
2.131060063838958740e-01
2.292821407318115234e-01
3.869745135307312012e-02
9.245990216732025146e-02
6.100753694772720337e-02
0.000000000000000000e+00
0.000000000000000000e+00
2.294454127550125122e-01
2.584857642650604248e-01
1.625849492847919464e-02
1.309408713132143021e-02
1.190871968865394592e-01
1.198893133550882339e-02
0.000000000000000000e+00
1.269320100545883179e-01
1.708238124847412109e-01
7.554466724395751953e-01
2.086835950613021851e-01
6.989824771881103516e-02
1.127376481890678406e-01
1.359938532114028931e-01
8.420714735984802246e-02
2.358556747436523438e+00
1.326245188713073730e+00
5.751638114452362061e-02
1.885331422090530396e-02
8.998171687126159668e-01
3.384921848773956299e-01
6.176780462265014648e-01
0.000000000000000000e+00
9.190414100885391235e-02
0.000000000000000000e+00
4.338634312152862549e-01
9.739193320274353027e-02
1.830008178949356079e-01
1.041077598929405212e-01
7.602254748344421387e-01
2.444306850433349609e+00
2.433458417654037476e-01
8.585269749164581299e-02
2.632729709148406982e-01
1.669818311929702759e-01
2.837268635630607605e-02
6.427573561668395996e-01
5.047132447361946106e-02
2.981936335563659668e-01
1.420950740575790405e-01
4.648387804627418518e-02
1.022818908095359802e-01
4.909196376800537109e+00
1.556171625852584839e-01
8.370973914861679077e-02
3.754123747348785400e-01
9.179025888442993164e-02
1.660804077982902527e-02
1.557815432548522949e+00
3.039307594299316406e-01
0.000000000000000000e+00
1.051386520266532898e-01
1.080353856086730957e+00
0.000000000000000000e+00
2.113325119018554688e+00
8.083330988883972168e-01
2.706966400146484375e-01
1.196389913558959961e+00
2.248895354568958282e-02
2.473912667483091354e-03
6.952264904975891113e-01
1.293451786041259766e+00
1.783556193113327026e-01
3.375702202320098877e-01
9.639107584953308105e-01
1.475037820637226105e-02
1.990707397460937500e+00
4.376405477523803711e-02
3.600714802742004395e-01
2.090415716171264648e+00
3.674476742744445801e-01
9.072342887520790100e-03
5.748573541641235352e-01
1.178176924586296082e-01
3.707800388336181641e+00
1.083431363105773926e+00
1.832564949989318848e+00
3.514226526021957397e-03
2.684441804885864258e-01
1.538820266723632812e+00
8.800041675567626953e-01
7.107114195823669434e-01
0.000000000000000000e+00
2.035726547241210938e+00
3.711873590946197510e-01
2.045903168618679047e-02
6.524863187223672867e-03
5.786864459514617920e-02
2.216495946049690247e-02
3.411329686641693115e-01
4.390214443206787109e+00
6.936781108379364014e-02
4.423303157091140747e-02
5.054314136505126953e-01
3.739225491881370544e-02
6.355475783348083496e-01
0.000000000000000000e+00
4.255764007568359375e+00
9.882010817527770996e-01
4.511845298111438751e-03
2.152258343994617462e-02
2.731176614761352539e-01
5.377952456474304199e-01
1.008559484034776688e-02
3.661174535751342773e+00
9.429940581321716309e-02
3.277143836021423340e-02
7.483906298875808716e-02
4.459655657410621643e-02
8.115141838788986206e-02
1.782758682966232300e-01
1.729385741055011749e-02
3.944774158298969269e-03
3.562806546688079834e-01
8.492367863655090332e-01
2.275577783584594727e-01
4.598847329616546631e-01
8.936227299273014069e-03
1.804440617561340332e-01
0.000000000000000000e+00
2.844543159008026123e-01
1.281572133302688599e-01
0.000000000000000000e+00
1.279249638319015503e-01
7.270022481679916382e-02
4.192539453506469727e-01
1.405730657279491425e-02
1.550319552421569824e+00
3.771857358515262604e-03
5.719898939132690430e-01
8.487374335527420044e-02
3.843647837638854980e-01
7.160428166389465332e-01
3.430007696151733398e-01
1.164669869467616081e-03
1.518317461013793945e-01
7.557948231697082520e-01
7.372348010540008545e-02
1.107787489891052246e+00
6.365770846605300903e-02
5.275092646479606628e-02
3.381510376930236816e-01
1.619327068328857422e-01
1.384871840476989746e+00
6.625312566757202148e-01
1.415272802114486694e-01
2.159275293350219727e+00
3.137411549687385559e-02
9.209161996841430664e-02
1.007455348968505859e+00
6.307891011238098145e-02
8.823039382696151733e-02
3.457484245300292969e-01
5.856976509094238281e-01
1.086970090866088867e+00
2.061439752578735352e-01
1.759774535894393921e-01
6.979693472385406494e-02
1.668947458267211914e+00
3.032865822315216064e-01
8.998331031762063503e-04
2.659634351730346680e+00
5.542614459991455078e-01
0.000000000000000000e+00
9.525633603334426880e-02
5.570441018790006638e-03
5.159034729003906250e-01
1.899255514144897461e-01
6.547772884368896484e-01
2.055813968181610107e-01
4.939042404294013977e-02
1.960461437702178955e-01
1.914000958204269409e-01
1.747247934341430664e+00
4.231353104114532471e-02
2.235421538352966309e-01
4.245322942733764648e-01
2.280225511640310287e-03
1.468969821929931641e+00
2.149886935949325562e-01
2.179355127736926079e-03
1.892674207687377930e+00
9.251273274421691895e-01
4.919375106692314148e-02
1.935591846704483032e-01
4.238462448120117188e-02
7.820821553468704224e-02
4.628754779696464539e-02
4.897518455982208252e-01
4.615729451179504395e-01
2.774811387062072754e-01
2.536638975143432617e-01
0.000000000000000000e+00
9.770186990499496460e-02
6.890502572059631348e-01
8.638878352940082550e-04
8.178337216377258301e-01
2.280837595462799072e-01
6.705567985773086548e-02
8.619626164436340332e-01
4.994740486145019531e-01
5.282183885574340820e-01
4.182157218456268311e-01
6.115714311599731445e-01
7.796002626419067383e-01
1.711419608909636736e-04
2.281521260738372803e-02
4.766303002834320068e-01
2.215566635131835938e-01
2.816857695579528809e-01
5.055128335952758789e-01
1.773392677307128906e+00
0.000000000000000000e+00
6.911417841911315918e-01
3.804669016972184181e-03
5.965991020202636719e-01
5.470120310783386230e-01
8.500697016716003418e-01
2.543991327285766602e+00
4.915829002857208252e-02
5.400381088256835938e+00
8.939149230718612671e-02
2.758894674479961395e-02
6.555446237325668335e-02
2.930297553539276123e-01
8.471061587333679199e-01
1.310548484325408936e-01
9.313786774873733521e-02
1.778520643711090088e-01
3.418019413948059082e-01
1.279749125242233276e-01
1.639136224985122681e-01
3.113492392003536224e-03
2.234070375561714172e-02
4.302466869354248047e+00
6.635036319494247437e-03
1.271620392799377441e-01
5.808174237608909607e-02
5.104513168334960938e+00
4.108595848083496094e-02
0.000000000000000000e+00
9.325349926948547363e-01
8.270033001899719238e-01
5.321014523506164551e-01
0.000000000000000000e+00
1.073685884475708008e+00
0.000000000000000000e+00
6.136137247085571289e-02
2.031669139862060547e+00
0.000000000000000000e+00
7.202534079551696777e-01
5.219617113471031189e-02
7.218453567475080490e-03
1.028286963701248169e-01
1.700241863727569580e-01
4.254417717456817627e-01
3.049533627927303314e-02
2.570184320211410522e-02
5.045278668403625488e-01
1.521187424659729004e-01
1.430258870124816895e+00
1.914963498711585999e-02
3.845863044261932373e-01
1.212068125605583191e-01
2.575162053108215332e-01
4.636886119842529297e-01
1.479930728673934937e-01
2.279405444860458374e-01
1.051737070083618164e-01
1.702447652816772461e+00
2.417036145925521851e-02
3.392669558525085449e-02
4.984082281589508057e-01
5.823441147804260254e-01
4.262303933501243591e-02
0.000000000000000000e+00
4.351418465375900269e-02
0.000000000000000000e+00
1.931874826550483704e-02
2.831695601344108582e-02
4.295103847980499268e-01
9.010610729455947876e-02
4.729737937450408936e-01
1.610321104526519775e-01
2.356249541044235229e-01
6.152271032333374023e-01
5.567390322685241699e-01
2.139358967542648315e-01
4.210462868213653564e-01
1.664199978113174438e-01
1.891962289810180664e-01
9.856693744659423828e-01
5.385161563754081726e-02
5.472412705421447754e-01
3.658676147460937500e-01
2.219416946172714233e-01
5.952324867248535156e-01
1.693489104509353638e-01
4.403485730290412903e-02
1.441199481487274170e-01
5.277904868125915527e-01
6.224873661994934082e-01
7.154629379510879517e-02
9.922829270362854004e-02
5.248800516128540039e-01
9.586536884307861328e-01
4.756992757320404053e-01
5.932495594024658203e-01
3.225183784961700439e-01
6.934438366442918777e-03
4.187528416514396667e-02
7.777433842420578003e-02
2.999956347048282623e-02
1.802490353584289551e-01
4.938890039920806885e-01
6.004227325320243835e-02
2.001069307327270508e+00
2.609398603439331055e+00
8.155457675457000732e-02
5.916596651077270508e-01
3.425420522689819336e-01
4.482914209365844727e-01
1.414563536643981934e+00
1.943972855806350708e-01
4.742058813571929932e-01
1.357527822256088257e-01
0.000000000000000000e+00
1.202212452888488770e+00
1.104601249098777771e-01
1.434278637170791626e-01
8.849143981933593750e-01
5.004176497459411621e-01
9.471068382263183594e-01
6.401839256286621094e-01
7.720699906349182129e-01
1.442571729421615601e-01
4.510142207145690918e-01
2.169450372457504272e-02
6.993981450796127319e-02
7.910166978836059570e-01
3.855565562844276428e-02
5.447374582290649414e-01
4.229077696800231934e-01
1.304947398602962494e-02
4.069513082504272461e-01
6.317243576049804688e-01
1.151937842369079590e+00
4.939643859863281250e+00
1.611443907022476196e-01
1.114912405610084534e-01
7.657518982887268066e-02
3.307530283927917480e-01
1.781320571899414062e-02
4.365016818046569824e-01
6.292968988418579102e-02
0.000000000000000000e+00
4.551889002323150635e-01
9.460744857788085938e-01
9.627291560173034668e-02
3.438584208488464355e-01
3.100417554378509521e-01
4.482499361038208008e-01
6.240992993116378784e-02
4.055707156658172607e-01
2.054843157529830933e-01
1.957431286573410034e-01
1.852524161338806152e+00
3.065603971481323242e-01
4.714455083012580872e-02
2.773120999336242676e-01
7.642639875411987305e-01
1.345306634902954102e-01
4.243451636284589767e-03
3.877457678318023682e-01
2.413359656929969788e-02
0.000000000000000000e+00
2.226656526327133179e-01
6.768678426742553711e-01
6.459989547729492188e-01
1.902205199003219604e-01
1.863163709640502930e-01
2.725735306739807129e-01
1.799097843468189240e-02
1.181926503777503967e-01
6.628517992794513702e-03
3.644406199455261230e-01
5.021817684173583984e-01
3.495084345340728760e-01
0.000000000000000000e+00
6.186517477035522461e-01
3.157567000016570091e-03
1.260343659669160843e-02
3.759160339832305908e-01
1.230704318732023239e-02
0.000000000000000000e+00
4.052086770534515381e-01
1.406438946723937988e-01
1.302749514579772949e-01
5.564333796501159668e-01
8.495389819145202637e-01
4.934354126453399658e-01
1.862535625696182251e-01
4.631189703941345215e-01
8.769246339797973633e-01
6.575438310392200947e-04
2.505506873130798340e-01
6.009083986282348633e-01
8.083229511976242065e-02
0.000000000000000000e+00
1.339404191821813583e-02
2.241933643817901611e-01
1.891216496005654335e-03
8.499229550361633301e-01
3.460776805877685547e-01
3.088320493698120117e-01
3.652184903621673584e-01
4.163815081119537354e-02
0.000000000000000000e+00
2.832126021385192871e-01
0.000000000000000000e+00
6.977186203002929688e-01
2.009536027908325195e+00
8.191546797752380371e-02
3.623562753200531006e-01
1.538946926593780518e-01
6.789952050894498825e-03
3.401433676481246948e-02
1.670698881149291992e+00
1.450671553611755371e+00
7.086077332496643066e-02
1.186281815171241760e-01
0.000000000000000000e+00
3.083680272102355957e-01
2.610714547336101532e-02
3.109164535999298096e-01
4.142439663410186768e-01
3.534221649169921875e-01
6.251475214958190918e-01
1.212195977568626404e-01
6.304499506950378418e-02
6.815396249294281006e-02
4.214074909687042236e-01
9.544449299573898315e-02
9.989410042762756348e-01
6.320650875568389893e-02
8.694985508918762207e-02
3.751097023487091064e-01
1.453843992203474045e-02
1.492259263992309570e+00
6.116997450590133667e-02
3.290427327156066895e-01
7.874114089645445347e-04
6.174685060977935791e-02
1.698380261659622192e-01
5.147619247436523438e-01
3.759476840496063232e-01
2.548336982727050781e+00
1.181017979979515076e-01
1.498817801475524902e-01
8.478348255157470703e-01
1.753932051360607147e-02
5.056343600153923035e-02
0.000000000000000000e+00
7.836796641349792480e-01
3.141923844814300537e-01
2.649467706680297852e+00
5.241679027676582336e-02
0.000000000000000000e+00
1.608564257621765137e-01
1.168256476521492004e-01
1.589825004339218140e-01
1.212444305419921875e-01
7.320564985275268555e-02
0.000000000000000000e+00
1.079892273992300034e-03
5.206416826695203781e-04
2.549080848693847656e-01
1.890402585268020630e-01
2.931533157825469971e-01
3.623691797256469727e-01
8.740539848804473877e-02
4.070111513137817383e-01
4.905489981174468994e-01
8.720519542694091797e-01
9.195757508277893066e-01
2.592378258705139160e-01
2.536499314010143280e-02
7.394981384277343750e-01
4.125131759792566299e-03
6.288187950849533081e-02
6.866598874330520630e-02
1.228470578789710999e-01
3.554736971855163574e-01
8.507778495550155640e-02
1.323909908533096313e-01
1.514539271593093872e-01
2.739164531230926514e-01
0.000000000000000000e+00
5.172532051801681519e-02
5.086418390274047852e-01
6.415600776672363281e-01
5.637050271034240723e-01
8.264294266700744629e-01
8.809958696365356445e-01
1.866997331380844116e-01
0.000000000000000000e+00
6.572916507720947266e-01
1.590760052204132080e-02
3.854879736900329590e-02
3.748998343944549561e-01
2.360538393259048462e-01
6.594314426183700562e-02
3.123047947883605957e-01
1.444431662559509277e+00
1.601635217666625977e-01
6.518409252166748047e-01
2.453177452087402344e+00
5.951312184333801270e-01
3.071677088737487793e-01
1.335882902145385742e+00
3.139178454875946045e-01
1.464982479810714722e-01
1.359330266714096069e-01
3.898727893829345703e-01
4.384130239486694336e-01
7.416152954101562500e-01
1.869954943656921387e+00
1.077991202473640442e-01
1.973254442214965820e+00
8.732818961143493652e-01
2.629627287387847900e-01
9.499607682228088379e-01
6.276988983154296875e-02
2.172563076019287109e-01
8.353544473648071289e-01
1.603733748197555542e-02
3.325206339359283447e-01
1.717662322334945202e-03
2.554089762270450592e-02
9.413434863090515137e-01
1.815382540225982666e-01
7.261230945587158203e-01
1.675142943859100342e-01
4.374443888664245605e-01
6.955271819606423378e-04
7.890430092811584473e-02
1.966402307152748108e-02
3.696314692497253418e-01
1.779129028320312500e+00
9.444316849112510681e-03
9.941882491111755371e-01
2.812836766242980957e-01
4.354229867458343506e-01
3.890191614627838135e-01
1.313638687133789062e+00
1.651631854474544525e-02
9.419740177690982819e-03
3.848248720169067383e-01
9.254239201545715332e-01
1.751298643648624420e-02
1.042119935154914856e-01
0.000000000000000000e+00
5.131778120994567871e-02
2.581044435501098633e-01
1.566210985183715820e-01
1.786385662853717804e-02
5.437921360135078430e-02
2.480632960796356201e-01
8.463108539581298828e-02
3.641011938452720642e-02
3.528630733489990234e-01
2.468522787094116211e-01
1.715545058250427246e+00
0.000000000000000000e+00
5.355206131935119629e-02
8.542833477258682251e-02
1.556907176971435547e+00
1.584975004196166992e+00
2.071843445301055908e-01
4.142558872699737549e-01
3.706939220428466797e-01
1.752957701683044434e-01
1.276175975799560547e-01
2.947633527219295502e-02
2.810012549161911011e-02
2.431251704692840576e-01
2.327790498733520508e+00
4.142296016216278076e-01
5.346484780311584473e-01
0.000000000000000000e+00
3.230443596839904785e-01
7.156062871217727661e-02
1.506315916776657104e-01
2.539099752902984619e-02
3.441353738307952881e-01
1.710257865488529205e-02
8.087113499641418457e-02
8.303876034915447235e-03
0.000000000000000000e+00
5.603371933102607727e-02
1.590564101934432983e-01
5.922818183898925781e-01
1.945961564779281616e-01
1.126582697033882141e-01
4.192502796649932861e-01
1.334607321768999100e-02
8.412806391716003418e-01
4.554802179336547852e-02
3.778217732906341553e-01
2.279335260391235352e+00
1.728518679738044739e-02
5.399847626686096191e-01
6.697289645671844482e-03
2.946053631603717804e-02
4.594760417938232422e+00
8.901549577713012695e-01
8.098583817481994629e-01
4.527370259165763855e-02
2.048751711845397949e-01
2.660795114934444427e-02
3.110539726912975311e-02
5.011030435562133789e-01
1.031482294201850891e-01
1.095908135175704956e-01
4.787441343069076538e-03
4.318174032960087061e-04
0.000000000000000000e+00
4.008663654327392578e+00
0.000000000000000000e+00
1.025383025407791138e-01
2.734793186187744141e+00
3.599842488765716553e-01
6.606839299201965332e-01
3.563613593578338623e-01
3.839263692498207092e-02
4.651546180248260498e-01
1.811815261840820312e+00
1.967291951179504395e+00
7.306353449821472168e-01
5.151716470718383789e-01
1.153920870274305344e-02
2.616997957229614258e-01
0.000000000000000000e+00
6.944757699966430664e-01
3.481578528881072998e-01
3.043404221534729004e-01
1.763814091682434082e-01
3.573266267776489258e-01
1.133768200874328613e+00
1.069256186485290527e+00
4.474528133869171143e-02
1.132205650210380554e-01
8.455982804298400879e-02
0.000000000000000000e+00
1.974656283855438232e-01
1.014677956700325012e-01
2.058926820755004883e-01
1.798467487096786499e-01
3.408861398696899414e+00
2.212621718645095825e-01
0.000000000000000000e+00
9.434844851493835449e-01
8.271200582385063171e-03
1.137620687484741211e+00
6.649601459503173828e-01
2.603100538253784180e+00
3.592121303081512451e-01
0.000000000000000000e+00
1.734779179096221924e-01
0.000000000000000000e+00
2.040891796350479126e-01
1.502526998519897461e-01
9.705852717161178589e-02
1.330766081809997559e-01
6.573174148797988892e-02
6.654003262519836426e-02
6.670145988464355469e-01
4.085987433791160583e-02
1.333281993865966797e-01
1.624654084444046021e-01
1.481080174446105957e+00
4.308654963970184326e-01
1.370959997177124023e+00
8.682883530855178833e-02
3.353007435798645020e-01
1.444977402687072754e+00
8.542687445878982544e-02
5.123978108167648315e-02
7.947804927825927734e-01
1.077916979789733887e+00
1.123824622482061386e-02
0.000000000000000000e+00
1.387947916984558105e+00
1.571537554264068604e-02
3.637138605117797852e-01
9.561223983764648438e-01
4.774818569421768188e-02
3.963783681392669678e-01
1.905343234539031982e-01
3.235410928726196289e+00
4.465207159519195557e-01
1.144730523228645325e-01
2.052073031663894653e-01
3.826636075973510742e-02
4.370635747909545898e-01
1.269121021032333374e-01
2.606662511825561523e-01
6.976814866065979004e-01
8.185126781463623047e-01
1.373029589653015137e+00
5.689012408256530762e-01
5.556815266609191895e-01
0.000000000000000000e+00
6.206387281417846680e-01
8.264721930027008057e-02
6.486809253692626953e-01
4.410043060779571533e-01
2.542330026626586914e-01
3.201392889022827148e-01
1.973560452461242676e-02
1.113971829414367676e+00
1.921584010124206543e+00
0.000000000000000000e+00
8.090968728065490723e-01
2.586101889610290527e-01
2.378819733858108521e-01
0.000000000000000000e+00
0.000000000000000000e+00
2.621342539787292480e-01
4.691138118505477905e-02
2.551640383899211884e-02
1.967480182647705078e-01
0.000000000000000000e+00
7.574240863323211670e-02
3.655451536178588867e-01
7.814468741416931152e-01
8.228759281337261200e-03
1.761159449815750122e-01
1.807184517383575439e-02
2.249201387166976929e-01
9.042787551879882812e-02
4.076197147369384766e-01
1.079272627830505371e+00
9.902957826852798462e-02
2.479666918516159058e-01
5.753023624420166016e-01
0.000000000000000000e+00
0.000000000000000000e+00
2.907432615756988525e-02
3.878371417522430420e-02
1.004673719406127930e+00
1.590724110603332520e+00
3.361431062221527100e-01
7.144721746444702148e-01
8.336312323808670044e-02
2.866440825164318085e-02
1.199713349342346191e+00
1.148575171828269958e-01
6.021913886070251465e-02
1.409727185964584351e-01
9.090749546885490417e-03
4.762469828128814697e-01
6.438112854957580566e-01
3.865693211555480957e-01
1.081309001892805099e-02
6.396814584732055664e-01
6.764601916074752808e-03
7.001775503158569336e-02
2.178230881690979004e-01
1.932871490716934204e-01
2.246861904859542847e-01
2.149996906518936157e-02
0.000000000000000000e+00
9.605246782302856445e-02
1.687604584731161594e-03
8.322216570377349854e-03
3.327610254287719727e+00
1.563362598419189453e+00
4.650542140007019043e-01
3.672351539134979248e-01
3.655475974082946777e-01
8.960098959505558014e-03
2.003372609615325928e-01
1.121854558587074280e-01
8.581370860338211060e-02
5.893297493457794189e-02
2.042280286550521851e-01
2.616499960422515869e-01
0.000000000000000000e+00
8.141536265611648560e-02
5.363824367523193359e-01
2.036185748875141144e-02
1.225812196731567383e+00
4.330577552318572998e-01
7.219413518905639648e-01
0.000000000000000000e+00
7.467721700668334961e-01
1.108438491821289062e+00
8.017767965793609619e-02
4.913560450077056885e-01
1.311437785625457764e-01
1.373832225799560547e-01
4.150347113609313965e-01
3.756540641188621521e-02
4.710959494113922119e-01
6.824536323547363281e-01
2.713155746459960938e-01
3.150939941406250000e-01
2.337279796600341797e+00
7.981545329093933105e-01
5.189841985702514648e-01
0.000000000000000000e+00
1.337313890457153320e+00
2.892198860645294189e-01
2.442508935928344727e-01
7.870681881904602051e-01
4.696585610508918762e-02
1.336858034133911133e+00
6.616562008857727051e-01
5.146057605743408203e-01
4.137988686561584473e-01
2.515700412914156914e-03
1.109217524528503418e+00
1.927871070802211761e-02
1.943234354257583618e-01
8.590644001960754395e-01
7.904494181275367737e-03
3.897517174482345581e-02
1.622171252965927124e-01
2.283873111009597778e-01
1.536972913891077042e-02
1.708167977631092072e-02
1.660242557525634766e+00
1.142755985260009766e+00
1.619280129671096802e-02
2.927621006965637207e-01
2.622582912445068359e-01
2.604339718818664551e-01
1.354019045829772949e-01
1.113144978880882263e-01
7.077903747558593750e-01
1.425321459770202637e+00
2.955979406833648682e-01
2.781949937343597412e-02
1.102293469011783600e-02
3.046433329582214355e-01
0.000000000000000000e+00
1.066620796918869019e-01
0.000000000000000000e+00
1.780409067869186401e-01
8.985289931297302246e-02
1.033777475357055664e+00
4.281204640865325928e-01
2.420468181371688843e-01
0.000000000000000000e+00
5.809844136238098145e-01
9.927196800708770752e-02
1.199548467993736267e-01
0.000000000000000000e+00
1.957422971725463867e+00
2.086315900087356567e-01
8.208373188972473145e-01
1.126587316393852234e-01
1.237911880016326904e-01
1.772557616233825684e+00
0.000000000000000000e+00
7.401919960975646973e-01
3.089207708835601807e-01
1.002330183982849121e-01
5.690936930477619171e-03
6.759688854217529297e-01
4.083001315593719482e-01
2.696338482201099396e-02
1.711415201425552368e-01
1.641348302364349365e-01
2.290509343147277832e-01
6.032430753111839294e-02
4.871026575565338135e-01
7.465498149394989014e-02
4.303621947765350342e-01
4.431153237819671631e-01
2.159764990210533142e-02
4.446467161178588867e-01
4.095109105110168457e-01
5.495613813400268555e-01
8.757178485393524170e-02
3.161391615867614746e-02
0.000000000000000000e+00
1.044622510671615601e-01
6.537773609161376953e-01
3.687411919236183167e-02
1.517612487077713013e-01
3.520098626613616943e-01
1.254460930824279785e+00
7.018315047025680542e-02
8.162523061037063599e-02
2.822492420673370361e-01
7.845097221434116364e-03
2.247993834316730499e-02
1.654728531837463379e+00
1.742569655179977417e-01
2.971866130828857422e-01
2.264831066131591797e-01
1.091359704732894897e-01
1.946570277214050293e-01
6.869112253189086914e-01
1.085023134946823120e-01
1.021731793880462646e-01
2.992729246616363525e-01
1.434725672006607056e-01
0.000000000000000000e+00
6.112492643296718597e-03
5.280250310897827148e-02
7.640264034271240234e-01
7.526165843009948730e-01
1.446968913078308105e-01
8.262738585472106934e-01
3.127795457839965820e-02
7.616617679595947266e-01
1.616673231124877930e+00
2.070155590772628784e-01
4.371378421783447266e-01
1.819253444671630859e+00
3.312640786170959473e-01
1.073588579893112183e-01
6.720031499862670898e-01
2.813164293766021729e-01
2.213023900985717773e-01
4.945864081382751465e-01
4.681763425469398499e-02
4.783560335636138916e-01
9.714958071708679199e-01
8.104221522808074951e-02
3.896914422512054443e-01
3.119817376136779785e-01
5.262676477432250977e-01
6.928645372390747070e-01
3.493193686008453369e-01
8.082396984100341797e-01
1.748234927654266357e-01
1.978540182113647461e+00
2.148976624011993408e-01
1.301147136837244034e-02
8.129717707633972168e-01
3.031130135059356689e-01
1.022624492645263672e+00
1.610191464424133301e-01
0.000000000000000000e+00
8.452734351158142090e-02
8.489592373371124268e-02
5.069326758384704590e-01
1.033511012792587280e-02
1.339084208011627197e-01
1.294404864311218262e-01
4.114460945129394531e-01
1.533310953527688980e-02
3.566597104072570801e-01
2.205022238194942474e-02
9.698680043220520020e-01
5.084249377250671387e-02
2.256814956665039062e+00
4.102784767746925354e-02
1.162141323089599609e+00
2.288238406181335449e-01
2.283249944448471069e-01
3.546093031764030457e-02
9.670283794403076172e-01
1.337666362524032593e-01
4.502186179161071777e-02
3.785254433751106262e-02
1.786476075649261475e-01
3.022928535938262939e-02
4.179882407188415527e-01
6.032970920205116272e-02
3.268759697675704956e-02
1.863411813974380493e-01
1.971806764602661133e+00
6.712122261524200439e-02
3.202239423990249634e-02
2.747501712292432785e-03
6.511871702969074249e-03
2.418200820684432983e-01
2.744134366512298584e-01
4.738828167319297791e-02
3.270063176751136780e-02
7.128202170133590698e-02
1.171128824353218079e-01
5.018779262900352478e-02
0.000000000000000000e+00
4.392464756965637207e-01
5.785728096961975098e-01
5.884466320276260376e-02
1.331298947334289551e-01
3.807777166366577148e+00
6.506327390670776367e-01
2.192384719848632812e+00
5.430212616920471191e-01
2.900620400905609131e-01
2.409043461084365845e-01
6.799753904342651367e-01
4.540968835353851318e-01
3.869768977165222168e-01
1.700018346309661865e-01
2.365667968988418579e-01
1.879005879163742065e-01
7.915835380554199219e-01
8.582405000925064087e-02
1.193442270159721375e-01
6.529475450515747070e-01
5.830756947398185730e-02
2.188048511743545532e-01
2.559555172920227051e-01
1.126134395599365234e+00
4.688641428947448730e-01
0.000000000000000000e+00
3.473560512065887451e-01
7.086111605167388916e-02
6.307181715965270996e-02
2.801056206226348877e-02
1.127232462167739868e-01
6.964368224143981934e-01
4.457212090492248535e-01
4.948169458657503128e-03
9.294934272766113281e-01
9.483165144920349121e-01
1.025898814201354980e+00
1.636993885040283203e-01
4.952334240078926086e-02
1.069708727300167084e-03
1.943521350622177124e-01
2.113077938556671143e-01
3.160096332430839539e-02
3.904606997966766357e-01
2.493493556976318359e+00
2.488254457712173462e-01
3.750254511833190918e-01
6.225652620196342468e-02
3.336934745311737061e-01
8.683000504970550537e-02
0.000000000000000000e+00
6.347520947456359863e-01
7.292223721742630005e-02
5.335024744272232056e-02
1.139024719595909119e-01
1.626920551061630249e-01
0.000000000000000000e+00
7.743201404809951782e-02
1.218120828270912170e-01
1.571533456444740295e-02
3.956677392125129700e-02
5.302648246288299561e-02
6.851714104413986206e-02
6.860508918762207031e-01
1.546257972717285156e+00
1.915595382452011108e-01
1.026700258255004883e+00
2.576638944447040558e-02
1.037499547004699707e+00
3.049288392066955566e-01
2.094011783599853516e+00
2.577433288097381592e-01
7.330135703086853027e-01
2.187283188104629517e-01
9.009376913309097290e-02
1.128720864653587341e-01
1.246361732482910156e+00
3.641096130013465881e-02
3.600139543414115906e-02
9.679903741925954819e-04
2.127870917320251465e-02
2.505670547485351562e+00
7.615804672241210938e-01
3.191916346549987793e-01
1.681584678590297699e-02
8.623487353324890137e-01
8.226975202560424805e-01
2.253527790307998657e-01
7.301489263772964478e-02
4.752891659736633301e-01
2.336027026176452637e-01
3.978503346443176270e-01
0.000000000000000000e+00
0.000000000000000000e+00
2.442677974700927734e+00
5.500386953353881836e-01
9.144333750009536743e-02
1.958865374326705933e-01
5.836445689201354980e-01
2.135323127731680870e-03
0.000000000000000000e+00
5.634940788149833679e-02
1.477271080017089844e+00
4.618964716792106628e-02
9.327899217605590820e-01
1.156012192368507385e-01
3.863550350069999695e-02
2.958456613123416901e-02
0.000000000000000000e+00
4.742787778377532959e-02
5.595571175217628479e-02
4.374945908784866333e-02
6.578171998262405396e-02
1.331183016300201416e-01
4.794396832585334778e-02
0.000000000000000000e+00
3.924008607864379883e-01
1.607350632548332214e-02
3.038390576839447021e-01
2.522867619991302490e-01
4.010624438524246216e-02
1.881007552146911621e-01
1.439606249332427979e-01
4.510304331779479980e-02
5.199901759624481201e-03
1.986922323703765869e-02
9.964070320129394531e-01
5.519364774227142334e-02
3.174834549427032471e-01
3.410266041755676270e-01
4.185999557375907898e-02
1.628418825566768646e-02
2.760813012719154358e-02
0.000000000000000000e+00
3.057592213153839111e-01
3.000395605340600014e-03
1.218989729881286621e+00
2.392208762466907501e-02
7.508764266967773438e-01
2.060513645410537720e-01
7.567845582962036133e-01
4.484219849109649658e-01
1.121223568916320801e-01
1.932573080062866211e+00
7.669603824615478516e-02
4.854029119014739990e-01
2.094716876745223999e-01
3.482342958450317383e-01
5.554898977279663086e-01
1.809354871511459351e-01
6.681337952613830566e-01
5.792312026023864746e-01
6.947248578071594238e-01
3.029284477233886719e-01
3.809383511543273926e-01
8.399410545825958252e-02
3.464054465293884277e-01
2.663354277610778809e-01
1.527896672487258911e-01
8.896334767341613770e-01
0.000000000000000000e+00
0.000000000000000000e+00
3.159811794757843018e-01
2.127642154693603516e+00
3.820061683654785156e-01
3.230538591742515564e-02
6.943621039390563965e-01
1.644859790802001953e+00
3.785461783409118652e-01
1.584176570177078247e-01
2.657481133937835693e-01
1.563534289598464966e-01
2.711836099624633789e-01
0.000000000000000000e+00
6.934677958488464355e-01
4.537081122398376465e-01
2.096822718158364296e-03
2.807236015796661377e-01
3.935202658176422119e-01
1.437468528747558594e-01
3.533748537302017212e-02
4.599796142429113388e-03
7.509286701679229736e-02
5.688455700874328613e-01
9.142288565635681152e-01
1.637255400419235229e-02
0.000000000000000000e+00
4.356323480606079102e-01
2.580247223377227783e-01
1.255895197391510010e-01
3.198134005069732666e-01
3.223909735679626465e-01
4.904465079307556152e-01
1.309089779853820801e+00
8.018999546766281128e-02
4.723418951034545898e-01
0.000000000000000000e+00
4.976843297481536865e-01
2.694256305694580078e-01
1.206194236874580383e-01
3.039757013320922852e-01
2.214095555245876312e-02
1.251001954078674316e-01
1.019877046346664429e-01
1.557148694992065430e-01
0.000000000000000000e+00
5.190827846527099609e+00
1.787760555744171143e-01
2.856139093637466431e-02
1.410521864891052246e-01
5.168359726667404175e-02
2.492865800857543945e+00
3.817767798900604248e-01
4.803170561790466309e-01
2.308592796325683594e+00
6.045812964439392090e-01
7.072889059782028198e-02
0.000000000000000000e+00
1.109209418296813965e+00
6.737373024225234985e-02
1.402074843645095825e-01
0.000000000000000000e+00
1.319150775671005249e-01
0.000000000000000000e+00
8.526989072561264038e-02
3.086885809898376465e-01
1.245205327868461609e-01
2.849613130092620850e-02
8.430537581443786621e-01
0.000000000000000000e+00
0.000000000000000000e+00
1.823788881301879883e-01
1.333521366119384766e+00
2.757713943719863892e-02
1.707061409950256348e+00
4.881028532981872559e-01
1.127023156732320786e-02
2.180533111095428467e-01
4.137070849537849426e-02
3.032847493886947632e-02
7.983182370662689209e-02
4.522128030657768250e-02
3.923427164554595947e-01
4.021492898464202881e-01
5.962710455060005188e-02
1.094206422567367554e-01
5.211193561553955078e-01
3.620698451995849609e-01
2.930507361888885498e-01
8.672160655260086060e-02
9.286492317914962769e-02
9.199989438056945801e-01
5.604122877120971680e-01
4.488648772239685059e-01
4.432887136936187744e-01
4.843404516577720642e-02
5.243326425552368164e-01
2.986505031585693359e-01
6.465539932250976562e-01
5.080351606011390686e-02
8.991677314043045044e-03
0.000000000000000000e+00
4.696083962917327881e-01
1.589015603065490723e+00
7.543166875839233398e-01
2.585511468350887299e-02
1.116156354546546936e-01
1.044417619705200195e-01
2.848519245162606239e-03
7.537100911140441895e-01
2.158413678407669067e-01
2.032119221985340118e-02
0.000000000000000000e+00
6.951144337654113770e-02
3.336786627769470215e-01
6.624060124158859253e-02
1.758996844291687012e-01
6.908033043146133423e-02
3.777124453336000443e-03
5.140267014503479004e-01
0.000000000000000000e+00
4.859929084777832031e-01
2.320441231131553650e-02
3.249963521957397461e-01
1.975656449794769287e-01
3.299265801906585693e-01
2.830479145050048828e-01
1.803985089063644409e-01
7.009465247392654419e-02
1.620305702090263367e-02
1.638730406761169434e+00
2.779916115105152130e-02
1.927635371685028076e-01
2.023093700408935547e-01
1.698746323585510254e+00
1.330248117446899414e-01
7.227066904306411743e-02
2.771403789520263672e-01
1.451704263687133789e+00
0.000000000000000000e+00
6.850629299879074097e-02
3.678136467933654785e-01
8.553553819656372070e-01
2.789822220802307129e-01
0.000000000000000000e+00
5.467316150665283203e+00
7.905251383781433105e-01
8.375557139515876770e-03
3.085866272449493408e-01
7.969690486788749695e-03
1.262012124061584473e-01
5.274867415428161621e-01
2.023106217384338379e-01
0.000000000000000000e+00
6.648314595222473145e-01
1.472123805433511734e-02
6.008934974670410156e-01
1.154007166624069214e-01
7.859120965003967285e-01
2.255858629941940308e-01
7.465323805809020996e-02
2.173490375280380249e-01
1.703934222459793091e-01
1.813168078660964966e-01
9.776851162314414978e-03
9.050025343894958496e-01
2.089579850435256958e-01
1.508383601903915405e-01
3.306692838668823242e-02
2.377322316169738770e-01
4.593860507011413574e-01
1.735632777214050293e+00
2.160976827144622803e-02
6.604270339012145996e-01
6.678667068481445312e-01
8.362764120101928711e-02
1.667949557304382324e-01
2.594646215438842773e-01
0.000000000000000000e+00
6.116205453872680664e-02
6.516776233911514282e-02
2.318817675113677979e-01
5.271903276443481445e-01
4.531297087669372559e-01
0.000000000000000000e+00
1.325099170207977295e-01
2.170125767588615417e-02
6.163645982742309570e-01
1.882789611816406250e+00
6.887809634208679199e-01
4.363255500793457031e-01
9.665428996086120605e-01
5.274592041969299316e-01
1.820104382932186127e-02
4.932474792003631592e-01
1.380111724138259888e-01
6.830255389213562012e-01
2.465746700763702393e-01
1.806778600439429283e-03
7.873103022575378418e-03
3.221341669559478760e-01
9.994056820869445801e-01
4.973318800330162048e-02
4.073097109794616699e-01
3.358856439590454102e+00
2.070240117609500885e-02
4.228121042251586914e-02
1.930793881416320801e+00
4.552369713783264160e-01
1.111014112830162048e-01
1.624291092157363892e-01
4.716527163982391357e-01
1.110567618161439896e-02
0.000000000000000000e+00
2.715709209442138672e-01
3.848832845687866211e-01
2.664090394973754883e-01
2.506593801081180573e-02
4.728943109512329102e-02
1.180639490485191345e-01
1.006606519222259521e-01
5.519311130046844482e-02
5.925635099411010742e-01
0.000000000000000000e+00
1.147623300552368164e+00
2.713484456762671471e-03
4.988938570022583008e-02
1.110818311572074890e-01
0.000000000000000000e+00
1.548435688018798828e-01
6.799284368753433228e-02
1.972986012697219849e-01
2.660636603832244873e-01
4.387779235839843750e-01
9.692603945732116699e-01
4.733834862709045410e-01
2.376984059810638428e-02
5.169591307640075684e-01
7.537475824356079102e-01
3.694831430912017822e-01
9.062851779162883759e-03
6.158736944198608398e-01
4.579589962959289551e-01
5.964694544672966003e-02
1.111679747700691223e-01
4.375336766242980957e-01
9.137310981750488281e-01
1.366385579109191895e+00
6.285577267408370972e-02
8.782025426626205444e-02
3.921499103307723999e-02
1.944654822349548340e+00
1.574266552925109863e-01
2.057280763983726501e-02
2.797364473342895508e+00
7.089399099349975586e-01
2.469749897718429565e-01
4.469800293445587158e-01
6.757745146751403809e-02
1.250211596488952637e-01
4.302816838026046753e-02
5.331680774688720703e-01
5.510044284164905548e-03
1.724778890609741211e+00
8.458097577095031738e-01
8.958087861537933350e-02
1.491510272026062012e-01
1.628136448562145233e-02
8.912439225241541862e-04
4.558475315570831299e-01
1.172320961952209473e+00
2.073587924242019653e-01
0.000000000000000000e+00
1.283339131623506546e-02
7.895390987396240234e-01
7.679112553596496582e-01
1.610986739397048950e-01
4.714097678661346436e-01
3.868694603443145752e-01
6.500644087791442871e-01
4.379670917987823486e-01
5.604995414614677429e-02
5.489715188741683960e-02
9.443002194166183472e-02
1.707115955650806427e-02
1.062183380126953125e-01
5.219242572784423828e-01
1.186306253075599670e-01
1.126642227172851562e+00
1.398781657218933105e+00
1.113246798515319824e+00
1.890318691730499268e-01
5.958829522132873535e-01
0.000000000000000000e+00
3.991230428218841553e-01
3.740450739860534668e-01
6.590130180120468140e-02
1.882914751768112183e-01
2.267463207244873047e+00
5.016760826110839844e-01
5.258743762969970703e-01
2.205266207456588745e-01
7.891341447830200195e-01
4.202581942081451416e-02
7.957547903060913086e-02
1.597138307988643646e-02
0.000000000000000000e+00
1.293855458498001099e-01
8.516193181276321411e-02
6.114531680941581726e-02
1.584945470094680786e-01
2.385324388742446899e-01
3.299853578209877014e-02
0.000000000000000000e+00
1.353215873241424561e-01
2.937837503850460052e-02
2.588884592056274414e+00
7.773001790046691895e-01
1.376887559890747070e-01
1.611536145210266113e-01
1.870231889188289642e-02
3.742196261882781982e-01
2.340992838144302368e-01
1.234643533825874329e-01
1.623830199241638184e+00
1.251525521278381348e+00
3.787920176982879639e-01
3.602227270603179932e-01
1.696680068969726562e+00
0.000000000000000000e+00
1.278766840696334839e-01
7.165471315383911133e-01
6.079399585723876953e-01
8.221138715744018555e-01
4.998629093170166016e-01
5.014060810208320618e-02
1.154459360986948013e-02
6.528496742248535156e-01
4.555219113826751709e-01
1.327487826347351074e-01
7.684832811355590820e-02
1.312352538108825684e+00
5.753628909587860107e-02
0.000000000000000000e+00
1.058482751250267029e-01
7.376413941383361816e-01
2.097251117229461670e-01
2.289899289608001709e-01
1.163614727556705475e-02
9.300839304924011230e-01
5.444678068161010742e-01
7.192459583282470703e+00
0.000000000000000000e+00
9.635400027036666870e-02
1.712543725967407227e+00
3.710698783397674561e-01
6.693769693374633789e-01
7.613236457109451294e-02
2.048039138317108154e-01
3.161271810531616211e-01
2.187020778656005859e-01
3.860576748847961426e-01
4.492001608014106750e-02
0.000000000000000000e+00
7.914301753044128418e-02
4.745456948876380920e-02
1.023641586303710938e+00
1.883934624493122101e-02
8.862543106079101562e-02
7.702700793743133545e-02
4.621624574065208435e-02
5.356255769729614258e-01
3.718387186527252197e-01
2.456182539463043213e-01
5.293419361114501953e-01
7.446996122598648071e-02
5.028685927391052246e-01
3.966581076383590698e-02
1.601217091083526611e-01
6.321904659271240234e-01
4.458773732185363770e-01
7.081874012947082520e-01
5.787693336606025696e-02
1.046303510665893555e-01
7.286438345909118652e-01
6.287964060902595520e-03
1.949391722679138184e+00
1.906582117080688477e-01
6.541780382394790649e-02
3.221122324466705322e-01
0.000000000000000000e+00
4.599659442901611328e-01
2.303470671176910400e-01
2.428305894136428833e-01
3.573891893029212952e-02
1.604593992233276367e-01
1.049028873443603516e+00
1.829712092876434326e-01
2.447015047073364258e-01
0.000000000000000000e+00
0.000000000000000000e+00
2.513062655925750732e-01
1.602559447288513184e+00
0.000000000000000000e+00
2.633986771106719971e-01
2.896435499191284180e+00
4.102817475795745850e-01
1.110243916511535645e+00
8.863686770200729370e-02
1.599926799535751343e-01
1.810046792030334473e+00
0.000000000000000000e+00
2.003995329141616821e-01
5.377458035945892334e-02
4.255162551999092102e-02
0.000000000000000000e+00
7.324406504631042480e-01
3.627501428127288818e-01
5.427971482276916504e-01
1.081951856613159180e-01
1.955887973308563232e-01
4.245052486658096313e-02
1.615973562002182007e-01
5.038318410515785217e-02
1.132361143827438354e-01
1.038673967123031616e-01
2.582681365311145782e-02
1.843061596155166626e-01
2.889163494110107422e-01
1.036379393190145493e-02
1.008052229881286621e-01
2.920966446399688721e-01
4.879503548145294189e-01
2.191909104585647583e-01
2.118126749992370605e-01
5.887542366981506348e-01
1.296728134155273438e+00
6.162099838256835938e-01
1.758838444948196411e-01
2.858940660953521729e-01
0.000000000000000000e+00
7.365912199020385742e-02
4.068279266357421875e-01
1.573565900325775146e-01
0.000000000000000000e+00
1.573359668254852295e-01
3.303615570068359375e+00
3.875958621501922607e-01
8.676078319549560547e-01
1.573988914489746094e+00
1.441719084978103638e-01
3.451321646571159363e-02
8.320302516222000122e-02
1.386010050773620605e-01
1.951536238193511963e-01
1.766106933355331421e-01
2.216141700744628906e+00
