3.271381258964538574e-01
1.307644098997116089e-01
8.662915974855422974e-02
9.276001453399658203e-01
2.869951725006103516e-02
7.978240847587585449e-01
9.129478931427001953e-01
2.339385896921157837e-01
8.781120181083679199e-01
1.986569762229919434e-01
1.998566091060638428e-01
1.955273032188415527e+00
2.128661870956420898e-01
0.000000000000000000e+00
2.273912578821182251e-01
1.815992444753646851e-01
4.043065384030342102e-02
2.070303201675415039e+00
6.980106830596923828e-01
7.197439074516296387e-01
1.071609020233154297e+00
3.673247992992401123e-02
1.045053824782371521e-01
1.626875847578048706e-01
7.700187563896179199e-01
7.036806941032409668e-01
1.449879109859466553e-01
2.415427565574645996e-01
3.723475337028503418e-01
1.659884676337242126e-02
1.149571776390075684e+00
2.375487238168716431e-01
1.684181578457355499e-02
3.522724211215972900e-01
1.331431558355689049e-03
2.676309943199157715e-01
2.441451400518417358e-01
2.022569179534912109e-01
2.139460295438766479e-02
2.214533388614654541e-01
9.449357539415359497e-02
3.791818320751190186e-01
2.730722725391387939e-02
2.241855621337890625e+00
2.901515224948525429e-03
1.278444472700357437e-02
1.127497777342796326e-01
5.472364425659179688e-01
1.360630095005035400e-01
1.041357740759849548e-01
2.155800350010395050e-03
3.651145100593566895e-01
1.738827973604202271e-01
8.932448625564575195e-01
1.792259961366653442e-01
2.046883851289749146e-01
2.487077936530113220e-02
3.272374570369720459e-01
6.917204009369015694e-04
9.502634406089782715e-02
3.641276061534881592e-01
3.371663689613342285e-01
1.029397547245025635e-01
6.865920126438140869e-02
2.905715703964233398e-01
4.095072150230407715e-01
1.417175382375717163e-01
8.766163587570190430e-01
5.479092597961425781e-01
0.000000000000000000e+00
6.546807289123535156e-01
1.439169794321060181e-01
9.969358891248703003e-02
3.707409203052520752e-01
1.992703825235366821e-01
9.581345319747924805e-02
9.192988872528076172e-01
3.969655036926269531e-01
1.108916640281677246e+00
4.344379529356956482e-02
1.974276825785636902e-02
6.149973869323730469e-01
6.255496293306350708e-02
1.336468732915818691e-03
8.687329888343811035e-01
0.000000000000000000e+00
4.031479358673095703e-01
0.000000000000000000e+00
4.915454685688018799e-01
8.285146951675415039e-02
1.520736068487167358e-01
2.878124415874481201e-01
3.386378660798072815e-02
2.114959955215454102e-01
2.840151190757751465e-01
1.836344227194786072e-02
2.727535068988800049e-01
5.989125967025756836e-01
3.146330714225769043e-01
1.799988001585006714e-01
6.931899785995483398e-01
3.203458487987518311e-01
2.986909151077270508e+00
4.517902374267578125e+00
2.029117345809936523e-01
6.440883874893188477e-01
8.401484042406082153e-02
4.889636039733886719e-01
3.019333779811859131e-01
1.269276022911071777e+00
1.671436429023742676e-02
1.257714152336120605e+00
1.546888113021850586e+00
3.228656351566314697e-01
7.534961104393005371e-01
1.321307718753814697e-01
1.678630262613296509e-01
4.902930259704589844e-01
1.165728807449340820e+00
3.542107105255126953e+00
1.311596781015396118e-01
2.188250422477722168e-01
1.160300523042678833e-01
8.064691424369812012e-01
4.834356784820556641e+00
2.897865511476993561e-02
7.107826471328735352e-01
1.956343770027160645e+00
4.547999799251556396e-02
4.927882850170135498e-01
2.032993316650390625e+00
1.331905424594879150e-01
3.208771049976348877e-01
7.918666303157806396e-02
8.763698935508728027e-01
5.890597701072692871e-01
1.447682082653045654e-01
4.500711858272552490e-01
9.302336692810058594e+00
8.532902598381042480e-02
6.521248072385787964e-02
4.078943431377410889e-01
4.912762939929962158e-01
5.015409588813781738e-01
3.391317725181579590e-01
7.233569771051406860e-02
2.565481424331665039e+00
1.083654761314392090e-01
1.956083346158266068e-03
6.249487027525901794e-02
2.746858298778533936e-01
1.172219663858413696e-01
2.339038811624050140e-02
1.913890093564987183e-01
2.714312076568603516e-01
6.198522821068763733e-02
5.070782899856567383e-01
3.058855831623077393e-01
6.964782625436782837e-02
4.741160373669117689e-04
5.395931601524353027e-01
4.590929672122001648e-02
6.533410400152206421e-02
4.040537178516387939e-01
1.267834305763244629e-01
1.361097693443298340e+00
1.999750733375549316e-01
4.552094265818595886e-02
1.511250287294387817e-01
2.135165631771087646e-01
2.827504277229309082e-01
1.168154105544090271e-01
5.962140560150146484e-01
1.090243905782699585e-01
0.000000000000000000e+00
0.000000000000000000e+00
8.536356687545776367e-02
2.904993593692779541e-01
9.805218130350112915e-02
1.207678556442260742e+00
1.730564087629318237e-01
2.011143416166305542e-01
6.851972341537475586e-01
2.668898403644561768e-01
3.713301122188568115e-01
2.443909943103790283e-01
0.000000000000000000e+00
3.034161627292633057e-01
3.609899878501892090e-01
1.217716813087463379e+00
1.946096271276473999e-01
8.545926213264465332e-02
1.629338115453720093e-01
2.367393672466278076e-01
2.773131430149078369e-02
6.659591197967529297e-01
6.672928333282470703e-01
7.993042469024658203e-01
3.213287144899368286e-02
8.903457522392272949e-01
1.649472713470458984e-01
2.172827422618865967e-01
2.699255943298339844e-01
3.437455892562866211e-01
6.234931573271751404e-02
3.166314661502838135e-01
8.546829223632812500e-01
9.980298280715942383e-01
2.942218072712421417e-02
2.330013923346996307e-02
3.106676936149597168e-01
1.293230295181274414e+00
1.540496665984392166e-02
2.306860685348510742e-01
1.908285915851593018e-01
4.898639768362045288e-02
4.451798498630523682e-01
1.205243945121765137e+00
0.000000000000000000e+00
5.171747207641601562e-01
4.059834405779838562e-02
3.758688867092132568e-01
1.145293340086936951e-01
0.000000000000000000e+00
9.689874947071075439e-02
7.304679751396179199e-01
0.000000000000000000e+00
4.666376411914825439e-01
4.705356359481811523e-01
6.825846433639526367e-02
0.000000000000000000e+00
4.743606746196746826e-01
1.538399815559387207e+00
5.853756144642829895e-02
4.750975072383880615e-01
4.169890284538269043e-01
1.200228184461593628e-02
3.381680846214294434e-01
4.174845758825540543e-03
1.145804002881050110e-01
8.212902396917343140e-02
8.959421515464782715e-01
8.583263494074344635e-03
1.067048072814941406e+00
3.482482209801673889e-02
1.165042996406555176e+00
0.000000000000000000e+00
7.524070739746093750e-01
3.171042352914810181e-02
6.586790084838867188e-01
4.176708683371543884e-02
2.059303820133209229e-01
9.537182450294494629e-01
6.727244704961776733e-02
1.187678337097167969e+00
5.360419750213623047e-01
5.522592663764953613e-01
1.982129961252212524e-01
1.501188725233078003e-01
1.922556608915328979e-01
8.552561048418283463e-04
1.354153990745544434e+00
3.379040241241455078e+00
3.686898350715637207e-01
1.916969120502471924e-01
6.787840276956558228e-02
5.191274881362915039e-01
4.699993431568145752e-01
3.900124311447143555e+00
1.690594553947448730e+00
7.251883745193481445e-01
1.403658688068389893e-01
1.156031563878059387e-01
1.060680821537971497e-01
8.376353979110717773e-02
5.825124979019165039e-01
1.065260291099548340e+00
2.368112504482269287e-01
3.450957238674163818e-01
4.071879386901855469e-01
3.706657886505126953e-01
9.890022277832031250e-01
6.069795042276382446e-02
2.487600803375244141e+00
3.145267963409423828e+00
3.541643917560577393e-01
3.032562434673309326e-01
1.162351816892623901e-01
3.836757242679595947e-01
2.965531349182128906e-01
2.725346982479095459e-01
9.261011332273483276e-02
1.190601065754890442e-01
1.965456828474998474e-02
0.000000000000000000e+00
3.279421329498291016e+00
9.323587268590927124e-02
2.311936914920806885e-01
1.563368201255798340e+00
6.015000939369201660e-01
6.004864573478698730e-01
2.555171549320220947e-01
9.419609904289245605e-01
9.628357887268066406e-01
2.522417306900024414e-01
1.609509289264678955e-01
1.018914699554443359e+00
1.879625171422958374e-01
6.095088124275207520e-01
8.274747133255004883e-01
1.224122643470764160e+00
8.365876078605651855e-01
1.204310774803161621e+00
2.196770906448364258e-01
1.217398405075073242e+00
1.193259239196777344e+00
3.977961093187332153e-02
1.361037790775299072e-01
5.072406530380249023e-01
1.150134563446044922e+00
1.732532866299152374e-02
4.354292452335357666e-01
1.509326845407485962e-01
4.257068932056427002e-01
1.531214267015457153e-01
4.871847331523895264e-01
1.158604845404624939e-01
2.288180589675903320e-01
3.518128022551536560e-02
1.269556283950805664e+00
2.817086875438690186e-01
1.520944833755493164e+00
1.333467364311218262e-01
2.303017526865005493e-01
5.922858119010925293e-01
5.373604297637939453e-01
2.142450809478759766e-01
3.509377315640449524e-02
5.413770079612731934e-01
4.425238072872161865e-02
2.689846977591514587e-02
3.197406828403472900e-01
1.729229688644409180e-01
2.758153527975082397e-02
3.828677237033843994e-01
3.575636073946952820e-02
4.516261219978332520e-01
3.229901194572448730e-01
4.394105374813079834e-01
3.211597800254821777e-01
2.759899616241455078e+00
0.000000000000000000e+00
5.061424970626831055e-01
1.850032955408096313e-01
0.000000000000000000e+00
4.598833993077278137e-02
1.080227792263031006e-01
1.318175435066223145e+00
1.697635501623153687e-01
1.410933256149291992e+00
3.591246008872985840e-01
5.357135087251663208e-02
0.000000000000000000e+00
1.477613598108291626e-01
9.044989012181758881e-03
1.730438023805618286e-01
1.103112697601318359e+00
1.008775830268859863e-01
1.955010369420051575e-02
1.473114341497421265e-01
4.976562340743839741e-04
4.240935444831848145e-01
1.379011571407318115e-01
4.642807245254516602e-01
5.298734307289123535e-01
3.845772147178649902e-01
2.887848019599914551e-01
0.000000000000000000e+00
6.968309879302978516e-01
6.955426931381225586e-02
5.099606513977050781e+00
5.072431564331054688e-01
3.703244686126708984e+00
2.950032353401184082e-01
2.392621189355850220e-01
1.122212037444114685e-01
2.349198013544082642e-01
4.126385599374771118e-02
6.210985034704208374e-02
7.606911063194274902e-01
5.391370058059692383e-01
6.986485719680786133e-01
1.011482253670692444e-01
1.502879112958908081e-01
1.297407448291778564e-01
2.654228448867797852e+00
7.891187071800231934e-02
6.196007728576660156e-01
8.902898430824279785e-02
8.242850191891193390e-03
1.546437978744506836e+00
1.721967905759811401e-01
1.518572308123111725e-02
7.783029675483703613e-01
5.126136168837547302e-02
1.986038386821746826e-01
2.760608494281768799e-01
3.392332494258880615e-01
1.008206486701965332e+00
4.752421081066131592e-01
2.030939608812332153e-02
0.000000000000000000e+00
5.236398577690124512e-01
7.288690805435180664e-01
4.130103111267089844e+00
4.513480663299560547e-01
2.178884744644165039e-01
9.024128913879394531e-01
9.184175729751586914e-01
1.873203217983245850e-01
2.881933003664016724e-02
7.289500832557678223e-01
8.400816470384597778e-03
2.091072648763656616e-01
5.062640309333801270e-01
1.406751394271850586e+00
1.024442791938781738e+00
3.681389987468719482e-02
1.473279111087322235e-02
3.994528576731681824e-02
4.676361568272113800e-03
5.213318858295679092e-03
1.925973415374755859e+00
3.636832116171717644e-03
1.904573990032076836e-03
4.016601741313934326e-01
1.974121630191802979e-01
3.426164090633392334e-01
1.848601102828979492e-01
1.037271022796630859e+00
9.559525549411773682e-02
4.054171219468116760e-02
1.084497198462486267e-01
8.861839771270751953e-02
2.058131061494350433e-02
3.535379469394683838e-02
1.934473514556884766e-01
2.759131044149398804e-02
0.000000000000000000e+00
7.178820669651031494e-02
6.584374427795410156e+00
3.199674606323242188e+00
6.117293611168861389e-02
1.531197667121887207e+00
4.110459983348846436e-01
1.164114832878112793e+00
1.954057812690734863e-01
4.146669387817382812e+00
8.795608878135681152e-01
1.998242363333702087e-02
2.253240793943405151e-01
1.390234470367431641e+00
6.729077696800231934e-01
6.479656696319580078e-02
1.137426972389221191e+00
6.364222168922424316e-01
1.348837316036224365e-01
0.000000000000000000e+00
1.327824294567108154e-01
5.020146965980529785e-01
3.856498599052429199e-01
9.900909662246704102e-01
2.727392911911010742e+00
1.137139558792114258e+00
1.300055254250764847e-02
8.134426176548004150e-02
9.567852318286895752e-02
4.249815829098224640e-03
9.328094720840454102e-01
2.261247038841247559e-01
0.000000000000000000e+00
5.582898855209350586e-01
0.000000000000000000e+00
1.310881018638610840e+00
4.860319614410400391e+00
1.368611007928848267e-01
3.679304569959640503e-02
3.323362767696380615e-01
1.333314180374145508e-01
3.409698307514190674e-01
7.393746376037597656e-01
7.381967306137084961e-01
0.000000000000000000e+00
4.637217894196510315e-02
3.188766837120056152e-01
9.735474586486816406e-01
1.211295127868652344e+00
4.298129677772521973e-01
1.863396763801574707e-01
1.684321761131286621e+00
2.745458483695983887e-02
1.371016073971986771e-02
4.916148185729980469e-01
3.657656013965606689e-01
3.245972394943237305e-01
0.000000000000000000e+00
1.900975108146667480e-01
0.000000000000000000e+00
1.162972375750541687e-01
2.799680233001708984e-01
1.089263677597045898e+00
2.259070634841918945e+00
4.747159957885742188e+00
6.613548845052719116e-03
1.443493127822875977e+00
2.589363157749176025e-01
1.725208878517150879e+00
6.887272596359252930e-01
6.786992549896240234e-01
0.000000000000000000e+00
2.431343317031860352e+00
1.180887699127197266e+00
3.568897023797035217e-02
4.363291561603546143e-01
4.250723123550415039e-02
1.728202700614929199e-01
3.207682669162750244e-01
1.993541270494461060e-01
1.723936498165130615e-01
7.093509286642074585e-02
2.066713869571685791e-01
0.000000000000000000e+00
2.536118745803833008e+00
4.515753090381622314e-01
1.043241739273071289e+00
6.182451844215393066e-01
2.838487327098846436e-01
6.682235598564147949e-01
0.000000000000000000e+00
2.282422065734863281e+00
8.849420547485351562e-01
1.072440017014741898e-02
1.695232272148132324e+00
9.974421001970767975e-03
0.000000000000000000e+00
1.734561175107955933e-01
8.560061454772949219e-01
5.036540627479553223e-01
1.010774895548820496e-01
3.050520122051239014e-01
7.616820335388183594e-01
1.717691272497177124e-01
2.894645929336547852e-01
2.937026619911193848e-01
1.043866574764251709e-01
2.913719415664672852e-01
1.238969191908836365e-01
1.828496694564819336e+00
2.825162410736083984e-01
3.316521644592285156e-01
3.065633773803710938e-02
0.000000000000000000e+00
2.747451066970825195e-01
8.350533992052078247e-02
2.006030641496181488e-02
4.733810126781463623e-01
8.259658217430114746e-01
5.753707289695739746e-01
2.471697330474853516e-01
8.579269051551818848e-01
8.064805865287780762e-01
7.258386611938476562e-01
4.267771244049072266e-01
1.647130586206912994e-02
1.982773393392562866e-01
2.358240932226181030e-01
5.928430333733558655e-02
6.515555977821350098e-01
2.068258225917816162e-01
5.032155513763427734e-01
4.877694845199584961e-01
2.085489034652709961e+00
1.161971330642700195e+00
2.357977479696273804e-01
3.815706074237823486e-01
7.311694622039794922e-01
1.944148242473602295e-01
2.459265440702438354e-01
3.003480195999145508e+00
2.262121252715587616e-02
4.000499099493026733e-02
4.078198969364166260e-01
2.973357141017913818e-01
9.093961864709854126e-02
1.426504459232091904e-02
1.051874876022338867e+00
1.051252961158752441e+00
4.170268401503562927e-02
6.839520335197448730e-01
0.000000000000000000e+00
6.731007695198059082e-01
2.828564047813415527e-01
0.000000000000000000e+00
4.660681247711181641e+00
1.536362886428833008e+00
0.000000000000000000e+00
8.025138378143310547e-01
3.201560080051422119e-01
1.714744567871093750e-01
7.096499204635620117e-01
2.765990793704986572e-01
8.140209130942821503e-03
1.466066837310791016e-01
1.310115933418273926e+00
6.434895396232604980e-01
8.333721756935119629e-01
2.675943970680236816e-01
5.481323599815368652e-01
5.849469900131225586e-01
5.862584337592124939e-02
1.889637589454650879e+00
3.403643518686294556e-02
2.854278981685638428e-01
3.082405030727386475e-01
5.704579874873161316e-02
1.625481694936752319e-01
1.072325631976127625e-01
3.059793114662170410e-01
8.651886880397796631e-02
2.773093283176422119e-01
2.516211032867431641e+00
1.727961897850036621e-01
5.014965310692787170e-02
2.021064609289169312e-02
4.105170071125030518e-02
3.069544136524200439e-01
4.184590280055999756e-01
1.072437047958374023e+00
8.173801898956298828e-01
1.999231241643428802e-02
0.000000000000000000e+00
1.646426200866699219e+00
1.780449748039245605e-01
1.472181081771850586e-01
9.072189778089523315e-02
9.007386863231658936e-02
3.450235724449157715e-01
2.001177370548248291e-01
5.892701447010040283e-03
2.320068189874291420e-03
3.498001024127006531e-02
5.075965542346239090e-03
8.404617309570312500e-01
1.165814399719238281e+00
5.200339946895837784e-03
8.935885876417160034e-02
2.877903878688812256e-01
6.594263315200805664e-01
1.208449900150299072e-01
1.058562397956848145e+00
1.658545017242431641e+00
1.663034781813621521e-02
4.312849044799804688e+00
1.081122308969497681e-01
2.690284252166748047e-01
1.681264042854309082e-01
6.075469851493835449e-01
3.070794939994812012e-01
1.828497648239135742e-01
5.526155829429626465e-01
1.134650588035583496e+00
7.630543708801269531e-01
8.696492016315460205e-02
5.254084467887878418e-01
4.928240552544593811e-02
8.420670032501220703e-01
3.265243291854858398e+00
6.546073555946350098e-01
5.187085866928100586e-01
5.782641172409057617e-01
6.814640760421752930e-01
1.881842315196990967e-01
3.636596258729696274e-03
7.154487967491149902e-01
1.744686365127563477e+00
1.318117082118988037e-01
0.000000000000000000e+00
1.993297457695007324e+00
3.209464848041534424e-01
1.310579180717468262e-01
2.385224580764770508e+00
2.177395522594451904e-01
0.000000000000000000e+00
9.170186519622802734e-01
4.963070154190063477e-01
2.012116611003875732e-01
4.442881618160754442e-04
5.365133881568908691e-01
2.367592304944992065e-01
1.455662399530410767e-01
3.888888955116271973e-01
6.904636323451995850e-02
1.797481477260589600e-01
7.363561540842056274e-02
2.184509515762329102e+00
2.808578908443450928e-01
2.622119486331939697e-01
2.168491333723068237e-01
3.831232786178588867e-01
7.570539414882659912e-02
5.088047981262207031e-01
1.055408954620361328e+00
0.000000000000000000e+00
1.971881091594696045e-01
1.449830651283264160e+00
4.501197934150695801e-01
1.960171610116958618e-01
6.346035748720169067e-02
4.218534380197525024e-02
2.011032551527023315e-01
1.263150386512279510e-02
2.572578787803649902e-01
3.674354553222656250e-01
1.259884983301162720e-01
5.016145706176757812e-01
1.011960878968238831e-01
2.321481704711914062e-01
2.942062616348266602e-01
9.196579456329345703e-01
1.948716044425964355e-01
6.996531486511230469e-01
2.636850178241729736e-01
2.501401863992214203e-02
1.803472399711608887e+00
0.000000000000000000e+00
3.235218226909637451e-01
4.244717061519622803e-01
1.558514595031738281e+00
9.003077745437622070e-01
0.000000000000000000e+00
6.299985051155090332e-01
6.778573244810104370e-02
7.829289138317108154e-02
1.369391232728958130e-01
8.330532163381576538e-02
9.608284235000610352e-01
1.395623326301574707e+00
8.068258166313171387e-01
4.158639311790466309e-01
1.031324148178100586e+00
5.105921030044555664e-01
2.802375853061676025e-01
3.915350437164306641e-01
1.349362879991531372e-01
1.404910441488027573e-02
4.999066889286041260e-01
4.276695102453231812e-02
0.000000000000000000e+00
2.034685134887695312e+00
3.301091670989990234e+00
1.812966465950012207e-01
7.883020639419555664e-01
3.371493816375732422e-01
6.075859665870666504e-01
0.000000000000000000e+00
1.859484314918518066e-01
2.180161327123641968e-02
1.745879054069519043e-01
4.462514480110257864e-04
1.446021199226379395e+00
2.796487212181091309e-01
9.096169844269752502e-03
3.759087994694709778e-02
3.743901252746582031e+00
6.210446357727050781e-01
2.542741298675537109e+00
4.198151528835296631e-01
1.264619112014770508e+00
2.967707216739654541e-01
0.000000000000000000e+00
1.025770455598831177e-01
4.746854305267333984e-01
1.108066216111183167e-01
2.391860187053680420e-01
1.005967855453491211e+00
1.268398463726043701e-01
1.862733066082000732e-01
9.641810059547424316e-01
4.315876066684722900e-01
3.130002498626708984e+00
1.485706567764282227e-01
4.011310636997222900e-01
3.552113845944404602e-02
2.473135851323604584e-02
1.326645016670227051e-01
4.864286184310913086e-01
2.736160159111022949e-01
3.100942075252532959e-02
1.839747652411460876e-02
7.749335765838623047e-01
1.232305616140365601e-01
1.025629997253417969e+00
1.186478614807128906e+00
4.130712151527404785e-02
1.009931564331054688e+00
8.607749342918395996e-01
3.555313050746917725e-01
1.743983626365661621e+00
2.537873685359954834e-01
4.966805875301361084e-02
6.907586753368377686e-02
9.547480344772338867e-01
2.732890248298645020e-01
3.015134036540985107e-01
3.042708933353424072e-01
2.608014345169067383e-01
1.913868077099323273e-02
3.451816141605377197e-01
1.476445794105529785e-01
5.831175446510314941e-01
0.000000000000000000e+00
1.602603197097778320e+00
2.026950269937515259e-01
2.432820796966552734e-01
6.754781585186719894e-03
2.273670025169849396e-02
8.055943995714187622e-02
6.175694465637207031e-01
1.166602149605751038e-01
1.044182181358337402e+00
2.123989909887313843e-01
3.472925722599029541e-01
6.680293679237365723e-01
1.616684496402740479e-01
2.223730683326721191e-01
7.301932573318481445e-02
4.610214009881019592e-02
5.025944709777832031e-01
1.049453392624855042e-01
4.959793090820312500e-01
3.883435726165771484e-01
1.615988463163375854e-01
1.886005848646163940e-01
8.357196301221847534e-02
1.933922320604324341e-01
1.158992409706115723e+00
1.718604862689971924e-01
2.177161723375320435e-01
6.099591255187988281e-01
1.835955977439880371e-01
7.639313116669654846e-03
1.531617529690265656e-02
5.124340653419494629e-01
9.226939827203750610e-02
4.877853672951459885e-03
6.276616454124450684e-02
1.501796990633010864e-01
1.528149008750915527e+00
7.739983499050140381e-02
1.269349157810211182e-01
6.601888537406921387e-01
1.457231760025024414e+00
2.243247985839843750e+00
1.555206894874572754e+00
8.336461782455444336e-01
1.537027001380920410e+00
2.817019224166870117e-01
1.382727175951004028e-01
2.666211724281311035e-01
1.080611467361450195e+00
6.581377387046813965e-01
4.200764894485473633e-01
1.048160120844841003e-01
0.000000000000000000e+00
0.000000000000000000e+00
5.879807099699974060e-02
1.832396835088729858e-01
6.073651909828186035e-01
4.743885099887847900e-01
2.006428316235542297e-02
1.382300406694412231e-01
2.911885380744934082e-01
9.870217740535736084e-02
1.708583384752273560e-01
6.795848160982131958e-02
1.244466304779052734e+00
0.000000000000000000e+00
1.778086572885513306e-01
3.069275319576263428e-01
1.734566986560821533e-01
4.925139546394348145e-01
7.047318220138549805e-01
1.375456094741821289e+00
0.000000000000000000e+00
1.021162420511245728e-01
5.136152505874633789e-01
1.501786351203918457e+00
5.963534712791442871e-01
4.525478839874267578e+00
1.489146649837493896e-01
0.000000000000000000e+00
9.640191793441772461e-01
0.000000000000000000e+00
7.518785446882247925e-02
4.870537221431732178e-01
9.059473276138305664e-01
1.279611587524414062e+00
1.970172047615051270e+00
1.842623949050903320e-01
0.000000000000000000e+00
1.335204839706420898e-01
1.165873050689697266e+00
8.451175689697265625e-02
5.280326008796691895e-01
8.659991025924682617e-01
3.128079771995544434e-01
2.510315775871276855e-01
1.322830915451049805e-01
6.868734359741210938e-01
1.289961934089660645e-01
3.439352512359619141e-01
2.108525484800338745e-01
3.075180202722549438e-02
1.122812703251838684e-01
4.405659139156341553e-01
6.627201437950134277e-01
7.996735572814941406e-01
4.104793667793273926e-01
4.009152576327323914e-02
0.000000000000000000e+00
4.715892672538757324e-02
0.000000000000000000e+00
1.590349245816469193e-03
2.492940187454223633e+00
7.149903178215026855e-01
7.506324648857116699e-01
3.088231384754180908e-01
9.470171481370925903e-02
5.123974680900573730e-01
1.913447305560112000e-02
1.040556207299232483e-01
6.302138566970825195e-01
1.605582594871520996e+00
3.588730692863464355e-01
7.472231984138488770e-01
5.619977712631225586e-01
2.310262806713581085e-02
4.643145203590393066e-01
1.231192275881767273e-01
1.674840748310089111e-01
2.233733050525188446e-02
6.281471848487854004e-01
0.000000000000000000e+00
4.066218137741088867e-01
5.838910341262817383e-01
7.720448374748229980e-01
9.457936286926269531e-01
5.035809874534606934e-01
1.397312760353088379e+00
3.351488709449768066e-02
4.876700937747955322e-01
5.015755072236061096e-02
3.905954957008361816e-01
2.600827813148498535e-01
2.946113944053649902e-01
2.755587816238403320e+00
3.943729773163795471e-02
3.121005296707153320e-01
6.684331893920898438e-01
1.197791174054145813e-01
2.331485033035278320e+00
5.898327231407165527e-01
4.291315972805023193e-01
2.587659358978271484e-01
4.663102924823760986e-01
5.236810445785522461e-01
3.161758780479431152e-01
2.085537165403366089e-01
4.395784810185432434e-02
2.287662960588932037e-02
1.110916212201118469e-02
1.053028225898742676e+00
2.982711493968963623e-01
1.081755161285400391e+00
0.000000000000000000e+00
5.363469719886779785e-01
1.811885237693786621e-01
2.845064401626586914e-01
5.739877000451087952e-02
0.000000000000000000e+00
1.059475183486938477e+00
3.566326573491096497e-02
1.355394005775451660e+00
4.760620296001434326e-01
2.092166244983673096e-02
1.962068025022745132e-03
1.301531553268432617e+00
1.032586932182312012e+00
2.147628068923950195e-01
1.939751952886581421e-01
1.085907936096191406e+00
7.348802685737609863e-02
5.902091786265373230e-02
0.000000000000000000e+00
4.229795187711715698e-02
1.415933728218078613e+00
3.016960620880126953e-01
5.235038399696350098e-01
0.000000000000000000e+00
0.000000000000000000e+00
4.608873724937438965e-01
2.489662766456604004e-01
1.695355296134948730e+00
1.749419569969177246e-01
5.424526691436767578e+00
2.628138661384582520e-01
0.000000000000000000e+00
2.323164790868759155e-01
1.747805714607238770e+00
6.864616870880126953e-01
1.162097677588462830e-01
7.311606407165527344e-01
4.323222860693931580e-02
4.237593710422515869e-01
4.264940917491912842e-01
1.138092577457427979e-01
0.000000000000000000e+00
8.602095767855644226e-03
1.628771543502807617e+00
2.059759795665740967e-01
1.149032041430473328e-01
1.056097000837326050e-01
1.066406726837158203e+00
1.088152732700109482e-02
3.021955788135528564e-01
1.877474039793014526e-01
0.000000000000000000e+00
0.000000000000000000e+00
1.411892473697662354e-01
7.635377347469329834e-02
0.000000000000000000e+00
4.232676625251770020e-01
1.940610408782958984e-01
8.664330244064331055e-01
3.803926110267639160e-01
5.010853409767150879e-01
2.469287067651748657e-01
0.000000000000000000e+00
6.116329506039619446e-02
1.107369959354400635e-01
3.933589756488800049e-01
1.420170545578002930e+00
0.000000000000000000e+00
3.539171814918518066e-02
4.344289749860763550e-02
1.538136303424835205e-01
3.492356538772583008e+00
6.497879624366760254e-01
6.165176630020141602e-01
3.806283473968505859e-01
3.743724524974822998e-02
5.515219271183013916e-02
1.087753891944885254e+00
5.290543437004089355e-01
8.816576004028320312e-02
3.013745248317718506e-01
6.552324295043945312e-01
2.741314470767974854e-01
8.420212566852569580e-02
9.817176461219787598e-01
0.000000000000000000e+00
1.652958095073699951e-01
5.589954853057861328e-01
8.358611464500427246e-01
1.341201186180114746e+00
7.656990289688110352e-01
1.867347955703735352e-01
5.164336040616035461e-02
2.065942049026489258e+00
3.161305904388427734e+00
4.834158420562744141e-01
1.032184511423110962e-01
2.016239427030086517e-02
1.090630888938903809e-01
5.480970814824104309e-02
8.158781379461288452e-02
1.803084909915924072e-01
1.253591537475585938e+00
2.296215295791625977e-01
2.224013209342956543e-02
7.990750074386596680e-01
2.238327711820602417e-01
8.475315570831298828e-01
3.904962241649627686e-01
8.658213540911674500e-03
5.394502729177474976e-02
3.346167504787445068e-02
1.349326316267251968e-02
1.641772687435150146e-02
8.633907139301300049e-02
5.034322738647460938e-01
1.205938011407852173e-01
2.174983732402324677e-02
7.588637471199035645e-01
6.862479448318481445e-02
3.761747777462005615e-01
7.551142573356628418e-02
2.684077024459838867e+00
1.671935617923736572e-02
5.830669403076171875e-02
6.318251788616180420e-02
1.344607174396514893e-01
1.755363121628761292e-02
2.166977897286415100e-02
6.455279886722564697e-02
8.575104176998138428e-03
2.255658246576786041e-02
8.461755514144897461e-01
4.209515452384948730e-01
0.000000000000000000e+00
4.815697669982910156e-02
3.602268695831298828e-01
3.367232978343963623e-01
1.886032521724700928e-01
2.073917388916015625e+00
3.131344914436340332e-01
8.728463202714920044e-02
1.169420242309570312e+00
3.871746957302093506e-01
5.901448130607604980e-01
1.994371265172958374e-01
1.360075175762176514e-01
2.805140987038612366e-02
5.607679486274719238e-01
6.592270731925964355e-01
5.824867486953735352e-01
3.555988669395446777e-01
1.656532101333141327e-02
5.963786244392395020e-01
1.117482185363769531e+00
9.693865776062011719e-01
1.634515285491943359e+00
4.024767503142356873e-02
3.320635855197906494e-01
0.000000000000000000e+00
1.437580138444900513e-01
1.649854481220245361e-01
1.380854845046997070e-01
6.029154658317565918e-01
2.961450099945068359e+00
1.119019627571105957e+00
2.894798040390014648e+00
1.929137825965881348e+00
1.329321265220642090e-01
2.639648318290710449e-02
9.579221606254577637e-01
3.182781338691711426e-01
8.240397274494171143e-02
6.052030324935913086e-01
8.291600942611694336e-01
4.382614046335220337e-02
1.967776656150817871e+00
1.383770555257797241e-01
9.704824686050415039e-01
5.263131260871887207e-01
1.170623540878295898e+00
2.616733871400356293e-02
8.490356206893920898e-01
1.118053555488586426e+00
5.432681441307067871e-01
4.190774559974670410e-01
1.410618275403976440e-01
5.836566090583801270e-01
8.122438192367553711e-01
9.769154340028762817e-02
2.829175293445587158e-01
2.680907845497131348e-01
2.777155339717864990e-01
8.133842796087265015e-02
1.332428753376007080e-01
1.252327673137187958e-02
1.950274705886840820e+00
5.827291607856750488e-01
1.661360561847686768e-01
1.515705943107604980e+00
0.000000000000000000e+00
3.634798228740692139e-01
1.794555187225341797e+00
2.870491445064544678e-01
0.000000000000000000e+00
1.537702232599258423e-01
0.000000000000000000e+00
1.060985445976257324e+00
1.375082254409790039e+00
1.413372065871953964e-02
1.882398575544357300e-01
1.545080393552780151e-01
1.329774707555770874e-01
1.291304230690002441e+00
1.706849485635757446e-01
2.153450101613998413e-01
0.000000000000000000e+00
8.070220053195953369e-02
3.894415795803070068e-01
4.171184301376342773e-01
3.563527762889862061e-02
1.181023195385932922e-02
5.432766079902648926e-01
4.056538939476013184e-01
0.000000000000000000e+00
1.615615338087081909e-01
6.396517902612686157e-02
1.968913152813911438e-02
2.522843182086944580e-01
6.120795756578445435e-02
2.029201984405517578e-01
9.983351826667785645e-01
5.148666445165872574e-03
1.752340197563171387e+00
1.234056115150451660e+00
1.151148527860641479e-01
3.405545711517333984e+00
3.759901821613311768e-01
1.132844537496566772e-01
1.805554926395416260e-01
0.000000000000000000e+00
1.789836436510086060e-01
1.448340892791748047e+00
4.199706912040710449e-01
9.583181142807006836e-01
1.707645952701568604e-01
8.133812807500362396e-03
2.495676577091217041e-01
2.326098531484603882e-01
3.423749506473541260e-01
3.636730313301086426e-01
7.969991862773895264e-02
9.665416553616523743e-03
2.559262514114379883e-01
1.571700215339660645e+00
7.567392587661743164e-01
2.974566072225570679e-03
3.575739860534667969e-01
6.308907270431518555e-02
8.123549818992614746e-01
0.000000000000000000e+00
8.794301003217697144e-02
1.862598955631256104e-01
2.483757212758064270e-02
4.000465869903564453e-01
2.482936620712280273e+00
1.601014137268066406e+00
3.931832313537597656e-02
1.656837463378906250e-01
8.908884525299072266e-01
1.953090071678161621e+00
4.383839294314384460e-02
5.794736742973327637e-01
0.000000000000000000e+00
1.441073179244995117e+00
3.471961021423339844e-01
4.192040860652923584e-01
7.081401348114013672e-02
7.298249006271362305e-01
1.690963506698608398e-01
2.515890076756477356e-02
1.959520280361175537e-01
1.628948189318180084e-02
3.159148097038269043e-01
6.104226112365722656e-01
8.933985233306884766e-02
1.177244305610656738e+00
0.000000000000000000e+00
4.299302697181701660e-01
1.023363351821899414e+00
1.237986922264099121e+00
1.017950053210370243e-04
9.889107197523117065e-02
1.238810300827026367e+00
7.214318215847015381e-02
1.652672439813613892e-01
9.137310385704040527e-01
8.504102230072021484e-01
4.109290838241577148e-01
7.830624580383300781e-01
1.201163046061992645e-02
6.335855275392532349e-02
3.822114169597625732e-01
2.399125546216964722e-01
5.260467901825904846e-02
1.767444163560867310e-01
3.523288369178771973e-01
0.000000000000000000e+00
4.547327756881713867e-01
1.541785150766372681e-01
8.051261305809020996e-02
6.244436502456665039e-01
1.762358471751213074e-02
1.892483234405517578e-01
6.389716267585754395e-01
0.000000000000000000e+00
1.763933777809143066e+00
1.518344879150390625e-01
4.866610169410705566e-01
1.242055147886276245e-01
2.891460657119750977e-01
1.204363465309143066e+00
0.000000000000000000e+00
1.978844106197357178e-01
2.325153350830078125e-02
3.258029520511627197e-01
1.798018962144851685e-01
3.138978779315948486e-01
5.891752839088439941e-01
2.510724961757659912e-01
1.520601212978363037e-01
9.526119828224182129e-01
8.630087971687316895e-01
4.612777233123779297e-01
5.292149186134338379e-01
4.585467651486396790e-02
5.148155689239501953e-01
1.252520084381103516e+00
0.000000000000000000e+00
1.039296507835388184e+00
3.044794686138629913e-02
1.321377635002136230e+00
1.117195039987564087e-01
5.024586319923400879e-01
4.070622473955154419e-02
1.679908335208892822e-01
5.365466475486755371e-01
3.878419697284698486e-01
7.979228496551513672e-01
0.000000000000000000e+00
2.625860691070556641e+00
2.062673494219779968e-02
2.301578670740127563e-01
1.970690861344337463e-02
9.095708131790161133e-01
1.381091680377721786e-02
9.426009654998779297e-01
1.537039428949356079e-01
1.880856871604919434e+00
3.452120721340179443e-02
2.696464359760284424e-01
1.493251323699951172e-01
1.036168813705444336e+00
2.236774750053882599e-02
2.281704694032669067e-01
4.486618191003799438e-02
1.083850637078285217e-01
4.090768098831176758e-01
1.363332748413085938e+00
8.440399169921875000e-02
1.252150982618331909e-01
5.859853029251098633e-01
4.739305675029754639e-01
1.156031966209411621e+00
5.579462051391601562e-01
8.876909613609313965e-01
8.275098204612731934e-01
5.091866850852966309e-02
2.318096011877059937e-01
1.479636669158935547e+00
4.534818828105926514e-01
2.857072055339813232e-01
2.945091426372528076e-01
2.036317586898803711e-01
0.000000000000000000e+00
8.687848597764968872e-02
7.605057209730148315e-02
9.844565391540527344e-01
4.717231392860412598e-01
1.748676896095275879e-01
1.119101524353027344e+00
4.587997794151306152e-01
1.694639623165130615e-01
2.290418863296508789e+00
1.053763389587402344e+00
6.522408127784729004e-01
1.498930305242538452e-01
7.773472666740417480e-01
1.653513014316558838e-01
3.181950747966766357e-02
1.268039822578430176e+00
2.264034897089004517e-01
1.636149175465106964e-02
4.561790078878402710e-02
2.217900007963180542e-02
1.181395411491394043e+00
1.630872189998626709e-01
2.496220320463180542e-01
5.664178356528282166e-02
1.744564294815063477e+00
4.843678772449493408e-01
1.593830250203609467e-02
1.242864578962326050e-01
4.428635835647583008e-01
9.592148475348949432e-03
3.762831091880798340e-01
1.723588677123188972e-03
1.118939280509948730e+00
7.251804322004318237e-02
1.985585689544677734e+00
1.867878556251525879e+00
1.542562484741210938e+00
3.176534473896026611e-01
3.844497501850128174e-01
7.015496492385864258e-02
3.438749909400939941e-02
0.000000000000000000e+00
5.143626332283020020e-01
3.003069385886192322e-02
1.603173762559890747e-01
1.263454407453536987e-01
6.942110657691955566e-01
1.069934293627738953e-02
5.202797651290893555e-01
8.829853534698486328e-01
1.064792037010192871e+00
2.265691012144088745e-01
1.069403663277626038e-01
1.923779100179672241e-01
9.253537058830261230e-01
1.310771703720092773e-01
8.017417788505554199e-02
1.780474334955215454e-01
3.495428860187530518e-01
7.684211730957031250e-01
3.053421974182128906e-01
4.696075618267059326e-02
6.431201100349426270e-01
1.085293769836425781e+00
1.760311275720596313e-01
1.395402908325195312e+00
6.393887996673583984e-01
3.969302177429199219e-01
1.630471110343933105e+00
4.080408811569213867e-01
5.934541113674640656e-03
2.760538458824157715e-01
1.453708410263061523e+00
8.416488170623779297e-01
2.654680609703063965e-01
1.608668118715286255e-01
2.387324333190917969e+00
1.962542176246643066e+00
1.063561439514160156e-01
7.895088195800781250e-01
0.000000000000000000e+00
0.000000000000000000e+00
6.098345279693603516e+00
1.461657047271728516e+00
1.980845093727111816e+00
5.670886039733886719e-01
6.739880423992872238e-03
8.251525163650512695e-01
3.300893008708953857e-01
0.000000000000000000e+00
0.000000000000000000e+00
5.124383419752120972e-02
1.442637294530868530e-01
6.100327372550964355e-01
0.000000000000000000e+00
1.114374637603759766e+00
4.592794179916381836e-01
6.327646374702453613e-01
4.787530303001403809e-01
4.159286916255950928e-01
9.201275557279586792e-02
1.080844521522521973e+00
4.119333624839782715e-02
4.485103487968444824e-01
1.845572590827941895e+00
2.518809080123901367e+00
4.991108775138854980e-01
8.356060087680816650e-02
1.145113855600357056e-01
1.042409896850585938e+00
1.222302168607711792e-01
0.000000000000000000e+00
5.381813049316406250e-01
7.887458056211471558e-02
1.654736138880252838e-02
1.843470811843872070e+00
5.611534714698791504e-01
5.097845196723937988e-01
3.736495971679687500e-01
2.209650576114654541e-01
3.106689266860485077e-02
3.612697720527648926e-01
9.087122045457363129e-03
1.175616532564163208e-01
4.286705255508422852e-01
4.876257896423339844e+00
3.364177644252777100e-01
3.149840235710144043e-01
2.588008344173431396e-01
1.041529417037963867e+00
6.945372372865676880e-02
1.618046164512634277e+00
1.217212200164794922e+00
9.153416752815246582e-01
7.295575141906738281e-01
2.219574600458145142e-01
3.542186915874481201e-01
1.559316635131835938e+00
1.058034375309944153e-01
0.000000000000000000e+00
7.050674874335527420e-03
6.354241371154785156e-01
1.901608943939208984e+00
9.248722791671752930e-01
4.179378449916839600e-01
3.798078373074531555e-02
8.707231283187866211e-01
7.305926829576492310e-02
7.784681767225265503e-02
4.953469932079315186e-01
2.420769929885864258e-01
2.168817371129989624e-01
2.396295778453350067e-02
0.000000000000000000e+00
1.004129171371459961e+00
2.102833390235900879e-01
1.149229764938354492e+00
4.755229223519563675e-03
2.765050232410430908e-01
6.580848693847656250e-01
5.425937771797180176e-01
4.069802165031433105e-01
1.269469708204269409e-01
1.423650741577148438e+00
0.000000000000000000e+00
6.693463921546936035e-01
1.988802552223205566e-01
3.356831893324851990e-02
1.137592364102602005e-03
0.000000000000000000e+00
4.880148470401763916e-01
1.086192056536674500e-01
1.427188068628311157e-01
3.825820283964276314e-03
9.272096306085586548e-02
5.077290907502174377e-02
0.000000000000000000e+00
3.527997136116027832e-01
1.929626218043267727e-03
1.322498917579650879e-01
1.223566174507141113e+00
0.000000000000000000e+00
7.553956937044858932e-03
4.698067158460617065e-02
1.093837261199951172e+00
2.414991892874240875e-02
4.170634225010871887e-02
8.317657709121704102e-01
8.542671054601669312e-02
1.310396660119295120e-02
1.890411019325256348e+00
0.000000000000000000e+00
4.620799720287322998e-01
1.512466222047805786e-01
1.305572539567947388e-01
4.022189974784851074e-02
1.783461123704910278e-01
6.344002485275268555e-01
0.000000000000000000e+00
1.969335079193115234e-01
8.858194202184677124e-02
6.618478894233703613e-01
3.956689964979887009e-03
5.377643704414367676e-01
1.870368838310241699e+00
2.958464622497558594e-01
5.328991413116455078e-01
3.158495426177978516e-01
7.623017579317092896e-02
1.873537153005599976e-01
2.771612070500850677e-02
1.647195816040039062e+00
2.104998677968978882e-01
6.584100723266601562e-01
4.902273789048194885e-02
5.725219473242759705e-02
3.279511332511901855e-01
9.530985355377197266e-01
5.040378123521804810e-02
1.821281313896179199e-01
0.000000000000000000e+00
3.630672395229339600e-01
1.319228671491146088e-02
1.554565280675888062e-01
2.605951786041259766e+00
2.158065180992707610e-04
0.000000000000000000e+00
6.059119701385498047e-01
7.076912373304367065e-02
4.611796140670776367e-01
0.000000000000000000e+00
1.046864628791809082e+00
9.485119581222534180e-02
0.000000000000000000e+00
3.783439472317695618e-02
2.561748027801513672e-01
1.157549768686294556e-01
1.225596386939287186e-02
7.083634138107299805e-01
1.272029336541891098e-02
6.063498258590698242e-01
5.091952085494995117e-01
2.071494609117507935e-01
0.000000000000000000e+00
1.916685886681079865e-02
1.002996087074279785e+00
2.923384666442871094e+00
1.804470866918563843e-01
0.000000000000000000e+00
4.261842072010040283e-01
1.649142503738403320e-01
9.909937530755996704e-02
8.087649345397949219e-01
9.029091000556945801e-01
8.792652487754821777e-01
2.921169102191925049e-01
5.798307657241821289e-01
1.402175873517990112e-01
7.821338176727294922e-01
5.850190669298171997e-02
1.128247976303100586e+00
8.003945350646972656e-01
0.000000000000000000e+00
0.000000000000000000e+00
2.629681304097175598e-02
7.292720079421997070e-01
2.909337729215621948e-02
1.924663305282592773e+00
5.010322667658329010e-03
6.459370255470275879e-01
2.128650620579719543e-02
0.000000000000000000e+00
1.121369481086730957e+00
7.492848485708236694e-02
3.511425480246543884e-02
5.972234010696411133e-01
4.843837320804595947e-01
1.014338493347167969e+00
3.636698722839355469e-01
2.529470443725585938e+00
3.819741308689117432e-02
2.012882679700851440e-01
1.137705594301223755e-01
2.877547740936279297e-01
5.795128345489501953e-01
7.828511595726013184e-01
3.711785748600959778e-02
2.753903716802597046e-02
2.136005908250808716e-01
2.236040353775024414e+00
6.352326273918151855e-02
1.264844671823084354e-03
1.645799130201339722e-01
4.507438242435455322e-01
2.643217332661151886e-02
1.640332579612731934e+00
6.250847578048706055e-01
1.649375110864639282e-01
1.919370740652084351e-01
3.007018864154815674e-01
3.122008144855499268e-01
2.677517244592308998e-03
2.292781025171279907e-01
2.009560465812683105e-01
1.267793029546737671e-01
1.128051057457923889e-01
1.320004314184188843e-01
1.066733300685882568e-01
1.204077079892158508e-01
4.560511708259582520e-01
5.502337813377380371e-01
1.011818274855613708e-01
0.000000000000000000e+00
3.351513668894767761e-02
3.613636195659637451e-01
1.349553912878036499e-01
1.054641753435134888e-01
7.466601729393005371e-01
1.557182431221008301e+00
9.289086610078811646e-02
9.470112621784210205e-03
1.619220525026321411e-02
1.265146732330322266e-01
9.553401172161102295e-02
1.265906333923339844e+00
1.739582717418670654e-01
2.878299355506896973e-01
0.000000000000000000e+00
6.929621696472167969e-01
4.923801124095916748e-02
1.068127751350402832e-01
2.977039515972137451e-01
8.089243173599243164e-01
1.454597562551498413e-01
2.487594820559024811e-02
2.643848061561584473e-01
6.783684343099594116e-02
1.089040160179138184e+00
2.221814692020416260e-01
0.000000000000000000e+00
6.609143614768981934e-01
5.851390585303306580e-02
1.818693161010742188e+00
9.835847467184066772e-02
2.537287212908267975e-02
2.172444015741348267e-01
7.168298959732055664e-02
1.553449392318725586e+00
8.831580728292465210e-02
6.867188215255737305e-02
5.158566832542419434e-01
4.004769325256347656e+00
0.000000000000000000e+00
3.176651298999786377e-01
2.712349593639373779e-01
1.028710603713989258e+00
3.036749362945556641e-01
2.680428028106689453e-01
1.961759775876998901e-01
5.432394146919250488e-01
3.121596872806549072e-01
1.345371752977371216e-01
1.287185788154602051e+00
1.152050271630287170e-01
1.948059201240539551e-01
3.416314423084259033e-01
2.956662654876708984e+00
2.877452969551086426e-01
5.162929892539978027e-01
0.000000000000000000e+00
7.049258053302764893e-02
1.548604294657707214e-02
1.828329861164093018e-01
7.771424055099487305e-01
1.299877315759658813e-01
9.302797317504882812e-01
3.207314386963844299e-02
1.345072865486145020e+00
4.292527735233306885e-01
7.313948869705200195e-01
2.078266143798828125e-01
8.291915059089660645e-02
1.777882128953933716e-01
9.771612472832202911e-03
1.779768243432044983e-02
8.671038597822189331e-02
6.415983438491821289e-01
5.948164463043212891e-01
2.340212315320968628e-01
5.224753916263580322e-02
2.768622636795043945e-01
1.951855868101119995e-01
1.638175129890441895e+00
2.951317094266414642e-02
2.657443284988403320e-01
1.288918972015380859e+00
4.518258199095726013e-02
6.631833314895629883e-01
4.396905303001403809e-01
4.839599132537841797e-01
5.124199087731540203e-04
1.534761667251586914e+00
1.965104639530181885e-01
4.883191883563995361e-01
9.235861778259277344e+00
0.000000000000000000e+00
7.173122763633728027e-01
1.108840465545654297e+00
1.463740170001983643e-01
6.651068925857543945e-01
5.796733498573303223e-01
8.031937479972839355e-01
1.728523075580596924e-01
6.052126884460449219e-01
0.000000000000000000e+00
0.000000000000000000e+00
1.403632909059524536e-01
6.171956062316894531e-01
1.249006986618041992e-01
0.000000000000000000e+00
9.916194528341293335e-02
1.561853289604187012e-01
1.478361845016479492e+00
1.391751617193222046e-01
2.320982515811920166e-02
2.984778165817260742e+00
0.000000000000000000e+00
6.340432167053222656e-01
1.494302392005920410e+00
8.946382403373718262e-01
1.894408650696277618e-02
6.033540144562721252e-02
4.099152982234954834e-01
5.833477377891540527e-01
1.694678664207458496e-01
1.008562684059143066e+00
3.907173126935958862e-02
6.398261990398168564e-03
6.001103520393371582e-01
3.938119113445281982e-01
1.097280532121658325e-01
6.429810822010040283e-02
6.616981625556945801e-01
4.586440026760101318e-01
3.041332773864269257e-02
2.192533016204833984e+00
1.667485013604164124e-02
7.181078195571899414e-02
7.313753962516784668e-01
3.809247631579637527e-03
1.818194091320037842e-01
1.405167430639266968e-01
2.073275744915008545e-01
3.196113556623458862e-02
7.616800665855407715e-01
3.219006583094596863e-02
1.640919446945190430e-01
4.668163880705833435e-02
6.100029945373535156e-01
7.416098564863204956e-02
1.487584114074707031e+00
4.830848053097724915e-02
5.611069202423095703e-01
4.233130812644958496e-02
2.483378164470195770e-02
1.937585920095443726e-01
3.018662333488464355e-01
2.012223005294799805e-01
9.909579157829284668e-01
1.690971553325653076e-01
9.200190305709838867e-01
1.397510431706905365e-02
1.915725827217102051e+00
1.838446378707885742e+00
3.766548261046409607e-02
2.953613281250000000e+00
2.870726585388183594e-01
8.025892376899719238e-01
9.861630797386169434e-01
5.700020194053649902e-01
3.853139281272888184e-01
3.641927614808082581e-02
3.972203135490417480e-01
5.806392291560769081e-04
3.074233531951904297e-01
5.022444725036621094e-01
2.937772311270236969e-02
0.000000000000000000e+00
1.629182510077953339e-02
4.881567880511283875e-02
4.978386759757995605e-01
1.091579318046569824e+00
1.682221889495849609e-01
1.757830940186977386e-02
2.561437897384166718e-02
7.591910958290100098e-01
1.217894196510314941e+00
1.633651927113533020e-02
5.728324055671691895e-01
1.138497829437255859e+00
1.525366008281707764e-01
9.267411231994628906e-01
8.747666329145431519e-02
8.832871317863464355e-01
6.298573315143585205e-02
1.028873026371002197e-02
1.824842952191829681e-02
1.447708964347839355e+00
3.044314682483673096e-01
3.866271972656250000e-01
3.207163810729980469e+00
4.175005555152893066e-01
1.858303099870681763e-01
1.383662372827529907e-01
2.413280308246612549e-01
7.406197190284729004e-01
1.210504844784736633e-01
5.017333626747131348e-01
4.388824701309204102e-01
3.462433099746704102e+00
9.639729857444763184e-01
5.224441885948181152e-01
4.862361848354339600e-01
1.473783850669860840e+00
0.000000000000000000e+00
8.573907613754272461e-02
1.652244329452514648e-01
0.000000000000000000e+00
7.928331941366195679e-02
2.980169057846069336e-01
1.419861316680908203e-01
6.494063138961791992e-01
2.012948840856552124e-01
1.104560419917106628e-01
0.000000000000000000e+00
3.012074828147888184e-01
7.055870294570922852e-01
2.241094827651977539e+00
5.552459880709648132e-02
0.000000000000000000e+00
2.449037551879882812e+00
8.775560855865478516e-01
7.106417417526245117e-02
3.363139629364013672e-01
2.178803980350494385e-01
2.140703201293945312e+00
6.113492697477340698e-02
7.827879190444946289e-01
6.781031191349029541e-02
2.043715119361877441e-01
9.124740958213806152e-03
3.769783973693847656e-01
2.866616010665893555e+00
3.463652431964874268e-01
1.355025291442871094e+00
5.333021283149719238e-01
0.000000000000000000e+00
6.740418076515197754e-02
4.310790598392486572e-01
5.192782878875732422e-01
1.910311877727508545e-01
2.063035815954208374e-01
5.259311944246292114e-02
8.424143195152282715e-01
2.407567799091339111e-01
1.780012130737304688e+00
5.838006138801574707e-01
9.580655694007873535e-01
8.912022709846496582e-01
2.626809179782867432e-01
2.299602627754211426e-01
2.768804319202899933e-02
2.483735799789428711e+00
5.312216654419898987e-02
1.277021765708923340e-01
9.428075551986694336e-01
9.561577439308166504e-02
3.896653652191162109e-01
2.264684140682220459e-01
1.633459180593490601e-01
6.595934182405471802e-02
1.152097463607788086e+00
7.925246953964233398e-01
1.229596138000488281e+00
2.380240708589553833e-01
1.597281694412231445e-01
1.666860431432723999e-01
9.078209400177001953e-01
0.000000000000000000e+00
3.129592165350914001e-02
1.129673123359680176e+00
6.587679386138916016e-01
3.512307703495025635e-01
3.052451014518737793e-01
1.467706561088562012e-01
1.033743143081665039e+00
9.578263387084007263e-03
0.000000000000000000e+00
9.018881618976593018e-02
1.564239382743835449e+00
1.158302903175354004e+00
5.145190656185150146e-02
3.134388029575347900e-01
9.634371846914291382e-02
4.355374276638031006e-01
6.655682325363159180e-01
8.483512327075004578e-03
2.258324861526489258e+00
1.503554284572601318e-01
0.000000000000000000e+00
4.340203404426574707e-01
4.410462379455566406e-01
0.000000000000000000e+00
6.649638414382934570e-01
1.316591978073120117e+00
1.961265802383422852e-01
7.820104360580444336e-01
6.052366495132446289e-01
4.401890933513641357e-02
1.912885457277297974e-01
6.691516190767288208e-02
0.000000000000000000e+00
2.380253672599792480e-01
4.218942642211914062e+00
9.590152651071548462e-02
5.408320203423500061e-02
1.384194254875183105e+00
7.641264051198959351e-02
1.813030362129211426e+00
8.679436519742012024e-03
1.909787058830261230e+00
4.274036586284637451e-01
5.364759638905525208e-02
1.168786361813545227e-01
3.360138237476348877e-01
6.449927687644958496e-01
6.726768016815185547e-01
5.692755430936813354e-02
2.409672886133193970e-01
7.936539649963378906e-01
1.266763210296630859e+00
8.132568001747131348e-01
2.687570750713348389e-01
1.098837554454803467e-01
0.000000000000000000e+00
6.412495374679565430e-01
5.311746597290039062e-01
1.892008930444717407e-01
4.234714210033416748e-01
7.880704104900360107e-02
5.108773112297058105e-01
2.953698039054870605e-01
2.395994961261749268e-01
0.000000000000000000e+00
6.719980239868164062e-01
4.463193938136100769e-02
1.165973916649818420e-01
8.537330627441406250e-01
7.340102195739746094e-01
4.046432077884674072e-01
8.864310383796691895e-01
3.102055191993713379e-02
3.966176211833953857e-01
5.275210738182067871e-02
4.428533315658569336e-01
0.000000000000000000e+00
1.131540089845657349e-01
7.322239875793457031e-01
5.295671820640563965e-01
2.066870927810668945e-01
6.176115274429321289e-01
3.040967695415019989e-02
8.722511120140552521e-03
2.492116093635559082e-01
4.451981186866760254e-02
1.341590583324432373e-01
0.000000000000000000e+00
3.148254752159118652e-01
