6.575720012187957764e-02
2.709638141095638275e-02
7.392453402280807495e-02
1.191549181938171387e+00
4.458155948668718338e-03
1.014825463294982910e+00
1.318567991256713867e+00
4.686129093170166016e-01
3.503915369510650635e-01
2.792929708957672119e-01
3.997548297047615051e-02
7.863036394119262695e-01
6.905934214591979980e-02
4.280922468751668930e-03
0.000000000000000000e+00
2.921535670757293701e-01
0.000000000000000000e+00
1.681814670562744141e+00
5.648567676544189453e-01
3.507423773407936096e-02
1.113885521888732910e+00
2.899346947669982910e-01
1.389148235321044922e-01
4.268167912960052490e-01
5.848695710301399231e-02
1.920716017484664917e-01
7.375891506671905518e-02
1.481733620166778564e-01
2.988389432430267334e-01
2.418940886855125427e-02
5.042167305946350098e-01
1.754107624292373657e-01
2.999128997325897217e-01
9.705321490764617920e-02
1.595092862844467163e-01
4.852949678897857666e-01
2.618772676214575768e-03
1.042319908738136292e-01
3.935715854167938232e-01
1.736150495707988739e-02
7.365925610065460205e-02
2.156424671411514282e-01
2.708802223205566406e-01
1.601956933736801147e-01
1.405660714954137802e-02
2.072702199220657349e-01
1.231425162404775620e-02
0.000000000000000000e+00
5.985762458294630051e-03
2.411783486604690552e-02
6.050803884863853455e-02
1.917769759893417358e-01
2.497729212045669556e-01
4.758271574974060059e-01
2.302520573139190674e-01
1.986763179302215576e-01
2.437590211629867554e-01
0.000000000000000000e+00
2.463389486074447632e-01
1.661356836557388306e-01
4.525429904460906982e-01
6.228656172752380371e-01
4.501239955425262451e-01
2.842834033071994781e-02
1.335663437843322754e+00
4.444940388202667236e-01
4.542232155799865723e-01
4.903143942356109619e-01
6.078740358352661133e-01
0.000000000000000000e+00
9.435688145458698273e-03
5.634261369705200195e-01
9.347944706678390503e-02
1.102632284164428711e-01
4.363342225551605225e-01
1.161515563726425171e-01
8.366528749465942383e-01
1.485460847616195679e-01
3.980341553688049316e-01
4.011201858520507812e-02
3.266924917697906494e-01
6.024298667907714844e-01
1.023109070956707001e-02
1.951646991074085236e-03
4.446423649787902832e-01
1.259380340576171875e+00
1.903856247663497925e-01
0.000000000000000000e+00
8.738726377487182617e-01
2.586025185883045197e-02
2.852570414543151855e-01
1.126551851630210876e-01
2.999159740284085274e-03
7.081720512360334396e-03
2.211918979883193970e-01
5.517801046371459961e-01
9.379829168319702148e-01
3.326793760061264038e-02
3.663313575088977814e-03
5.526936054229736328e-01
1.643057912588119507e-01
1.347732394933700562e-01
8.719599843025207520e-01
2.379241228103637695e+00
9.247540831565856934e-01
2.947765588760375977e-01
0.000000000000000000e+00
1.378009282052516937e-02
4.464008212089538574e-01
1.499743759632110596e-01
2.379948496818542480e-01
2.527699768543243408e-01
2.898474633693695068e-01
1.585098952054977417e-01
5.601291060447692871e-01
0.000000000000000000e+00
5.662675499916076660e-01
3.309335093945264816e-03
6.424467265605926514e-02
2.899233341217041016e+00
7.287950515747070312e-01
4.490978419780731201e-01
1.050463467836380005e-01
1.578208327293395996e+00
6.196645736694335938e+00
4.199357237666845322e-03
0.000000000000000000e+00
3.516762852668762207e-01
0.000000000000000000e+00
0.000000000000000000e+00
3.776440620422363281e-01
5.964419841766357422e-01
0.000000000000000000e+00
3.628568053245544434e-01
8.386289700865745544e-03
5.681462287902832031e-01
4.715981781482696533e-01
8.525727987289428711e-01
2.221022844314575195e+00
1.635328650474548340e+00
8.866008283803239465e-05
8.255851864814758301e-01
7.481887191534042358e-02
7.546717673540115356e-02
1.768625713884830475e-02
2.374630980193614960e-02
9.231343865394592285e-01
3.794354796409606934e-01
2.201360650360584259e-02
8.369227498769760132e-02
2.564309239387512207e-01
1.828718036413192749e-01
2.266918182373046875e+00
0.000000000000000000e+00
9.972385317087173462e-02
6.195164322853088379e-01
5.962690338492393494e-03
2.045295834541320801e-01
2.967709004878997803e-01
2.391550540924072266e-01
6.878805905580520630e-02
1.187387034296989441e-01
9.795181751251220703e-01
1.487440466880798340e-01
0.000000000000000000e+00
9.914906024932861328e-01
3.120412118732929230e-02
8.334890007972717285e-03
3.322080895304679871e-02
1.482134610414505005e-01
7.582522034645080566e-01
0.000000000000000000e+00
3.404408693313598633e-01
8.278904855251312256e-02
0.000000000000000000e+00
1.108325738459825516e-02
1.117509696632623672e-02
1.421000242233276367e+00
2.493025511503219604e-01
7.577428817749023438e-01
1.131561351940035820e-03
5.371087789535522461e-02
1.198617577552795410e+00
3.631693869829177856e-02
5.777201652526855469e-01
1.078214868903160095e-01
1.157456934452056885e-01
9.190180897712707520e-01
3.280917704105377197e-01
7.003281265497207642e-02
1.738550662994384766e-01
3.849852681159973145e-01
4.376913905143737793e-01
1.933845505118370056e-02
0.000000000000000000e+00
5.193952098488807678e-02
3.045130729675292969e+00
1.352771043777465820e+00
2.104632258415222168e-01
7.074574232101440430e-01
1.156123355031013489e-02
5.520580336451530457e-02
6.734273862093687057e-03
4.747860878705978394e-02
4.718665778636932373e-01
1.826691925525665283e-01
4.819057285785675049e-01
4.812270104885101318e-01
0.000000000000000000e+00
3.638194501399993896e-02
5.604999605566263199e-03
1.882383376359939575e-01
9.733610786497592926e-03
6.429040431976318359e-02
8.117151856422424316e-01
1.626436263322830200e-01
0.000000000000000000e+00
1.963569641113281250e+00
0.000000000000000000e+00
0.000000000000000000e+00
2.263561040163040161e-01
5.967284739017486572e-02
2.696907520294189453e-01
0.000000000000000000e+00
0.000000000000000000e+00
9.572617411613464355e-01
2.131595648825168610e-02
1.598267108201980591e-01
6.179031729698181152e-01
1.006044968962669373e-01
1.416999194771051407e-02
0.000000000000000000e+00
1.616980671882629395e+00
1.237100213766098022e-01
6.180344615131616592e-03
0.000000000000000000e+00
1.043876409530639648e-01
1.241037845611572266e+00
0.000000000000000000e+00
2.737103402614593506e-01
6.137198954820632935e-02
6.026618480682373047e-01
2.922857403755187988e-01
8.261808156967163086e-01
1.268730312585830688e-01
7.000531535595655441e-03
0.000000000000000000e+00
1.232920065522193909e-01
1.706606149673461914e-01
2.492063939571380615e-01
1.089067384600639343e-02
5.111325383186340332e-01
1.500225782394409180e+00
1.071969270706176758e-01
3.602667450904846191e-01
2.844454646110534668e-01
1.786923594772815704e-02
0.000000000000000000e+00
0.000000000000000000e+00
4.199201166629791260e-01
1.511008739471435547e-01
3.702530264854431152e-01
2.137990742921829224e-01
8.387776464223861694e-02
1.546437442302703857e-01
2.493917383253574371e-02
1.350181698799133301e-01
1.609233766794204712e-01
9.789373725652694702e-02
3.725362420082092285e-01
3.355776369571685791e-01
4.423270002007484436e-02
1.461134105920791626e-01
0.000000000000000000e+00
3.490785062313079834e-01
7.261223196983337402e-01
1.745266765356063843e-01
3.685995191335678101e-02
1.484645009040832520e-01
8.630415797233581543e-02
6.975820064544677734e-01
5.021374225616455078e-01
1.188794374465942383e-01
5.739627480506896973e-01
1.281587719917297363e+00
8.700332641601562500e-01
1.684186980128288269e-02
3.293380886316299438e-02
7.304923534393310547e-01
2.017583400011062622e-01
6.003304384648799896e-03
3.463607430458068848e-01
1.204920560121536255e-01
3.411650657653808594e-03
0.000000000000000000e+00
4.428848624229431152e-01
2.803525701165199280e-02
2.494289278984069824e-01
1.766250252723693848e+00
5.858479812741279602e-02
1.095029592514038086e+00
4.733795225620269775e-01
7.617106437683105469e-01
2.288403034210205078e+00
2.340966761112213135e-01
2.050387114286422729e-01
2.294846922159194946e-01
3.618014454841613770e-01
2.950136065483093262e-01
8.640673756599426270e-02
2.346870005130767822e-01
2.226454913616180420e-01
1.749431967735290527e+00
1.162971556186676025e-02
1.512358784675598145e+00
5.830211639404296875e-01
3.137589991092681885e-01
1.139481812715530396e-01
9.042737074196338654e-03
1.920251250267028809e-01
1.556569188833236694e-01
2.935363948345184326e-01
3.679730892181396484e-01
5.679464936256408691e-01
2.070377916097640991e-01
4.497298896312713623e-01
6.690012216567993164e-01
4.390317201614379883e-01
1.433448400348424911e-02
1.141149997711181641e+00
0.000000000000000000e+00
2.197615385055541992e+00
3.067466914653778076e-01
3.654688894748687744e-01
2.200340852141380310e-03
4.218320548534393311e-01
5.658746138215065002e-02
4.767252132296562195e-02
1.792104601860046387e+00
7.367970794439315796e-02
0.000000000000000000e+00
1.254272758960723877e-01
0.000000000000000000e+00
0.000000000000000000e+00
1.166890412569046021e-01
0.000000000000000000e+00
3.067940287292003632e-02
3.336742520332336426e-01
1.401465237140655518e-01
3.923818767070770264e-01
4.112698435783386230e-01
2.788671851158142090e-01
7.007794976234436035e-01
1.685635000467300415e-02
1.507655978202819824e-01
9.658670425415039062e-01
0.000000000000000000e+00
1.145991906523704529e-01
3.789873793721199036e-02
6.185817122459411621e-01
3.390323817729949951e-01
1.622059941291809082e-01
0.000000000000000000e+00
5.739064812660217285e-01
2.225355245172977448e-03
3.099544048309326172e-01
7.242479920387268066e-02
3.208599388599395752e-01
0.000000000000000000e+00
4.953815937042236328e-01
1.348339319229125977e-01
5.109771490097045898e-01
1.042688608169555664e+00
7.071085572242736816e-01
8.595506548881530762e-01
6.689739972352981567e-02
2.138065546751022339e-01
0.000000000000000000e+00
2.819824516773223877e-01
8.092372417449951172e-01
5.893936634063720703e+00
1.279538393020629883e+00
3.672359511256217957e-02
0.000000000000000000e+00
7.890556007623672485e-02
5.625632777810096741e-02
1.283663272857666016e+00
8.746575564146041870e-02
0.000000000000000000e+00
4.940339326858520508e-01
4.363861083984375000e-01
1.492661386728286743e-01
1.854475438594818115e-01
1.218813564628362656e-02
1.814249008893966675e-01
1.183046251535415649e-01
0.000000000000000000e+00
2.783642709255218506e-01
2.310852557420730591e-01
0.000000000000000000e+00
1.216687440872192383e+00
1.825613230466842651e-01
0.000000000000000000e+00
1.859945774078369141e+00
2.372149676084518433e-01
4.959341883659362793e-02
5.598031878471374512e-01
4.382258951663970947e-01
2.221874892711639404e-01
1.274672802537679672e-02
8.081460744142532349e-02
2.489948645234107971e-03
2.588328123092651367e-01
1.373167484998703003e-01
5.454308390617370605e-01
1.681343615055084229e-01
4.882254302501678467e-01
6.536574363708496094e-01
2.817513048648834229e-02
1.896580457687377930e-01
2.648101933300495148e-02
1.077028632164001465e+00
0.000000000000000000e+00
2.669338881969451904e-02
6.367396712303161621e-01
3.066557347774505615e-01
3.430389165878295898e-01
1.538434475660324097e-01
0.000000000000000000e+00
1.038522124290466309e-01
2.014549970626831055e-01
0.000000000000000000e+00
1.028786778450012207e+00
1.196048855781555176e-01
2.584213577210903168e-02
6.677394509315490723e-01
1.529923528432846069e-01
2.857474982738494873e-01
1.728606037795543671e-02
6.046348214149475098e-01
4.247171338647603989e-03
4.615318402647972107e-02
2.483719438314437866e-01
2.191437184810638428e-01
4.997482150793075562e-02
2.529714815318584442e-02
9.167231619358062744e-03
1.368332654237747192e-01
4.949301481246948242e-02
3.173368424177169800e-02
5.790715217590332031e-01
1.306744292378425598e-02
1.024483069777488708e-01
0.000000000000000000e+00
3.037493228912353516e-01
2.690274715423583984e-01
3.330609202384948730e-02
4.260772228240966797e+00
5.765054225921630859e-01
2.553760707378387451e-01
4.448629915714263916e-02
2.151421070098876953e+00
1.112119674682617188e+00
2.308757603168487549e-01
4.547393918037414551e-01
4.103416800498962402e-01
3.197164461016654968e-02
3.748523294925689697e-01
3.576647490262985229e-02
2.779262363910675049e-01
2.390158176422119141e-01
1.534063220024108887e-01
3.456331729888916016e+00
1.121467575430870056e-01
0.000000000000000000e+00
1.973086744546890259e-01
6.348341237753629684e-03
0.000000000000000000e+00
1.592135876417160034e-01
5.557274222373962402e-01
1.819880306720733643e-01
2.533677816390991211e-01
9.148118644952774048e-02
2.079386450350284576e-02
2.553371429443359375e+00
4.404756128787994385e-01
6.786813586950302124e-02
1.234013959765434265e-02
4.464008510112762451e-01
0.000000000000000000e+00
5.269200205802917480e-01
2.446485757827758789e-01
1.324055343866348267e-02
2.024207264184951782e-01
7.808739542961120605e-01
5.699608102440834045e-02
1.560440063476562500e+00
4.374955594539642334e-01
6.773594617843627930e-01
1.308913230895996094e+00
5.048022046685218811e-02
2.605001255869865417e-02
2.016754895448684692e-01
2.378103494644165039e+00
1.112649813294410706e-01
2.745873630046844482e-01
1.701178073883056641e+00
0.000000000000000000e+00
1.045914769172668457e+00
1.353116631507873535e-01
3.836132884025573730e-01
1.528229117393493652e+00
5.634097456932067871e-01
5.995850563049316406e-01
1.963978409767150879e+00
2.237834483385086060e-01
4.368405342102050781e-01
8.322824239730834961e-01
2.652322053909301758e-01
0.000000000000000000e+00
6.601651310920715332e-01
2.321281433105468750e-01
1.400773048400878906e+00
2.843791544437408447e-01
9.937099181115627289e-03
8.250992298126220703e-01
1.036240696907043457e+00
2.496737837791442871e-01
5.363589525222778320e-01
3.730948269367218018e-01
0.000000000000000000e+00
6.688026785850524902e-01
1.365944266319274902e+00
3.110978603363037109e-01
1.615614295005798340e-01
7.492849975824356079e-02
4.266327321529388428e-01
1.154019683599472046e-01
0.000000000000000000e+00
7.921362400054931641e+00
6.806586384773254395e-01
6.979145109653472900e-02
1.278211772441864014e-01
1.510198563337326050e-01
0.000000000000000000e+00
5.836620926856994629e-01
8.501540422439575195e-01
1.284456700086593628e-01
2.227492071688175201e-02
2.190240845084190369e-02
0.000000000000000000e+00
2.648659050464630127e-01
3.055793344974517822e-01
2.185548096895217896e-01
0.000000000000000000e+00
1.037487313151359558e-01
1.988969594240188599e-01
2.365095354616641998e-02
4.656037986278533936e-01
7.889887690544128418e-02
3.909992799162864685e-02
1.497036814689636230e-01
5.833884477615356445e-01
0.000000000000000000e+00
1.714867725968360901e-02
6.855806708335876465e-01
1.598704576492309570e+00
2.051821202039718628e-01
1.060636118054389954e-01
1.035383462905883789e+00
1.831953413784503937e-02
6.804218888282775879e-01
4.019148051738739014e-01
5.055737122893333435e-02
6.943283081054687500e-01
5.584210753440856934e-01
2.502944469451904297e-01
1.318720579147338867e-01
1.901565194129943848e+00
5.070444196462631226e-02
1.422988414764404297e+00
2.431779913604259491e-02
1.545218676328659058e-01
0.000000000000000000e+00
1.962123438715934753e-02
1.596241831779479980e+00
4.880467653274536133e-01
7.454983592033386230e-01
2.892982006072998047e+00
1.554684489965438843e-01
2.167586423456668854e-02
3.319488286972045898e+00
0.000000000000000000e+00
0.000000000000000000e+00
1.277502924203872681e-01
4.722051322460174561e-01
1.421859115362167358e-01
6.474784761667251587e-02
1.288236118853092194e-02
7.081370800733566284e-02
8.574393391609191895e-01
6.442701220512390137e-01
0.000000000000000000e+00
2.125402688980102539e+00
2.546523809432983398e-01
1.801121979951858521e-02
2.381283491849899292e-01
8.841890841722488403e-02
7.931461930274963379e-02
3.328547999262809753e-02
1.749939769506454468e-01
5.138815641403198242e-01
4.284102022647857666e-01
1.436538815498352051e+00
6.504847109317779541e-02
1.723489046096801758e+00
1.248922124505043030e-01
1.071390584111213684e-01
7.377277016639709473e-01
1.447353959083557129e+00
1.139611124992370605e+00
1.905885487794876099e-01
7.818216830492019653e-02
5.351120233535766602e-01
1.577930152416229248e-01
1.067443192005157471e-01
0.000000000000000000e+00
1.248478591442108154e-01
0.000000000000000000e+00
1.185135915875434875e-01
2.343356132507324219e+00
0.000000000000000000e+00
1.023344770073890686e-01
6.464882753789424896e-03
0.000000000000000000e+00
1.092615246772766113e+00
7.034619450569152832e-01
7.991672307252883911e-02
1.250386953353881836e+00
2.275469899177551270e-01
0.000000000000000000e+00
1.219687819480895996e+00
2.348618209362030029e-01
1.845830678939819336e-01
3.030527830123901367e-01
5.978271961212158203e-01
4.890046417713165283e-01
1.439764909446239471e-02
3.388435393571853638e-02
2.900867164134979248e-01
1.162784174084663391e-01
1.861249208450317383e-01
1.562466472387313843e-01
2.354441285133361816e-01
1.559710223227739334e-02
4.156612455844879150e-01
0.000000000000000000e+00
9.576274156570434570e-01
1.226513758301734924e-01
1.484242677688598633e+00
1.203158497810363770e+00
0.000000000000000000e+00
2.753980636596679688e+00
8.758427202701568604e-02
2.371493726968765259e-03
4.465223848819732666e-02
4.962998908013105392e-03
3.230172097682952881e-01
1.477182358503341675e-01
2.181823730468750000e+00
1.443224996328353882e-01
1.803827404975891113e+00
5.502358824014663696e-02
4.088472202420234680e-02
3.793571144342422485e-02
3.429092094302177429e-02
1.998617649078369141e+00
3.579695522785186768e-02
1.335104554891586304e-01
3.366417437791824341e-02
8.139532208442687988e-01
6.095026433467864990e-02
4.506566096097230911e-03
6.759641766548156738e-01
1.155987620353698730e+00
1.606377661228179932e-01
4.813829809427261353e-02
1.781008362770080566e+00
0.000000000000000000e+00
8.404325693845748901e-02
7.389168739318847656e-01
3.366657197475433350e-01
2.904824353754520416e-02
0.000000000000000000e+00
3.869526982307434082e-01
0.000000000000000000e+00
5.807912908494472504e-03
1.808557510375976562e-01
1.704272441565990448e-02
9.272008202970027924e-03
4.314318299293518066e-01
9.102454781532287598e-02
1.625502109527587891e+00
3.637694194912910461e-02
1.780037395656108856e-02
4.283906891942024231e-02
4.113678820431232452e-03
3.481354117393493652e-01
0.000000000000000000e+00
0.000000000000000000e+00
6.308084819465875626e-03
9.399405717849731445e-01
2.284355834126472473e-02
5.743504688143730164e-02
2.101267814636230469e+00
2.143605500459671021e-01
3.192582428455352783e-01
4.974307119846343994e-01
1.737056858837604523e-02
1.281559467315673828e-03
6.643310189247131348e-02
7.297864556312561035e-02
9.850482456386089325e-03
5.800938233733177185e-03
2.653326988220214844e-01
1.106819510459899902e-01
1.337574422359466553e-01
0.000000000000000000e+00
7.035844922065734863e-01
8.566999435424804688e-02
4.868279993534088135e-01
0.000000000000000000e+00
1.560347229242324829e-01
2.019525527954101562e+00
9.531494230031967163e-02
5.066981911659240723e-01
4.473848938941955566e-01
3.495462005957961082e-03
9.766749739646911621e-01
4.096474125981330872e-02
7.829912900924682617e-01
8.824916929006576538e-02
1.119768142700195312e+00
6.660238504409790039e-01
7.279472798109054565e-02
1.250959932804107666e-01
3.964495658874511719e-01
1.233843788504600525e-01
1.098398685455322266e+00
5.742933228611946106e-02
2.693099677562713623e-01
1.731054335832595825e-01
5.248018726706504822e-02
0.000000000000000000e+00
1.183548718690872192e-01
6.904058158397674561e-02
2.632626891136169434e-01
1.026668906211853027e+00
1.384441018104553223e+00
1.150719165802001953e+00
2.135277353227138519e-02
1.047830656170845032e-01
3.327783346176147461e-01
7.432863116264343262e-01
1.375919487327337265e-02
4.687700867652893066e-01
9.460102021694183350e-02
2.427760511636734009e-03
3.883340954780578613e-02
6.544380187988281250e-01
0.000000000000000000e+00
0.000000000000000000e+00
9.024140238761901855e-01
1.154490709304809570e+00
5.013622641563415527e-01
3.443067371845245361e-01
3.801059424877166748e-01
4.086851775646209717e-01
9.639285504817962646e-02
0.000000000000000000e+00
1.199913769960403442e-01
6.326124668121337891e-01
0.000000000000000000e+00
1.006697863340377808e-01
9.120765924453735352e-01
1.244548559188842773e-01
1.516982764005661011e-01
7.316464781761169434e-01
3.784051537513732910e-01
2.340579271316528320e+00
4.379456043243408203e-01
1.990500688552856445e-01
2.995558679103851318e-01
1.700305491685867310e-01
6.217494234442710876e-02
1.426483511924743652e+00
1.729384958744049072e-01
2.641083002090454102e-01
1.383293420076370239e-01
7.676635384559631348e-01
4.892104119062423706e-02
9.047619700431823730e-01
4.154719412326812744e-01
0.000000000000000000e+00
1.490180045366287231e-01
1.225692629814147949e-01
6.867030262947082520e-01
1.524319052696228027e-01
5.995800718665122986e-02
9.422066807746887207e-02
9.106835722923278809e-02
3.544535338878631592e-01
3.623279929161071777e-02
0.000000000000000000e+00
2.805058360099792480e-01
6.672593951225280762e-01
1.352800801396369934e-02
0.000000000000000000e+00
0.000000000000000000e+00
6.050316691398620605e-01
4.927325248718261719e-02
2.828398048877716064e-01
3.300695866346359253e-02
2.197960019111633301e-02
5.294279009103775024e-02
8.846999406814575195e-01
3.028395771980285645e-02
9.795647114515304565e-02
5.804498493671417236e-02
4.826135337352752686e-01
3.296440541744232178e-01
6.627912633121013641e-03
1.657301038503646851e-01
1.716675311326980591e-01
3.557576611638069153e-02
3.034980222582817078e-02
0.000000000000000000e+00
2.920076549053192139e-01
0.000000000000000000e+00
1.610432416200637817e-01
4.408372193574905396e-02
6.228533983230590820e-01
3.166157752275466919e-02
1.560068875551223755e-01
1.580584168434143066e+00
3.051690161228179932e-01
2.045516818761825562e-01
5.859065055847167969e-01
6.671470999717712402e-01
1.916571334004402161e-02
0.000000000000000000e+00
1.365634649991989136e-01
1.432564556598663330e-01
5.558586120605468750e-02
7.565561532974243164e-01
2.794595062732696533e-01
2.047533094882965088e-01
3.122462034225463867e-01
2.034616023302078247e-01
0.000000000000000000e+00
2.129781246185302734e-02
1.265298843383789062e+00
4.289088249206542969e-01
9.109361767768859863e-01
5.935111641883850098e-01
2.233478724956512451e-01
3.027085587382316589e-02
2.499501593410968781e-02
7.833615541458129883e-01
9.627964496612548828e-01
1.427253842353820801e+00
2.367487549781799316e-01
5.955008044838905334e-02
0.000000000000000000e+00
5.289036314934492111e-03
2.255173474550247192e-01
5.999999642372131348e-01
2.266905456781387329e-01
2.385178208351135254e-01
8.203348517417907715e-02
0.000000000000000000e+00
9.286772459745407104e-02
2.035676538944244385e-01
9.832896292209625244e-02
1.308933086693286896e-02
1.275234967470169067e-01
0.000000000000000000e+00
1.478327870368957520e+00
4.031587839126586914e-01
4.784363806247711182e-01
3.716228902339935303e-01
1.497520655393600464e-01
1.752042174339294434e-01
1.578168012201786041e-03
3.189953267574310303e-01
1.081129431724548340e+00
2.510359883308410645e-01
6.898703575134277344e-01
2.746055126190185547e+00
6.431057583540678024e-03
8.091289550065994263e-03
9.245643019676208496e-01
8.319994807243347168e-02
1.270836144685745239e-01
1.136183440685272217e-01
3.800485134124755859e-01
0.000000000000000000e+00
2.075538396835327148e+00
1.881670653820037842e-01
7.194061763584613800e-04
2.535612285137176514e-01
0.000000000000000000e+00
3.155809044837951660e-01
1.873309463262557983e-01
4.856305122375488281e-01
0.000000000000000000e+00
1.386474817991256714e-01
8.142721839249134064e-03
6.285898089408874512e-01
1.396128684282302856e-01
2.662527263164520264e-01
1.508263684809207916e-02
3.225710690021514893e-01
4.953464567661285400e-01
9.553453922271728516e-01
1.189865991473197937e-01
5.616075992584228516e-01
0.000000000000000000e+00
3.024245053529739380e-02
4.561499059200286865e-01
2.059998065233230591e-01
2.017631381750106812e-02
1.480490863323211670e-01
9.499228908680379391e-04
5.365085005760192871e-01
6.361513733863830566e-01
5.053769946098327637e-01
6.379959732294082642e-02
0.000000000000000000e+00
0.000000000000000000e+00
0.000000000000000000e+00
2.839870192110538483e-02
2.510220408439636230e-01
4.274862110614776611e-01
4.669254124164581299e-01
7.325853109359741211e-01
1.781766712665557861e-01
1.977106928825378418e-01
2.723767235875129700e-02
2.701696066651493311e-04
1.605646908283233643e-01
6.295275092124938965e-01
1.847283095121383667e-01
3.568287193775177002e-01
6.733093261718750000e-01
9.178632497787475586e-01
7.032793164253234863e-01
6.725086569786071777e-01
2.074836015701293945e+00
9.012970328330993652e-02
0.000000000000000000e+00
1.326673924922943115e-01
1.531348526477813721e-01
1.516515314579010010e-01
0.000000000000000000e+00
1.067256331443786621e-01
6.986928582191467285e-01
2.804207801818847656e-01
8.797050714492797852e-01
0.000000000000000000e+00
2.168467283248901367e+00
2.412384748458862305e+00
2.552281618118286133e-01
7.695150375366210938e-01
8.371912874281406403e-03
8.382292836904525757e-02
8.816171884536743164e-01
2.341151386499404907e-01
1.467630267143249512e-01
1.515161711722612381e-02
1.619310490787029266e-02
1.404944896697998047e+00
9.663387387990951538e-02
2.830033898353576660e-01
1.556792557239532471e-01
2.378965318202972412e-01
1.448798328638076782e-01
1.056884750723838806e-01
0.000000000000000000e+00
6.685088276863098145e-01
2.076519131660461426e-01
9.865903854370117188e-02
1.758024573326110840e+00
3.978115972131490707e-03
1.335043758153915405e-01
6.460982561111450195e-02
3.720948994159698486e-01
1.957371383905410767e-01
5.297003779560327530e-03
7.671765685081481934e-01
1.162007093429565430e+00
8.723205886781215668e-03
9.941774606704711914e-02
0.000000000000000000e+00
5.827727317810058594e-01
2.162083625793457031e+00
1.200737208127975464e-01
9.142806380987167358e-02
1.521020196378231049e-03
8.281497657299041748e-02
4.108530282974243164e-01
2.668507993221282959e-01
1.163141950964927673e-01
2.202867269515991211e-01
8.579785227775573730e-01
0.000000000000000000e+00
1.429305523633956909e-01
1.723030395805835724e-02
1.388162374496459961e+00
2.133103758096694946e-01
9.187623858451843262e-01
1.669899523258209229e-01
8.909136056900024414e-02
1.381143182516098022e-01
2.267272397875785828e-02
9.599812328815460205e-02
0.000000000000000000e+00
1.889481246471405029e-01
4.056107521057128906e+00
5.984775722026824951e-02
7.637208700180053711e-01
0.000000000000000000e+00
1.094721555709838867e-01
8.649738132953643799e-02
1.058273687958717346e-01
1.398906297981739044e-02
1.236562132835388184e-01
3.117530420422554016e-02
5.836132168769836426e-02
4.219078400637954473e-04
0.000000000000000000e+00
1.025825515389442444e-01
2.261290401220321655e-01
1.709067225456237793e-01
2.431066930294036865e-01
5.362473055720329285e-02
1.340222507715225220e-01
6.920929998159408569e-02
2.487555332481861115e-02
2.623523473739624023e-01
4.445631206035614014e-01
9.446559548377990723e-01
1.330261379480361938e-01
6.773119568824768066e-01
0.000000000000000000e+00
2.102671265602111816e-01
6.146690368652343750e+00
1.575434327125549316e+00
3.398679494857788086e-01
4.878125712275505066e-02
3.924238979816436768e-01
2.351137399673461914e-01
9.766364842653274536e-02
1.144979000091552734e+00
5.790368467569351196e-02
7.487828284502029419e-02
2.093542069196701050e-01
2.528252601623535156e-01
3.281355276703834534e-02
7.907518744468688965e-01
0.000000000000000000e+00
1.256527751684188843e-01
5.421737432479858398e-01
6.725242137908935547e-01
2.865251600742340088e-01
6.691386699676513672e-01
1.183580756187438965e-01
7.959419488906860352e-02
1.106997847557067871e+00
5.337014198303222656e-01
2.099635452032089233e-01
8.486008271574974060e-03
5.195215344429016113e-02
3.728903457522392273e-02
0.000000000000000000e+00
0.000000000000000000e+00
9.606882231310009956e-04
1.311409831047058105e+00
2.431297451257705688e-01
1.075596511363983154e-01
6.764637827873229980e-01
2.614251896739006042e-02
4.084720909595489502e-01
5.100320279598236084e-02
2.533504664897918701e-01
4.052463546395301819e-02
2.798900604248046875e-01
8.959464728832244873e-02
1.594144999980926514e-01
4.455615580081939697e-01
6.737645268440246582e-01
9.385932981967926025e-02
0.000000000000000000e+00
5.304865837097167969e-01
1.582772433757781982e-01
1.922165870666503906e+00
5.032602548599243164e-01
2.169757843017578125e+00
1.333282291889190674e-01
4.187686443328857422e-01
1.034387350082397461e-01
3.211768344044685364e-03
4.489385783672332764e-01
1.848767884075641632e-02
0.000000000000000000e+00
4.213365316390991211e-01
0.000000000000000000e+00
6.884066760540008545e-02
2.273174971342086792e-01
4.303054511547088623e-02
4.224860072135925293e-01
7.639833539724349976e-02
1.201406836509704590e+00
5.645154118537902832e-01
1.073900699615478516e+00
4.295943677425384521e-02
7.818500995635986328e-01
2.092453479766845703e+00
7.878369688987731934e-01
8.676277995109558105e-01
8.179081976413726807e-02
9.193676710128784180e-01
0.000000000000000000e+00
3.057105839252471924e-01
1.662072062492370605e+00
0.000000000000000000e+00
7.819601297378540039e-01
0.000000000000000000e+00
1.345979720354080200e-01
0.000000000000000000e+00
1.562935113906860352e-01
1.520776271820068359e+00
1.306215405464172363e+00
8.989194035530090332e-02
7.785443216562271118e-02
1.950674317777156830e-02
4.376844502985477448e-03
0.000000000000000000e+00
0.000000000000000000e+00
6.104944273829460144e-02
2.241564542055130005e-01
4.727308452129364014e-01
7.164798378944396973e-01
1.247533485293388367e-01
7.326088380068540573e-03
6.060126423835754395e-02
1.859726160764694214e-01
3.881376981735229492e-02
8.634279947727918625e-04
1.429095771163702011e-02
8.718916773796081543e-02
2.545569241046905518e-01
1.315504550933837891e+00
2.788397073745727539e-01
1.679992675781250000e-02
8.858439326286315918e-01
2.082830481231212616e-02
1.026396274566650391e+00
1.080491617321968079e-01
2.197516709566116333e-01
1.613662019371986389e-02
0.000000000000000000e+00
3.579813241958618164e-01
3.124512732028961182e-01
1.106655597686767578e-02
0.000000000000000000e+00
5.466612055897712708e-03
4.787056446075439453e-01
8.665142953395843506e-02
4.100884834770113230e-04
0.000000000000000000e+00
3.854570627212524414e+00
2.487545609474182129e-01
1.457105726003646851e-01
7.766811847686767578e-01
2.313524670898914337e-02
1.636173725128173828e-01
2.966687977313995361e-01
0.000000000000000000e+00
1.561830639839172363e-01
9.873221814632415771e-02
1.582828015089035034e-01
7.230865359306335449e-01
2.671361565589904785e-01
1.812207996845245361e-01
4.138913750648498535e-01
4.259715676307678223e-01
3.369942307472229004e-02
1.276475429534912109e+00
1.686239391565322876e-01
4.984154831618070602e-03
3.582794591784477234e-02
7.080707699060440063e-02
1.911348551511764526e-01
8.571483194828033447e-03
3.521941602230072021e-02
1.329532172530889511e-02
4.797249287366867065e-02
0.000000000000000000e+00
1.891550980508327484e-02
2.297067791223526001e-01
0.000000000000000000e+00
1.384371519088745117e-01
6.314671598374843597e-03
3.669696301221847534e-02
1.170816197991371155e-01
2.520898580551147461e-01
5.997919663786888123e-02
3.154313087463378906e+00
1.275083899497985840e+00
7.245457768440246582e-01
5.846250057220458984e-01
8.992258310317993164e-01
1.844152957201004028e-01
5.509473755955696106e-02
5.398738756775856018e-02
7.632454857230186462e-03
1.003576219081878662e-01
2.874904870986938477e-01
4.055098593235015869e-01
0.000000000000000000e+00
9.892946481704711914e-02
3.994402289390563965e-01
2.391631482169032097e-03
3.725339174270629883e-01
6.338827311992645264e-02
1.334957718849182129e+00
1.583850942552089691e-02
8.264245986938476562e-01
1.553387492895126343e-01
8.094692602753639221e-03
7.068968564271926880e-02
2.778629660606384277e-01
4.270603135228157043e-02
4.279645085334777832e-01
0.000000000000000000e+00
1.037555575370788574e+00
1.612619161605834961e-01
2.508923038840293884e-02
4.166064858436584473e-01
1.695163011550903320e+00
5.808457732200622559e-01
1.898177862167358398e-01
4.259222373366355896e-02
3.737094402313232422e-01
7.639503479003906250e-02
1.604478433728218079e-02
2.559170126914978027e-01
0.000000000000000000e+00
2.456144094467163086e+00
2.905238606035709381e-02
7.058720588684082031e-01
7.368937134742736816e-01
5.869282037019729614e-02
9.615375995635986328e-01
1.706134825944900513e-01
4.715059697628021240e-01
0.000000000000000000e+00
0.000000000000000000e+00
8.650410175323486328e-02
7.157754153013229370e-02
3.207795917987823486e-01
5.553494021296501160e-02
2.740812003612518311e-01
7.015382647514343262e-01
8.976441621780395508e-02
5.791878327727317810e-02
6.329848617315292358e-02
5.317515730857849121e-01
1.637876480817794800e-01
1.015097647905349731e-01
1.801669299602508545e-01
7.457934021949768066e-01
1.978916525840759277e+00
1.113026618957519531e+00
7.275561988353729248e-02
0.000000000000000000e+00
5.267869830131530762e-01
0.000000000000000000e+00
2.076829224824905396e-02
1.901905797421932220e-02
6.529010832309722900e-02
1.723221987485885620e-01
4.958933219313621521e-02
3.936687409877777100e-01
8.555241860449314117e-03
2.426152862608432770e-02
7.672109007835388184e-01
4.066492617130279541e-01
3.348711133003234863e-02
2.075622975826263428e-02
3.908319950103759766e+00
1.160411313176155090e-01
6.298101544380187988e-01
2.951858341693878174e-01
7.187389582395553589e-02
5.576391696929931641e+00
1.908088847994804382e-02
1.293144226074218750e+00
3.298205137252807617e-02
2.562334537506103516e-01
0.000000000000000000e+00
1.129595860838890076e-01
2.566084265708923340e-01
1.320684552192687988e-01
2.546324431896209717e-01
2.978098094463348389e-01
2.396847903728485107e-01
2.088468670845031738e-01
7.940050214529037476e-02
4.554739221930503845e-02
1.063583716750144958e-01
2.704735100269317627e-01
1.524934731423854828e-02
2.553170919418334961e-01
1.377083826810121536e-02
2.150652408599853516e-01
2.687388472259044647e-02
0.000000000000000000e+00
2.903469279408454895e-02
4.697193205356597900e-01
9.007637500762939453e-01
3.163523599505424500e-02
2.208857238292694092e-01
0.000000000000000000e+00
6.510455012321472168e-01
0.000000000000000000e+00
4.225149750709533691e-02
0.000000000000000000e+00
1.667323261499404907e-01
0.000000000000000000e+00
1.853681541979312897e-02
1.035333573818206787e-01
2.287213057279586792e-01
3.103207945823669434e-01
1.750636994838714600e-01
3.936915993690490723e-01
1.014463663101196289e+00
0.000000000000000000e+00
3.037479221820831299e-01
7.892832159996032715e-03
4.660442844033241272e-02
2.098830044269561768e-01
1.614813506603240967e-01
4.729714710265398026e-03
6.628216505050659180e-01
1.810960292816162109e+00
4.357698440551757812e+00
2.184361934661865234e+00
7.571046054363250732e-02
3.653317391872406006e-01
4.696728587150573730e-01
1.645750552415847778e-01
7.446919679641723633e-01
4.648919217288494110e-03
6.300263851881027222e-02
0.000000000000000000e+00
1.531480908393859863e+00
2.165794372558593750e-01
5.114513915032148361e-03
3.793585002422332764e-01
7.594685256481170654e-02
5.393385514616966248e-02
4.922497868537902832e-01
2.591926157474517822e-01
1.395005285739898682e-01
3.307313323020935059e-01
3.655095696449279785e-01
3.011500835418701172e-01
1.147346615791320801e+00
2.598021328449249268e-01
3.326995065435767174e-03
3.102878928184509277e-01
2.699980977922677994e-03
6.237168237566947937e-02
2.113627344369888306e-01
4.878626465797424316e-01
4.749634265899658203e-01
1.139402762055397034e-01
0.000000000000000000e+00
6.204617768526077271e-02
0.000000000000000000e+00
1.348080992698669434e+00
1.179759502410888672e+00
2.575357258319854736e-01
2.011313587427139282e-01
0.000000000000000000e+00
7.062239199876785278e-02
6.959041208028793335e-02
1.838135905563831329e-02
2.973071336746215820e-01
1.079919654875993729e-02
1.091755747795104980e+00
0.000000000000000000e+00
5.352098345756530762e-01
3.352919220924377441e-02
0.000000000000000000e+00
1.745772548019886017e-02
2.506065666675567627e-01
4.076643288135528564e-02
1.098323762416839600e-01
1.120770126581192017e-01
1.309201214462518692e-02
1.026367470622062683e-01
8.456919193267822266e-01
1.159141808748245239e-01
4.435974061489105225e-01
1.212625182233750820e-03
1.324274063110351562e+00
1.956090778112411499e-01
2.888534963130950928e-01
5.916403606534004211e-02
2.423121780157089233e-01
6.085710227489471436e-02
0.000000000000000000e+00
3.461395204067230225e-02
6.003669276833534241e-02
7.463704049587249756e-02
7.856629043817520142e-02
2.347837537527084351e-01
9.910468757152557373e-02
2.481672763824462891e-01
1.279931187629699707e+00
2.080767229199409485e-02
4.052443504333496094e-01
1.165600180625915527e+00
9.250324964523315430e-01
2.792311012744903564e-01
3.708363473415374756e-01
4.409953653812408447e-01
4.519835412502288818e-01
2.853916725143790245e-03
1.391029953956604004e+00
6.038154289126396179e-02
1.185980513691902161e-01
2.488589733839035034e-01
6.531568765640258789e-01
1.668927967548370361e-01
3.996353223919868469e-02
0.000000000000000000e+00
0.000000000000000000e+00
2.294354140758514404e-02
2.074080228805541992e+00
7.698791027069091797e-01
1.787741422653198242e+00
3.220838308334350586e-01
2.041358128190040588e-02
8.269426226615905762e-01
0.000000000000000000e+00
1.047242283821105957e-01
0.000000000000000000e+00
0.000000000000000000e+00
3.310968875885009766e-01
0.000000000000000000e+00
2.507572770118713379e-01
6.653225421905517578e-01
1.057489067316055298e-01
1.277609109878540039e+00
5.795175209641456604e-02
2.352834790945053101e-01
0.000000000000000000e+00
4.022010564804077148e-01
3.034370839595794678e-01
4.092467129230499268e-01
5.008262395858764648e-01
2.564320564270019531e+00
2.444315105676651001e-01
8.638695627450942993e-02
2.426401078701019287e-01
3.098767101764678955e-01
1.361393779516220093e-01
1.652971282601356506e-02
6.914751231670379639e-02
9.635403007268905640e-02
2.609092555940151215e-02
7.587904483079910278e-02
2.917280793190002441e-01
0.000000000000000000e+00
0.000000000000000000e+00
3.971204459667205811e-01
0.000000000000000000e+00
2.617127820849418640e-02
1.884273625910282135e-02
2.204390764236450195e-01
9.548207521438598633e-01
1.827291965484619141e+00
6.139043569564819336e-01
1.169531270861625671e-01
1.693111509084701538e-01
3.525174140930175781e+00
1.221367120742797852e-01
3.153619050979614258e+00
5.085338950157165527e-01
7.634898275136947632e-02
2.994826436042785645e-01
4.118062928318977356e-02
0.000000000000000000e+00
1.449194997549057007e-01
9.211715310811996460e-02
2.217573076486587524e-01
0.000000000000000000e+00
4.688813686370849609e-01
2.082142353057861328e+00
2.572957426309585571e-02
4.488032460212707520e-01
6.394308060407638550e-02
9.963653087615966797e-01
2.699792087078094482e-01
5.324814096093177795e-02
1.976612582802772522e-02
2.350777089595794678e-01
6.827679276466369629e-01
3.998293075710535049e-03
3.968741372227668762e-02
3.211000859737396240e-01
5.375843495130538940e-02
3.381701931357383728e-02
4.166867956519126892e-02
1.396255046129226685e-01
9.304085373878479004e-01
2.637906074523925781e-01
3.633552696555852890e-03
9.613608717918395996e-01
5.454953908920288086e-01
6.522078067064285278e-02
6.156625151634216309e-01
3.840410411357879639e-01
7.271384447813034058e-02
7.720575202256441116e-03
0.000000000000000000e+00
9.396120905876159668e-03
0.000000000000000000e+00
0.000000000000000000e+00
0.000000000000000000e+00
1.014847159385681152e-01
8.588246256113052368e-02
0.000000000000000000e+00
1.890962570905685425e-02
9.467717260122299194e-02
3.816017508506774902e-02
2.290631644427776337e-02
2.312895059585571289e-01
2.777657657861709595e-02
3.146180212497711182e-01
1.864579617977142334e-01
1.924493759870529175e-01
3.935765847563743591e-02
9.125072956085205078e-01
5.002063233405351639e-03
5.364534631371498108e-02
4.130083918571472168e-01
0.000000000000000000e+00
3.896201848983764648e-01
7.937587052583694458e-02
1.902723908424377441e-01
0.000000000000000000e+00
0.000000000000000000e+00
1.143220782279968262e+00
2.983508706092834473e-01
3.280770778656005859e-01
2.300597906112670898e+00
8.369793295860290527e-01
5.457115769386291504e-01
1.547684222459793091e-01
1.455235838890075684e+00
0.000000000000000000e+00
5.975517034530639648e-01
9.816710650920867920e-02
1.286295354366302490e-01
1.280855685472488403e-01
1.840339601039886475e-02
6.315046548843383789e-02
9.497743099927902222e-02
5.574645996093750000e-01
1.587985455989837646e-01
1.360738426446914673e-01
6.608708202838897705e-02
4.002813696861267090e-01
7.622298598289489746e-01
1.796076595783233643e-01
3.074481524527072906e-02
4.997703805565834045e-02
6.016310304403305054e-02
8.364184200763702393e-02
1.729984879493713379e+00
0.000000000000000000e+00
3.421160625293850899e-03
3.294583559036254883e-01
3.960403203964233398e-01
1.473990231752395630e-01
3.964633643627166748e-01
5.840204358100891113e-01
2.882097959518432617e-01
5.848725140094757080e-02
0.000000000000000000e+00
4.381937384605407715e-01
1.987483352422714233e-01
3.403077721595764160e-01
3.176583722233772278e-02
6.603365391492843628e-02
1.628883779048919678e-01
1.031035110354423523e-01
3.537742048501968384e-02
0.000000000000000000e+00
4.449137449264526367e-01
7.133628129959106445e-01
5.903994292020797729e-02
0.000000000000000000e+00
1.755053102970123291e-01
5.415387153625488281e-01
2.260386198759078979e-01
0.000000000000000000e+00
2.068144679069519043e-01
2.373803220689296722e-02
1.972312927246093750e+00
1.636661440134048462e-01
0.000000000000000000e+00
1.383266896009445190e-01
6.264775395393371582e-01
5.345269106328487396e-03
1.870791800320148468e-02
6.853710114955902100e-02
6.202357355505228043e-03
4.850992932915687561e-02
8.151229470968246460e-02
8.198002725839614868e-02
7.378890644758939743e-03
6.957975387573242188e+00
7.730184793472290039e-01
1.187171339988708496e-01
3.939961642026901245e-02
5.948223546147346497e-02
1.051729798316955566e+00
1.045129150152206421e-01
2.311468273401260376e-01
2.799252986907958984e+00
2.452782392501831055e+00
1.286991834640502930e+00
1.789395064115524292e-01
1.532342195510864258e+00
1.099318847991526127e-03
5.091762542724609375e-02
3.370645046234130859e-01
6.669531110674142838e-03
0.000000000000000000e+00
7.435787469148635864e-02
6.789591908454895020e-02
8.497418463230133057e-02
5.583720747381448746e-03
5.452694892883300781e-01
5.703133065253496170e-03
8.387084119021892548e-03
9.648653758631553501e-06
2.379368394613265991e-01
0.000000000000000000e+00
2.431542396545410156e+00
2.221047133207321167e-01
1.302786469459533691e-01
3.129534125328063965e-01
1.681688800454139709e-02
5.605560913681983948e-02
0.000000000000000000e+00
1.598737239837646484e-01
5.926333665847778320e-01
1.973920166492462158e-01
1.149915158748626709e-02
3.464808464050292969e-01
1.752171218395233154e-01
3.669700622558593750e-01
2.380962818861007690e-01
5.824395418167114258e-01
8.254995942115783691e-02
1.840775161981582642e-01
1.573014706373214722e-01
3.826711177825927734e-01
1.106136560440063477e+00
1.129607558250427246e-01
3.981096744537353516e-01
4.818984568119049072e-01
9.530395865440368652e-01
1.445898264646530151e-01
0.000000000000000000e+00
2.878827154636383057e-01
6.252927780151367188e-01
2.322466850280761719e+00
1.801381945610046387e+00
2.756233513355255127e-01
1.526361256837844849e-01
3.260896503925323486e-01
1.355693191289901733e-01
2.626422643661499023e-01
2.413296550512313843e-01
4.247856438159942627e-01
1.167854527011513710e-03
0.000000000000000000e+00
2.891248464584350586e-01
2.294683307409286499e-01
0.000000000000000000e+00
1.299764402210712433e-02
0.000000000000000000e+00
9.276685863733291626e-02
1.327148675918579102e-01
1.168503046035766602e+00
1.098597538657486439e-03
7.334854453802108765e-02
5.021273493766784668e-01
2.970708608627319336e-01
4.911462068557739258e-01
5.663594603538513184e-02
3.187831044197082520e-01
2.178709395229816437e-02
3.155814647674560547e+00
0.000000000000000000e+00
5.766488909721374512e-01
1.725015789270401001e-02
3.674084544181823730e-01
0.000000000000000000e+00
1.088000275194644928e-02
2.744263224303722382e-02
3.220371007919311523e-01
1.088976860046386719e-02
2.843132019042968750e-01
2.769234180450439453e-01
1.544530782848596573e-02
2.812478244304656982e-01
1.118286252021789551e-01
2.182225465774536133e+00
1.587925553321838379e-01
1.424283236265182495e-01
2.630127407610416412e-02
8.137992583215236664e-03
3.842063546180725098e-01
2.518234252929687500e-01
2.752975821495056152e-01
1.611818373203277588e-01
0.000000000000000000e+00
1.516730040311813354e-01
2.509211301803588867e-01
2.166498154401779175e-01
4.079229533672332764e-01
1.481700241565704346e-01
1.512159228324890137e+00
6.340672373771667480e-01
9.759619832038879395e-02
0.000000000000000000e+00
0.000000000000000000e+00
7.984178662300109863e-01
1.731537729501724243e-01
1.981471292674541473e-02
0.000000000000000000e+00
1.554385758936405182e-02
1.271986514329910278e-01
2.094629526138305664e+00
4.332758951932191849e-03
1.805608153343200684e+00
7.118351757526397705e-02
0.000000000000000000e+00
7.123880088329315186e-02
2.466849833726882935e-01
4.539745673537254333e-02
8.417863398790359497e-02
1.466149538755416870e-01
0.000000000000000000e+00
2.223142050206661224e-02
1.273638606071472168e+00
6.278480868786573410e-03
0.000000000000000000e+00
6.227820366621017456e-02
5.050176009535789490e-02
2.274694293737411499e-01
3.242545127868652344e-01
8.335992693901062012e-01
3.768223226070404053e-01
5.508595705032348633e-01
0.000000000000000000e+00
1.716498285531997681e-01
2.825469151139259338e-02
3.182937800884246826e-01
5.157020092010498047e-01
1.894265562295913696e-01
1.480638608336448669e-02
6.776128709316253662e-02
6.219255328178405762e-01
2.828310988843441010e-02
6.576274037361145020e-01
3.387958049774169922e+00
3.440784290432929993e-02
1.029554661363363266e-02
1.298037469387054443e-01
4.852574765682220459e-01
2.847121357917785645e-01
4.007694125175476074e-01
1.277490407228469849e-01
1.079696565866470337e-01
6.247851252555847168e-02
7.419423013925552368e-02
8.538252860307693481e-02
9.279026091098785400e-02
1.169801950454711914e-01
4.598740488290786743e-02
4.040735960006713867e-01
5.282607078552246094e-01
2.845403552055358887e-01
8.203748464584350586e-01
3.246708586812019348e-02
7.065303325653076172e-01
0.000000000000000000e+00
0.000000000000000000e+00
1.270397305488586426e-01
2.772009372711181641e-02
3.916003927588462830e-02
5.418613180518150330e-02
4.814388751983642578e-01
3.435008227825164795e-02
1.433026552200317383e+00
1.872930377721786499e-01
1.792850941419601440e-01
0.000000000000000000e+00
2.476182207465171814e-02
3.104160726070404053e-01
1.208499670028686523e+00
8.862240612506866455e-02
5.388299748301506042e-02
3.260915577411651611e-01
0.000000000000000000e+00
2.520080655813217163e-03
1.486412584781646729e-01
8.102693408727645874e-02
4.636938869953155518e-01
5.515983328223228455e-02
7.624691724777221680e-02
3.995089232921600342e-02
8.984944820404052734e-01
1.245112344622612000e-01
1.559640467166900635e-02
9.515180587768554688e-01
2.476279996335506439e-02
5.191687121987342834e-02
1.053442992269992828e-02
3.782333806157112122e-02
1.273116618394851685e-01
1.532700378447771072e-02
2.504494227468967438e-02
0.000000000000000000e+00
2.128918170928955078e+00
2.140767425298690796e-01
3.224484855309128761e-03
4.493291378021240234e-01
5.326426774263381958e-02
1.337329149246215820e-01
2.146271243691444397e-02
1.046083807945251465e+00
2.048145532608032227e-01
2.026296705007553101e-01
0.000000000000000000e+00
5.877375602722167969e-01
3.112682104110717773e-01
0.000000000000000000e+00
1.441956311464309692e-01
1.986626625061035156e+00
8.616058528423309326e-02
1.336227357387542725e-01
0.000000000000000000e+00
1.390282362699508667e-01
5.774424672126770020e-01
3.714724481105804443e-01
1.820917613804340363e-02
1.521459966897964478e-01
1.725154966115951538e-01
1.138101518154144287e-02
1.175208091735839844e+00
3.010313585400581360e-02
0.000000000000000000e+00
1.687124073505401611e-01
5.078369285911321640e-03
1.876924514770507812e+00
5.103381276130676270e-01
2.715520560741424561e-01
1.282864063978195190e-01
3.963026046752929688e+00
9.600975513458251953e-01
9.180408120155334473e-01
4.963201880455017090e-01
5.290222764015197754e-01
2.403975874185562134e-01
6.893997639417648315e-02
0.000000000000000000e+00
1.778510808944702148e-01
0.000000000000000000e+00
7.090109586715698242e-02
6.824162602424621582e-01
0.000000000000000000e+00
2.507897913455963135e-01
1.191505119204521179e-01
4.795551300048828125e-03
2.339753508567810059e-01
2.869293689727783203e-01
1.948243856430053711e+00
2.531090080738067627e-01
2.361532151699066162e-01
1.968791931867599487e-01
5.597028732299804688e-01
4.194833338260650635e-01
2.233102768659591675e-01
5.089382529258728027e-01
3.396554231643676758e+00
3.122902810573577881e-01
4.447045549750328064e-02
5.880050063133239746e-01
8.513159751892089844e-01
0.000000000000000000e+00
5.669580101966857910e-01
1.723807692527770996e+00
9.038782119750976562e-01
1.095485329627990723e+00
1.228035330772399902e+00
0.000000000000000000e+00
0.000000000000000000e+00
2.400840222835540771e-01
1.277851015329360962e-01
0.000000000000000000e+00
9.150552749633789062e-02
0.000000000000000000e+00
1.274415850639343262e-01
3.563494188711047173e-03
9.019479900598526001e-02
1.541992783546447754e+00
1.760766625404357910e+00
2.492489069700241089e-01
0.000000000000000000e+00
2.629644632339477539e+00
4.295879006385803223e-01
5.538362979888916016e+00
0.000000000000000000e+00
5.895800516009330750e-02
7.638601064682006836e-01
7.679188251495361328e-02
8.650512099266052246e-01
5.626027286052703857e-02
1.039863899350166321e-01
1.271016895771026611e-01
7.232421636581420898e-02
1.640006601810455322e-01
3.010295629501342773e-01
3.183834254741668701e-01
1.237054169178009033e-01
3.075842559337615967e-02
8.706418871879577637e-01
3.477596044540405273e-01
1.294317096471786499e-01
5.368530377745628357e-02
1.609490513801574707e-01
2.360694855451583862e-01
7.027910947799682617e-01
2.236883193254470825e-01
8.480134010314941406e-01
1.710689365863800049e-01
1.511901468038558960e-01
1.472782157361507416e-02
5.359291434288024902e-01
1.123989701271057129e+00
4.931352436542510986e-01
1.289870142936706543e+00
0.000000000000000000e+00
0.000000000000000000e+00
5.030276775360107422e-01
1.239216476678848267e-01
1.175085425376892090e+00
4.754472896456718445e-02
5.727475285530090332e-01
5.474439859390258789e-01
1.300183683633804321e-01
0.000000000000000000e+00
1.345474869012832642e-01
1.305568337440490723e+00
2.333685383200645447e-02
6.806024909019470215e-02
9.222555160522460938e-01
1.461346540600061417e-02
7.012763619422912598e-01
3.939444199204444885e-03
5.876684188842773438e-02
1.624870896339416504e+00
1.600420951843261719e+00
0.000000000000000000e+00
3.183461427688598633e-01
1.769206166267395020e+00
2.274649450555443764e-03
2.153079032897949219e+00
5.449506267905235291e-02
5.694870352745056152e-01
6.560760736465454102e-01
2.923906035721302032e-02
5.106575489044189453e-01
5.725670233368873596e-02
3.224289417266845703e-01
2.109062224626541138e-01
1.585586071014404297e-01
7.344077825546264648e-01
5.517133474349975586e-01
5.830510705709457397e-02
4.023644328117370605e-01
0.000000000000000000e+00
7.384990900754928589e-02
1.254222095012664795e-01
2.503732442855834961e-01
3.986801486462354660e-03
3.523011505603790283e-01
1.084285140037536621e+00
9.018205404281616211e-01
2.185833640396595001e-03
5.075838044285774231e-02
7.088373601436614990e-02
2.567590475082397461e-01
3.020611405372619629e-01
9.504242241382598877e-02
3.534138798713684082e-01
6.168873906135559082e-01
4.983260855078697205e-02
4.653886258602142334e-01
3.156542479991912842e-01
0.000000000000000000e+00
1.196529120206832886e-01
3.570131957530975342e-01
1.129589006304740906e-01
3.852064162492752075e-02
2.054480165243148804e-01
7.600143551826477051e-02
1.666235178709030151e-01
1.341299414634704590e+00
9.661946892738342285e-01
2.220853120088577271e-01
2.986393570899963379e-01
3.223632574081420898e-01
1.504816301167011261e-02
4.131553173065185547e-01
8.790472894906997681e-02
3.487303853034973145e-01
