2.457121014595031738e-01
1.801122874021530151e-01
8.838099241256713867e-02
8.231706619262695312e-01
2.395278811454772949e-01
1.983112573623657227e+00
1.100944206118583679e-01
4.400268793106079102e-01
1.118303298950195312e+00
2.406672090291976929e-01
7.864789664745330811e-02
8.745201230049133301e-01
3.837910890579223633e-01
0.000000000000000000e+00
2.487450465559959412e-02
3.550434485077857971e-02
0.000000000000000000e+00
3.408731937408447266e+00
5.833221077919006348e-01
1.743062019348144531e+00
3.695539832115173340e-01
2.493661046028137207e-01
2.960618734359741211e-01
3.034446239471435547e-01
3.204674720764160156e-01
1.270038783550262451e-01
1.682062894105911255e-01
2.127358168363571167e-01
4.000416994094848633e-01
2.952016191557049751e-03
1.932947039604187012e-01
2.210457921028137207e-01
7.495949417352676392e-02
8.272410035133361816e-01
1.585534065961837769e-01
1.930156826972961426e+00
1.650225222110748291e-01
7.865153551101684570e-01
0.000000000000000000e+00
6.963710188865661621e-01
2.309136241674423218e-01
2.559419274330139160e-01
7.700539380311965942e-02
6.191670298576354980e-01
5.128256976604461670e-02
0.000000000000000000e+00
1.012869626283645630e-01
2.886514067649841309e-01
1.101790694519877434e-03
2.039947956800460815e-01
2.490658462047576904e-01
7.235005497932434082e-02
6.017830371856689453e-01
8.836976885795593262e-01
2.764649391174316406e-01
1.049050807952880859e+00
2.900296747684478760e-01
1.595930010080337524e-01
1.655677109956741333e-01
0.000000000000000000e+00
1.517456918954849243e-01
6.181793808937072754e-01
8.045996725559234619e-02
2.434849590063095093e-01
1.995491534471511841e-01
4.463582038879394531e-01
1.270433425903320312e+00
8.136522173881530762e-01
1.164882332086563110e-01
0.000000000000000000e+00
9.517725706100463867e-01
1.375408619642257690e-01
1.315968343988060951e-03
2.138724476099014282e-01
2.200666666030883789e-01
3.996831830590963364e-03
2.581907808780670166e-01
9.532334208488464355e-01
9.623612165451049805e-01
2.971694171428680420e-01
5.026308894157409668e-01
4.423208534717559814e-02
5.561509132385253906e-01
0.000000000000000000e+00
3.895719349384307861e-01
0.000000000000000000e+00
4.555734992027282715e-02
0.000000000000000000e+00
3.238839209079742432e-01
4.404640197753906250e-02
9.352969005703926086e-03
3.693700954318046570e-02
0.000000000000000000e+00
3.737928867340087891e-01
2.091796249151229858e-01
9.132115244865417480e-01
1.480020284652709961e+00
3.848921358585357666e-01
5.579401552677154541e-02
5.126278400421142578e-01
7.885416969656944275e-03
0.000000000000000000e+00
3.038858890533447266e+00
4.007657051086425781e+00
1.181526184082031250e+00
1.295525431632995605e-01
1.984531879425048828e-01
0.000000000000000000e+00
1.720626354217529297e-01
1.623071134090423584e-01
2.180685102939605713e-01
1.280562639236450195e+00
8.472791314125061035e-01
2.905151844024658203e-01
1.853403598070144653e-01
6.716999411582946777e-01
3.031618595123291016e-01
1.449532359838485718e-01
1.219137072563171387e+00
2.208025455474853516e+00
2.390271276235580444e-01
4.791592955589294434e-01
1.920518279075622559e-01
2.075269818305969238e-01
5.501989841461181641e+00
2.262171357870101929e-01
1.713893264532089233e-01
6.437166333198547363e-01
2.984229102730751038e-02
4.924421757459640503e-02
4.449505805969238281e-01
1.074973225593566895e+00
1.604083329439163208e-01
5.429804921150207520e-01
1.341340243816375732e-01
9.099326133728027344e-01
3.311885893344879150e-01
5.035512447357177734e-01
3.002532243728637695e+00
7.001129388809204102e-01
3.152893781661987305e-01
7.308184504508972168e-01
6.393255293369293213e-02
2.949887216091156006e-01
4.417510628700256348e-01
6.060465052723884583e-02
1.064206004142761230e+00
4.006312191486358643e-01
2.972595021128654480e-02
8.690395206212997437e-02
7.140482068061828613e-01
0.000000000000000000e+00
1.368055820465087891e+00
1.909985393285751343e-01
3.231021463871002197e-01
5.986793041229248047e-01
9.908644855022430420e-02
2.872244119644165039e-01
1.006735861301422119e-02
2.332790195941925049e-01
1.562010049819946289e-01
1.209171637892723083e-01
8.083489537239074707e-02
3.168187439441680908e-01
1.195728659629821777e+00
1.519639134407043457e+00
9.444937109947204590e-02
1.287689507007598877e-01
3.451246917247772217e-01
4.525631070137023926e-01
5.798468589782714844e-01
2.908316254615783691e-01
9.809869527816772461e-01
8.659316301345825195e-01
2.186012119054794312e-01
5.698367208242416382e-02
7.276534289121627808e-02
2.585787296295166016e+00
1.645519882440567017e-01
8.324534296989440918e-01
1.384630948305130005e-01
0.000000000000000000e+00
2.871945142745971680e+00
5.437051653861999512e-01
3.928876221179962158e-01
1.384583860635757446e-01
3.283453881740570068e-01
9.374322891235351562e-01
3.328575491905212402e-01
6.666524708271026611e-02
2.163402438163757324e-01
3.045276924967765808e-02
3.956240136176347733e-03
0.000000000000000000e+00
0.000000000000000000e+00
2.204506546258926392e-01
1.550934791564941406e+00
1.061940431594848633e+00
2.171631157398223877e-02
7.134871482849121094e-01
4.972947835922241211e-01
2.586807608604431152e-01
1.847920268774032593e-01
1.073864921927452087e-01
2.117281220853328705e-02
8.397572487592697144e-02
6.729516983032226562e-01
1.154167294502258301e+00
0.000000000000000000e+00
2.932066619396209717e-01
4.602832496166229248e-01
1.309758424758911133e+00
7.874809205532073975e-02
4.533664584159851074e-01
1.515693515539169312e-01
8.868545293807983398e-01
3.388284444808959961e-01
1.801736354827880859e+00
3.010983346030116081e-04
2.196172922849655151e-01
1.793091893196105957e-01
0.000000000000000000e+00
1.016016751527786255e-01
5.148493871092796326e-02
2.572059445083141327e-02
3.424454927444458008e-01
5.573549866676330566e-02
7.572152018547058105e-01
4.440705478191375732e-01
3.203569650650024414e-01
0.000000000000000000e+00
2.592290751636028290e-02
1.445721030235290527e+00
5.295036360621452332e-02
5.855484604835510254e-01
2.122984081506729126e-01
2.661419808864593506e-01
1.381100416183471680e+00
8.313845843076705933e-03
2.923653721809387207e-01
3.793611228466033936e-01
1.786023497581481934e+00
3.399577140808105469e-01
2.635404765605926514e-01
4.339443892240524292e-02
1.671262830495834351e-01
1.764757372438907623e-02
3.457083404064178467e-01
9.921568632125854492e-02
1.829539835453033447e-01
8.140325546264648438e-03
3.503731191158294678e-01
1.057537078857421875e+00
5.228470638394355774e-02
8.371949195861816406e-01
1.064916551113128662e-01
4.433486144989728928e-03
8.263494819402694702e-02
1.319290697574615479e-01
3.802909553050994873e-01
5.763780474662780762e-01
1.965544372797012329e-01
1.871190816164016724e-01
4.097321927547454834e-01
1.252537220716476440e-01
4.641697183251380920e-02
2.930937409400939941e-01
3.203965723514556885e-01
0.000000000000000000e+00
1.854974776506423950e-01
2.467718273401260376e-01
1.186629652976989746e+00
1.788025349378585815e-01
1.285885572433471680e-01
1.033215224742889404e-01
1.890967845916748047e+00
1.616862058639526367e+00
1.367421507835388184e+00
7.024482637643814087e-02
1.008972078561782837e-01
6.723704934120178223e-01
3.246093392372131348e-01
5.241103097796440125e-02
5.485794544219970703e-01
1.577014327049255371e+00
6.323065757751464844e-01
5.026239156723022461e-02
2.997794747352600098e-01
8.368386030197143555e-01
1.235247969627380371e+00
2.511668801307678223e-01
1.283621340990066528e-01
0.000000000000000000e+00
1.850887946784496307e-02
4.592120647430419922e-03
3.160988688468933105e-01
1.119049340486526489e-01
9.508096575736999512e-01
7.115390300750732422e-01
6.783696264028549194e-02
3.785196542739868164e-01
4.900813996791839600e-01
7.346398234367370605e-01
4.723473489284515381e-01
6.132166981697082520e-01
1.061272323131561279e-01
2.307485640048980713e-01
3.218319118022918701e-01
1.967426538467407227e+00
7.999238967895507812e-01
1.356504201889038086e+00
3.308448493480682373e-01
1.551709055900573730e+00
3.631655573844909668e-01
6.590909361839294434e-01
6.980628371238708496e-01
8.029591292142868042e-02
2.447906285524368286e-01
8.551952987909317017e-02
2.220490574836730957e-02
6.821492314338684082e-02
1.039124131202697754e+00
3.637778759002685547e-01
7.055183649063110352e-01
1.018037274479866028e-01
4.880089163780212402e-01
1.150286436080932617e+00
3.063585460186004639e-01
3.364703059196472168e-02
6.119227409362792969e-01
4.251159727573394775e-01
1.327980041503906250e+00
7.196549326181411743e-02
1.607527881860733032e-01
1.847130656242370605e+00
1.914003938436508179e-01
1.770705729722976685e-02
3.527987748384475708e-02
6.832886338233947754e-01
3.292730823159217834e-02
4.208294749259948730e-01
1.588195003569126129e-02
7.079067826271057129e-02
4.285414218902587891e-01
1.395038515329360962e-01
0.000000000000000000e+00
2.423257082700729370e-01
6.741341352462768555e-01
1.116650924086570740e-01
3.280663490295410156e-01
3.494321405887603760e-01
9.079826064407825470e-03
2.745649516582489014e-01
1.358057707548141479e-01
5.736856907606124878e-02
4.093569517135620117e-01
2.230119854211807251e-01
4.567369818687438965e-01
9.749177843332290649e-02
3.263245522975921631e-01
2.483081370592117310e-01
3.165380656719207764e-01
4.088173434138298035e-02
4.699315428733825684e-01
7.853794842958450317e-02
7.995603680610656738e-01
1.452461034059524536e-01
1.742586940526962280e-01
3.434354066848754883e-02
6.188264489173889160e-01
1.508965343236923218e-01
5.561965107917785645e-01
5.904564261436462402e-01
4.836186468601226807e-01
5.217392444610595703e-01
9.534103274345397949e-01
1.847169399261474609e-01
3.936682268977165222e-02
9.461825340986251831e-02
2.339345365762710571e-01
5.203778743743896484e+00
8.200317621231079102e-01
1.629786014556884766e+00
2.357779294252395630e-01
2.650706171989440918e-01
2.222464978694915771e-02
2.355482578277587891e-01
0.000000000000000000e+00
6.105293706059455872e-02
8.525557518005371094e-01
0.000000000000000000e+00
0.000000000000000000e+00
1.068534422665834427e-02
6.567192077636718750e-02
8.104401081800460815e-02
8.910583853721618652e-01
4.558133706450462341e-02
5.775405839085578918e-02
2.806497924029827118e-02
8.213418722152709961e-02
7.074506282806396484e-01
4.844299703836441040e-02
4.951009154319763184e-02
7.484042644500732422e-01
3.121756613254547119e-01
1.416413038969039917e-01
1.143445253372192383e+00
7.396191358566284180e-02
1.093218684196472168e+00
1.522570699453353882e-01
6.171871721744537354e-02
1.646345555782318115e-01
1.789061278104782104e-01
4.974249601364135742e-01
9.329978227615356445e-01
9.607989192008972168e-01
2.035672664642333984e-01
4.854778051376342773e-01
1.053271349519491196e-02
4.527263343334197998e-01
3.796813264489173889e-02
1.871068477630615234e+00
5.319517478346824646e-02
2.524527311325073242e-01
9.537592530250549316e-01
9.515072703361511230e-01
2.215724289417266846e-01
3.568998873233795166e-01
2.970341593027114868e-03
1.447819471359252930e-01
1.029046624898910522e-01
4.554636776447296143e-03
1.598579883575439453e+00
1.275856792926788330e-01
3.749678730964660645e-01
4.517590403556823730e-01
1.911548733711242676e+00
3.899384522810578346e-03
4.747781455516815186e-01
5.046870112419128418e-01
0.000000000000000000e+00
6.965907216072082520e-01
3.310061097145080566e-01
4.589888155460357666e-01
4.669041559100151062e-02
1.142542902380228043e-02
1.759106367826461792e-01
2.519735693931579590e-01
7.665269076824188232e-02
6.149234250187873840e-02
9.839793443679809570e-01
1.086568355560302734e+00
3.233806788921356201e-01
5.107776448130607605e-02
1.454298198223114014e-01
2.165856510400772095e-01
5.042740330100059509e-02
4.772079467773437500e+00
6.775950193405151367e-01
2.663218416273593903e-02
4.678357020020484924e-02
1.912460327148437500e+00
2.201684117317199707e-01
5.546043515205383301e-01
4.110096096992492676e-01
5.912160873413085938e-02
6.243431009352207184e-03
9.336116313934326172e-01
2.909138426184654236e-02
6.840528249740600586e-01
4.991134703159332275e-01
5.393952727317810059e-01
3.965991020202636719e+00
2.098598003387451172e+00
1.015977934002876282e-01
1.035567931830883026e-02
4.749248921871185303e-02
7.175114471465349197e-03
4.169041812419891357e-01
2.738003432750701904e-01
3.791326284408569336e-01
7.138854265213012695e-01
9.458230435848236084e-02
4.890329837799072266e-01
2.018355131149291992e+00
5.527653098106384277e-01
2.163497209548950195e-01
1.892830580472946167e-01
5.457119941711425781e-01
6.607668101787567139e-02
7.843612432479858398e-01
6.869335770606994629e-01
0.000000000000000000e+00
6.497271358966827393e-02
1.264899849891662598e+00
1.482764929533004761e-01
1.347975730895996094e+00
3.440211415290832520e-01
1.554828733205795288e-01
1.895014047622680664e+00
1.282885074615478516e-01
0.000000000000000000e+00
3.498367071151733398e-01
2.278613567352294922e+00
2.734047770500183105e-01
1.100908994674682617e+00
4.931572973728179932e-01
1.720981858670711517e-02
1.137767195701599121e+00
1.362066119909286499e-01
8.726485967636108398e-01
3.367189407348632812e+00
3.007453203201293945e+00
4.792683571577072144e-02
9.677290916442871094e-01
1.788170486688613892e-01
9.788097739219665527e-01
3.066352605819702148e-01
9.631087779998779297e-01
8.070070296525955200e-02
5.260879993438720703e-01
2.131005764007568359e+00
1.017743110656738281e+00
3.911727070808410645e-01
3.544615348801016808e-03
8.669790029525756836e-01
2.473279476165771484e+00
2.762838266789913177e-03
6.309195756912231445e-01
9.840174019336700439e-02
0.000000000000000000e+00
1.059565022587776184e-01
2.322348594665527344e+00
1.039331480860710144e-01
3.525675535202026367e-01
4.519957304000854492e-01
3.434813320636749268e-01
2.805553674697875977e-01
0.000000000000000000e+00
3.034271001815795898e+00
7.872410416603088379e-01
5.978450179100036621e-02
4.877313077449798584e-01
5.943965911865234375e-01
7.028207778930664062e-01
4.708243906497955322e-01
2.094015121459960938e+00
1.124777197837829590e+00
4.422233998775482178e-02
5.000241100788116455e-02
7.417398691177368164e-02
2.555910646915435791e-01
0.000000000000000000e+00
5.078283697366714478e-02
1.330873183906078339e-02
2.427889555692672729e-01
7.750572264194488525e-02
6.658180058002471924e-02
4.326519072055816650e-01
1.524610072374343872e-01
1.108263731002807617e-01
6.026903167366981506e-03
3.764063119888305664e-01
9.001907310448586941e-04
1.121232006698846817e-02
9.674832820892333984e-01
1.007513046264648438e+00
1.314170360565185547e+00
1.400120258331298828e-01
1.182706952095031738e+00
5.037053823471069336e-01
7.743802666664123535e-02
3.271952569484710693e-01
0.000000000000000000e+00
1.701690107583999634e-01
5.633095502853393555e-01
1.539381444454193115e-01
2.653891444206237793e-01
1.278602600097656250e+00
3.551546633243560791e-01
6.911253929138183594e-01
3.699422478675842285e-01
2.473852038383483887e-01
1.692314594984054565e-01
2.180868089199066162e-01
1.239961385726928711e+00
2.998872995376586914e-01
8.453458547592163086e-02
2.442599773406982422e+00
7.849573343992233276e-02
8.537506312131881714e-02
1.242901325225830078e+00
1.757127046585083008e-01
1.081212013959884644e-01
7.175892591476440430e-01
6.679320335388183594e-01
5.304788351058959961e-01
7.734059542417526245e-02
3.954111635684967041e-01
4.107791557908058167e-02
1.507299661636352539e+00
7.691550999879837036e-02
1.830511093139648438e-01
1.214409232139587402e+00
4.361657500267028809e-01
3.247606754302978516e-02
1.053867116570472717e-01
3.126047551631927490e-01
2.896361351013183594e-01
1.334667354822158813e-01
2.899288237094879150e-01
2.779189497232437134e-02
9.884503483772277832e-02
1.151385903358459473e+00
1.236966550350189209e-01
2.175539016723632812e+00
1.588304936885833740e-01
9.715528786182403564e-02
7.032989263534545898e-01
1.134237572550773621e-01
8.453961014747619629e-01
3.524929285049438477e-01
4.104370623826980591e-02
3.560203313827514648e-02
7.048088908195495605e-01
1.419003009796142578e-01
0.000000000000000000e+00
5.665966868400573730e-02
2.145954072475433350e-01
8.645702004432678223e-01
1.290941596031188965e+00
2.904223203659057617e-01
0.000000000000000000e+00
1.454457454383373260e-02
0.000000000000000000e+00
7.029497027397155762e-01
6.409236192703247070e-01
1.759785562753677368e-01
1.002572655677795410e+00
3.089820034801959991e-02
1.043653860688209534e-01
3.453538715839385986e-01
9.204823970794677734e-01
1.668343096971511841e-01
5.163903832435607910e-01
3.574536740779876709e-01
2.527194656431674957e-02
1.751818694174289703e-02
1.661067903041839600e-01
2.089289426803588867e-01
0.000000000000000000e+00
1.512964367866516113e+00
1.599722385406494141e+00
1.859109997749328613e+00
9.430765360593795776e-02
2.797731757164001465e-01
5.522434040904045105e-02
1.419664502143859863e+00
7.824477553367614746e-01
1.311434030532836914e+00
1.408537626266479492e+00
1.362301874905824661e-03
2.827677249908447266e+00
8.034269325435161591e-03
9.531431831419467926e-03
3.266982734203338623e-01
9.283708035945892334e-02
1.219254061579704285e-01
4.870749413967132568e-01
8.247275352478027344e-01
1.848405599594116211e+00
1.709782779216766357e-01
2.311755716800689697e-01
0.000000000000000000e+00
1.256680488586425781e-01
2.494092136621475220e-01
2.069952964782714844e+00
1.228231638669967651e-01
3.337565809488296509e-02
8.162755519151687622e-02
5.913623809814453125e+00
3.320540860295295715e-02
0.000000000000000000e+00
1.567590475082397461e+00
1.190045833587646484e+00
7.944804430007934570e-01
1.791757158935070038e-02
1.661591410636901855e+00
1.837200969457626343e-01
2.350874543190002441e-01
1.747882962226867676e+00
8.132193237543106079e-02
1.489043235778808594e-02
6.502167135477066040e-02
9.623411297798156738e-01
1.003105100244283676e-02
2.236757427453994751e-02
3.529937565326690674e-01
5.384615063667297363e-01
3.010003864765167236e-01
1.099265456199645996e+00
6.589329242706298828e-02
1.299471020698547363e+00
3.112843632698059082e-01
5.219107866287231445e-01
4.907824099063873291e-02
5.965733155608177185e-02
7.559371590614318848e-01
4.121630638837814331e-02
4.186792671680450439e-02
6.424144655466079712e-02
3.718754947185516357e-01
0.000000000000000000e+00
2.791536040604114532e-02
1.697823166847229004e+00
3.743082880973815918e-01
2.424203455448150635e-01
1.092487052083015442e-01
1.465727388858795166e-02
1.168678849935531616e-01
9.351012110710144043e-02
5.996356606483459473e-01
2.865084707736968994e-01
2.996536903083324432e-02
4.109827876091003418e-01
5.540470592677593231e-03
4.866825938224792480e-01
1.090098768472671509e-01
1.666446447372436523e+00
0.000000000000000000e+00
4.148280620574951172e-01
1.896476931869983673e-02
2.246951609849929810e-01
2.096092939376831055e+00
1.270074993371963501e-01
1.094888210296630859e+00
1.918376684188842773e-01
2.058137804269790649e-01
1.089500784873962402e+00
1.140778418630361557e-02
3.531791865825653076e-01
6.434811949729919434e-01
6.580563783645629883e-01
1.761348694562911987e-01
2.437682598829269409e-01
1.084566712379455566e+00
1.681645661592483521e-01
6.794957518577575684e-01
1.029047727584838867e+00
4.506432712078094482e-01
5.270481109619140625e-01
4.197215735912322998e-01
1.006273701786994934e-01
2.077731303870677948e-02
1.685598790645599365e-01
1.851503401994705200e-01
3.343812227249145508e-01
2.142418146133422852e+00
1.536009192466735840e+00
8.313693404197692871e-01
7.907298952341079712e-02
1.777973026037216187e-02
3.549611270427703857e-01
1.004115417599678040e-01
9.626715630292892456e-02
9.807774424552917480e-02
1.612463742494583130e-01
1.011879220604896545e-01
1.211808156222105026e-02
3.135974407196044922e-01
4.209464043378829956e-02
3.766652941703796387e-02
5.839359760284423828e-01
6.209672689437866211e-01
2.291174679994583130e-01
1.013427495956420898e+00
6.036064624786376953e-01
4.955621361732482910e-01
7.252660393714904785e-02
1.490630656480789185e-01
1.597667932510375977e-01
1.326361775398254395e+00
4.977202042937278748e-02
5.982456803321838379e-01
1.952105201780796051e-02
5.930797383189201355e-02
2.885844111442565918e-01
3.751789927482604980e-01
1.367836356163024902e+00
3.617914915084838867e+00
6.073256134986877441e-01
2.088085114955902100e-01
1.348886340856552124e-01
3.480616211891174316e-01
1.336598843336105347e-01
5.730174779891967773e-01
1.837969273328781128e-01
2.138786166906356812e-01
3.256839886307716370e-02
9.078106880187988281e-01
2.876681983470916748e-01
5.796738266944885254e-01
4.125455319881439209e-01
9.849768131971359253e-02
4.007342457771301270e-02
1.809428930282592773e-01
1.637328863143920898e-01
4.445328935980796814e-02
1.858292669057846069e-01
0.000000000000000000e+00
2.087057568132877350e-02
5.315914005041122437e-02
7.580965757369995117e-01
3.767146542668342590e-02
2.849705219268798828e-01
3.744183480739593506e-01
2.198302596807479858e-01
1.263320893049240112e-01
5.446074604988098145e-01
5.634521842002868652e-01
2.738278210163116455e-01
6.057701706886291504e-01
3.550114855170249939e-02
4.068197906017303467e-01
8.842556923627853394e-02
1.155705451965332031e-01
8.532305248081684113e-03
1.300974339246749878e-01
8.662391304969787598e-01
2.810194194316864014e-01
2.879342436790466309e-01
8.284612894058227539e-01
7.269643992185592651e-02
5.000367164611816406e-01
5.094475150108337402e-01
6.656476180069148540e-04
2.665606513619422913e-02
2.400454878807067871e-01
2.127869725227355957e-01
4.021340608596801758e-01
2.261433750391006470e-01
7.373120188713073730e-01
2.630888856947422028e-02
7.845430970191955566e-01
2.570464849472045898e+00
8.939505815505981445e-01
1.834746450185775757e-01
6.129832267761230469e-01
6.556629538536071777e-01
5.994673967361450195e-01
0.000000000000000000e+00
1.026159644126892090e+00
2.157144695520401001e-01
2.571895718574523926e-02
9.106962084770202637e-01
6.781038045883178711e-01
2.511629275977611542e-02
3.976545631885528564e-01
5.249753221869468689e-02
0.000000000000000000e+00
3.496111631393432617e-01
5.065335035324096680e-01
1.045947670936584473e+00
4.952367395162582397e-02
2.173521816730499268e-01
8.964070677757263184e-01
5.711883902549743652e-01
1.157939061522483826e-01
3.155204057693481445e-01
1.152470827102661133e+00
2.207237482070922852e+00
1.274481058120727539e+00
0.000000000000000000e+00
0.000000000000000000e+00
2.049363851547241211e-01
1.584798842668533325e-01
7.048869878053665161e-02
8.788894414901733398e-01
8.202254772186279297e-01
5.012840032577514648e-02
1.972571760416030884e-02
2.977248132228851318e-01
6.172817666083574295e-03
0.000000000000000000e+00
6.846856325864791870e-02
1.271031379699707031e+00
8.405376225709915161e-02
5.882259011268615723e-01
5.738693475723266602e-01
0.000000000000000000e+00
4.039829075336456299e-01
1.162399351596832275e-02
4.811628758907318115e-01
0.000000000000000000e+00
5.368164554238319397e-02
5.791799426078796387e-01
6.411427259445190430e-01
1.799050807952880859e+00
7.090462446212768555e-01
3.074383735656738281e-01
0.000000000000000000e+00
4.649471342563629150e-01
0.000000000000000000e+00
2.160870730876922607e-01
7.453290373086929321e-02
3.895441293716430664e-01
2.306771129369735718e-01
3.059365749359130859e+00
6.473293900489807129e-02
0.000000000000000000e+00
4.022789001464843750e-02
2.465904802083969116e-01
6.389553546905517578e-01
3.164926171302795410e-01
5.178184509277343750e-01
0.000000000000000000e+00
1.274713277816772461e-01
1.099949851632118225e-01
8.248685002326965332e-01
1.315416544675827026e-01
1.021908402442932129e+00
5.616625770926475525e-03
1.421512663364410400e-01
3.350417315959930420e-02
5.254212021827697754e-01
2.268383264541625977e+00
1.832923442125320435e-01
6.154476851224899292e-02
4.083164036273956299e-03
2.683013677597045898e-01
1.631784439086914062e-01
4.936625361442565918e-01
2.940156031399965286e-03
2.455833256244659424e-01
2.048849165439605713e-01
4.162431955337524414e-01
2.799062728881835938e-01
1.052700161933898926e+00
3.285605907440185547e-01
0.000000000000000000e+00
0.000000000000000000e+00
2.746257781982421875e-01
1.532939076423645020e+00
4.947486817836761475e-01
3.105824291706085205e-01
3.453800678253173828e+00
1.766309142112731934e-01
1.819960474967956543e-01
1.368646383285522461e+00
2.471546456217765808e-02
0.000000000000000000e+00
1.345635652542114258e-01
2.568534612655639648e-01
6.325181722640991211e-01
2.518113553524017334e-01
2.077792167663574219e+00
2.561452686786651611e-01
1.250234603881835938e+00
2.347463607788085938e+00
2.697630226612091064e-01
2.222311794757843018e-01
1.649469719268381596e-03
6.522374600172042847e-02
7.658745348453521729e-02
0.000000000000000000e+00
1.718002371490001678e-02
1.253146380186080933e-01
6.872230768203735352e-02
8.449562788009643555e-01
0.000000000000000000e+00
2.783716678619384766e+00
1.750520229339599609e+00
2.485057264566421509e-01
1.722304821014404297e+00
6.567998975515365601e-02
1.227824762463569641e-01
1.292408585548400879e+00
9.176839888095855713e-02
7.003789395093917847e-02
1.123460941016674042e-02
7.450083643198013306e-02
3.943883478641510010e-01
1.259095668792724609e-01
8.348836302757263184e-01
0.000000000000000000e+00
4.141933023929595947e-01
5.689625814557075500e-02
2.328488081693649292e-01
2.581988871097564697e-01
1.446832418441772461e+00
4.194878637790679932e-01
2.077402621507644653e-01
1.401547431945800781e+00
1.733730733394622803e-01
1.159826591610908508e-01
7.801216561347246170e-03
3.588418364524841309e-01
1.870164275169372559e-01
4.921863377094268799e-01
9.097120165824890137e-01
3.619369864463806152e-01
1.462770700454711914e-01
1.132984086871147156e-01
2.389997430145740509e-02
2.212790995836257935e-01
7.129523754119873047e-01
1.261075735092163086e-01
3.694538176059722900e-01
2.151792049407958984e-01
2.042020857334136963e-02
1.563691645860671997e-01
1.971961557865142822e-01
8.851601183414459229e-02
1.356745809316635132e-01
2.293380022048950195e+00
7.434728741645812988e-02
2.297852933406829834e-01
5.594877004623413086e-01
1.032896995544433594e+00
2.553552985191345215e-01
3.488933742046356201e-01
2.875754237174987793e-01
4.204535186290740967e-01
3.770886361598968506e-01
9.433446824550628662e-02
5.220004543662071228e-02
0.000000000000000000e+00
5.638709291815757751e-02
6.620218157768249512e-01
9.878051280975341797e-01
5.106444954872131348e-01
1.942780241370201111e-02
5.136418715119361877e-02
3.662748634815216064e-01
5.749047547578811646e-02
1.065649986267089844e-01
1.891851872205734253e-01
3.879698365926742554e-02
1.981562823057174683e-01
0.000000000000000000e+00
2.818801626563072205e-02
3.162975609302520752e-01
1.456739455461502075e-01
4.141059145331382751e-02
1.634489893913269043e-01
2.011792967095971107e-03
6.841288805007934570e-01
0.000000000000000000e+00
2.454632520675659180e-01
6.968477964401245117e-01
4.805831611156463623e-02
8.227587938308715820e-01
1.526878774166107178e-02
9.994575381278991699e-01
0.000000000000000000e+00
4.725335910916328430e-02
4.055469512939453125e+00
9.618096351623535156e-01
7.442107796669006348e-01
3.563902899622917175e-02
5.577056407928466797e-01
2.373481690883636475e-01
2.688444964587688446e-02
1.852066993713378906e+00
8.099402785301208496e-01
6.849807221442461014e-03
0.000000000000000000e+00
2.000806387513875961e-03
3.148994743824005127e-01
3.374441385269165039e+00
1.596727520227432251e-01
2.780656889081001282e-02
2.972537040710449219e+00
5.285397171974182129e-01
3.237038552761077881e-01
5.145899057388305664e-01
2.261222302913665771e-01
4.651698768138885498e-01
1.485877633094787598e+00
8.746110796928405762e-01
8.531841635704040527e-01
4.935922026634216309e-01
2.730735205113887787e-02
1.337426602840423584e-01
3.339757677167654037e-03
1.448987871408462524e-01
3.200089335441589355e-01
7.862357497215270996e-01
6.426419019699096680e-01
3.747720122337341309e-01
1.523194313049316406e+00
1.404985934495925903e-01
1.903133839368820190e-01
5.958840250968933105e-01
1.380326002836227417e-01
7.584182173013687134e-02
1.276982724666595459e-01
4.248069599270820618e-02
1.159546226263046265e-01
5.946528166532516479e-02
3.197891950607299805e+00
4.265402257442474365e-01
4.340051114559173584e-02
5.956430435180664062e-01
1.274107247591018677e-01
5.553392171859741211e-01
4.871532618999481201e-01
2.894815206527709961e+00
2.759670913219451904e-01
9.821052104234695435e-02
1.237916480749845505e-02
1.813701689243316650e-01
3.538946807384490967e-02
1.040902063250541687e-01
3.350810110569000244e-01
6.592020392417907715e-02
0.000000000000000000e+00
3.350279033184051514e-01
6.101419329643249512e-01
2.655811607837677002e-01
1.072126328945159912e-01
2.107660919427871704e-01
1.326045632362365723e+00
3.084638714790344238e-01
1.554699301719665527e+00
0.000000000000000000e+00
6.758421063423156738e-01
1.417082786560058594e+00
3.847896754741668701e-01
8.977947831153869629e-01
7.701152563095092773e-02
3.590661287307739258e-02
3.863469511270523071e-02
9.404952079057693481e-02
7.856317758560180664e-01
1.305765751749277115e-02
6.655266284942626953e-01
1.062947213649749756e-01
7.969677448272705078e-02
6.337866187095642090e-01
3.557715117931365967e-01
4.053322970867156982e-01
8.157653212547302246e-01
0.000000000000000000e+00
3.546348810195922852e-01
1.096741296350955963e-03
1.310320496559143066e-01
0.000000000000000000e+00
2.592941224575042725e-01
6.651001572608947754e-01
6.370916962623596191e-01
1.677815794944763184e+00
1.231521248817443848e+00
1.147943213582038879e-01
9.692663699388504028e-02
1.912414729595184326e-01
1.136333346366882324e-01
8.310508131980895996e-01
1.665039509534835815e-01
3.319804072380065918e-01
2.617103457450866699e-01
7.473921775817871094e-01
7.271999716758728027e-01
8.595857620239257812e-01
1.032070592045783997e-01
6.910408139228820801e-01
5.306880474090576172e-01
1.075280606746673584e-01
1.265501528978347778e-01
3.931230306625366211e-02
2.429849207401275635e-01
1.979336142539978027e-02
9.892160892486572266e-01
9.868405014276504517e-02
2.690191864967346191e-01
6.079052761197090149e-02
1.315628409385681152e+00
9.751242995262145996e-01
4.546650126576423645e-02
5.641192942857742310e-02
5.472244694828987122e-02
6.575945615768432617e-01
2.007161974906921387e-01
5.046226382255554199e-01
1.905970692634582520e+00
2.652348391711711884e-02
2.879688739776611328e-01
4.994405508041381836e-01
1.126099098473787308e-02
0.000000000000000000e+00
0.000000000000000000e+00
1.486828327178955078e-01
1.614906191825866699e+00
5.711859464645385742e-01
3.672231361269950867e-02
1.042738914489746094e+00
2.678999900817871094e-01
5.351687967777252197e-02
1.756205558776855469e+00
0.000000000000000000e+00
3.888010978698730469e-01
9.038150310516357422e-03
4.988473653793334961e-02
2.254761308431625366e-01
8.497825264930725098e-01
2.296362370252609253e-01
1.631049960851669312e-01
1.159566402435302734e+00
6.790447980165481567e-02
0.000000000000000000e+00
2.267614454030990601e-01
0.000000000000000000e+00
6.348545849323272705e-02
2.497806996107101440e-01
0.000000000000000000e+00
3.498194217681884766e-01
1.801378130912780762e-01
0.000000000000000000e+00
1.425872683525085449e+00
1.273427486419677734e+00
5.337784290313720703e-01
8.360165953636169434e-01
3.121570348739624023e-01
5.766757130622863770e-01
3.768262565135955811e-01
4.294818639755249023e-02
0.000000000000000000e+00
2.061574757099151611e-01
2.396770939230918884e-02
3.767507970333099365e-01
0.000000000000000000e+00
2.756958305835723877e-01
5.510308146476745605e-01
7.930880039930343628e-02
2.884480357170104980e-02
2.145057171583175659e-01
5.965931415557861328e-01
4.239676594734191895e-01
3.428531587123870850e-01
2.231625095009803772e-02
1.935682147741317749e-01
3.301468789577484131e-01
3.633097410202026367e-01
4.827663898468017578e-01
1.537173390388488770e-01
8.642177097499370575e-03
2.135754972696304321e-01
7.377821207046508789e-01
1.101638674736022949e-01
1.226423904299736023e-01
3.775828123092651367e+00
1.916237473487854004e-01
2.019817978143692017e-01
4.713126458227634430e-03
3.353656828403472900e-01
7.798432558774948120e-02
3.409504890441894531e-01
1.970858871936798096e-01
3.960696756839752197e-01
2.013407707214355469e+00
6.544275879859924316e-01
3.932546377182006836e-01
2.861494123935699463e-01
5.718615651130676270e-01
1.262791275978088379e+00
7.863775640726089478e-02
5.296246409416198730e-01
4.020576179027557373e-01
0.000000000000000000e+00
1.497160643339157104e-01
3.870886564254760742e-02
7.417817115783691406e-01
0.000000000000000000e+00
0.000000000000000000e+00
2.810585498809814453e-01
2.598001956939697266e-01
6.700681895017623901e-02
9.016501717269420624e-03
3.429817259311676025e-01
1.779717355966567993e-01
4.580693319439888000e-02
1.223203659057617188e+00
8.223870992660522461e-01
1.504139780998229980e+00
9.504989385604858398e-01
9.829262644052505493e-02
1.247128937393426895e-02
1.338558644056320190e-01
2.037537246942520142e-01
0.000000000000000000e+00
7.051541004329919815e-03
2.632363438606262207e-01
3.817113339900970459e-01
1.159613370895385742e+00
2.760804593563079834e-01
1.577087193727493286e-01
1.818044632673263550e-01
3.285625576972961426e-01
3.232909366488456726e-02
2.672356069087982178e-01
4.355589151382446289e-01
2.061270952224731445e+00
1.032220125198364258e-01
5.259459614753723145e-01
2.684905827045440674e-01
1.115175932645797729e-01
3.338486909866333008e+00
1.623206287622451782e-01
1.881551593542098999e-01
1.801048219203948975e-01
1.898443698883056641e-01
1.398505270481109619e-02
2.233610600233078003e-01
1.166842103004455566e+00
4.006983339786529541e-01
6.330524384975433350e-02
2.325209379196166992e-01
3.846363350749015808e-02
1.275685895234346390e-02
1.468793749809265137e-01
0.000000000000000000e+00
4.485033750534057617e-01
3.386675193905830383e-02
8.450455218553543091e-02
2.565082609653472900e-01
2.096391767263412476e-01
5.187010392546653748e-02
1.793559640645980835e-02
1.557273417711257935e-01
5.603247880935668945e-02
1.222468689084053040e-01
1.382998108863830566e+00
1.812194138765335083e-01
2.261825501918792725e-01
2.671500742435455322e-01
1.315834164619445801e+00
2.172532677650451660e-02
9.643952548503875732e-02
1.319750994443893433e-01
4.559433460235595703e-01
3.686195611953735352e-01
5.356102585792541504e-01
1.828703433275222778e-01
2.874829471111297607e-01
2.679803371429443359e-01
1.412700861692428589e-01
3.360237181186676025e-01
1.152153134346008301e+00
6.423720042221248150e-04
1.798901408910751343e-01
2.648991644382476807e-01
3.296338319778442383e-01
1.282525956630706787e-01
1.606086269021034241e-02
2.262147217988967896e-01
1.100119590759277344e+00
1.034755825996398926e+00
5.715907216072082520e-01
1.028935313224792480e+00
8.511021733283996582e-02
7.369881272315979004e-01
1.630418777465820312e+00
1.967915892601013184e-01
8.106715679168701172e-01
4.827978312969207764e-01
1.348037868738174438e-01
1.128245368599891663e-01
1.416086703538894653e-01
0.000000000000000000e+00
1.908203810453414917e-01
1.422711461782455444e-01
3.346242308616638184e-01
2.610654532909393311e-01
6.403215527534484863e-01
1.004704713821411133e+00
6.968488097190856934e-01
4.028857946395874023e-01
3.551172018051147461e-01
1.764315605163574219e+00
9.641022682189941406e-01
2.875026464462280273e-01
4.489559233188629150e-01
7.453118264675140381e-02
4.548420011997222900e-01
2.788090705871582031e-01
1.645503044128417969e+00
9.847447872161865234e-01
7.085838317871093750e-01
3.691711723804473877e-01
5.364439263939857483e-02
2.277921140193939209e-01
4.716394469141960144e-02
1.321859359741210938e+00
4.116396978497505188e-02
5.725008249282836914e-01
7.802160382270812988e-01
8.701597899198532104e-02
2.814238071441650391e-01
5.500965565443038940e-02
5.514963865280151367e-01
8.542981743812561035e-01
1.037774793803691864e-02
1.336558461189270020e+00
5.808318406343460083e-02
5.336281657218933105e-01
2.022918462753295898e-01
6.311023235321044922e-02
3.361451253294944763e-02
1.140036657452583313e-01
5.901109054684638977e-02
6.451747566461563110e-02
4.981715977191925049e-01
1.847425550222396851e-01
1.375716328620910645e-01
1.239099144935607910e+00
1.121066138148307800e-01
3.460708260536193848e-01
3.424769341945648193e-01
2.226031541824340820e+00
7.275125384330749512e-01
1.583730429410934448e-01
4.332566261291503906e-02
1.264816224575042725e-01
1.164675951004028320e-01
3.034519255161285400e-01
7.694456726312637329e-02
0.000000000000000000e+00
4.207828640937805176e-01
1.572288572788238525e-02
1.592277735471725464e-01
2.414046376943588257e-01
9.728724956512451172e-01
5.415349006652832031e-01
3.491503000259399414e-01
6.257877945899963379e-01
1.734341025352478027e+00
5.074235200881958008e-01
5.766016840934753418e-01
2.964000999927520752e-01
6.580540537834167480e-01
5.412358641624450684e-01
1.871743351221084595e-01
1.655382752418518066e+00
7.640185356140136719e-01
2.799881994724273682e-01
2.163702063262462616e-02
7.768384814262390137e-01
8.630864620208740234e-01
2.992215156555175781e-01
0.000000000000000000e+00
1.081418618559837341e-01
5.210877060890197754e-01
1.057409048080444336e+00
5.251648426055908203e-01
2.289480209350585938e+00
1.685983240604400635e-01
1.034400612115859985e-02
7.234631776809692383e-01
4.741956945508718491e-03
9.558864682912826538e-02
9.751047007739543915e-03
9.113018959760665894e-02
3.327634036540985107e-01
1.262252032756805420e-01
0.000000000000000000e+00
8.295114636421203613e-01
4.023075401782989502e-01
3.967310190200805664e-01
1.170816943049430847e-01
1.761815398931503296e-01
4.359676316380500793e-02
5.403761863708496094e-01
4.062304738909006119e-03
3.317086994647979736e-01
6.356434226036071777e-01
2.767237663269042969e+00
2.069529742002487183e-01
1.977549642324447632e-01
8.152842521667480469e-02
7.858734726905822754e-01
3.190939426422119141e-01
3.854870423674583435e-02
4.802625179290771484e-01
1.597559452056884766e-02
1.328937113285064697e-01
4.073442816734313965e-01
2.518138885498046875e-01
0.000000000000000000e+00
2.994318902492523193e-01
4.113532900810241699e-01
8.184886723756790161e-02
0.000000000000000000e+00
1.393015980720520020e-01
1.241362770088016987e-03
7.452852129936218262e-01
1.493909716606140137e+00
4.378623068332672119e-01
1.142007187008857727e-01
3.104415535926818848e-02
6.556956768035888672e-01
1.629739552736282349e-01
2.430701017379760742e+00
2.281955480575561523e+00
1.757416278123855591e-01
1.262950301170349121e-01
3.079504072666168213e-01
2.454265356063842773e-01
4.626641869544982910e-01
1.171883046627044678e-01
7.203423418104648590e-03
1.182951498776674271e-02
2.053325176239013672e-01
2.908946752548217773e+00
8.322748541831970215e-02
7.884988784790039062e-01
1.038983184844255447e-02
1.387521862983703613e+00
1.778999865055084229e-01
4.584412574768066406e-01
9.104994684457778931e-02
5.330568552017211914e-01
3.850590586662292480e-01
1.009228378534317017e-01
1.197755783796310425e-01
1.292685419321060181e-01
5.228934884071350098e-01
4.370071291923522949e-01
1.461859792470932007e-02
3.107064664363861084e-01
1.467141270637512207e+00
3.203528746962547302e-02
1.510262638330459595e-01
4.896909296512603760e-01
5.908303260803222656e-01
0.000000000000000000e+00
9.451293945312500000e-01
2.449339628219604492e-01
6.980787962675094604e-02
5.422859191894531250e-01
5.536740645766258240e-02
7.914707809686660767e-02
1.518837511539459229e-01
1.246511340141296387e-01
0.000000000000000000e+00
0.000000000000000000e+00
2.659466117620468140e-02
0.000000000000000000e+00
4.636350274085998535e-01
1.101772710680961609e-01
1.696419566869735718e-01
1.711923718452453613e+00
2.649533152580261230e-01
6.126178056001663208e-02
1.084300056099891663e-01
5.069736391305923462e-02
8.905403316020965576e-02
1.866468344815075397e-03
8.924194574356079102e-01
8.657617121934890747e-02
2.158789932727813721e-01
1.548328697681427002e-01
0.000000000000000000e+00
1.149236932396888733e-01
4.032834768295288086e-01
0.000000000000000000e+00
2.399971634149551392e-01
9.228012710809707642e-02
1.517336368560791016e+00
6.319414824247360229e-02
5.431088805198669434e-01
3.336949944496154785e-01
9.898232221603393555e-01
5.244977027177810669e-02
6.445042043924331665e-02
3.131739616394042969e+00
5.082502216100692749e-02
1.411684989929199219e+00
6.700114905834197998e-02
9.308189153671264648e-02
7.998077571392059326e-02
5.301924943923950195e-01
2.201223745942115784e-03
3.704990446567535400e-01
1.018154025077819824e+00
3.247320353984832764e-01
5.415286496281623840e-02
1.700663119554519653e-01
1.002189517021179199e-01
1.002419114112854004e+00
1.137334927916526794e-01
4.195794463157653809e-02
2.696953713893890381e-01
1.444763988256454468e-01
0.000000000000000000e+00
1.660291552543640137e+00
5.105349794030189514e-02
6.949855480343103409e-03
3.489752709865570068e-01
3.157883882522583008e-01
3.381060063838958740e-02
3.454901278018951416e-01
7.582677602767944336e-01
1.879245415329933167e-02
6.733465194702148438e-02
0.000000000000000000e+00
1.185011148452758789e+00
3.559884727001190186e-01
0.000000000000000000e+00
7.690458297729492188e-01
1.199893057346343994e-01
3.315129876136779785e-01
6.238745152950286865e-02
4.187652096152305603e-02
8.637237362563610077e-03
1.891161799430847168e-01
9.090864062309265137e-01
5.456629395484924316e-01
1.987278647720813751e-02
1.728863418102264404e-01
2.375101894140243530e-01
9.610234759747982025e-03
0.000000000000000000e+00
8.855782449245452881e-02
2.883357107639312744e-01
5.615612864494323730e-01
4.972871541976928711e-01
2.908233404159545898e-01
1.041085571050643921e-01
1.471914172172546387e+00
1.196598112583160400e-01
3.971129357814788818e-01
1.180786415934562683e-01
7.115174084901809692e-02
4.904638826847076416e-01
0.000000000000000000e+00
4.230085015296936035e-01
1.235365793108940125e-01
5.355461120605468750e+00
1.295466348528862000e-02
2.182942926883697510e-01
3.528617620468139648e-01
1.916838735342025757e-01
1.929888486862182617e+00
1.363248378038406372e-01
1.252518892288208008e-01
2.593817234039306641e+00
4.209885597229003906e-01
0.000000000000000000e+00
1.406444013118743896e-01
2.081256389617919922e+00
1.989893987774848938e-02
1.397412121295928955e-01
9.548275917768478394e-02
4.472656548023223877e-01
8.923016190528869629e-01
7.957442849874496460e-02
0.000000000000000000e+00
1.816560924053192139e-01
5.068780779838562012e-01
2.439585685729980469e+00
8.736731857061386108e-02
1.656277328729629517e-01
0.000000000000000000e+00
7.296394705772399902e-01
0.000000000000000000e+00
2.630000114440917969e+00
1.943600475788116455e-01
8.128256537020206451e-03
7.098647952079772949e-01
5.210054665803909302e-02
7.232875097543001175e-03
1.272437721490859985e-02
1.413309425115585327e-01
2.179378829896450043e-02
0.000000000000000000e+00
8.235663175582885742e-02
1.985621005296707153e-01
3.175407052040100098e-01
1.324929483234882355e-02
8.896572589874267578e-01
2.222618758678436279e-01
1.223607137799263000e-01
2.428950667381286621e-01
8.286938071250915527e-01
5.113574266433715820e-01
6.853129267692565918e-01
1.266586631536483765e-01
7.594192028045654297e-01
8.282282948493957520e-01
9.219329953193664551e-01
0.000000000000000000e+00
1.042474210262298584e-01
3.067630901932716370e-02
5.325490832328796387e-01
7.810634970664978027e-01
2.282374203205108643e-01
1.739755645394325256e-02
1.133274361491203308e-01
9.786932170391082764e-02
1.853071153163909912e-02
1.969692349433898926e+00
4.468158781528472900e-01
0.000000000000000000e+00
2.226957827806472778e-01
0.000000000000000000e+00
3.095868825912475586e-01
1.362781524658203125e-01
1.775769442319869995e-01
1.963793337345123291e-01
0.000000000000000000e+00
7.619165629148483276e-02
1.415860652923583984e-01
1.798543810844421387e+00
4.166575968265533447e-01
4.352835193276405334e-02
1.105071902275085449e-01
1.819157153367996216e-01
4.156436026096343994e-01
6.607688963413238525e-02
5.914800763130187988e-01
5.222756043076515198e-02
1.492054700851440430e+00
5.906674265861511230e-02
5.157922506332397461e-01
3.013952076435089111e-01
3.983369469642639160e-01
3.607364296913146973e-01
3.929235390387475491e-04
2.842291891574859619e-01
1.434210240840911865e-01
1.449133921414613724e-02
1.032025739550590515e-01
1.442621707916259766e+00
1.634521842002868652e+00
2.069784849882125854e-01
1.529037952423095703e-02
3.698859453201293945e+00
7.882912456989288330e-02
6.576359868049621582e-01
3.666191175580024719e-02
4.172203480266034603e-04
4.796814918518066406e-01
1.580519527196884155e-01
4.441047906875610352e-01
5.842402577400207520e-02
8.093041926622390747e-02
0.000000000000000000e+00
7.156765460968017578e-01
6.663094162940979004e-01
6.274484395980834961e-01
1.954932883381843567e-02
1.352099627256393433e-01
8.663667738437652588e-02
6.318226456642150879e-02
1.981104612350463867e-01
2.421075403690338135e-01
3.149855732917785645e-01
3.097992762923240662e-02
0.000000000000000000e+00
1.843986473977565765e-02
1.141029149293899536e-01
2.051038146018981934e-01
2.965251505374908447e-01
1.878329180181026459e-02
8.480788469314575195e-01
1.210131123661994934e-01
8.560238033533096313e-02
3.690335452556610107e-01
4.503487944602966309e-01
7.147598266601562500e-02
1.184855699539184570e-01
0.000000000000000000e+00
1.019671678543090820e+00
1.676420122385025024e-01
1.062809944152832031e+00
1.407234556972980499e-02
6.786100566387176514e-03
3.535119593143463135e-01
1.861861944198608398e-01
1.311946511268615723e+00
2.735624611377716064e-01
5.868915915489196777e-01
7.565770149230957031e-01
3.089905679225921631e-01
7.694222498685121536e-03
8.241224288940429688e-01
4.071653187274932861e-01
1.071274280548095703e-03
3.077509105205535889e-01
1.243522539734840393e-01
0.000000000000000000e+00
8.926171809434890747e-02
1.536040425300598145e+00
2.127552032470703125e-02
3.658617734909057617e-01
2.971824169158935547e+00
6.469900906085968018e-02
5.304435491561889648e-01
1.215389490127563477e+00
3.311477899551391602e-01
1.601160019636154175e-01
3.308857381343841553e-01
7.504776716232299805e-01
0.000000000000000000e+00
0.000000000000000000e+00
1.583425998687744141e+00
3.400918543338775635e-01
1.359718441963195801e-01
8.814287185668945312e-02
8.305498957633972168e-02
3.347208499908447266e-01
3.527206182479858398e-01
4.597863182425498962e-03
3.620209991931915283e-01
0.000000000000000000e+00
2.176264524459838867e-01
6.206097826361656189e-02
3.421739675104618073e-03
1.535333395004272461e-01
2.369235157966613770e-01
4.456869661808013916e-01
2.650869786739349365e-01
9.381969273090362549e-02
1.809338033199310303e-01
2.367717623710632324e-01
7.123661637306213379e-01
4.641071259975433350e-01
0.000000000000000000e+00
7.683832049369812012e-01
3.890489935874938965e-01
3.309216499328613281e-01
1.286432296037673950e-01
4.759905338287353516e-01
2.918834686279296875e-01
2.837225422263145447e-02
0.000000000000000000e+00
6.308706104755401611e-02
1.678085803985595703e+00
1.845534682273864746e+00
2.742274105548858643e-01
3.225303888320922852e-01
1.487393379211425781e-01
1.490033030509948730e+00
1.052449703216552734e+00
0.000000000000000000e+00
1.220699906349182129e+00
6.604593992233276367e-02
5.899315327405929565e-02
4.511404633522033691e-01
1.632051020860671997e-01
1.397883594036102295e-01
3.389550605788826942e-03
1.082545042037963867e+00
1.603061258792877197e-01
1.378615975379943848e+00
1.063296437263488770e+00
0.000000000000000000e+00
3.277536109089851379e-02
2.247427701950073242e-01
9.346384555101394653e-02
7.680319249629974365e-02
1.089379072189331055e+00
5.737921595573425293e-01
2.931388467550277710e-02
0.000000000000000000e+00
1.167496085166931152e+00
7.010142803192138672e-01
8.611221611499786377e-02
2.078801542520523071e-01
6.962413191795349121e-01
1.249978393316268921e-01
2.220451980829238892e-01
2.852290868759155273e-03
8.008810691535472870e-03
3.367877379059791565e-02
0.000000000000000000e+00
7.817644625902175903e-03
6.946184486150741577e-02
3.664057254791259766e-01
6.007952615618705750e-02
1.436623692512512207e+00
1.389669299125671387e+00
3.296009004116058350e-01
3.990956544876098633e-01
7.107404619455337524e-02
5.219093561172485352e-01
1.627447158098220825e-01
4.225759953260421753e-02
1.249121725559234619e-01
2.440432071685791016e+00
5.233663320541381836e-01
5.049864053726196289e-01
4.709815084934234619e-01
9.666612744331359863e-01
3.372471332550048828e-01
5.177285894751548767e-02
0.000000000000000000e+00
0.000000000000000000e+00
6.707793474197387695e-02
0.000000000000000000e+00
7.530810236930847168e-01
0.000000000000000000e+00
3.952677920460700989e-02
1.628587990999221802e-01
0.000000000000000000e+00
4.521825015544891357e-01
1.576549112796783447e-01
2.205025911331176758e+00
1.065990805625915527e+00
3.441585898399353027e-01
4.613153934478759766e-01
3.690559566020965576e-01
2.527938485145568848e-01
1.547486241906881332e-02
4.995511174201965332e-01
1.278506636619567871e+00
1.534768819808959961e+00
1.031735301017761230e+00
1.103392988443374634e-01
1.293220669031143188e-01
0.000000000000000000e+00
1.963762491941452026e-01
9.840400218963623047e-01
7.752166986465454102e-01
1.685549497604370117e+00
2.944982051849365234e-01
9.950049221515655518e-03
1.601110910996794701e-03
1.607719957828521729e-01
3.860465586185455322e-01
3.032466471195220947e-01
8.948940038681030273e-02
1.638267561793327332e-02
7.013162970542907715e-02
0.000000000000000000e+00
3.217323720455169678e-01
5.932635813951492310e-02
8.473656177520751953e-01
9.192789196968078613e-01
1.804527011699974537e-03
8.712239265441894531e-01
1.385345011949539185e-01
5.165452957153320312e+00
0.000000000000000000e+00
4.977957159280776978e-02
1.962191939353942871e+00
4.851245880126953125e-01
1.031475186347961426e+00
1.761623844504356384e-02
1.382671855390071869e-02
0.000000000000000000e+00
7.098915576934814453e-01
3.699977397918701172e-01
2.751056849956512451e-01
1.333119869232177734e-01
7.926356792449951172e-02
1.943648792803287506e-02
8.130160570144653320e-01
3.230198472738265991e-02
6.035185977816581726e-02
8.055681586265563965e-01
1.504363268613815308e-01
4.289461374282836914e-01
1.591774821281433105e-01
5.868970751762390137e-01
1.432588696479797363e+00
7.353487610816955566e-02
4.144209921360015869e-01
3.585736453533172607e-02
5.110492110252380371e-01
5.093665122985839844e-01
6.161659955978393555e-01
4.658696651458740234e-01
2.964825928211212158e-01
1.287163496017456055e-01
1.081897616386413574e+00
1.452566869556903839e-02
2.032138109207153320e+00
5.669358745217323303e-02
2.255584597587585449e-01
2.837425470352172852e-01
7.551384717226028442e-02
0.000000000000000000e+00
2.740462869405746460e-02
8.892764449119567871e-01
2.382299304008483887e-01
1.119335293769836426e-01
8.181166648864746094e-01
0.000000000000000000e+00
1.539319753646850586e-01
9.169756621122360229e-02
1.175821991637349129e-03
9.609262943267822266e-01
1.267880082130432129e+00
1.652318425476551056e-02
3.916363120079040527e-01
2.557325839996337891e+00
2.705231904983520508e-01
3.288362503051757812e+00
3.895758464932441711e-02
8.799151778221130371e-01
5.320677757263183594e-01
8.766500279307365417e-03
3.066376149654388428e-01
1.577066183090209961e-01
3.013711236417293549e-02
2.720548808574676514e-01
2.727125585079193115e-01
1.298611521720886230e+00
9.579369425773620605e-01
4.058287143707275391e-01
7.055623531341552734e-01
0.000000000000000000e+00
1.599662601947784424e-01
2.150373458862304688e-01
4.378009438514709473e-01
1.152244862169027328e-02
7.723113149404525757e-02
3.609076440334320068e-01
6.168969869613647461e-01
1.148210242390632629e-01
1.045546233654022217e-01
1.387591753154993057e-02
7.716330885887145996e-01
2.829308807849884033e-01
2.204682305455207825e-02
4.220352172851562500e-01
5.195922255516052246e-01
1.100541710853576660e+00
8.793184161186218262e-01
1.576099514961242676e+00
1.335389018058776855e-01
5.808894336223602295e-02
4.362715184688568115e-01
3.160995990037918091e-02
4.368717223405838013e-02
0.000000000000000000e+00
5.884249806404113770e-01
6.735132541507482529e-03
1.865500807762145996e+00
4.949055016040802002e-01
4.027238190174102783e-01
8.623592555522918701e-02
2.630721628665924072e-01
9.567116498947143555e-01
4.154501855373382568e-01
4.055594503879547119e-01
1.072324439883232117e-01
