4.229538440704345703e-01
2.772267460823059082e-01
0.000000000000000000e+00
1.015627622604370117e+00
4.907917082309722900e-01
1.048110246658325195e+00
8.789250850677490234e-01
6.154431104660034180e-01
4.340530335903167725e-01
3.490425348281860352e-01
1.779752820730209351e-01
9.425763487815856934e-01
2.002405971288681030e-01
0.000000000000000000e+00
3.126493841409683228e-02
1.046708822250366211e-01
0.000000000000000000e+00
2.254818439483642578e+00
1.112672567367553711e+00
7.314522266387939453e-01
2.082521915435791016e-01
7.909751683473587036e-02
4.418767243623733521e-02
3.269307017326354980e-01
1.372291296720504761e-01
6.787725687026977539e-01
4.180555790662765503e-02
8.833048939704895020e-01
7.123510539531707764e-02
1.456351429224014282e-01
1.024295091629028320e+00
1.581445932388305664e-01
1.500649377703666687e-02
3.923860788345336914e-01
0.000000000000000000e+00
1.569961190223693848e+00
9.663907885551452637e-01
7.221748828887939453e-01
7.254002243280410767e-02
7.231772541999816895e-01
1.108102425932884216e-01
5.007602740079164505e-03
2.109758406877517700e-01
7.864544391632080078e-01
0.000000000000000000e+00
3.679438494145870209e-03
0.000000000000000000e+00
0.000000000000000000e+00
3.059824928641319275e-02
4.403200745582580566e-01
2.969048917293548584e-01
2.148183733224868774e-01
1.921294927597045898e-01
1.009477853775024414e+00
5.392904207110404968e-02
7.973986864089965820e-01
2.005809545516967773e-02
6.921814680099487305e-01
7.211552560329437256e-02
8.194510638713836670e-02
2.482434511184692383e-01
1.930670887231826782e-01
6.794021129608154297e-01
3.604533076286315918e-01
6.429527997970581055e-01
4.469304680824279785e-01
8.191562294960021973e-01
1.037691593170166016e+00
5.873966813087463379e-01
0.000000000000000000e+00
1.759438812732696533e-01
1.205430030822753906e+00
7.242284715175628662e-02
5.107750296592712402e-01
7.906097173690795898e-02
2.387753874063491821e-01
2.133276611566543579e-01
1.154062986373901367e+00
1.570704281330108643e-01
2.790409922599792480e-01
8.107711672782897949e-01
3.205099999904632568e-01
4.908029735088348389e-01
9.125468321144580841e-03
9.422233700752258301e-01
3.091299720108509064e-02
8.204871416091918945e-02
0.000000000000000000e+00
3.092482984066009521e-01
5.769236087799072266e-01
2.407973706722259521e-01
3.082912266254425049e-01
0.000000000000000000e+00
2.368636801838874817e-02
6.141301989555358887e-01
2.231588602066040039e+00
1.822075396776199341e-01
0.000000000000000000e+00
5.780689418315887451e-03
2.722207643091678619e-02
2.135272324085235596e-01
1.647058278322219849e-01
2.863797664642333984e+00
1.897480845451354980e+00
2.080235719680786133e+00
1.798970997333526611e-01
1.157083749771118164e+00
0.000000000000000000e+00
4.410154372453689575e-02
4.679853022098541260e-01
1.577139049768447876e-01
6.198767423629760742e-01
9.036206007003784180e-01
0.000000000000000000e+00
9.082238078117370605e-01
1.081308424472808838e-01
6.062961220741271973e-01
2.132233977317810059e-01
3.599936068058013916e-01
2.431967258453369141e+00
2.730522453784942627e-01
3.146061301231384277e-01
1.628445386886596680e-01
1.670842170715332031e+00
6.729412555694580078e+00
1.291119605302810669e-01
0.000000000000000000e+00
6.701865792274475098e-01
5.672343820333480835e-02
0.000000000000000000e+00
1.228270888328552246e+00
6.238716244697570801e-01
1.709729433059692383e-01
2.474130839109420776e-01
1.986751109361648560e-01
7.349177598953247070e-01
1.432857066392898560e-01
5.316185355186462402e-01
2.491072654724121094e+00
9.097783565521240234e-01
2.136216871440410614e-02
3.829573690891265869e-01
2.888329327106475830e-01
5.012020468711853027e-01
1.718088090419769287e-01
1.206913031637668610e-02
1.263747096061706543e+00
1.604219824075698853e-01
5.833852663636207581e-02
4.515156149864196777e-01
1.209912300109863281e+00
5.022708326578140259e-03
1.043120980262756348e+00
7.234169244766235352e-01
7.726888060569763184e-01
6.098614260554313660e-02
3.363891839981079102e-01
6.240805983543395996e-01
3.938910961151123047e-01
3.006700873374938965e-01
1.634487658739089966e-01
1.663601547479629517e-01
2.630448341369628906e-01
7.891393452882766724e-02
3.225588798522949219e-01
2.478628873825073242e+00
4.000905752182006836e-01
4.094476997852325439e-02
4.474496245384216309e-01
2.978168427944183350e-01
1.492585301399230957e+00
2.458518296480178833e-01
1.006526112556457520e+00
1.234846338629722595e-01
2.590878307819366455e-01
1.964922808110713959e-02
0.000000000000000000e+00
3.381641626358032227e+00
0.000000000000000000e+00
1.232998371124267578e+00
1.065408438444137573e-01
4.823264479637145996e-02
3.692262649536132812e+00
2.851019054651260376e-02
4.130132496356964111e-01
5.656507611274719238e-01
3.111034035682678223e-01
8.248323798179626465e-01
6.741033792495727539e-01
2.539760470390319824e-01
4.150178134441375732e-01
3.354932069778442383e-01
1.268186718225479126e-01
0.000000000000000000e+00
0.000000000000000000e+00
1.302662640810012817e-01
1.407092332839965820e+00
1.408461451530456543e+00
1.476893275976181030e-01
6.570890545845031738e-01
9.744018912315368652e-01
3.350065052509307861e-01
1.026118323206901550e-01
2.880592644214630127e-02
8.120057731866836548e-02
4.355557858943939209e-01
1.592583298683166504e+00
1.316610693931579590e+00
0.000000000000000000e+00
1.861588209867477417e-01
5.294607281684875488e-01
1.846732258796691895e+00
2.923114597797393799e-02
2.927502095699310303e-01
2.971883490681648254e-02
2.843115627765655518e-01
0.000000000000000000e+00
1.733594655990600586e+00
6.001701112836599350e-04
2.444252520799636841e-01
5.190949141979217529e-02
7.332913577556610107e-03
1.631520092487335205e-01
7.008834742009639740e-03
3.918644040822982788e-02
2.448253631591796875e+00
4.439808893948793411e-03
3.118650615215301514e-01
7.273213267326354980e-01
2.923566401004791260e-01
3.456191346049308777e-02
7.980840280652046204e-03
4.301833629608154297e+00
2.001788094639778137e-02
3.525173068046569824e-01
2.001979351043701172e-01
1.168473884463310242e-01
1.683624267578125000e+00
8.462984114885330200e-03
7.850712537765502930e-01
5.466645956039428711e-02
9.473493695259094238e-01
3.234041035175323486e-01
6.198164224624633789e-01
4.739835262298583984e-01
3.080136841163039207e-03
0.000000000000000000e+00
1.835176497697830200e-01
3.358424305915832520e-01
1.568014025688171387e-01
0.000000000000000000e+00
3.358277380466461182e-01
2.738007009029388428e-01
0.000000000000000000e+00
3.931496143341064453e-01
1.289708465337753296e-01
0.000000000000000000e+00
8.825903385877609253e-02
1.422125399112701416e-01
3.447244167327880859e-01
1.308857463300228119e-03
7.138518691062927246e-01
1.591645836830139160e+00
1.020044386386871338e-01
2.309501618146896362e-01
1.890036314725875854e-01
7.578793764114379883e-01
3.205752372741699219e-01
2.100691348314285278e-01
1.438294053077697754e+00
5.704802870750427246e-01
2.452296465635299683e-01
2.350471466779708862e-01
2.446282207965850830e-01
4.658045992255210876e-02
1.478974580764770508e+00
1.571392416954040527e+00
1.892578303813934326e-01
7.141385227441787720e-02
9.998161792755126953e-01
4.670683294534683228e-02
4.352012872695922852e-01
5.089327692985534668e-02
1.081648111343383789e+00
2.018562555313110352e+00
6.438591480255126953e-01
7.040174677968025208e-03
3.982941508293151855e-01
6.541175842285156250e-01
1.570302486419677734e+00
5.361167713999748230e-03
3.941273987293243408e-01
4.062473773956298828e-02
1.996280103921890259e-01
3.428598940372467041e-01
3.825836181640625000e-01
3.437794744968414307e-02
5.790370106697082520e-01
2.847802340984344482e-01
1.962271332740783691e-01
9.112226963043212891e-02
5.235233902931213379e-01
2.074511766433715820e+00
1.376738667488098145e+00
2.802524268627166748e-01
2.975220978260040283e-01
5.107550621032714844e-01
2.143241763114929199e-01
8.352633714675903320e-01
7.020351886749267578e-01
4.727731049060821533e-01
3.210539519786834717e-01
3.521164953708648682e-01
5.045154094696044922e-01
4.866312742233276367e-01
1.675122022628784180e+00
0.000000000000000000e+00
3.566361367702484131e-01
2.229684591293334961e-01
1.326540708541870117e-01
5.639528110623359680e-02
1.140862107276916504e+00
8.529548346996307373e-02
6.500413417816162109e-01
1.841705888509750366e-01
8.874573111534118652e-01
1.029735684394836426e+00
6.907341629266738892e-02
5.658695697784423828e-01
9.503521323204040527e-01
2.721609547734260559e-02
5.031227469444274902e-01
4.003306925296783447e-01
5.609974265098571777e-01
1.390464782714843750e+00
3.531165122985839844e-01
5.223393812775611877e-02
3.595059737563133240e-02
2.043481618165969849e-01
8.508454263210296631e-02
0.000000000000000000e+00
6.027255058288574219e-01
3.274678289890289307e-01
9.733623266220092773e-02
0.000000000000000000e+00
2.476380392909049988e-02
4.493777081370353699e-02
1.065600991249084473e+00
2.959757745265960693e-01
1.343281865119934082e-01
2.203408330678939819e-01
0.000000000000000000e+00
5.871702432632446289e-01
2.800391614437103271e-01
5.369451362639665604e-03
7.291837781667709351e-02
2.423135563731193542e-03
2.920606136322021484e-01
7.266275584697723389e-02
1.505527377128601074e+00
7.079844474792480469e-01
2.144459635019302368e-01
2.762112617492675781e-01
9.625180363655090332e-01
3.349629044532775879e-02
1.980042643845081329e-02
3.661169707775115967e-01
2.897676825523376465e-01
1.708140075206756592e-01
9.810632467269897461e-01
0.000000000000000000e+00
3.460766077041625977e-01
1.486143827438354492e+00
1.389843523502349854e-01
1.918700814247131348e+00
6.101114749908447266e-01
3.693756461143493652e-02
4.195266962051391602e-02
1.608404815196990967e-01
3.059146553277969360e-02
5.535619735717773438e+00
2.211637020111083984e+00
6.778875589370727539e-01
9.849795103073120117e-01
3.115433752536773682e-01
0.000000000000000000e+00
2.181870192289352417e-01
4.500414803624153137e-02
0.000000000000000000e+00
1.602566957473754883e+00
8.040433377027511597e-02
3.846009671688079834e-01
3.564414978027343750e-01
0.000000000000000000e+00
6.855993706267327070e-05
4.513880014419555664e-01
1.450896412134170532e-01
8.087096214294433594e-01
8.469117432832717896e-02
4.613997936248779297e-01
8.813837766647338867e-01
1.035240292549133301e+00
1.986722946166992188e-01
5.026240944862365723e-01
4.039119184017181396e-02
5.688370466232299805e-01
1.628616333007812500e+00
1.317318081855773926e-01
1.023346304893493652e+00
4.066971242427825928e-01
1.068896412849426270e+00
6.098756939172744751e-02
2.451793551445007324e-01
5.881505012512207031e-01
8.068771362304687500e-01
7.203218340873718262e-02
3.253191709518432617e-01
4.256490170955657959e-01
1.520101726055145264e-01
8.012273311614990234e-01
0.000000000000000000e+00
3.177031755447387695e+00
4.321185648441314697e-01
2.940536141395568848e-01
2.650248289108276367e+00
7.640848159790039062e-01
8.739878535270690918e-01
5.484424233436584473e-01
2.572524361312389374e-03
1.212154328823089600e-01
3.808582425117492676e-01
1.135781928896903992e-01
2.114967823028564453e+00
6.151310354471206665e-02
4.990498535335063934e-03
9.294202178716659546e-02
2.812376320362091064e-01
3.489471673965454102e-01
6.943745166063308716e-02
3.541056439280509949e-02
3.721940889954566956e-02
5.142815113067626953e-01
2.413362562656402588e-01
2.166817337274551392e-01
9.940785169601440430e-01
4.404824972152709961e-02
1.029979065060615540e-02
3.179786261171102524e-03
0.000000000000000000e+00
1.975601613521575928e-01
8.495571613311767578e-01
2.103407382965087891e-01
3.152017593383789062e-01
2.798369526863098145e-02
1.415035873651504517e-01
6.057024002075195312e-01
0.000000000000000000e+00
3.942229986190795898e+00
4.244007468223571777e-01
1.772285550832748413e-01
4.523870050907135010e-01
2.389189481735229492e+00
1.126419976353645325e-01
3.337393701076507568e-01
3.591718077659606934e-01
1.114204972982406616e-01
0.000000000000000000e+00
9.620682001113891602e-01
7.756836712360382080e-02
3.214067220687866211e-01
7.590617537498474121e-01
1.339859127998352051e+00
2.257099390029907227e+00
8.475787639617919922e-01
1.410273015499114990e-01
7.745378613471984863e-01
1.808295398950576782e-01
6.950560212135314941e-02
9.369845986366271973e-01
1.743008345365524292e-01
6.358344554901123047e-01
5.063399076461791992e-01
1.517305616289377213e-03
5.573919788002967834e-02
3.410412788391113281e+00
4.490594267845153809e-01
0.000000000000000000e+00
3.418950438499450684e-01
3.999372124671936035e-01
0.000000000000000000e+00
3.856845796108245850e-01
5.661997795104980469e-01
6.677930057048797607e-02
0.000000000000000000e+00
5.171945691108703613e-01
4.934913516044616699e-01
5.121741294860839844e-01
8.452377319335937500e-01
1.394835472106933594e+00
1.587600708007812500e+00
6.194505840539932251e-02
0.000000000000000000e+00
1.484450936317443848e+00
2.159445047378540039e+00
3.576129078865051270e-01
1.044174075126647949e+00
1.417068481445312500e+00
0.000000000000000000e+00
7.193410396575927734e-01
0.000000000000000000e+00
1.503582239151000977e+00
3.741421461105346680e+00
6.079000234603881836e-01
4.251019097864627838e-03
4.412420690059661865e-01
0.000000000000000000e+00
2.477548122406005859e+00
3.465626239776611328e-01
1.730806350708007812e+00
0.000000000000000000e+00
6.362109184265136719e-01
1.356642842292785645e+00
1.271142959594726562e+00
4.358993377536535263e-03
1.302283606491982937e-03
1.103393077850341797e+00
8.493021130561828613e-01
1.603346914052963257e-01
9.348479509353637695e-01
1.296336203813552856e-01
4.496053606271743774e-02
5.552212893962860107e-02
1.801987648010253906e+00
6.301768124103546143e-02
2.697323821485042572e-02
5.078928917646408081e-02
7.855722904205322266e-01
1.482900348491966724e-03
0.000000000000000000e+00
3.340157032012939453e+00
2.242212295532226562e+00
2.183709293603897095e-02
3.883075416088104248e-01
3.863134682178497314e-01
2.799297273159027100e-01
1.821722239255905151e-01
2.755871295928955078e+00
6.095257401466369629e-01
8.790400810539722443e-03
0.000000000000000000e+00
6.447538733482360840e-02
1.762121915817260742e-01
2.183242291212081909e-01
1.606968343257904053e-01
2.706586122512817383e-01
2.165085673332214355e-01
1.050159096717834473e+00
9.496201276779174805e-01
1.014452457427978516e+00
1.386732608079910278e-01
9.905315190553665161e-02
3.074662387371063232e-01
5.474207401275634766e-01
1.923444122076034546e-02
4.165836609899997711e-03
1.992971658706665039e+00
1.309183239936828613e+00
3.043981790542602539e-01
2.815305627882480621e-02
5.508080124855041504e-01
7.017828226089477539e-01
3.610795438289642334e-01
4.996722936630249023e-02
3.718855232000350952e-02
1.996218562126159668e-01
3.103776574134826660e-01
3.834517300128936768e-02
6.404473185539245605e-01
2.795912742614746094e+00
4.303622990846633911e-03
2.798040807247161865e-01
4.423919320106506348e-01
1.351148486137390137e-01
5.193470418453216553e-02
2.404778897762298584e-01
1.931526660919189453e+00
1.912340819835662842e-01
2.609366178512573242e-01
2.845765352249145508e+00
4.899137318134307861e-01
3.009011223912239075e-02
1.188302755355834961e+00
4.680233001708984375e-01
1.902140825986862183e-01
3.548294305801391602e-01
3.537159264087677002e-01
1.223522871732711792e-01
1.062001883983612061e-01
1.014190986752510071e-01
1.797037273645401001e-01
1.651059508323669434e+00
8.031772077083587646e-02
4.372490197420120239e-02
2.202484369277954102e+00
1.233228564262390137e+00
2.161484509706497192e-01
3.385794460773468018e-01
8.314743638038635254e-01
1.633977401070296764e-03
9.328503161668777466e-02
0.000000000000000000e+00
0.000000000000000000e+00
2.683743089437484741e-02
1.203515291213989258e+00
9.506321698427200317e-02
1.321274280548095703e+00
4.138747975230216980e-02
1.148137569427490234e+00
5.091450810432434082e-01
8.190383911132812500e-01
9.628273248672485352e-01
1.361444592475891113e-01
9.493615478277206421e-02
3.647189959883689880e-02
9.429534077644348145e-01
1.301468610763549805e-01
7.888040691614151001e-02
1.266099698841571808e-02
9.252480268478393555e-01
0.000000000000000000e+00
5.291747450828552246e-01
2.987093031406402588e-01
8.940789848566055298e-02
8.031194657087326050e-02
0.000000000000000000e+00
9.300538897514343262e-01
6.485211253166198730e-01
2.548158168792724609e-01
1.226948380470275879e+00
7.743152230978012085e-02
9.147745370864868164e-02
1.236446648836135864e-01
4.263367056846618652e-01
3.775953948497772217e-01
2.766548395156860352e-01
1.579097956418991089e-01
3.571407198905944824e-01
3.325818479061126709e-02
0.000000000000000000e+00
2.134276479482650757e-01
0.000000000000000000e+00
9.040958881378173828e-01
6.313505172729492188e-01
1.238364815711975098e+00
1.086509078741073608e-01
9.887531995773315430e-01
1.822946965694427490e-01
1.815972447395324707e+00
1.900943964719772339e-01
1.196825742721557617e+00
9.296664595603942871e-01
4.586716182529926300e-03
4.755808830261230469e+00
2.044116146862506866e-02
3.053472936153411865e-01
1.937288194894790649e-01
0.000000000000000000e+00
8.299596607685089111e-02
4.859978854656219482e-01
4.256380796432495117e-01
1.065421938896179199e+00
2.093629837036132812e-01
7.497924566268920898e-02
2.570632100105285645e-01
2.481800615787506104e-01
4.174287989735603333e-02
2.259384393692016602e+00
5.053189583122730255e-03
2.022475702688097954e-03
1.070084199309349060e-01
2.993477344512939453e+00
0.000000000000000000e+00
0.000000000000000000e+00
1.147474408149719238e+00
3.600207805633544922e+00
3.811530172824859619e-01
4.269500263035297394e-03
1.112512230873107910e+00
7.910935580730438232e-02
7.035000920295715332e-01
2.092090606689453125e+00
0.000000000000000000e+00
3.165815398097038269e-02
2.073317067697644234e-03
2.437911182641983032e-01
3.743353113532066345e-02
1.803923845291137695e-01
5.075080990791320801e-01
3.148280084133148193e-01
2.977020852267742157e-02
6.751863360404968262e-01
3.222960978746414185e-02
1.687940597534179688e+00
1.325003989040851593e-02
4.702912867069244385e-01
6.203664541244506836e-01
2.285405248403549194e-01
6.573714613914489746e-01
4.000364337116479874e-03
9.709192812442779541e-02
7.576538324356079102e-01
1.459847927093505859e+00
0.000000000000000000e+00
1.242057085037231445e-01
1.358024120330810547e+00
1.052090644836425781e+00
2.970421873033046722e-02
5.371551215648651123e-02
1.057063788175582886e-01
1.257403194904327393e-01
1.142412498593330383e-01
2.399665266275405884e-01
1.071791425347328186e-01
2.923731505870819092e-02
3.752014338970184326e-01
0.000000000000000000e+00
3.516893088817596436e-01
1.459858566522598267e-01
7.581045031547546387e-01
0.000000000000000000e+00
7.691254615783691406e-01
0.000000000000000000e+00
6.093815714120864868e-02
1.490842580795288086e+00
9.270447492599487305e-02
1.542080044746398926e+00
4.473977535963058472e-02
4.904754757881164551e-01
7.323887348175048828e-01
3.256056085228919983e-02
4.439120888710021973e-01
3.174604177474975586e-01
6.139717251062393188e-02
7.061198353767395020e-02
0.000000000000000000e+00
4.501945972442626953e-01
4.542480409145355225e-01
5.594455003738403320e-01
5.371785163879394531e-01
6.213412880897521973e-01
2.599733173847198486e-01
2.304146252572536469e-02
9.200126528739929199e-01
0.000000000000000000e+00
0.000000000000000000e+00
4.060878753662109375e-01
4.507389962673187256e-01
2.087030172348022461e+00
1.877279758453369141e+00
1.196428418159484863e+00
4.384071007370948792e-02
2.985797524452209473e-01
5.089229941368103027e-01
7.439278364181518555e-01
3.833377361297607422e-02
2.708068490028381348e-01
1.025090962648391724e-01
5.305920243263244629e-01
5.018580704927444458e-02
3.019837379455566406e+00
2.006487697362899780e-01
1.828778088092803955e-01
3.402589261531829834e-01
1.150277137756347656e+00
4.877534210681915283e-01
3.455777466297149658e-01
1.059530496597290039e+00
5.039984583854675293e-01
1.125401109457015991e-01
4.634353797882795334e-03
1.551506668329238892e-01
1.320188879966735840e+00
4.850341752171516418e-02
3.843988776206970215e-01
3.751192688941955566e-01
2.400076203048229218e-02
5.681290104985237122e-02
1.797553598880767822e-01
1.084217786788940430e+00
5.723637580871582031e+00
2.409299761056900024e-01
0.000000000000000000e+00
3.699200749397277832e-01
2.364287823438644409e-01
6.698603630065917969e-01
6.095232367515563965e-01
2.049532532691955566e-01
2.660933323204517365e-02
4.323498159646987915e-02
6.990739703178405762e-01
4.232586827129125595e-03
1.191685914993286133e+00
1.629665940999984741e-01
4.406809210777282715e-01
1.195974126458168030e-01
1.386915445327758789e+00
4.262394905090332031e-01
5.663092136383056641e-01
3.396358788013458252e-01
2.456145174801349640e-02
5.333343520760536194e-03
5.686640739440917969e-01
1.361857503652572632e-01
2.433874309062957764e-01
2.507532835006713867e-01
7.499930858612060547e-01
7.728670835494995117e-01
3.139815106987953186e-02
7.446067333221435547e-01
9.411755800247192383e-01
1.897312700748443604e-01
5.294590592384338379e-01
4.684727638959884644e-02
4.049820452928543091e-02
5.905279517173767090e-02
2.398557960987091064e-02
5.194507166743278503e-02
1.877971887588500977e-01
6.911982297897338867e-01
1.272650957107543945e-01
1.072009801864624023e-01
6.728671193122863770e-01
3.806293383240699768e-02
9.742504358291625977e-02
3.405830264091491699e-01
0.000000000000000000e+00
0.000000000000000000e+00
5.164625644683837891e-01
7.174279540777206421e-02
4.376215338706970215e-01
7.357687503099441528e-02
1.439373850822448730e+00
1.829652935266494751e-01
3.583664298057556152e-01
1.092844247817993164e+00
4.951241016387939453e-01
1.152660883963108063e-02
4.597828164696693420e-02
2.238849639892578125e+00
1.875874996185302734e-01
2.980555873364210129e-03
2.242725901305675507e-02
1.003893375396728516e+00
6.502761244773864746e-01
7.027250528335571289e-01
7.903666496276855469e-01
1.139915664680302143e-03
4.295748174190521240e-01
5.583344772458076477e-02
0.000000000000000000e+00
1.520738154649734497e-01
3.710345029830932617e-01
1.725976914167404175e-01
2.483572006225585938e+00
3.465005457401275635e-01
1.016274690628051758e+00
3.741307258605957031e-01
3.837390802800655365e-03
1.065158322453498840e-01
8.467869162559509277e-01
1.330688834190368652e+00
8.261636495590209961e-01
9.376598894596099854e-02
3.355406597256660461e-02
1.799721270799636841e-01
1.588197946548461914e-01
4.046474769711494446e-02
3.747851252555847168e-01
7.215288281440734863e-01
2.089535295963287354e-01
8.915947750210762024e-03
6.806690990924835205e-02
4.413948357105255127e-01
1.610940992832183838e-01
6.539347767829895020e-02
5.698934793472290039e-01
1.206842139363288879e-01
2.883572578430175781e-01
2.715070247650146484e-01
1.549580991268157959e-01
7.036320567131042480e-01
1.997843012213706970e-02
2.026887834072113037e-01
0.000000000000000000e+00
5.835139378905296326e-02
1.210173666477203369e-01
2.053289562463760376e-01
2.080110311508178711e+00
2.948372364044189453e+00
7.574543952941894531e-01
1.313308067619800568e-02
1.427718758583068848e+00
3.870576322078704834e-01
1.392553299665451050e-01
2.083588093519210815e-01
6.942886114120483398e-01
5.770256742835044861e-02
2.106359958648681641e+00
0.000000000000000000e+00
0.000000000000000000e+00
4.115070402622222900e-01
1.891644299030303955e-01
4.019764363765716553e-01
9.773641824722290039e-02
1.955265849828720093e-01
8.825286477804183960e-02
6.592085957527160645e-01
1.065536066889762878e-01
1.435527443885803223e+00
1.948246508836746216e-01
5.706126093864440918e-01
7.321554422378540039e-02
4.114787578582763672e-01
1.883492916822433472e-01
8.824548721313476562e-01
2.043262958526611328e+00
3.063151240348815918e-01
8.220172487199306488e-03
0.000000000000000000e+00
6.107566878199577332e-02
6.517109274864196777e-01
3.819868862628936768e-01
2.111890166997909546e-01
1.052975535392761230e+00
2.403601557016372681e-01
2.206589877605438232e-01
1.015226915478706360e-01
6.367854475975036621e-01
6.182288527488708496e-01
0.000000000000000000e+00
7.695775479078292847e-02
4.498538672924041748e-01
1.187820553779602051e+00
1.406943917274475098e+00
1.748860776424407959e-01
4.554841220378875732e-01
3.333782777190208435e-02
1.687466800212860107e-01
6.648472547531127930e-01
0.000000000000000000e+00
0.000000000000000000e+00
1.436002701520919800e-01
8.800262212753295898e-02
4.465363919734954834e-01
2.880994975566864014e-01
1.495250582695007324e+00
9.682562947273254395e-01
1.183710575103759766e+00
1.702828645706176758e+00
1.489440053701400757e-01
2.099057286977767944e-02
6.566120684146881104e-02
2.802015841007232666e-01
4.169189035892486572e-01
3.595173358917236328e-01
5.632456019520759583e-02
1.489146947860717773e-01
2.154860943555831909e-01
1.722259521484375000e+00
0.000000000000000000e+00
2.474014520645141602e+00
1.253287076950073242e+00
5.077642202377319336e-01
1.109529495239257812e+00
6.517742872238159180e-01
9.041818380355834961e-01
4.369728267192840576e-01
1.472707651555538177e-02
8.947228640317916870e-02
2.091278508305549622e-02
0.000000000000000000e+00
1.396313905715942383e+00
1.004851222038269043e+00
1.891668736934661865e-01
7.032917346805334091e-03
4.004875123500823975e-01
0.000000000000000000e+00
2.989411950111389160e-01
1.843826472759246826e-01
3.959999978542327881e-01
4.628224849700927734e+00
1.034805700182914734e-01
1.415051102638244629e+00
5.286043286323547363e-01
1.794007569551467896e-01
5.604162067174911499e-02
6.966845393180847168e-01
2.966881543397903442e-02
9.187287092208862305e-01
3.036878108978271484e-01
5.012881159782409668e-01
1.423132121562957764e-01
5.753633975982666016e-01
0.000000000000000000e+00
1.063736304640769958e-01
1.272621035575866699e+00
5.539945363998413086e-01
0.000000000000000000e+00
8.974683284759521484e-02
2.065421640872955322e-02
4.352008998394012451e-01
2.936251228675246239e-03
8.003318309783935547e-01
2.050269991159439087e-01
2.424636125564575195e+00
3.522095084190368652e-01
1.737710386514663696e-01
5.593703687191009521e-02
1.065646886825561523e+00
3.508117794990539551e-02
2.163932770490646362e-01
5.943942666053771973e-01
5.111419558525085449e-01
2.015551567077636719e+00
3.785254061222076416e-01
9.736570715904235840e-02
4.038993418216705322e-01
1.520348191261291504e-01
2.317603528499603271e-01
4.579181373119354248e-01
1.273900508880615234e+00
1.234849452972412109e+00
1.577922999858856201e-01
0.000000000000000000e+00
2.250498980283737183e-01
6.709311157464981079e-02
4.894861578941345215e-02
3.714160120580345392e-04
6.572958081960678101e-02
1.085590571165084839e-02
4.023837670683860779e-02
9.387550503015518188e-02
1.704290956258773804e-01
3.796817958354949951e-01
5.399260520935058594e-01
1.316509693861007690e-01
8.513891696929931641e-02
8.927710354328155518e-02
7.366343587636947632e-02
4.679193794727325439e-01
3.017122484743595123e-02
6.238208413124084473e-01
0.000000000000000000e+00
6.480537056922912598e-01
1.251409295946359634e-03
1.073756720870733261e-02
2.852415323257446289e+00
8.201546072959899902e-01
7.078689932823181152e-01
6.905009746551513672e-01
1.103659719228744507e-01
1.614978075027465820e+00
1.042848974466323853e-01
1.213518857955932617e+00
5.760217905044555664e-01
5.910197496414184570e-01
2.850791439414024353e-02
3.624637126922607422e-01
3.765145838260650635e-01
3.034329175949096680e+00
0.000000000000000000e+00
1.506996005773544312e-01
3.428556203842163086e+00
2.655341625213623047e-01
2.081398516893386841e-01
1.347996711730957031e+00
5.861363932490348816e-02
1.134181261062622070e+00
7.930440306663513184e-01
2.655340194702148438e+00
1.421490073204040527e+00
1.179422158747911453e-02
2.821231260895729065e-03
4.536670166999101639e-03
0.000000000000000000e+00
6.149521470069885254e-01
7.636283338069915771e-02
9.208090901374816895e-01
1.013604402542114258e-01
4.011352658271789551e-01
2.519360184669494629e-01
1.408430933952331543e-01
5.393872857093811035e-01
4.858866333961486816e-01
7.200572639703750610e-02
0.000000000000000000e+00
1.680956594645977020e-02
0.000000000000000000e+00
2.048012018203735352e-01
3.001663088798522949e-01
1.265602469444274902e+00
1.436195671558380127e-01
6.527338642627000809e-03
4.795604944229125977e-01
1.619024753570556641e+00
2.345191717147827148e+00
4.454971849918365479e-02
2.127925872802734375e+00
4.628306925296783447e-01
1.996440440416336060e-01
1.051230952143669128e-01
2.769771218299865723e-01
3.512879312038421631e-01
3.345743715763092041e-01
2.816279232501983643e-01
2.731625735759735107e-01
1.472693532705307007e-01
6.132019758224487305e-01
7.467712461948394775e-02
0.000000000000000000e+00
7.855365425348281860e-02
3.357518613338470459e-01
6.742128133773803711e-01
3.686368763446807861e-01
3.492918014526367188e+00
2.303512692451477051e-01
2.196763038635253906e+00
5.874040126800537109e-01
1.135460436344146729e-01
1.418651700019836426e+00
3.670960962772369385e-01
3.454742431640625000e-01
2.863961271941661835e-02
6.938165426254272461e-02
7.540677785873413086e-01
0.000000000000000000e+00
6.824080944061279297e-01
2.302995771169662476e-01
2.807069122791290283e-01
3.225574195384979248e-01
1.020396232604980469e+00
3.701362848281860352e+00
9.998760819435119629e-01
5.776081699877977371e-03
9.197708219289779663e-02
0.000000000000000000e+00
7.053405046463012695e-01
3.114443644881248474e-02
4.347983896732330322e-01
5.862340927124023438e-01
7.459341287612915039e-01
5.408565998077392578e-01
4.257729947566986084e-01
3.340280354022979736e-01
6.846329569816589355e-02
2.794709801673889160e-01
7.480169087648391724e-02
0.000000000000000000e+00
4.148362204432487488e-02
1.869342178106307983e-01
8.503970503807067871e-02
3.334335088729858398e-01
4.607351720333099365e-01
9.493822455406188965e-01
8.367234468460083008e-02
1.547139167785644531e+00
1.708339452743530273e+00
1.741613149642944336e-01
3.757632374763488770e-01
9.600501507520675659e-02
1.687977463006973267e-01
2.055987864732742310e-01
1.413764655590057373e-01
5.343002676963806152e-01
1.624968349933624268e-01
4.178655445575714111e-01
3.046891391277313232e-01
1.811726331710815430e+00
1.791668534278869629e-01
1.317094087600708008e+00
8.500408381223678589e-02
1.255725145339965820e+00
2.184401899576187134e-01
2.880772054195404053e-01
1.816778540611267090e+00
2.586321905255317688e-02
7.244704365730285645e-01
8.591384887695312500e-01
2.777982689440250397e-02
5.545306019484996796e-03
2.074055746197700500e-02
1.381424721330404282e-02
1.178232431411743164e+00
1.493616342544555664e+00
7.844949960708618164e-01
3.415932655334472656e-01
8.101271837949752808e-02
2.059536427259445190e-01
1.177539706230163574e+00
2.828617207705974579e-02
7.349353432655334473e-01
9.220745414495468140e-02
1.443278510123491287e-02
2.864774465560913086e-01
5.828977823257446289e-01
1.098634377121925354e-01
2.649924159049987793e-02
5.106234550476074219e-01
0.000000000000000000e+00
9.969432838261127472e-03
1.607955098152160645e-01
1.935360371135175228e-03
5.833523273468017578e-01
2.770975530147552490e-01
1.278030872344970703e-01
3.658263683319091797e-01
7.027348503470420837e-03
5.394741892814636230e-02
1.986710667610168457e+00
1.218646690249443054e-01
1.432000398635864258e+00
1.733214139938354492e+00
6.580757498741149902e-01
9.730885028839111328e-01
1.502362787723541260e-01
2.343601733446121216e-01
9.973602741956710815e-02
1.557478755712509155e-01
7.577620446681976318e-02
1.525030881166458130e-01
0.000000000000000000e+00
0.000000000000000000e+00
1.561030745506286621e-01
8.990073949098587036e-02
6.475331187248229980e-01
1.577926427125930786e-01
3.353284001350402832e-01
3.403428494930267334e-01
1.949645429849624634e-01
1.064172983169555664e+00
4.810012131929397583e-02
3.252476751804351807e-01
4.093186557292938232e-01
2.533226311206817627e-01
2.026238888502120972e-01
0.000000000000000000e+00
4.171566069126129150e-01
7.796770334243774414e-01
1.537868566811084747e-02
1.360015720129013062e-01
9.408125877380371094e-01
2.445362508296966553e-02
1.818090230226516724e-01
5.414415523409843445e-02
2.490251958370208740e-01
4.041489064693450928e-01
1.186932548880577087e-01
2.471166700124740601e-01
7.274671643972396851e-02
2.881993293762207031e+00
5.147947669029235840e-01
9.128666520118713379e-01
1.987516880035400391e-01
1.758466958999633789e-01
8.476843833923339844e-01
2.395886331796646118e-01
8.637664467096328735e-02
7.353154420852661133e-01
3.162034228444099426e-02
1.192127168178558350e-01
1.258979886770248413e-01
3.207439184188842773e-01
0.000000000000000000e+00
3.624653443694114685e-02
4.641977310180664062e+00
6.956232786178588867e-01
4.695382118225097656e-01
2.557179033756256104e-01
2.283700704574584961e+00
1.767599582672119141e-01
3.422647118568420410e-01
5.344436764717102051e-01
8.738608956336975098e-01
1.602276802062988281e+00
9.696238040924072266e-01
1.842284351587295532e-01
1.009930670261383057e-01
1.435797214508056641e-01
9.518514573574066162e-02
4.871883690357208252e-01
2.673329599201679230e-02
4.637670218944549561e-01
5.265666544437408447e-02
8.506340384483337402e-01
9.001048207283020020e-01
1.425251215696334839e-01
1.822501793503761292e-02
3.767458200454711914e-01
2.775335125625133514e-02
4.912156164646148682e-01
7.106627821922302246e-01
2.452962875366210938e+00
1.610905863344669342e-02
4.052005410194396973e-01
1.186550483107566833e-01
9.690787643194198608e-02
4.003821372985839844e+00
3.865337371826171875e-01
1.183912307024002075e-01
2.194967120885848999e-01
2.970251739025115967e-01
4.299018159508705139e-02
2.572164535522460938e-01
8.185009360313415527e-01
2.376247346401214600e-01
1.518233418464660645e-01
3.406856060028076172e-01
1.150613546371459961e+00
0.000000000000000000e+00
2.129395157098770142e-01
8.955787867307662964e-02
3.700819909572601318e-01
3.437161743640899658e-01
0.000000000000000000e+00
2.200932800769805908e-01
3.086205944418907166e-02
4.645113945007324219e-01
7.292928546667098999e-02
2.216554433107376099e-02
0.000000000000000000e+00
2.483016401529312134e-01
1.710427165031433105e+00
1.552987396717071533e-01
9.847113490104675293e-02
8.683232218027114868e-02
1.645874977111816406e+00
1.414769291877746582e-01
1.053166389465332031e-01
3.747651726007461548e-02
5.003272090107202530e-03
1.562994122505187988e-01
6.454945206642150879e-01
1.047024354338645935e-01
1.027913987636566162e-01
6.255154609680175781e-01
4.200262725353240967e-01
1.552861090749502182e-02
9.467485547065734863e-01
1.026521772146224976e-01
2.468148246407508850e-02
5.497843623161315918e-01
2.204480469226837158e-01
0.000000000000000000e+00
3.787278831005096436e-01
1.193418130278587341e-01
9.197834730148315430e-01
2.278555154800415039e+00
1.348653197288513184e+00
1.293494105339050293e+00
9.899491071701049805e-02
1.944985091686248779e-01
1.203113436698913574e+00
0.000000000000000000e+00
2.534030973911285400e-01
6.404413580894470215e-01
5.939978957176208496e-01
2.804745137691497803e-01
2.352425158023834229e-01
2.568085193634033203e-01
0.000000000000000000e+00
4.816862940788269043e-02
3.388300165534019470e-02
1.180924296379089355e+00
1.597848892211914062e+00
3.362618982791900635e-01
3.654342293739318848e-01
8.450905680656433105e-01
7.822790145874023438e-01
6.748973131179809570e-01
9.850873351097106934e-01
1.286527991294860840e+00
2.069992870092391968e-01
1.746731400489807129e+00
1.194221622426994145e-04
5.357564091682434082e-01
1.760623574256896973e+00
1.225490212440490723e+00
1.041518568992614746e+00
5.689892768859863281e-01
4.066543579101562500e-01
5.119425654411315918e-01
0.000000000000000000e+00
1.273772478103637695e+00
2.656013071537017822e-01
1.519351750612258911e-01
6.415296792984008789e-01
0.000000000000000000e+00
3.285784721374511719e-01
4.216401576995849609e-01
4.788786768913269043e-01
1.569215536117553711e+00
1.698214374482631683e-02
8.517969846725463867e-01
4.973265156149864197e-02
2.367834091186523438e+00
1.240917518734931946e-01
2.104178518056869507e-01
1.230072900652885437e-01
4.554789066314697266e-01
1.240447908639907837e-01
6.877914071083068848e-02
2.050601541996002197e-01
3.935157880187034607e-02
4.423509165644645691e-02
6.875947713851928711e-01
0.000000000000000000e+00
6.809806227684020996e-01
4.995998460799455643e-03
8.479204773902893066e-01
7.504178676754236221e-03
9.872820377349853516e-01
0.000000000000000000e+00
1.778791546821594238e-01
3.769464790821075439e-02
2.752006351947784424e-01
5.315569788217544556e-02
5.548284947872161865e-02
1.318087935447692871e+00
3.351947367191314697e-01
7.765347361564636230e-01
7.665619719773530960e-03
2.980390191078186035e-01
2.625409066677093506e-01
2.382422089576721191e-01
1.752354502677917480e-01
1.207642436027526855e+00
3.628605008125305176e-01
1.396701216697692871e+00
4.814040660858154297e-01
2.506710529327392578e+00
6.469719111919403076e-02
1.279409050941467285e+00
1.184386372566223145e+00
1.775365918874740601e-01
1.171424612402915955e-01
5.443189144134521484e-01
1.036636471748352051e+00
2.417961061000823975e-01
5.970521364361047745e-03
1.427284181118011475e-01
1.572562009096145630e-01
0.000000000000000000e+00
2.327947139739990234e+00
1.229332804679870605e+00
3.313615560531616211e+00
4.788854420185089111e-01
4.339057579636573792e-02
1.146334037184715271e-01
6.560406833887100220e-02
1.111044585704803467e-01
0.000000000000000000e+00
2.170419245958328247e-01
2.535032629966735840e-01
2.309246808290481567e-01
1.153803244233131409e-01
4.044998586177825928e-01
2.005800902843475342e-01
6.336449384689331055e-01
1.549626328051090240e-02
6.605261564254760742e-02
2.878597704693675041e-03
1.644610017538070679e-01
1.257035695016384125e-02
0.000000000000000000e+00
1.537011742591857910e+00
3.192137479782104492e+00
8.001586794853210449e-01
1.536757946014404297e-01
6.479679346084594727e-01
4.436238110065460205e-02
1.321357935667037964e-01
1.259431801736354828e-02
3.701670765876770020e-01
2.125952020287513733e-02
0.000000000000000000e+00
1.120840162038803101e-01
5.546001791954040527e-01
1.207648292183876038e-01
5.413868427276611328e-01
3.852742612361907959e-01
6.801697015762329102e-01
7.882668823003768921e-02
4.377240836620330811e-01
4.250348806381225586e-01
3.286901116371154785e-01
2.514143705368041992e+00
1.450258791446685791e-01
3.602929413318634033e-01
2.743923962116241455e-01
4.557534754276275635e-01
6.424978375434875488e-01
3.381940364837646484e+00
2.199201107025146484e+00
9.454393386840820312e-01
3.923867344856262207e-01
4.104041159152984619e-01
2.179562300443649292e-01
5.927537083625793457e-01
4.238322079181671143e-01
1.129809394478797913e-01
5.127689838409423828e-01
3.676366209983825684e-01
2.796012163162231445e+00
5.588836669921875000e-01
8.227959275245666504e-02
7.416188716888427734e-01
1.376963853836059570e+00
2.752820253372192383e-01
4.480850696563720703e-01
6.421378254890441895e-01
1.336991429328918457e+00
5.345368757843971252e-03
2.039271891117095947e-01
1.632254011929035187e-02
2.224573343992233276e-01
3.804358541965484619e-01
3.552856743335723877e-01
2.660645358264446259e-02
5.709553360939025879e-01
1.908429503440856934e+00
0.000000000000000000e+00
1.033288016915321350e-01
9.910565614700317383e-01
1.659419178962707520e+00
2.493827836588025093e-03
0.000000000000000000e+00
2.975674867630004883e-01
1.092210114002227783e-01
4.052829444408416748e-01
1.861438900232315063e-02
2.905729711055755615e-01
7.865768074989318848e-01
5.141356587409973145e-01
2.521748542785644531e-01
7.178974896669387817e-02
0.000000000000000000e+00
7.326791435480117798e-02
5.286070108413696289e-01
0.000000000000000000e+00
1.074526757001876831e-01
7.006863951683044434e-01
1.293152719736099243e-01
0.000000000000000000e+00
5.690264329314231873e-02
6.275819148868322372e-03
4.282204434275627136e-03
5.005281884223222733e-03
5.114705562591552734e-01
8.670332282781600952e-02
6.374333053827285767e-02
3.743648231029510498e-01
1.871496811509132385e-02
6.408796906471252441e-01
5.490936711430549622e-02
5.869171023368835449e-01
6.120594218373298645e-02
1.865057796239852905e-01
3.187364816665649414e+00
1.384087800979614258e-01
6.217995285987854004e-01
1.575706601142883301e-01
1.121642440557479858e-01
9.317067451775074005e-03
2.602570056915283203e-01
2.640068292617797852e+00
1.426721550524234772e-02
6.062537431716918945e-01
4.169181883335113525e-01
2.311318069696426392e-01
5.385442823171615601e-02
4.313685372471809387e-02
0.000000000000000000e+00
9.473129361867904663e-02
4.343425631523132324e-01
3.599187433719635010e-01
1.203701123595237732e-01
4.795461297035217285e-01
1.058061048388481140e-02
4.190181791782379150e-01
1.954065859317779541e-01
3.779234737157821655e-02
2.803827263414859772e-02
2.122360467910766602e-01
3.372969105839729309e-02
3.319301605224609375e+00
0.000000000000000000e+00
0.000000000000000000e+00
1.488045811653137207e+00
2.198959290981292725e-01
1.845631152391433716e-01
3.225463926792144775e-01
3.397928774356842041e-01
2.100526839494705200e-01
2.970005571842193604e-01
2.114765532314777374e-02
1.498566031455993652e+00
2.922152727842330933e-02
3.296832367777824402e-02
1.388155221939086914e+00
2.011977285146713257e-01
1.971796602010726929e-01
7.532528042793273926e-02
0.000000000000000000e+00
0.000000000000000000e+00
1.270868331193923950e-01
1.207084298133850098e+00
1.146430894732475281e-02
2.085323780775070190e-01
1.875955015420913696e-01
1.378403306007385254e-01
0.000000000000000000e+00
1.055281050503253937e-02
3.409940004348754883e-01
2.414536327123641968e-01
7.795425653457641602e-01
1.402740478515625000e-01
1.038299918174743652e+00
2.506758272647857666e-02
6.170029193162918091e-02
5.692005529999732971e-02
6.480300426483154297e-01
0.000000000000000000e+00
2.177575826644897461e-01
1.210625022649765015e-01
3.070414662361145020e-01
8.292102217674255371e-01
0.000000000000000000e+00
3.307890176773071289e+00
0.000000000000000000e+00
2.722430825233459473e-01
1.059494763612747192e-01
2.999235689640045166e-02
7.449564337730407715e-01
6.205897331237792969e-01
7.552904542535543442e-03
2.178534984588623047e+00
9.777548909187316895e-01
2.498845905065536499e-01
2.289286442101001740e-02
1.941946268081665039e+00
2.051815688610076904e-01
2.283562868833541870e-01
1.033377572894096375e-01
6.330800056457519531e-01
1.461827158927917480e-01
5.262399911880493164e-01
5.230107530951499939e-02
5.049356222152709961e-01
2.470597773790359497e-01
9.827865958213806152e-01
1.174882501363754272e-01
9.916158765554428101e-02
2.718937397003173828e-01
8.036107420921325684e-01
0.000000000000000000e+00
8.789059519767761230e-01
1.001470461487770081e-01
8.885673433542251587e-02
3.988415896892547607e-01
4.183474183082580566e-02
2.693516910076141357e-01
1.092931488528847694e-03
2.829728722572326660e-01
2.735659182071685791e-01
7.388153672218322754e-01
1.323730796575546265e-01
2.028423249721527100e-01
3.110482692718505859e-01
2.379294186830520630e-01
5.007634758949279785e-01
8.243825286626815796e-02
1.359645575284957886e-01
3.464410081505775452e-02
1.014709591865539551e+00
1.124349832534790039e+00
3.214333355426788330e-01
7.939287275075912476e-02
2.477795332670211792e-01
8.718287348747253418e-01
3.535189330577850342e-01
7.216487545520067215e-03
1.498826742172241211e-01
5.942388176918029785e-01
7.975677847862243652e-01
1.245139956474304199e+00
1.199473589658737183e-01
3.089650720357894897e-02
7.414436340332031250e-02
1.143204689025878906e+00
3.672332270070910454e-03
5.389410257339477539e-01
1.705656498670578003e-01
3.000084683299064636e-02
2.400588244199752808e-01
0.000000000000000000e+00
5.081245899200439453e-01
2.280117273330688477e-01
6.967577338218688965e-01
0.000000000000000000e+00
0.000000000000000000e+00
6.663347780704498291e-02
2.236608415842056274e-01
8.693895936012268066e-01
1.262274980545043945e-01
6.590171158313751221e-02
3.182348310947418213e-01
2.258859425783157349e-01
1.160722672939300537e-01
1.657447367906570435e-01
4.786885380744934082e-01
9.486726522445678711e-01
2.848009347915649414e+00
0.000000000000000000e+00
3.092657923698425293e-01
1.111611723899841309e-01
1.908147692680358887e+00
6.790338754653930664e-01
1.423079427331686020e-02
5.371265113353729248e-02
4.665495753288269043e-01
2.324528619647026062e-02
4.139391332864761353e-02
1.293559908866882324e+00
9.671965837478637695e-01
1.093838587403297424e-01
6.464117020368576050e-02
2.006397724151611328e+00
4.261697232723236084e-01
4.774906337261199951e-01
1.028541326522827148e-01
0.000000000000000000e+00
2.584149837493896484e-01
2.861154079437255859e-01
9.621205329895019531e-01
1.355758216232061386e-02
3.191906586289405823e-02
0.000000000000000000e+00
7.939255237579345703e-01
9.835004806518554688e-01
5.974139571189880371e-01
1.835425011813640594e-02
0.000000000000000000e+00
5.918036103248596191e-01
2.583570778369903564e-01
0.000000000000000000e+00
0.000000000000000000e+00
4.551933333277702332e-02
1.711619198322296143e-01
4.977042227983474731e-02
1.049154624342918396e-01
1.333337426185607910e-01
3.986726999282836914e-01
1.741972208023071289e+00
0.000000000000000000e+00
9.198729991912841797e-01
3.218269646167755127e-01
3.614168614149093628e-02
3.914639949798583984e-01
9.335558861494064331e-02
9.287124127149581909e-02
7.937411069869995117e-01
3.224155008792877197e-01
5.318755656480789185e-02
2.099948972463607788e-01
6.104180812835693359e+00
0.000000000000000000e+00
8.834475278854370117e-02
2.718170583248138428e-01
2.447005920112133026e-02
2.540940940380096436e-01
1.786671280860900879e-01
9.058917164802551270e-01
3.965562283992767334e-01
1.809959411621093750e-01
0.000000000000000000e+00
2.441092580556869507e-01
1.497392892837524414e+00
5.460080504417419434e-01
5.881597474217414856e-02
0.000000000000000000e+00
3.576604127883911133e-01
2.163120955228805542e-01
8.242520689964294434e-01
0.000000000000000000e+00
2.052199691534042358e-01
3.797106981277465820e+00
1.380681872367858887e+00
2.879761755466461182e-01
1.252001285552978516e+00
7.762984633445739746e-01
5.330763459205627441e-01
1.774418056011199951e-01
4.842512607574462891e-01
9.608887881040573120e-02
2.225762978196144104e-02
3.496934175491333008e-01
5.217512249946594238e-01
8.058341741561889648e-01
4.143881425261497498e-02
2.573854923248291016e-01
7.274388670921325684e-01
4.524662196636199951e-01
1.170800104737281799e-01
9.845309853553771973e-01
4.418773110955953598e-03
9.100183248519897461e-01
3.658147454261779785e-01
0.000000000000000000e+00
1.034836992621421814e-01
6.534366309642791748e-02
1.823920011520385742e-01
3.916848599910736084e-01
5.292464494705200195e-01
7.889436930418014526e-02
6.891174316406250000e-01
5.038298964500427246e-01
6.096544861793518066e-01
0.000000000000000000e+00
4.285515844821929932e-01
4.272259771823883057e-01
8.240791559219360352e-01
7.895162701606750488e-02
4.684189707040786743e-02
1.569877117872238159e-01
0.000000000000000000e+00
2.098716795444488525e-01
1.222550719976425171e-01
1.813655734062194824e+00
1.769984245300292969e+00
1.644560098648071289e-01
2.476008236408233643e-01
4.661505818367004395e-01
8.596366047859191895e-01
3.041908740997314453e-01
0.000000000000000000e+00
2.726474285125732422e+00
1.064817905426025391e+00
6.788934469223022461e-01
1.380789577960968018e-01
1.830742061138153076e-01
1.833605021238327026e-01
0.000000000000000000e+00
1.732724905014038086e-01
0.000000000000000000e+00
2.768471479415893555e+00
1.463379524648189545e-02
3.106938898563385010e-01
1.321397572755813599e-01
4.407181218266487122e-02
1.008217483758926392e-01
5.455410107970237732e-02
1.114338040351867676e+00
8.704779297113418579e-02
2.916160821914672852e-01
1.112341415137052536e-02
1.098628044128417969e+00
1.192115187644958496e+00
0.000000000000000000e+00
7.025558948516845703e-01
4.265709221363067627e-01
1.388930082321166992e+00
4.058174043893814087e-02
2.446898445487022400e-02
3.505116403102874756e-01
8.122281171381473541e-03
1.074225753545761108e-01
5.942471325397491455e-02
2.824514210224151611e-01
1.782746613025665283e-01
5.721967816352844238e-01
2.355496168136596680e+00
1.181198656558990479e-01
1.286825984716415405e-01
1.018734812736511230e+00
2.428130805492401123e-02
1.954394578933715820e+00
8.306836485862731934e-01
2.706956863403320312e-01
5.602737069129943848e-01
3.334601640701293945e+00
3.797594308853149414e-01
3.488155305385589600e-01
2.877458333969116211e-01
1.603469848632812500e+00
1.431124955415725708e-01
5.077281594276428223e-01
1.600662246346473694e-02
0.000000000000000000e+00
1.745765209197998047e-01
1.227649766951799393e-02
1.596752047538757324e+00
4.421156272292137146e-02
9.279768913984298706e-02
1.637468785047531128e-01
0.000000000000000000e+00
9.249747544527053833e-02
1.497540324926376343e-01
1.570450901985168457e+00
1.175652980804443359e+00
5.656911134719848633e-01
1.050175547599792480e+00
3.009221851825714111e-01
2.317428588867187500e-01
3.166147470474243164e-01
1.428210854530334473e+00
3.108633041381835938e+00
2.318280220031738281e+00
7.572519183158874512e-01
6.270711123943328857e-02
6.404615640640258789e-01
1.804839074611663818e-02
2.237155288457870483e-02
6.177338361740112305e-01
5.656347870826721191e-01
1.743852257728576660e+00
5.429217219352722168e-01
0.000000000000000000e+00
1.219736062921583652e-03
5.133097767829895020e-01
7.350317239761352539e-01
1.834595501422882080e-01
9.244073927402496338e-02
9.412762522697448730e-02
3.499104380607604980e-01
7.690999656915664673e-02
6.785693764686584473e-02
8.956210017204284668e-01
2.240947782993316650e-01
7.634004950523376465e-01
3.321715863421559334e-03
1.388308644294738770e+00
4.816940128803253174e-01
3.615145921707153320e+00
0.000000000000000000e+00
0.000000000000000000e+00
3.002012252807617188e+00
1.813971251249313354e-01
3.810093104839324951e-01
1.444030106067657471e-01
2.659745812416076660e-01
3.976258635520935059e-02
5.279070734977722168e-01
7.853950373828411102e-03
1.097230434417724609e+00
9.174826741218566895e-02
1.518300175666809082e-01
1.393372714519500732e-01
1.139806866645812988e+00
3.750189393758773804e-02
1.811714284121990204e-02
3.196391761302947998e-01
8.214421868324279785e-01
2.123770266771316528e-01
1.186913728713989258e+00
2.408704906702041626e-01
1.890696048736572266e+00
3.612285107374191284e-02
2.299599498510360718e-01
1.392316352576017380e-02
4.880935549736022949e-01
2.056292891502380371e-01
1.632821164093911648e-03
3.125045299530029297e-01
1.474935412406921387e-01
0.000000000000000000e+00
9.581087231636047363e-01
3.919887915253639221e-02
5.657994747161865234e-01
5.443282127380371094e-01
1.314330846071243286e-01
9.353477954864501953e-01
2.136547490954399109e-02
1.441458165645599365e-01
3.416538238525390625e-04
8.066663146018981934e-01
1.106066331267356873e-01
9.733176827430725098e-01
1.228581786155700684e+00
1.659329086542129517e-01
3.467717468738555908e-01
9.205920621752738953e-03
8.756265044212341309e-03
4.518353343009948730e-01
1.652760386466979980e+00
2.393184928223490715e-03
7.914454676210880280e-03
3.060936212539672852e+00
3.296017646789550781e-01
2.880715608596801758e+00
1.000253036618232727e-01
1.695069670677185059e-01
8.393021225929260254e-01
3.865630179643630981e-02
7.176020145416259766e-01
0.000000000000000000e+00
3.925348445773124695e-02
5.636386871337890625e-01
5.660528540611267090e-01
7.729479670524597168e-01
4.569132924079895020e-01
9.167525917291641235e-02
4.692617058753967285e-01
1.076089739799499512e-01
3.706804811954498291e-01
8.469735272228717804e-03
5.586189627647399902e-01
7.763549685478210449e-02
1.760249026119709015e-02
5.671090483665466309e-01
3.449037373065948486e-01
5.184892565011978149e-02
8.523838222026824951e-02
4.356580078601837158e-01
1.602845638990402222e-01
4.549410343170166016e-01
1.396435052156448364e-01
1.085508823394775391e+00
6.099345088005065918e-01
2.207628726959228516e+00
1.152337312698364258e+00
1.068757101893424988e-01
1.449363231658935547e-01
0.000000000000000000e+00
7.403703778982162476e-02
8.761451840400695801e-01
0.000000000000000000e+00
7.194995880126953125e-02
1.468452930450439453e+00
1.121860221028327942e-01
7.268771529197692871e-01
1.781981468200683594e+00
4.263013601303100586e-01
0.000000000000000000e+00
1.582940369844436646e-01
5.084978938102722168e-01
4.374963045120239258e-01
1.097118735313415527e+00
6.392442584037780762e-01
