1.068784967064857483e-01
1.366363614797592163e-01
2.060674130916595459e-01
1.702237606048583984e+00
1.007754579186439514e-01
1.663178443908691406e+00
7.335197925567626953e-01
3.706577420234680176e-01
8.435221314430236816e-01
3.913517892360687256e-01
0.000000000000000000e+00
1.108651757240295410e+00
8.943726867437362671e-02
0.000000000000000000e+00
1.806326955556869507e-02
1.577302366495132446e-01
4.229277838021516800e-04
1.934899806976318359e+00
2.124593853950500488e-01
3.442250490188598633e-01
9.871336221694946289e-01
2.014057040214538574e-01
2.121097035706043243e-02
7.329706102609634399e-02
3.156849741935729980e-01
2.422419190406799316e-01
1.045808047056198120e-01
1.374540925025939941e-01
3.728718310594558716e-02
8.827280253171920776e-03
3.229130804538726807e-01
5.912177264690399170e-02
2.015366771956905723e-05
3.865168988704681396e-02
1.231285976245999336e-03
1.732911020517349243e-01
0.000000000000000000e+00
5.041679143905639648e-01
5.953165888786315918e-01
3.839917480945587158e-01
4.889476895332336426e-01
1.664284467697143555e-01
4.158149361610412598e-01
3.803810179233551025e-01
1.704960502684116364e-02
4.610497355461120605e-01
3.471761941909790039e-02
2.855363190174102783e-01
8.578570932149887085e-02
1.830484904348850250e-02
5.412009358406066895e-02
4.120298475027084351e-02
1.504151225090026855e-01
5.181043148040771484e+00
1.578003168106079102e-01
7.842692732810974121e-01
2.708984017372131348e-01
9.915225505828857422e-01
0.000000000000000000e+00
3.009199500083923340e-01
3.398101627826690674e-01
3.438492715358734131e-01
5.155484080314636230e-01
4.644254446029663086e-01
3.682311773300170898e-01
7.681376338005065918e-01
3.238859474658966064e-01
8.923556804656982422e-01
8.224137127399444580e-02
2.715869620442390442e-02
1.251524779945611954e-02
5.014902949333190918e-01
4.266408681869506836e-01
7.888332754373550415e-02
3.619110211730003357e-02
7.628449797630310059e-02
2.867627739906311035e-01
1.906293779611587524e-01
2.483408153057098389e-01
4.381476715207099915e-02
1.347204744815826416e-01
6.009522080421447754e-01
1.503279805183410645e-01
0.000000000000000000e+00
1.347538083791732788e-01
0.000000000000000000e+00
0.000000000000000000e+00
0.000000000000000000e+00
7.884905934333801270e-01
1.939164549112319946e-01
9.989577531814575195e-02
8.820425271987915039e-01
5.890415515750646591e-03
4.440556839108467102e-02
1.086941123008728027e+00
6.406016647815704346e-03
1.017732381820678711e+00
5.905878171324729919e-02
3.087491989135742188e-01
1.779139041900634766e-01
1.102322563529014587e-01
8.225659839808940887e-03
5.637028217315673828e+00
2.951856851577758789e+00
7.340884804725646973e-01
8.289400935173034668e-01
1.976243257522583008e-01
7.503880560398101807e-02
0.000000000000000000e+00
1.205939278006553650e-01
2.995961308479309082e-01
6.739866137504577637e-01
1.375257968902587891e-01
4.886157512664794922e-01
4.420992732048034668e-01
0.000000000000000000e+00
2.495621144771575928e-01
4.645048975944519043e-01
1.884596347808837891e-01
3.767959594726562500e+00
1.557177305221557617e-01
2.641785144805908203e-01
7.816346362233161926e-03
6.508331894874572754e-01
6.168191909790039062e+00
4.314210638403892517e-02
2.572825737297534943e-02
3.040493698790669441e-03
2.452708221971988678e-02
0.000000000000000000e+00
4.556854665279388428e-01
3.344706296920776367e-01
6.294767558574676514e-02
1.668422222137451172e-01
7.310320436954498291e-02
4.499507844448089600e-01
1.106230076402425766e-02
1.036304160952568054e-01
5.364530086517333984e+00
4.801800847053527832e-01
8.332943916320800781e-01
2.710044384002685547e-01
5.182645916938781738e-01
1.952984929084777832e-01
3.677617525681853294e-03
1.949236541986465454e-02
2.834328889846801758e+00
0.000000000000000000e+00
5.801750719547271729e-02
3.250930309295654297e-01
9.340454638004302979e-02
3.321958938613533974e-03
8.850374221801757812e-01
7.360882163047790527e-01
2.410529404878616333e-01
3.852529823780059814e-01
1.599459201097488403e-01
1.614203155040740967e-01
8.601283282041549683e-02
9.169455617666244507e-02
2.721580564975738525e-01
3.582981526851654053e-01
1.297045797109603882e-01
4.553813859820365906e-02
6.907806992530822754e-01
2.686463892459869385e-01
4.348066076636314392e-02
2.368113398551940918e-02
3.414138555526733398e-01
1.510059088468551636e-02
1.227117627859115601e-01
9.350864589214324951e-02
1.154953360557556152e+00
3.023051284253597260e-02
0.000000000000000000e+00
5.042343586683273315e-02
9.995024651288986206e-03
1.576375365257263184e+00
3.258674442768096924e-01
2.408206760883331299e-01
9.660866856575012207e-02
0.000000000000000000e+00
1.194404244422912598e+00
1.322085112333297729e-01
1.370790898799896240e-01
4.107087254524230957e-01
2.397508174180984497e-01
3.466693460941314697e-01
8.922849595546722412e-02
1.880809664726257324e-01
3.858609795570373535e-01
4.164683073759078979e-02
1.199287623167037964e-01
3.859287127852439880e-02
0.000000000000000000e+00
3.341238200664520264e-01
7.230839133262634277e-01
2.401873171329498291e-01
4.583253562450408936e-01
6.682019233703613281e-01
4.575573205947875977e-01
2.464548945426940918e-01
4.319943785667419434e-01
1.902865171432495117e-01
9.311351180076599121e-02
1.747317463159561157e-01
4.630334675312042236e-01
3.054731130599975586e+00
0.000000000000000000e+00
7.126945853233337402e-01
5.470382422208786011e-02
1.791940033435821533e-01
1.092424988746643066e-01
2.993623614311218262e-01
2.502052187919616699e-01
5.415830612182617188e-01
1.410148143768310547e-01
1.856256961822509766e+00
6.320521980524063110e-02
1.880597919225692749e-01
6.293982267379760742e-02
3.399188816547393799e-01
4.120888113975524902e-01
0.000000000000000000e+00
0.000000000000000000e+00
7.684645652770996094e-01
2.740042507648468018e-01
6.616830825805664062e-02
2.312758713960647583e-01
5.033587813377380371e-01
0.000000000000000000e+00
1.907306024804711342e-03
2.653220891952514648e+00
6.041150167584419250e-02
5.793917775154113770e-01
1.070801466703414917e-01
0.000000000000000000e+00
7.325111031532287598e-01
3.806756576523184776e-03
4.737218320369720459e-01
6.572189275175333023e-03
2.725786268711090088e-01
6.379242986440658569e-03
1.888224929571151733e-01
2.107680141925811768e-01
0.000000000000000000e+00
0.000000000000000000e+00
1.692908108234405518e-01
8.451070636510848999e-02
4.983176290988922119e-01
2.126258797943592072e-02
1.129030510783195496e-01
4.760654270648956299e-01
0.000000000000000000e+00
2.619652748107910156e-01
1.037757843732833862e-01
0.000000000000000000e+00
0.000000000000000000e+00
3.350638970732688904e-02
7.928524613380432129e-01
2.714725136756896973e-01
9.417366385459899902e-01
7.189433090388774872e-03
4.829491302371025085e-02
3.213721215724945068e-01
6.657253205776214600e-02
1.281077116727828979e-01
3.332389891147613525e-01
1.182052269577980042e-01
8.409981727600097656e-01
7.428972423076629639e-02
7.112792879343032837e-02
4.997694119811058044e-02
2.805922925472259521e-02
1.279608160257339478e-01
1.737315893173217773e+00
1.053386449813842773e+00
0.000000000000000000e+00
2.023504860699176788e-02
7.666723430156707764e-02
2.552629113197326660e-01
1.086365059018135071e-01
3.169923275709152222e-02
4.153303802013397217e-01
3.314309597015380859e+00
7.412129640579223633e-01
9.997862577438354492e-02
0.000000000000000000e+00
2.382568866014480591e-01
6.331935524940490723e-01
1.933635026216506958e-02
5.097036063671112061e-02
1.515957247465848923e-02
0.000000000000000000e+00
6.836675107479095459e-02
3.175038993358612061e-01
4.336054027080535889e-01
1.239362061023712158e-01
3.296631276607513428e-01
1.550460159778594971e-01
5.507231876254081726e-02
2.456146776676177979e-01
1.456534564495086670e-01
9.742652773857116699e-01
1.814340800046920776e-02
3.729506433010101318e-01
6.818552613258361816e-01
1.066015005111694336e+00
2.940686643123626709e-01
1.231601610779762268e-01
5.200949907302856445e-01
9.854367002844810486e-03
4.958604276180267334e-01
0.000000000000000000e+00
1.488765478134155273e+00
5.607846975326538086e-01
6.728576868772506714e-02
1.643955856561660767e-01
0.000000000000000000e+00
5.204755663871765137e-01
1.201987937092781067e-01
4.037478268146514893e-01
4.451334774494171143e-01
7.100667953491210938e-01
1.160637810826301575e-01
2.646229863166809082e-01
1.080284491181373596e-01
4.342898428440093994e-01
0.000000000000000000e+00
6.684052348136901855e-01
9.371171891689300537e-02
1.298071980476379395e+00
1.579132629558444023e-03
8.139943480491638184e-01
2.575873613357543945e+00
8.592876046895980835e-02
3.749025240540504456e-02
5.426596477627754211e-02
1.114967372268438339e-02
9.885260462760925293e-02
1.059045549482107162e-03
4.509846866130828857e-02
3.950079903006553650e-03
2.728002145886421204e-02
0.000000000000000000e+00
5.076790228486061096e-03
1.473187357187271118e-01
6.283156871795654297e-01
3.145373165607452393e-01
2.279499620199203491e-01
1.056675672531127930e+00
1.499118804931640625e-01
8.499851822853088379e-01
3.235140442848205566e-02
0.000000000000000000e+00
1.848363876342773438e-02
7.182694040238857269e-03
2.061650529503822327e-02
1.261688023805618286e-01
2.484822720289230347e-01
9.726548194885253906e-01
5.280606150627136230e-01
3.833395540714263916e-01
9.114438295364379883e-01
1.108329510316252708e-03
5.249748378992080688e-02
8.463483303785324097e-02
0.000000000000000000e+00
1.206018701195716858e-01
1.928919404745101929e-01
6.561548262834548950e-02
6.515042781829833984e-01
6.566683650016784668e-01
1.467696428298950195e-01
3.505337238311767578e-01
4.134575128555297852e-01
1.354993134737014771e-02
0.000000000000000000e+00
3.759310841560363770e-01
4.913847446441650391e-01
4.987586975097656250e+00
1.397807717323303223e+00
1.671552062034606934e+00
2.322778850793838501e-01
2.287476137280464172e-02
0.000000000000000000e+00
1.163989603519439697e-01
6.561309099197387695e-02
0.000000000000000000e+00
1.435867428779602051e+00
1.913555115461349487e-01
3.044262230396270752e-01
8.526433259248733521e-02
0.000000000000000000e+00
5.781469866633415222e-02
1.921066343784332275e-01
2.332727052271366119e-02
2.159665375947952271e-01
0.000000000000000000e+00
1.894623488187789917e-01
1.103081107139587402e+00
2.306678593158721924e-01
2.506695687770843506e-01
1.576723814010620117e+00
2.633767202496528625e-02
0.000000000000000000e+00
1.769106537103652954e-01
7.315465062856674194e-02
7.179961204528808594e-01
3.405106067657470703e-01
2.435725647956132889e-03
7.134509831666946411e-02
2.584946453571319580e-01
2.328052520751953125e-01
5.566563829779624939e-02
4.943612217903137207e-02
1.383168995380401611e-02
8.570663928985595703e-01
1.813334673643112183e-01
6.446025967597961426e-01
6.965230405330657959e-02
6.726523637771606445e-01
1.176275461912155151e-01
1.671602763235569000e-02
1.740716457366943359e+00
1.011446639895439148e-01
5.901662632822990417e-02
2.706182897090911865e-01
7.650405168533325195e-02
5.146225541830062866e-02
1.842143982648849487e-01
1.370307896286249161e-02
8.117274194955825806e-02
2.044279687106609344e-02
1.668661250732839108e-03
3.316321372985839844e-01
0.000000000000000000e+00
6.584463268518447876e-02
8.572772890329360962e-02
4.307377934455871582e-01
3.848418593406677246e-02
5.531780049204826355e-02
4.709473997354507446e-02
9.822475910186767578e-01
9.181559085845947266e-01
0.000000000000000000e+00
1.948670297861099243e-02
7.144647836685180664e-02
1.097309123724699020e-02
1.032338067889213562e-01
2.706555426120758057e-01
9.713604450225830078e-01
2.895789742469787598e-01
8.855232596397399902e-02
3.468063473701477051e-01
8.416185975074768066e-01
2.783958241343498230e-02
3.596773147583007812e+00
6.544749140739440918e-01
2.962221205234527588e-01
1.458925455808639526e-01
2.217676162719726562e+00
1.313805282115936279e-01
9.632789492607116699e-01
1.685630232095718384e-01
2.856830060482025146e-01
1.406472525559365749e-03
1.102957874536514282e-02
8.260201662778854370e-02
3.096437752246856689e-01
8.069853484630584717e-02
8.027849793434143066e-01
3.383562564849853516e+00
2.583746016025543213e-01
2.628217935562133789e-01
8.145659416913986206e-02
3.417905569076538086e-01
0.000000000000000000e+00
6.090503334999084473e-01
3.420360684394836426e-01
5.435954406857490540e-02
2.350638806819915771e-01
1.279074791818857193e-02
3.544063074514269829e-03
6.257961750030517578e+00
1.354893445968627930e-01
4.930929280817508698e-03
0.000000000000000000e+00
2.517892420291900635e-01
0.000000000000000000e+00
7.002197504043579102e-01
2.252320796251296997e-01
1.321488618850708008e-02
6.101053208112716675e-02
2.109660059213638306e-01
7.057134807109832764e-02
7.290496230125427246e-01
8.678392767906188965e-01
2.202605009078979492e-01
2.831948995590209961e+00
2.969885431230068207e-02
0.000000000000000000e+00
3.868965506553649902e-01
1.831867814064025879e+00
3.614911735057830811e-01
3.126620054244995117e-01
8.395942449569702148e-01
0.000000000000000000e+00
1.658888578414916992e+00
8.563769608736038208e-02
1.587624430656433105e+00
3.476763248443603516e+00
1.218251228332519531e+00
6.331996619701385498e-02
1.101808071136474609e+00
5.681131407618522644e-02
2.753600120544433594e+00
2.552294433116912842e-01
1.047138094902038574e+00
0.000000000000000000e+00
4.517324864864349365e-01
5.817899703979492188e-01
4.552588164806365967e-01
4.319348335266113281e-01
0.000000000000000000e+00
5.232639908790588379e-01
2.534640431404113770e-01
9.837398678064346313e-02
1.405051797628402710e-01
3.089579641819000244e-01
1.265529841184616089e-01
2.159993946552276611e-01
1.531000614166259766e+00
1.219879649579524994e-02
3.163143992424011230e-01
4.921579957008361816e-01
1.136723086237907410e-01
1.605217605829238892e-01
0.000000000000000000e+00
4.279779434204101562e+00
2.662047624588012695e+00
0.000000000000000000e+00
7.920359820127487183e-02
7.964256219565868378e-03
1.449579596519470215e-01
4.881162941455841064e-01
1.377459883689880371e+00
3.724275156855583191e-02
2.315817028284072876e-02
0.000000000000000000e+00
2.468565851449966431e-01
1.213417798280715942e-01
6.955572403967380524e-03
2.546784840524196625e-02
3.380522364750504494e-03
2.792157828807830811e-01
4.174333810806274414e-01
1.064896658062934875e-01
2.526014111936092377e-02
5.058540031313896179e-02
0.000000000000000000e+00
1.304466836154460907e-02
1.426550447940826416e-01
3.898873692378401756e-04
0.000000000000000000e+00
7.521082162857055664e-01
7.085157036781311035e-01
3.165193796157836914e-01
3.594176471233367920e-02
2.766498923301696777e-01
4.054040461778640747e-02
8.420462608337402344e-01
1.984664611518383026e-02
1.580705642700195312e-01
3.727621734142303467e-01
2.520830333232879639e-01
1.065444424748420715e-01
6.865396862849593163e-04
1.142669200897216797e+00
6.742646545171737671e-02
4.202642738819122314e-01
7.673064246773719788e-04
4.490784183144569397e-02
3.840027377009391785e-02
1.460523605346679688e-01
2.032590627670288086e+00
2.156712859869003296e-01
5.225533246994018555e-01
8.616907596588134766e-01
6.395327299833297729e-02
2.147751860320568085e-02
1.178700804710388184e+00
5.054036900401115417e-02
2.294924259185791016e-01
1.164435818791389465e-01
2.971343100070953369e-01
9.742003679275512695e-01
2.927760183811187744e-01
1.225317120552062988e-01
1.561281178146600723e-02
8.401851058006286621e-01
2.227005213499069214e-01
1.689514964818954468e-01
2.171523809432983398e+00
2.888684868812561035e-01
0.000000000000000000e+00
1.006166189908981323e-01
1.461962461471557617e-01
2.823876738548278809e-01
2.966442843899130821e-03
6.976442784070968628e-02
9.231135994195938110e-02
1.654488733038306236e-03
3.574554622173309326e-01
1.630605906248092651e-01
1.634716987609863281e+00
4.687292873859405518e-01
1.255341432988643646e-02
2.106355428695678711e-01
2.154990583658218384e-01
1.165867328643798828e+00
1.372386515140533447e-01
0.000000000000000000e+00
4.820048809051513672e-01
4.477535486221313477e-01
3.720071911811828613e-02
0.000000000000000000e+00
1.020736396312713623e-01
0.000000000000000000e+00
1.779568672180175781e+00
2.857662916183471680e+00
7.907990366220474243e-02
8.907815068960189819e-02
7.160184532403945923e-02
2.837661281228065491e-02
1.352046877145767212e-01
5.033860206604003906e-01
1.358293890953063965e-01
4.574797451496124268e-01
7.091788202524185181e-02
1.365396380424499512e-01
2.085458338260650635e-01
3.090219497680664062e-01
5.854440927505493164e-01
8.440605551004409790e-02
1.510255336761474609e-01
4.802400246262550354e-02
2.021270059049129486e-02
0.000000000000000000e+00
1.149528399109840393e-01
2.973610535264015198e-02
0.000000000000000000e+00
1.417731046676635742e+00
2.558004856109619141e+00
1.199327558279037476e-01
1.092599272727966309e+00
0.000000000000000000e+00
7.168627381324768066e-01
8.009338378906250000e-02
6.996833682060241699e-01
1.473192691802978516e+00
0.000000000000000000e+00
3.916630268096923828e+00
6.984449923038482666e-02
0.000000000000000000e+00
2.172222733497619629e-01
5.763926357030868530e-02
0.000000000000000000e+00
5.648152232170104980e-01
1.017313957214355469e+00
9.180967211723327637e-01
0.000000000000000000e+00
5.090075135231018066e-01
3.107781149446964264e-02
5.051501840353012085e-02
3.516765683889389038e-02
3.348105669021606445e+00
1.000074595212936401e-01
4.162336885929107666e-02
0.000000000000000000e+00
8.897277116775512695e-01
6.184173747897148132e-02
3.543105721473693848e-02
1.237609505653381348e+00
7.096898555755615234e-01
6.076838374137878418e-01
9.240824729204177856e-02
6.016415357589721680e-01
5.719345528632402420e-03
1.986646652221679688e-01
6.914405226707458496e-01
8.740571886301040649e-02
3.368052467703819275e-02
9.808096289634704590e-02
1.231849789619445801e-01
2.365252375602722168e-02
0.000000000000000000e+00
1.537869274616241455e-01
1.608683764934539795e-01
0.000000000000000000e+00
1.188052296638488770e+00
1.913284808397293091e-01
1.350614070892333984e+00
8.346827700734138489e-03
3.752037286758422852e-01
2.729394137859344482e-01
7.527917157858610153e-03
1.875310838222503662e-01
8.789867162704467773e-02
1.639633774757385254e-01
6.441174447536468506e-02
1.420847177505493164e+00
0.000000000000000000e+00
1.426966786384582520e-01
4.836815297603607178e-01
9.193286299705505371e-01
1.930191069841384888e-01
1.250368356704711914e-01
2.801995351910591125e-02
1.765228062868118286e-02
0.000000000000000000e+00
0.000000000000000000e+00
2.537355124950408936e-01
2.863286063075065613e-02
0.000000000000000000e+00
4.446190141607075930e-04
1.243289932608604431e-01
3.347966372966766357e-01
3.464640378952026367e-01
0.000000000000000000e+00
4.656776189804077148e-01
2.654663100838661194e-02
1.146994903683662415e-01
1.700872659683227539e+00
1.564137754030525684e-03
3.609158471226692200e-02
3.394545614719390869e-02
0.000000000000000000e+00
2.737746834754943848e-01
1.720215678215026855e-01
1.525715738534927368e-01
1.854404360055923462e-01
2.528772652149200439e-01
2.967140376567840576e-01
8.457333445549011230e-01
1.239103749394416809e-01
2.014737874269485474e-01
5.934022068977355957e-01
7.574938535690307617e-01
7.020151615142822266e-02
2.582432329654693604e-01
1.711276173591613770e-01
3.669354915618896484e-01
1.875701174139976501e-02
1.489366753958165646e-03
5.974353104829788208e-02
4.469450190663337708e-02
9.711847305297851562e-01
4.378440380096435547e-01
6.526156067848205566e-01
1.028867810964584351e-02
0.000000000000000000e+00
5.505410954356193542e-02
2.218293584883213043e-02
2.030273154377937317e-02
2.609333023428916931e-02
6.659676879644393921e-02
1.304743289947509766e-01
5.141907930374145508e-02
1.481544017791748047e+00
1.725293397903442383e-01
4.339170455932617188e-02
4.817714691162109375e-01
1.108517527580261230e+00
1.830586344003677368e-01
5.174639821052551270e-01
1.990007609128952026e-01
4.066638052463531494e-01
8.162966370582580566e-02
1.305239200592041016e-01
8.265845477581024170e-02
9.758259654045104980e-01
6.725078076124191284e-02
4.002597630023956299e-01
4.836123287677764893e-01
5.463989824056625366e-02
3.486856818199157715e-02
5.435572266578674316e-01
1.059258699417114258e+00
4.495741367340087891e+00
5.031750202178955078e-01
0.000000000000000000e+00
2.039480209350585938e-01
1.062921047210693359e+00
0.000000000000000000e+00
1.582440584897994995e-01
2.254155427217483521e-01
2.359250374138355255e-02
3.373838588595390320e-02
7.114585041999816895e-01
2.524890899658203125e-01
2.929645478725433350e-01
6.094738841056823730e-02
5.933793634176254272e-02
1.401512920856475830e-01
3.518340587615966797e-01
3.000429458916187286e-02
3.080653548240661621e-01
1.153005380183458328e-02
0.000000000000000000e+00
1.414365619421005249e-01
1.054136514663696289e+00
2.202193997800350189e-02
4.157764371484518051e-03
2.611120939254760742e-01
9.974958747625350952e-02
0.000000000000000000e+00
0.000000000000000000e+00
2.736552357673645020e-01
1.071600437164306641e+00
8.388099074363708496e-02
5.119076371192932129e-01
2.345958650112152100e-01
1.359344720840454102e-01
8.717311546206474304e-03
1.931539364159107208e-02
0.000000000000000000e+00
1.402315348386764526e-01
3.071132302284240723e-01
3.554991781711578369e-01
6.105356663465499878e-02
4.922502934932708740e-01
2.129741162061691284e-01
4.930208250880241394e-02
7.005067914724349976e-02
0.000000000000000000e+00
1.502313762903213501e-01
1.815587580204010010e-01
2.694105729460716248e-03
3.263842463493347168e-01
9.403186440467834473e-01
1.866832226514816284e-01
3.004439175128936768e-02
5.544858053326606750e-02
1.068887233734130859e+00
1.047380924224853516e+00
9.561724029481410980e-03
4.642677307128906250e-02
4.839092195034027100e-01
1.064498052000999451e-01
1.008717566728591919e-01
1.673357039690017700e-01
2.593150138854980469e-01
2.010070979595184326e-01
5.874769687652587891e-01
2.265607118606567383e-01
2.634661197662353516e-01
3.173681721091270447e-02
1.929997093975543976e-02
0.000000000000000000e+00
2.196536511182785034e-01
4.668273925781250000e-01
2.187763750553131104e-01
1.143099069595336914e+00
1.830291934311389923e-02
7.738412916660308838e-02
8.915956318378448486e-02
2.837236598134040833e-02
2.801166148856282234e-03
2.904935479164123535e-01
5.238061547279357910e-01
9.192322492599487305e-01
2.392060607671737671e-01
1.995109720155596733e-03
6.123097985982894897e-02
1.557288318872451782e-01
3.294023871421813965e-01
4.433898925781250000e-01
5.238560214638710022e-02
7.101659663021564484e-03
1.127958655357360840e+00
2.045305669307708740e-01
1.824705898761749268e-01
4.537657201290130615e-01
5.657458677887916565e-02
5.802378654479980469e-01
6.214333698153495789e-02
4.323644936084747314e-01
1.946062088012695312e+00
5.471293926239013672e-01
3.370699584484100342e-01
1.306918170303106308e-02
3.772403299808502197e-01
0.000000000000000000e+00
8.369395136833190918e-02
5.208552479743957520e-01
1.113250255584716797e+00
1.588137149810791016e+00
2.797120213508605957e-01
1.104639377444982529e-02
1.162343546748161316e-01
1.130964159965515137e+00
1.334483027458190918e-01
6.182346493005752563e-02
1.814850717782974243e-01
1.592923253774642944e-01
3.907956928014755249e-02
2.354653596878051758e+00
3.179195225238800049e-01
0.000000000000000000e+00
2.048543393611907959e-01
1.043761521577835083e-01
1.401857614517211914e+00
1.005031347274780273e+00
1.259610615670681000e-02
3.145388094708323479e-03
2.592936456203460693e-01
3.907763399183750153e-03
6.358118653297424316e-01
1.770335622131824493e-02
1.204591467976570129e-01
4.184455424547195435e-02
1.032435521483421326e-01
2.416006922721862793e-01
3.066453039646148682e-01
2.805505394935607910e-01
9.180383384227752686e-02
1.227831915020942688e-01
3.903734683990478516e-01
4.155947566032409668e-01
5.460365414619445801e-01
8.675572462379932404e-03
2.649042308330535889e-01
7.481541633605957031e-01
9.547887444496154785e-01
1.883827298879623413e-01
3.215498328208923340e-01
7.029350996017456055e-01
9.265833497047424316e-01
0.000000000000000000e+00
1.505149155855178833e-02
1.124597191810607910e-01
7.163119912147521973e-01
1.912169605493545532e-01
1.313323825597763062e-01
2.099321365356445312e+00
3.293662667274475098e-01
2.077944390475749969e-02
3.554772585630416870e-02
3.072492219507694244e-02
1.233418844640254974e-02
1.032824873924255371e+00
6.675809621810913086e-02
2.732433192431926727e-02
1.046709775924682617e+00
2.818144559860229492e+00
5.517280101776123047e-01
3.416719138622283936e-01
1.189143538475036621e+00
2.274283319711685181e-01
4.594267308712005615e-01
1.656768172979354858e-01
6.514074206352233887e-01
6.209374070167541504e-01
6.647044420242309570e-02
2.938537597656250000e-01
1.888974756002426147e-02
5.188888311386108398e-01
1.274691820144653320e+00
8.691863156855106354e-03
3.202619791030883789e+00
1.357880592346191406e+00
0.000000000000000000e+00
1.604552865028381348e-01
8.293843129649758339e-04
5.895258113741874695e-02
5.304329097270965576e-02
3.269939720630645752e-01
5.756955593824386597e-02
9.153865277767181396e-03
1.645760610699653625e-02
2.620292901992797852e-01
1.877635866403579712e-01
1.397041529417037964e-01
0.000000000000000000e+00
9.934116005897521973e-01
9.052089601755142212e-02
7.261607795953750610e-02
6.836970895528793335e-02
1.477823704481124878e-01
2.151765972375869751e-01
2.517732381820678711e-01
1.068137168884277344e+00
2.122701890766620636e-02
5.962055921554565430e-02
2.040512263774871826e-01
1.394906342029571533e-01
2.422156780958175659e-01
0.000000000000000000e+00
9.470328688621520996e-01
4.370680451393127441e-01
2.014477737247943878e-03
6.387986987829208374e-02
5.727121233940124512e-02
1.219197884202003479e-01
3.496688902378082275e-01
0.000000000000000000e+00
2.901914715766906738e-01
0.000000000000000000e+00
6.714702397584915161e-02
2.865757942199707031e-01
2.856463380157947540e-02
1.695484668016433716e-01
2.968532731756567955e-03
5.585820078849792480e-01
5.247405916452407837e-02
6.461410969495773315e-02
1.723278164863586426e-01
1.225824877619743347e-01
6.942490339279174805e-01
3.959463834762573242e-01
5.596879124641418457e-01
2.610017359256744385e-01
8.662439882755279541e-03
6.728659570217132568e-02
4.971185699105262756e-03
0.000000000000000000e+00
0.000000000000000000e+00
3.812737762928009033e-01
4.146042466163635254e-02
5.485190749168395996e-01
1.770359277725219727e-01
5.465724468231201172e-01
1.249479036778211594e-02
3.772909641265869141e-01
7.345131598412990570e-03
1.827379129827022552e-02
0.000000000000000000e+00
3.305213153362274170e-02
0.000000000000000000e+00
3.722748160362243652e-02
9.989514946937561035e-01
2.425534836947917938e-02
4.427632987499237061e-01
1.891422122716903687e-01
5.083972215652465820e-02
5.184476971626281738e-01
1.118302419781684875e-01
1.619920730590820312e-01
3.165850937366485596e-01
1.176118254661560059e-01
5.171180367469787598e-01
0.000000000000000000e+00
1.971842646598815918e-01
6.188136991113424301e-03
3.122998178005218506e-01
3.435937643051147461e+00
7.029972672462463379e-01
1.877373307943344116e-01
9.663893282413482666e-02
1.827724575996398926e-01
6.003289222717285156e-01
3.915856406092643738e-02
6.977956295013427734e-01
1.929095014929771423e-02
1.489609573036432266e-02
1.713854372501373291e-01
5.511040613055229187e-02
3.882053866982460022e-02
4.150275886058807373e-01
3.484852495603263378e-04
3.563243150711059570e-02
1.725876331329345703e-01
2.694204151630401611e-01
0.000000000000000000e+00
4.086220860481262207e-01
3.081574440002441406e-01
3.665789067745208740e-01
1.075487256050109863e+00
1.343559384346008301e+00
1.998053044080734253e-01
3.056279011070728302e-02
0.000000000000000000e+00
2.986547909677028656e-02
4.240982979536056519e-02
3.149184286594390869e-01
1.667920827865600586e+00
4.348833858966827393e-01
2.398302704095840454e-01
2.316862940788269043e-01
2.141971111297607422e+00
6.633158028125762939e-02
3.250916004180908203e-01
5.013174414634704590e-01
2.171696722507476807e-02
1.036578044295310974e-02
7.843871414661407471e-02
5.632067099213600159e-03
1.643699109554290771e-01
9.384968280792236328e-01
1.181935787200927734e+00
0.000000000000000000e+00
0.000000000000000000e+00
5.002812743186950684e-01
0.000000000000000000e+00
1.190337389707565308e-01
2.358781248331069946e-01
2.265007257461547852e+00
0.000000000000000000e+00
7.877617329359054565e-02
7.195835560560226440e-02
1.506850682199001312e-02
4.746398925781250000e-01
5.712089687585830688e-02
2.543743757996708155e-04
1.356356684118509293e-02
2.697365544736385345e-02
2.110603302717208862e-01
5.867502093315124512e-01
0.000000000000000000e+00
1.681798845529556274e-01
2.256831387057900429e-03
3.343505859375000000e-01
1.515778303146362305e-01
5.176102519035339355e-01
9.150781482458114624e-02
3.595694303512573242e-01
7.013612985610961914e-02
5.201407670974731445e-01
8.534629940986633301e-01
1.304210066795349121e+00
2.183563411235809326e-01
8.367987349629402161e-03
3.195266798138618469e-02
5.694499015808105469e-01
1.400385983288288116e-02
4.004555940628051758e-01
4.859312772750854492e-01
2.381033636629581451e-02
8.491624146699905396e-02
2.874531745910644531e-01
9.076046347618103027e-01
1.368573546409606934e+00
2.785778976976871490e-02
4.929938912391662598e-01
3.076462820172309875e-02
4.441758692264556885e-01
1.481184214353561401e-01
0.000000000000000000e+00
7.862049341201782227e-02
1.128308415412902832e+00
8.860463500022888184e-01
3.315260708332061768e-01
4.007658362388610840e-02
0.000000000000000000e+00
0.000000000000000000e+00
2.481552585959434509e-02
1.645582318305969238e-01
1.192141557112336159e-03
3.175647258758544922e-01
9.716786444187164307e-02
5.895534753799438477e-01
3.713312447071075439e-01
4.836087524890899658e-01
2.738674357533454895e-02
8.087899088859558105e-01
1.956745833158493042e-01
1.544899821281433105e+00
1.633958816528320312e-01
1.519266217947006226e-01
6.135520711541175842e-02
0.000000000000000000e+00
2.083663344383239746e-01
1.465059220790863037e-01
0.000000000000000000e+00
8.976948261260986328e-02
3.318874537944793701e-01
1.037657976150512695e+00
2.211853675544261932e-02
0.000000000000000000e+00
1.167593225836753845e-01
6.374973654747009277e-01
3.531951010227203369e-01
1.469880491495132446e-01
8.842819929122924805e-01
3.236633539199829102e-01
1.312847286462783813e-01
2.012923479080200195e+00
0.000000000000000000e+00
1.350344270467758179e-01
9.160931222140789032e-03
1.606007814407348633e-01
1.119343042373657227e+00
4.490326941013336182e-01
7.132349163293838501e-02
1.288018375635147095e-01
1.294166445732116699e-01
9.020626544952392578e-03
4.542409181594848633e-01
9.569907560944557190e-03
1.123027056455612183e-01
3.725807368755340576e-02
7.242377847433090210e-03
7.613874971866607666e-02
3.560274541378021240e-01
5.321618914604187012e-02
0.000000000000000000e+00
9.287742972373962402e-01
8.307354524731636047e-03
2.150213532149791718e-02
4.361259751021862030e-03
0.000000000000000000e+00
1.099225580692291260e-01
1.717414124868810177e-03
3.441338241100311279e-02
2.859547138214111328e-01
9.800214320421218872e-02
0.000000000000000000e+00
3.772090911865234375e+00
2.123804569244384766e+00
1.528280258178710938e+00
3.022196769714355469e+00
3.688075840473175049e-01
6.191068887710571289e-02
7.422102987766265869e-02
5.209494233131408691e-01
1.786446757614612579e-02
1.542331576347351074e+00
3.066101670265197754e-01
5.237077474594116211e-01
0.000000000000000000e+00
3.640371561050415039e-02
1.579425483942031860e-01
0.000000000000000000e+00
2.307417392730712891e-01
2.068403214216232300e-01
6.868634819984436035e-01
0.000000000000000000e+00
7.460296154022216797e-01
2.120212554931640625e+00
2.197449356317520142e-01
4.488435983657836914e-01
8.112769573926925659e-02
2.901861965656280518e-01
5.295704603195190430e-01
0.000000000000000000e+00
8.761389181017875671e-03
1.681565307080745697e-02
6.748819351196289062e-02
6.331211328506469727e-02
2.943464279174804688e+00
2.461451441049575806e-01
7.044097036123275757e-02
0.000000000000000000e+00
2.348304837942123413e-01
0.000000000000000000e+00
3.655794262886047363e-02
3.834303617477416992e-01
5.522928759455680847e-02
9.367719888687133789e-01
4.563431739807128906e-01
7.449834346771240234e-01
8.402322977781295776e-02
1.659812778234481812e-02
1.006411671638488770e+00
0.000000000000000000e+00
3.399799391627311707e-02
2.826817929744720459e-01
0.000000000000000000e+00
5.308393388986587524e-02
2.653300166130065918e-01
4.659988880157470703e-01
0.000000000000000000e+00
6.521563045680522919e-03
1.909706234931945801e+00
5.719507336616516113e-01
2.566746808588504791e-02
5.692650750279426575e-02
9.020627140998840332e-01
1.465161740779876709e-01
1.750744730234146118e-01
3.179433345794677734e-01
4.865566194057464600e-01
1.848564624786376953e+00
1.140650510787963867e+00
4.117528349161148071e-02
0.000000000000000000e+00
8.138970136642456055e-01
0.000000000000000000e+00
1.447211205959320068e-01
3.882981240749359131e-01
5.351290106773376465e-01
9.093824774026870728e-02
2.657745182514190674e-01
2.551686763763427734e-01
3.272370398044586182e-01
1.542131043970584869e-02
2.207971811294555664e-01
2.720139265060424805e+00
3.205585852265357971e-02
5.730606615543365479e-02
1.656121134757995605e+00
2.258660793304443359e-01
2.425317615270614624e-01
2.639325857162475586e-01
1.357780694961547852e-01
4.727030277252197266e+00
0.000000000000000000e+00
2.799676656723022461e-01
4.214568436145782471e-02
2.998040616512298584e-01
3.688664361834526062e-02
3.045529425144195557e-01
1.368989050388336182e-01
2.420094907283782959e-01
1.580195724964141846e-01
4.888123571872711182e-01
2.348610162734985352e+00
7.333621382713317871e-02
1.295759379863739014e-01
8.141301572322845459e-03
7.590800058096647263e-03
8.173166215419769287e-02
0.000000000000000000e+00
2.108362317085266113e-02
3.168461918830871582e-01
2.338642179965972900e-01
2.406516810879111290e-03
2.117220312356948853e-03
0.000000000000000000e+00
7.658990472555160522e-02
5.080426931381225586e-01
0.000000000000000000e+00
1.840473860502243042e-01
0.000000000000000000e+00
9.520630836486816406e-01
3.640938922762870789e-02
1.281262654811143875e-02
2.471438795328140259e-01
4.500503093004226685e-02
0.000000000000000000e+00
1.266901493072509766e-01
3.010309673845767975e-02
4.850425422191619873e-01
3.420688807964324951e-01
4.825795069336891174e-02
4.045786857604980469e-01
9.570806026458740234e-01
4.220067337155342102e-02
3.680949332192540169e-03
3.178429901599884033e-01
0.000000000000000000e+00
0.000000000000000000e+00
3.181071951985359192e-02
4.775357618927955627e-02
1.186561211943626404e-01
1.382404565811157227e+00
7.554452866315841675e-02
1.003208160400390625e+00
4.827743470668792725e-01
1.007639020681381226e-01
4.370726048946380615e-01
0.000000000000000000e+00
3.442172706127166748e-01
2.564885318279266357e-01
1.415926218032836914e-01
6.964415311813354492e-02
6.916710734367370605e-01
6.238675117492675781e-01
5.709964409470558167e-02
1.816143095493316650e-01
2.568512037396430969e-02
1.885029524564743042e-01
8.223531842231750488e-01
8.250912651419639587e-03
5.740759149193763733e-02
6.829331815242767334e-02
7.102538943290710449e-01
1.915975809097290039e+00
2.416144013404846191e-01
1.033427834510803223e+00
1.693654358386993408e-01
1.759731650352478027e+00
2.285477817058563232e-01
0.000000000000000000e+00
1.595481991767883301e+00
2.900006063282489777e-02
5.464306473731994629e-01
3.991079702973365784e-02
2.449472062289714813e-02
5.698194727301597595e-02
2.515037655830383301e-01
9.988189935684204102e-01
6.680481135845184326e-02
3.992325067520141602e-01
0.000000000000000000e+00
3.053234517574310303e-01
0.000000000000000000e+00
5.455929203890264034e-04
2.660211175680160522e-03
6.254700422286987305e-01
0.000000000000000000e+00
1.674614787101745605e+00
5.254605412483215332e-02
1.245504617691040039e+00
3.975652158260345459e-01
7.040676474571228027e-02
2.209093794226646423e-02
1.247741430997848511e-01
1.951374299824237823e-02
3.341805189847946167e-02
5.875736847519874573e-02
1.584005206823348999e-01
0.000000000000000000e+00
1.272479176521301270e+00
4.943577945232391357e-02
7.574838399887084961e-02
7.996632158756256104e-02
8.909960389137268066e-01
1.853073984384536743e-01
1.148160845041275024e-01
2.918500825762748718e-02
4.377582371234893799e-01
2.383300289511680603e-02
2.564455568790435791e-02
1.111625581979751587e-01
1.352382898330688477e-01
2.814041078090667725e-01
5.395995974540710449e-01
3.370663896203041077e-02
0.000000000000000000e+00
2.269236147403717041e-01
5.121493339538574219e-01
4.805997014045715332e-01
1.422473043203353882e-01
3.592730164527893066e-01
5.324482321739196777e-01
1.047894716262817383e+00
2.278224080801010132e-01
3.175555765628814697e-01
1.345210522413253784e-01
4.218746423721313477e-01
5.598766207695007324e-01
4.155997335910797119e-01
7.503616809844970703e-01
3.934562206268310547e-02
5.473264455795288086e-01
5.095513463020324707e-01
0.000000000000000000e+00
9.468657895922660828e-03
6.076406687498092651e-03
2.799740619957447052e-02
1.114348173141479492e+00
9.040150642395019531e-01
2.227717876434326172e+00
1.369434893131256104e-01
4.182327911257743835e-02
3.870202600955963135e-01
6.104450300335884094e-02
9.312257170677185059e-02
3.364434838294982910e-02
0.000000000000000000e+00
6.155850887298583984e-01
1.278930157423019409e-01
1.067477464675903320e-02
3.420523703098297119e-01
9.848894178867340088e-02
2.187370359897613525e-01
5.703142844140529633e-03
1.807822436094284058e-01
0.000000000000000000e+00
1.883647143840789795e-01
0.000000000000000000e+00
8.136538416147232056e-02
2.195366472005844116e-01
3.050632476806640625e+00
7.522882223129272461e-01
3.519340157508850098e-01
2.850673198699951172e-01
9.254845380783081055e-01
7.925167679786682129e-02
2.762169241905212402e-01
1.290780454874038696e-01
1.465336885303258896e-02
7.125754840672016144e-03
6.419578790664672852e-01
2.116773426532745361e-01
1.916426979005336761e-02
3.403838872909545898e-01
2.012008726596832275e-01
3.820146620273590088e-02
0.000000000000000000e+00
4.997361451387405396e-02
6.080693099647760391e-03
3.455015420913696289e-01
1.582303047180175781e+00
3.263840675354003906e-01
1.784493774175643921e-01
6.813672836869955063e-03
2.389802694320678711e+00
1.209843307733535767e-01
2.867135286331176758e+00
1.788003444671630859e+00
6.065009236335754395e-01
1.438416391611099243e-01
1.414106320589780807e-02
1.064212173223495483e-01
2.585086822509765625e-01
0.000000000000000000e+00
2.180852927267551422e-02
1.427338924258947372e-02
8.204384148120880127e-02
2.507025003433227539e+00
4.861162602901458740e-01
0.000000000000000000e+00
5.686136335134506226e-02
9.538235068321228027e-01
4.091368317604064941e-01
0.000000000000000000e+00
4.916092753410339355e-01
2.596293576061725616e-02
7.830703258514404297e-02
6.056398153305053711e-02
7.660323381423950195e-02
1.221858710050582886e-01
6.939048320055007935e-02
1.007407605648040771e-01
2.663208730518817902e-02
3.046006858348846436e-01
4.729702174663543701e-01
1.111217215657234192e-01
8.118686825037002563e-02
5.834670066833496094e-01
5.694113969802856445e-01
0.000000000000000000e+00
4.842528104782104492e-01
1.303504854440689087e-01
5.094773769378662109e-01
6.594852358102798462e-02
0.000000000000000000e+00
3.286227956414222717e-02
2.787441201508045197e-02
3.370620608329772949e-01
0.000000000000000000e+00
3.303321078419685364e-03
2.032865025103092194e-02
7.678715884685516357e-02
6.313979625701904297e-02
5.250964686274528503e-02
1.487649679183959961e-01
3.649119138717651367e-01
1.899507641792297363e-02
9.605519589968025684e-04
1.914211511611938477e-01
1.666797697544097900e-01
7.676542736589908600e-04
2.006314508616924286e-02
6.337673664093017578e-01
2.508464828133583069e-02
1.430881321430206299e-01
6.178142968565225601e-03
0.000000000000000000e+00
7.234683632850646973e-01
1.947167515754699707e-01
5.240065604448318481e-02
9.384835511445999146e-02
0.000000000000000000e+00
1.737596511840820312e+00
2.275496348738670349e-02
6.660145241767168045e-03
2.604877054691314697e-01
3.496469855308532715e-01
4.807125777006149292e-02
1.699050664901733398e-01
1.988511562347412109e+00
5.158513039350509644e-02
4.883548319339752197e-01
2.359601408243179321e-01
0.000000000000000000e+00
9.841953404247760773e-03
5.761480331420898438e-01
3.567237555980682373e-01
1.631008386611938477e-01
5.892607569694519043e-01
1.166939269751310349e-02
9.761489345692098141e-04
3.817680478096008301e-02
5.108951330184936523e-01
1.129533872008323669e-01
2.035497874021530151e-01
4.745224416255950928e-01
4.163705743849277496e-03
0.000000000000000000e+00
3.110348433256149292e-02
2.913604974746704102e+00
1.097373850643634796e-02
0.000000000000000000e+00
1.670610666275024414e+00
3.466984927654266357e-01
6.287978496402502060e-03
5.721311643719673157e-02
2.195143848657608032e-01
1.797849684953689575e-01
2.449574768543243408e-01
0.000000000000000000e+00
2.650269567966461182e-01
3.544071316719055176e-01
1.212141066789627075e-01
2.078949064016342163e-01
1.073028519749641418e-01
1.040954217314720154e-01
6.985975056886672974e-02
0.000000000000000000e+00
0.000000000000000000e+00
2.243664562702178955e-01
4.301180839538574219e-01
1.198831126093864441e-01
8.302033692598342896e-02
9.487057104706764221e-03
2.800014913082122803e-01
4.304489493370056152e-02
1.007106341421604156e-02
3.068614006042480469e-01
5.820033550262451172e-01
2.357905656099319458e-01
4.097529351711273193e-01
2.680390179157257080e-01
3.153120726346969604e-02
1.413703918457031250e+00
0.000000000000000000e+00
4.839645624160766602e-01
3.146664798259735107e-01
2.328518964350223541e-02
2.752916812896728516e-01
6.947814226150512695e-01
1.218239143490791321e-01
1.126952189952135086e-02
6.532706737518310547e+00
2.448528073728084564e-02
2.760112583637237549e-01
8.234812319278717041e-02
3.068415448069572449e-03
2.130218505859375000e+00
2.299829274415969849e-01
1.144506409764289856e-01
2.243972539901733398e+00
1.222351670265197754e+00
2.079926133155822754e-01
0.000000000000000000e+00
2.406698226928710938e+00
1.256126910448074341e-01
1.104310341179370880e-02
6.081242486834526062e-02
8.461615443229675293e-02
2.736350521445274353e-02
1.146474182605743408e-01
2.208585850894451141e-02
7.858324795961380005e-02
1.301907002925872803e-01
1.038957953453063965e+00
1.072204113006591797e-02
0.000000000000000000e+00
2.476431615650653839e-02
3.419613242149353027e-01
0.000000000000000000e+00
8.531260490417480469e-01
4.724510945379734039e-03
0.000000000000000000e+00
9.556319564580917358e-02
0.000000000000000000e+00
3.698125839233398438e+00
2.700589597225189209e-02
7.589120417833328247e-02
4.293592646718025208e-02
2.157549411058425903e-01
8.949116617441177368e-02
3.096410259604454041e-02
5.027707219123840332e-01
4.841340184211730957e-01
4.981872439384460449e-01
4.899281561374664307e-01
1.955515742301940918e-01
2.222052812576293945e-01
1.724871098995208740e-01
5.156475901603698730e-01
3.850046992301940918e-01
4.116941615939140320e-02
4.071790277957916260e-01
1.352631598711013794e-01
1.035295724868774414e+00
2.554484694883285556e-07
3.761765360832214355e-02
1.572831422090530396e-01
2.429899424314498901e-01
6.610485911369323730e-01
1.528391093015670776e-01
2.149242460727691650e-01
4.092545434832572937e-02
2.679310441017150879e-01
8.448216319084167480e-02
2.212564647197723389e-01
9.620664268732070923e-02
1.841995716094970703e-01
0.000000000000000000e+00
0.000000000000000000e+00
1.483997851610183716e-01
5.418974161148071289e-01
1.223340108990669250e-01
0.000000000000000000e+00
1.253349427133798599e-02
7.406400889158248901e-02
1.239444315433502197e-01
3.830683231353759766e-01
2.289433032274246216e-01
2.030357345938682556e-02
2.811575308442115784e-03
3.387083709239959717e-01
8.381927013397216797e-01
7.944491505622863770e-02
2.035989761352539062e-01
4.426847100257873535e-01
2.931537628173828125e+00
0.000000000000000000e+00
8.900521695613861084e-02
2.290095761418342590e-02
1.303281784057617188e+00
0.000000000000000000e+00
1.300881206989288330e-01
8.173983544111251831e-02
7.838919758796691895e-01
0.000000000000000000e+00
9.430414438247680664e-02
1.664890944957733154e-01
0.000000000000000000e+00
2.118834108114242554e-01
6.429179012775421143e-02
1.523461461067199707e+00
2.901416420936584473e-01
3.651210136013105512e-05
1.312328130006790161e-01
1.361962128430604935e-02
9.930858016014099121e-02
8.941025286912918091e-02
6.429081559181213379e-01
7.880500704050064087e-02
9.444001913070678711e-01
2.152961120009422302e-02
1.346418559551239014e-01
1.759255677461624146e-02
1.980126649141311646e-01
0.000000000000000000e+00
0.000000000000000000e+00
5.010169148445129395e-01
1.174817886203527451e-02
0.000000000000000000e+00
7.268446683883666992e-02
8.196499198675155640e-02
1.023104786872863770e-01
8.433256298303604126e-02
0.000000000000000000e+00
1.108383461833000183e-01
5.746846795082092285e-01
0.000000000000000000e+00
0.000000000000000000e+00
1.305285245180130005e-01
5.020982399582862854e-02
1.176719553768634796e-02
4.324882030487060547e-01
2.611817419528961182e-01
0.000000000000000000e+00
5.835213884711265564e-02
4.478737115859985352e-01
8.835230953991413116e-03
2.991328239440917969e-01
1.143613100051879883e+00
2.810879349708557129e-01
0.000000000000000000e+00
1.328625679016113281e-01
1.938755437731742859e-02
8.058241009712219238e-01
7.477309703826904297e-01
2.336982637643814087e-01
4.139918088912963867e-01
1.439775824546813965e-01
3.774986043572425842e-02
8.430169522762298584e-02
1.286489009857177734e+00
2.566733062267303467e-01
4.202829599380493164e-01
8.751729130744934082e-02
4.364309459924697876e-02
1.862083375453948975e-01
1.067091464996337891e+00
2.451268956065177917e-03
3.570863306522369385e-01
3.361211061477661133e+00
2.837333083152770996e-01
5.463821291923522949e-01
4.312923848628997803e-01
7.255908250808715820e-01
0.000000000000000000e+00
1.758436858654022217e-01
1.934820860624313354e-01
6.299168616533279419e-02
1.767913624644279480e-02
3.249770775437355042e-02
7.573539018630981445e-02
5.910444632172584534e-02
5.246722139418125153e-03
2.416684329509735107e-01
1.679728329181671143e-01
3.277619481086730957e-01
2.407481521368026733e-01
4.700672328472137451e-01
0.000000000000000000e+00
1.193217039108276367e+00
1.228414624929428101e-01
1.545080542564392090e-01
3.702208772301673889e-02
1.297921524383127689e-03
0.000000000000000000e+00
3.018610551953315735e-02
1.120692398399114609e-02
2.101238630712032318e-02
9.383472800254821777e-02
8.102435469627380371e-01
3.556833863258361816e-01
1.404802799224853516e-01
8.231119513511657715e-01
1.602627336978912354e-01
7.825110554695129395e-01
1.109145432710647583e-01
1.424556970596313477e-01
5.462658777832984924e-02
2.565318532288074493e-02
0.000000000000000000e+00
2.446390129625797272e-02
3.649799153208732605e-02
6.231173872947692871e-01
8.124140650033950806e-02
1.271237581968307495e-01
0.000000000000000000e+00
1.178556203842163086e+00
1.522495150566101074e-01
0.000000000000000000e+00
1.674414634704589844e+00
2.821906805038452148e-01
1.242675900459289551e+00
4.268002510070800781e-01
3.111599653493613005e-04
1.852710694074630737e-01
0.000000000000000000e+00
1.361890286207199097e-01
5.354780703783035278e-02
3.140904903411865234e+00
5.856045335531234741e-02
9.558099508285522461e-02
6.606875360012054443e-02
4.137741401791572571e-02
1.532275378704071045e-01
2.251045405864715576e-01
1.569817423820495605e+00
6.060913950204849243e-02
9.914900362491607666e-02
0.000000000000000000e+00
9.251724481582641602e-01
2.864323742687702179e-02
0.000000000000000000e+00
0.000000000000000000e+00
4.523962438106536865e-01
1.232461035251617432e-01
3.131332397460937500e-01
0.000000000000000000e+00
4.770136773586273193e-01
9.606949985027313232e-03
0.000000000000000000e+00
4.632437974214553833e-02
6.287344694137573242e-01
7.944649457931518555e-02
3.817597627639770508e-01
1.831687569618225098e+00
1.682908177375793457e+00
1.746181696653366089e-01
1.175897568464279175e-01
4.737143963575363159e-02
3.910402953624725342e-01
9.105679392814636230e-01
1.391091197729110718e-01
1.596937179565429688e-01
1.932882666587829590e+00
1.906962692737579346e-02
4.959533736109733582e-02
6.317470073699951172e-01
2.097533047199249268e-01
9.183441288769245148e-03
1.468165591359138489e-02
3.757607191801071167e-02
0.000000000000000000e+00
6.319405883550643921e-02
5.919786691665649414e-01
6.217426806688308716e-02
2.123191952705383301e-01
2.063788287341594696e-02
1.101498492062091827e-02
1.391972322016954422e-02
3.279892206192016602e-01
9.105629920959472656e-01
3.031335353851318359e+00
1.617777347564697266e+00
1.346744447946548462e-01
5.983704328536987305e-01
2.011961191892623901e-01
1.055009961128234863e-01
1.250229030847549438e-01
2.830938436090946198e-02
2.709280729293823242e+00
7.999498248100280762e-01
1.488538831472396851e-01
4.841742217540740967e-01
1.234745144844055176e+00
1.958921253681182861e-01
1.031357445754110813e-03
4.190424382686614990e-01
4.693397879600524902e-01
2.227497339248657227e+00
3.696267902851104736e-01
0.000000000000000000e+00
3.352851374074816704e-03
8.361721038818359375e-02
8.164125680923461914e-02
5.661747455596923828e-01
8.810090273618698120e-02
9.242713451385498047e-02
4.511892423033714294e-02
1.007947549223899841e-01
5.769107341766357422e-01
3.209452629089355469e-01
4.187343716621398926e-01
7.271952629089355469e-01
3.971282020211219788e-02
5.583490729331970215e-01
5.881177783012390137e-01
3.461110591888427734e+00
0.000000000000000000e+00
4.244979470968246460e-02
2.509413659572601318e-01
1.329102963209152222e-01
7.241058349609375000e-01
5.216265097260475159e-02
0.000000000000000000e+00
2.947338297963142395e-02
1.332726329565048218e-01
1.754229366779327393e-01
5.928002595901489258e-01
0.000000000000000000e+00
3.599033877253532410e-02
7.018274664878845215e-01
5.938335657119750977e-01
8.785348385572433472e-03
0.000000000000000000e+00
8.256287127733230591e-02
2.112836688756942749e-01
1.388425678014755249e-01
1.314590454101562500e+00
9.400186687707901001e-02
5.706500411033630371e-01
2.670397050678730011e-02
5.501616001129150391e-01
2.155960164964199066e-02
1.786676198244094849e-01
7.923365831375122070e-01
1.725033670663833618e-01
1.561410073190927505e-02
4.737908393144607544e-02
2.593443989753723145e-01
6.479589939117431641e-01
0.000000000000000000e+00
1.181332826614379883e+00
8.672432973980903625e-03
6.931591033935546875e-02
7.429617643356323242e-02
7.947845011949539185e-02
2.075366862118244171e-02
5.133460164070129395e-01
4.942180514335632324e-01
1.424506027251482010e-02
1.139738708734512329e-01
7.741648554801940918e-01
1.124257966876029968e-02
8.646179735660552979e-02
1.248278617858886719e-01
1.865483261644840240e-02
3.894368708133697510e-01
1.387621641159057617e+00
0.000000000000000000e+00
6.110142469406127930e-01
3.228708267211914062e+00
1.425667703151702881e-01
1.163907766342163086e+00
1.845616847276687622e-01
9.671401977539062500e-01
2.123152494430541992e+00
0.000000000000000000e+00
4.638243615627288818e-01
0.000000000000000000e+00
0.000000000000000000e+00
1.550938934087753296e-01
2.996324002742767334e-02
1.303266286849975586e-01
9.573137164115905762e-01
1.953710466623306274e-01
4.252431392669677734e-01
0.000000000000000000e+00
1.420997083187103271e-01
3.371428251266479492e-01
0.000000000000000000e+00
3.473629429936408997e-02
1.026317849755287170e-01
6.699666976928710938e-01
9.884182810783386230e-01
2.440392225980758667e-01
0.000000000000000000e+00
7.526624016463756561e-03
3.101954162120819092e-01
3.739733695983886719e-01
0.000000000000000000e+00
1.188704609870910645e+00
2.256319671869277954e-01
2.500854432582855225e-01
5.916111171245574951e-03
4.753847420215606689e-02
1.241415143013000488e-01
0.000000000000000000e+00
4.428777098655700684e-02
2.399675995111465454e-01
0.000000000000000000e+00
1.350665241479873657e-01
6.118705868721008301e-01
4.630434215068817139e-01
5.529309511184692383e-01
1.460304379463195801e+00
2.583692967891693115e-01
3.380172848701477051e-01
1.538471505045890808e-02
1.271221637725830078e-01
3.947746455669403076e-01
5.496734380722045898e-01
2.616496086120605469e-01
