1.607631593942642212e-01
1.220891550183296204e-01
1.231387108564376831e-01
5.796376466751098633e-01
1.277304627001285553e-02
7.444521784782409668e-01
4.989762306213378906e-01
2.821697294712066650e-01
9.807027578353881836e-01
1.014765262603759766e+00
7.425580024719238281e-01
1.042704820632934570e+00
2.085885256528854370e-01
0.000000000000000000e+00
0.000000000000000000e+00
2.356019169092178345e-01
0.000000000000000000e+00
1.491707324981689453e+00
8.394976258277893066e-01
5.333784222602844238e-01
5.529503226280212402e-01
3.765344619750976562e-02
2.308562397956848145e-01
5.141267776489257812e-01
3.583455383777618408e-01
2.853038311004638672e-01
1.672261767089366913e-02
6.683757305145263672e-01
1.663930900394916534e-02
6.454591639339923859e-03
1.434630751609802246e+00
6.381171941757202148e-01
1.541206836700439453e-01
4.134766757488250732e-01
3.748298063874244690e-02
9.843696355819702148e-01
2.932968735694885254e-02
4.795685112476348877e-01
1.005099043250083923e-01
1.991804093122482300e-01
1.502473354339599609e-01
3.664892911911010742e-01
9.278441667556762695e-01
8.535444140434265137e-01
4.394295439124107361e-02
3.936309814453125000e-01
7.126915454864501953e-02
4.277669265866279602e-02
1.260031908750534058e-01
1.530802994966506958e-01
2.118179202079772949e-01
1.551134884357452393e-01
3.762230873107910156e-01
1.418349593877792358e-01
4.862114787101745605e-01
5.890271663665771484e-01
7.023315131664276123e-02
0.000000000000000000e+00
0.000000000000000000e+00
1.073023751378059387e-01
6.415493786334991455e-02
1.499180048704147339e-01
1.326544284820556641e+00
4.665727913379669189e-02
1.293454885482788086e+00
9.530186057090759277e-01
1.010924577713012695e-01
1.542817115783691406e+00
8.979662060737609863e-01
0.000000000000000000e+00
1.102614477276802063e-01
4.689266085624694824e-01
2.180124819278717041e-01
4.634884297847747803e-01
7.103643417358398438e-01
1.398327201604843140e-01
9.105361104011535645e-01
5.807073712348937988e-01
1.199998140335083008e+00
2.391659021377563477e-01
9.722939133644104004e-01
1.439324617385864258e-01
0.000000000000000000e+00
0.000000000000000000e+00
2.463664561510086060e-01
0.000000000000000000e+00
2.288695722818374634e-01
0.000000000000000000e+00
9.544420242309570312e-01
1.498914510011672974e-01
5.283211171627044678e-02
6.159310787916183472e-02
4.680602252483367920e-02
2.258121520280838013e-01
2.640919685363769531e-01
3.327403962612152100e-01
8.480231463909149170e-02
5.461128950119018555e-01
0.000000000000000000e+00
4.708619117736816406e-01
3.159120976924896240e-01
3.385476171970367432e-01
1.617348790168762207e+00
4.334255695343017578e+00
9.103835821151733398e-01
6.340061128139495850e-02
2.076597958803176880e-01
2.497564256191253662e-02
1.508677601814270020e-01
3.384332954883575439e-01
5.283856764435768127e-03
9.368281364440917969e-01
2.338988780975341797e-01
1.815696060657501221e-02
1.051232814788818359e+00
6.030901148915290833e-02
4.694948494434356689e-01
5.609072446823120117e-01
5.569709539413452148e-01
3.105146169662475586e+00
2.696218788623809814e-01
5.210537910461425781e-01
0.000000000000000000e+00
2.125585794448852539e+00
6.172379016876220703e+00
1.789516955614089966e-02
1.616333574056625366e-01
2.733190357685089111e-01
3.049186803400516510e-02
0.000000000000000000e+00
7.235928177833557129e-01
2.161635756492614746e-01
1.958737820386886597e-01
3.680514544248580933e-02
3.746431320905685425e-02
9.685732722282409668e-01
4.665387421846389771e-02
7.994714975357055664e-01
4.208957672119140625e+00
4.426547884941101074e-01
2.115255892276763916e-01
9.301795363426208496e-01
2.686109244823455811e-01
1.929529905319213867e-01
1.427856981754302979e-01
2.577710449695587158e-01
2.295609235763549805e+00
1.829887926578521729e-01
1.341804265975952148e-01
3.025354146957397461e-01
2.702552378177642822e-01
0.000000000000000000e+00
1.562656164169311523e+00
0.000000000000000000e+00
8.749973773956298828e-02
3.526352941989898682e-01
3.004079759120941162e-01
3.747689425945281982e-01
2.883116602897644043e-01
2.065419405698776245e-02
9.155178666114807129e-01
6.704252958297729492e-02
1.616410464048385620e-01
3.818115293979644775e-01
4.885496497154235840e-01
2.931717872619628906e+00
1.855610869824886322e-02
2.505569159984588623e-01
4.363888204097747803e-01
1.718909479677677155e-02
2.808599770069122314e-01
1.048012915998697281e-02
1.392238736152648926e-01
3.281234577298164368e-02
5.148695036768913269e-02
2.980628609657287598e-01
8.690381422638893127e-03
1.101357340812683105e+00
1.359353810548782349e-01
1.010052323341369629e+00
1.270487904548645020e-01
0.000000000000000000e+00
1.162200093269348145e+00
2.291728258132934570e-01
1.432231813669204712e-01
5.548579096794128418e-01
4.136171042919158936e-01
3.037997186183929443e-01
8.056063205003738403e-02
1.115280464291572571e-01
3.787296712398529053e-01
3.048155307769775391e-01
1.940285228192806244e-02
0.000000000000000000e+00
2.548999898135662079e-02
1.420738995075225830e-01
4.775711536407470703e+00
2.900075316429138184e-01
3.122297525405883789e-01
8.663878440856933594e-01
1.343282222747802734e+00
2.671601772308349609e-01
5.588622018694877625e-02
4.471367225050926208e-02
1.395787149667739868e-01
2.177704125642776489e-02
2.479733943939208984e+00
4.191643893718719482e-01
6.070484872907400131e-03
2.502343058586120605e-01
2.626451477408409119e-02
9.225649237632751465e-01
2.124906331300735474e-02
2.312384992837905884e-01
1.054747104644775391e+00
3.337917029857635498e-01
0.000000000000000000e+00
1.608519315719604492e+00
1.942327618598937988e-02
0.000000000000000000e+00
3.987496346235275269e-02
0.000000000000000000e+00
4.443876445293426514e-03
7.463231217116117477e-03
3.667739406228065491e-02
1.385371327400207520e+00
8.668536692857742310e-02
5.820480734109878540e-02
1.924660503864288330e-01
2.441057115793228149e-01
3.878508880734443665e-02
1.301931142807006836e-01
1.181496143341064453e+00
3.876126604154706001e-03
4.112563729286193848e-01
2.694916129112243652e-01
1.093904078006744385e-01
9.672138690948486328e-01
3.593408688902854919e-02
3.574608638882637024e-02
1.304953098297119141e-01
4.213004112243652344e-01
1.283396631479263306e-01
2.790556192398071289e+00
7.332907617092132568e-02
0.000000000000000000e+00
1.407628357410430908e-01
1.006807565689086914e+00
9.427038580179214478e-02
3.179889917373657227e-01
1.700775027275085449e-01
5.617601275444030762e-01
1.294392198324203491e-01
0.000000000000000000e+00
7.601908445358276367e-01
5.102550983428955078e-01
0.000000000000000000e+00
0.000000000000000000e+00
2.948768436908721924e-01
3.637170195579528809e-01
5.817387104034423828e-01
3.013013303279876709e-01
6.800438165664672852e-01
4.312909394502639771e-02
9.762352705001831055e-02
3.141490817070007324e-01
1.350842565298080444e-01
2.593181654810905457e-02
3.966434299945831299e-01
6.201908588409423828e-01
5.019815564155578613e-01
1.311476677656173706e-01
5.114990472793579102e-02
6.624662317335605621e-03
5.747750028967857361e-02
6.558583378791809082e-01
2.135718107223510742e+00
4.881563484668731689e-01
3.025484383106231689e-01
3.289192318916320801e-01
7.652589678764343262e-01
1.069305062294006348e+00
8.141194581985473633e-01
4.016950130462646484e-01
1.207610517740249634e-01
2.390263229608535767e-01
2.939447760581970215e-01
1.431374624371528625e-02
1.199544787406921387e+00
5.776566863059997559e-01
2.330292016267776489e-02
2.673108577728271484e+00
2.053856849670410156e-02
0.000000000000000000e+00
2.082261070609092712e-02
1.033679246902465820e+00
2.790331244468688965e-01
2.344346195459365845e-01
1.583919644355773926e+00
3.987539112567901611e-01
4.977262318134307861e-01
3.052056133747100830e-01
1.440081119537353516e+00
3.292566299438476562e+00
9.675837159156799316e-01
1.345463544130325317e-01
5.687272921204566956e-02
4.462796151638031006e-01
7.431536316871643066e-01
2.199611514806747437e-01
1.231539964675903320e+00
1.037418693304061890e-01
7.717845439910888672e-01
7.804007083177566528e-02
1.848505020141601562e+00
9.622603654861450195e-01
3.364212065935134888e-02
1.173426210880279541e-01
5.588896870613098145e-01
1.076910972595214844e+00
2.208498120307922363e-02
3.345319926738739014e-01
3.690191730856895447e-02
1.264458298683166504e+00
1.594798684120178223e+00
5.537744760513305664e-01
6.231682300567626953e-01
5.169843435287475586e-01
5.742067098617553711e-01
2.091043472290039062e+00
8.387431502342224121e-03
1.075189828872680664e+00
1.766256541013717651e-01
5.213101208209991455e-02
2.403900176286697388e-01
1.176273599267005920e-01
1.924329251050949097e-02
1.418586373329162598e-01
1.820446699857711792e-01
2.525755167007446289e-01
1.324255317449569702e-01
6.315222382545471191e-02
0.000000000000000000e+00
0.000000000000000000e+00
0.000000000000000000e+00
5.521491169929504395e-02
0.000000000000000000e+00
3.336435854434967041e-01
1.432026773691177368e-01
4.655592739582061768e-01
2.646490931510925293e-01
0.000000000000000000e+00
5.901053547859191895e-02
1.545035839080810547e-01
4.267175868153572083e-02
7.037435472011566162e-02
1.216312423348426819e-01
1.676444262266159058e-01
6.227652728557586670e-02
1.789409399032592773e+00
4.429253935813903809e-01
3.923717439174652100e-01
2.542646229267120361e-01
6.559349298477172852e-01
0.000000000000000000e+00
3.106237947940826416e-01
3.839764595031738281e-01
1.124479323625564575e-01
1.984743773937225342e-02
8.526888489723205566e-02
1.016600802540779114e-02
4.218064844608306885e-01
6.382904052734375000e-01
1.326594352722167969e+00
6.425909399986267090e-01
2.615622282028198242e-01
1.328964233398437500e-01
3.230645135045051575e-02
1.094913840293884277e+00
1.968357115983963013e-01
5.405875205993652344e+00
2.504077672958374023e+00
1.059296250343322754e+00
3.180248439311981201e-01
6.125928834080696106e-02
0.000000000000000000e+00
1.139070749282836914e+00
4.569956660270690918e-01
0.000000000000000000e+00
4.964008629322052002e-01
5.474551916122436523e-01
6.265763044357299805e-01
4.847002625465393066e-01
4.936720132827758789e-01
5.905286073684692383e-01
8.598584532737731934e-01
2.745308279991149902e-01
8.431553840637207031e-01
2.263070344924926758e-01
3.434402942657470703e-01
1.554852247238159180e+00
1.400468498468399048e-01
0.000000000000000000e+00
1.413600206375122070e+00
2.780932374298572540e-02
1.204778440296649933e-02
3.706987574696540833e-02
2.881011664867401123e-01
3.211728930473327637e-01
1.195305585861206055e-01
2.465709447860717773e-01
1.803866475820541382e-01
6.383780837059020996e-01
5.348429679870605469e-01
2.259970188140869141e+00
9.687290340662002563e-02
2.015027403831481934e-01
1.853512376546859741e-01
5.284034609794616699e-01
6.438314914703369141e-02
8.576341904699802399e-03
2.106840372085571289e+00
2.907748222351074219e-01
6.116368342190980911e-03
6.565259397029876709e-02
5.675490945577621460e-02
5.116922259330749512e-01
1.691564023494720459e-01
8.814327418804168701e-02
1.716685295104980469e-02
1.703872323036193848e+00
3.399800658226013184e-01
1.643639087677001953e+00
5.452808141708374023e-01
2.731410413980484009e-02
6.039255261421203613e-01
1.115016713738441467e-01
1.539731919765472412e-01
1.456022113561630249e-01
2.338483035564422607e-01
0.000000000000000000e+00
4.812652468681335449e-01
2.898977398872375488e-01
8.046419918537139893e-02
2.079745195806026459e-02
0.000000000000000000e+00
4.703767970204353333e-02
9.888118365779519081e-04
1.287144050002098083e-02
2.668323218822479248e-01
1.769703507423400879e+00
6.175446510314941406e-01
5.059970021247863770e-01
3.187154233455657959e-02
5.750552415847778320e-01
7.408905029296875000e-01
3.134405314922332764e-01
4.298791408538818359e+00
2.209066301584243774e-01
9.507645368576049805e-01
1.047843322157859802e-02
8.526717424392700195e-01
5.120850205421447754e-01
7.712704539299011230e-01
2.489603757858276367e+00
4.596454799175262451e-01
2.568142116069793701e-02
4.830649197101593018e-01
2.665948867797851562e-02
3.008720278739929199e-01
3.688478171825408936e-01
1.372783899307250977e+00
3.564212799072265625e+00
6.942220330238342285e-01
6.459601968526840210e-02
6.712999939918518066e-01
2.373618334531784058e-01
3.166637942194938660e-02
3.927304446697235107e-01
2.975288033485412598e-01
3.759313002228736877e-02
6.435763835906982422e-01
2.718417346477508545e-01
2.081492543220520020e-02
4.455103397369384766e+00
1.004812359809875488e+00
0.000000000000000000e+00
1.892045438289642334e-01
2.334917336702346802e-02
6.179354712367057800e-02
7.181773781776428223e-01
4.042831659317016602e-01
5.607039202004671097e-03
0.000000000000000000e+00
6.035997867584228516e-01
7.128132134675979614e-02
1.737189054489135742e+00
2.833358645439147949e-01
3.465240895748138428e-01
2.002662897109985352e+00
2.366135641932487488e-02
4.748028144240379333e-02
1.427700072526931763e-01
1.036119580268859863e+00
7.250179350376129150e-02
1.238108053803443909e-01
8.261419534683227539e-01
0.000000000000000000e+00
2.728599309921264648e-01
0.000000000000000000e+00
4.150053262710571289e-01
2.460571050643920898e+00
2.199102640151977539e+00
0.000000000000000000e+00
1.318348884582519531e+00
2.034790255129337311e-02
1.537301182746887207e+00
8.768862485885620117e-01
2.677789330482482910e-01
0.000000000000000000e+00
5.235193371772766113e-01
5.437046289443969727e-01
1.259912610054016113e+00
0.000000000000000000e+00
6.438878178596496582e-02
1.225016236305236816e+00
1.769072413444519043e-01
5.275977402925491333e-02
8.881589025259017944e-02
3.114866614341735840e-01
0.000000000000000000e+00
5.932087823748588562e-02
1.096662044525146484e+00
2.878872305154800415e-02
2.210990786552429199e-01
3.135117590427398682e-01
5.346421599388122559e-01
0.000000000000000000e+00
1.188825350254774094e-02
7.364894390106201172e+00
8.648198246955871582e-01
4.798760171979665756e-03
3.268307540565729141e-03
1.311696767807006836e-01
1.002426892518997192e-01
1.422941088676452637e-01
2.455065399408340454e-01
1.636202074587345123e-02
0.000000000000000000e+00
5.164684727787971497e-02
8.034917712211608887e-02
3.756075501441955566e-01
2.781842648983001709e-02
7.134748250246047974e-02
5.518314894288778305e-03
2.617029249668121338e-01
2.188893556594848633e-01
1.414343714714050293e-01
2.551447749137878418e-01
9.411108493804931641e-02
0.000000000000000000e+00
0.000000000000000000e+00
1.358487904071807861e-01
0.000000000000000000e+00
2.766727469861507416e-02
7.526692152023315430e-01
9.143524169921875000e-01
5.906262993812561035e-01
8.941262960433959961e-02
7.129816412925720215e-01
1.623342335224151611e-01
5.910041332244873047e-01
8.688358664512634277e-01
6.013563647866249084e-02
3.040761649608612061e-01
3.069985508918762207e-01
4.949450492858886719e-01
3.973584771156311035e-01
6.382665038108825684e-01
3.712072968482971191e-01
2.150206565856933594e+00
1.045523285865783691e-01
0.000000000000000000e+00
2.187664806842803955e-01
2.059715092182159424e-01
2.004593610763549805e+00
1.504869014024734497e-01
5.567618012428283691e-01
1.609835863113403320e+00
2.809306085109710693e-01
3.024914860725402832e-01
1.426285147666931152e+00
3.155660629272460938e-02
5.720909312367439270e-02
1.386535763740539551e-01
5.063797831535339355e-01
2.865814447402954102e+00
8.474610745906829834e-02
4.127776026725769043e-01
4.666515439748764038e-02
1.649016976356506348e+00
5.529559403657913208e-02
0.000000000000000000e+00
2.660060882568359375e+00
2.544828951358795166e-01
1.586344689130783081e-01
6.116358041763305664e-01
5.906447768211364746e-01
0.000000000000000000e+00
2.915992215275764465e-02
3.766732513904571533e-01
1.426727473735809326e-01
3.374409079551696777e-01
5.953336358070373535e-01
3.053145408630371094e-01
1.203421115875244141e+00
8.470202088356018066e-01
3.786810934543609619e-01
1.056975722312927246e+00
1.098466664552688599e-02
1.154026508331298828e+00
3.054178059101104736e-01
5.921681597828865051e-02
2.135801792144775391e+00
2.842513918876647949e-01
3.653854131698608398e-01
2.499966509640216827e-02
1.293791178613901138e-02
5.720081180334091187e-02
1.928187720477581024e-02
2.481847763061523438e+00
1.226767301559448242e-01
0.000000000000000000e+00
6.297118961811065674e-02
0.000000000000000000e+00
8.540521860122680664e-01
8.086226582527160645e-01
1.718181930482387543e-02
1.977147459983825684e+00
8.868380449712276459e-03
7.376362681388854980e-01
2.294111967086791992e+00
1.473922729492187500e-01
1.367485802620649338e-02
1.087101221084594727e+00
8.287677168846130371e-01
5.237897038459777832e-01
3.074419200420379639e-01
0.000000000000000000e+00
3.379751443862915039e-01
1.812495477497577667e-02
7.865265756845474243e-02
9.988448023796081543e-02
3.046821057796478271e-01
2.137891799211502075e-01
3.768475532531738281e+00
0.000000000000000000e+00
1.235771536827087402e+00
1.083648800849914551e-01
1.676525354385375977e+00
1.450356960296630859e+00
6.394456326961517334e-02
3.209074735641479492e+00
2.257806211709976196e-01
2.062822692096233368e-02
4.605420529842376709e-01
1.503604352474212646e-01
4.579511880874633789e-01
4.987785816192626953e-01
1.226494312286376953e+00
8.843134045600891113e-01
5.228334665298461914e-02
1.295651197433471680e-01
1.724531173706054688e+00
2.033011764287948608e-01
4.877679166384041309e-04
3.150869846343994141e+00
1.900246292352676392e-01
4.684425517916679382e-02
2.609329856932163239e-02
1.862971544265747070e+00
9.323479980230331421e-02
0.000000000000000000e+00
6.706393361091613770e-01
2.056311368942260742e+00
6.353956460952758789e-01
2.240444421768188477e-01
1.817199230194091797e+00
4.205394536256790161e-03
9.803231805562973022e-02
2.291606664657592773e+00
9.514399617910385132e-02
1.051260530948638916e-01
2.785989316180348396e-03
1.489798724651336670e-01
3.645575791597366333e-02
0.000000000000000000e+00
5.114016681909561157e-02
1.795020580291748047e+00
2.246946990489959717e-01
2.550827860832214355e-01
1.279635727405548096e-01
1.686102867126464844e+00
1.104673556983470917e-02
2.735042572021484375e-01
4.338383972644805908e-01
1.236145421862602234e-01
2.077426165342330933e-01
1.125938817858695984e-01
3.489840775728225708e-02
1.109673455357551575e-01
1.585349917411804199e+00
5.588010698556900024e-02
5.173367261886596680e-02
1.143516659736633301e+00
7.963829040527343750e-01
4.889690577983856201e-01
7.141220569610595703e-02
8.353920280933380127e-02
7.664525508880615234e-01
9.046200662851333618e-02
1.209327280521392822e-01
1.144486442208290100e-01
5.114612579345703125e-01
3.791189491748809814e-01
3.092301823198795319e-02
1.980706006288528442e-01
2.099347412586212158e-01
3.604876399040222168e-01
0.000000000000000000e+00
3.245431482791900635e-01
0.000000000000000000e+00
1.689692288637161255e-01
6.586945056915283203e-01
1.297971140593290329e-02
1.024735197424888611e-01
8.263265490531921387e-01
2.936821877956390381e-01
8.015941977500915527e-01
3.102575801312923431e-02
9.268621355295181274e-02
0.000000000000000000e+00
3.513438105583190918e-01
3.926681280136108398e-01
3.828937113285064697e-01
2.904888056218624115e-02
1.003272533416748047e+00
8.113524913787841797e-01
7.558134198188781738e-01
3.967514038085937500e-01
1.597472280263900757e-01
0.000000000000000000e+00
1.437684148550033569e-01
7.477915287017822266e-01
2.374068349599838257e-01
2.864831686019897461e-01
1.128910034894943237e-01
1.149714708328247070e+00
3.206246852874755859e+00
2.541131734848022461e+00
2.197465673089027405e-02
1.076662018895149231e-01
4.730802029371261597e-02
9.133275747299194336e-01
2.260558456182479858e-01
3.566509485244750977e-01
2.595621906220912933e-02
0.000000000000000000e+00
1.230626646429300308e-02
1.449313402175903320e+00
2.877636253833770752e-01
3.885262608528137207e-01
7.966779470443725586e-01
2.822488784790039062e+00
3.784482479095458984e-01
1.345702171325683594e+00
1.600757360458374023e+00
2.312849760055541992e-01
6.106817163527011871e-03
4.556106030941009521e-02
1.319255381822586060e-01
9.304760694503784180e-01
2.941722571849822998e-01
3.674725070595741272e-02
7.317082285881042480e-01
2.614306472241878510e-02
9.775125980377197266e-02
6.150939464569091797e-01
4.950599372386932373e-02
5.265710830688476562e+00
5.796780809760093689e-02
2.055941820144653320e-01
3.625917807221412659e-02
6.586070060729980469e-01
4.614728037267923355e-03
7.097088694572448730e-01
9.077075868844985962e-02
6.491439882665872574e-03
1.186776626855134964e-02
2.700906097888946533e-01
3.717299178242683411e-02
7.384725809097290039e-01
1.666928529739379883e-01
1.172945871949195862e-01
0.000000000000000000e+00
1.925512254238128662e-01
7.688100934028625488e-01
8.437643945217132568e-02
6.636494304984807968e-03
6.173449754714965820e-01
4.043902736157178879e-03
1.400073289871215820e+00
3.022474646568298340e-01
9.077347815036773682e-02
3.072231411933898926e-01
9.535512328147888184e-02
1.864591538906097412e-01
4.034604132175445557e-02
1.843990385532379150e-01
5.205891132354736328e-01
7.578358799219131470e-02
5.546593666076660156e-01
5.652059316635131836e-01
3.582978621125221252e-02
4.516021348536014557e-03
8.402623236179351807e-02
1.157202795147895813e-01
2.430785894393920898e-01
4.166094660758972168e-01
6.952248215675354004e-01
7.701212307438254356e-04
3.185460865497589111e-01
2.864452600479125977e-01
0.000000000000000000e+00
2.265332043170928955e-01
3.769949376583099365e-01
2.141017839312553406e-02
8.217360973358154297e-01
5.235414020717144012e-03
2.297098636627197266e-01
1.452556550502777100e-01
1.359833329916000366e-01
4.321464151144027710e-02
2.277562394738197327e-02
2.173308134078979492e-01
5.900799855589866638e-02
1.115818098187446594e-01
3.337748646736145020e-01
4.717164039611816406e-01
5.167018249630928040e-02
0.000000000000000000e+00
1.205904364585876465e+00
8.091334104537963867e-01
3.115127682685852051e-01
4.044515788555145264e-01
7.371450215578079224e-02
2.093421109020709991e-02
3.975520133972167969e-01
2.280161343514919281e-02
3.170199319720268250e-02
1.504144817590713501e-01
3.156291246414184570e-01
3.416007161140441895e-01
1.269742250442504883e+00
7.573909163475036621e-01
5.227411910891532898e-02
1.504957824945449829e-01
4.918341524899005890e-03
7.088782787322998047e-01
4.635719656944274902e-01
1.049367070198059082e+00
1.208129972219467163e-01
1.793622225522994995e-01
7.534369826316833496e-02
1.543345004320144653e-01
1.490524768829345703e+00
2.577073574066162109e-01
3.464596867561340332e-01
3.300120234489440918e-01
5.519335716962814331e-02
3.059314377605915070e-02
3.532764315605163574e-02
2.757957279682159424e-01
1.707546263933181763e-01
2.514881454408168793e-02
5.200919508934020996e-01
2.760408632457256317e-02
3.544446229934692383e-01
5.052634328603744507e-02
0.000000000000000000e+00
1.498304128646850586e+00
7.204294949769973755e-02
1.102099776268005371e+00
0.000000000000000000e+00
4.357574507594108582e-02
1.088571473956108093e-01
1.292144775390625000e+00
6.413812041282653809e-01
3.682125806808471680e+00
4.782942309975624084e-02
2.535944879055023193e-01
4.630763530731201172e-01
6.059001386165618896e-02
3.972083926200866699e-01
2.726221382617950439e-01
3.679893910884857178e-01
5.793027877807617188e-01
1.776076912879943848e+00
4.723658319562673569e-03
0.000000000000000000e+00
3.039104118943214417e-02
2.420206665992736816e-01
6.965053826570510864e-02
2.429271042346954346e-01
5.044384002685546875e-01
1.452762284316122532e-03
1.300200633704662323e-02
1.169809256680309772e-03
6.252469867467880249e-02
6.092219948768615723e-01
7.825890183448791504e-02
1.804021894931793213e-01
0.000000000000000000e+00
2.183186531066894531e+00
4.905371367931365967e-01
2.183190882205963135e-01
2.005683332681655884e-01
0.000000000000000000e+00
3.738455101847648621e-02
1.537606678903102875e-02
1.375920027494430542e-01
1.013620346784591675e-01
1.308338949456810951e-03
2.223707735538482666e-02
1.416614413261413574e+00
1.566855192184448242e+00
6.339076161384582520e-01
1.246645972132682800e-01
2.536136191338300705e-03
4.461110532283782959e-01
0.000000000000000000e+00
4.054699242115020752e-01
5.420338511466979980e-01
2.573853433132171631e-01
2.893695533275604248e-01
2.557580769062042236e-01
2.222052663564682007e-01
7.665868848562240601e-02
1.166934892535209656e-02
3.575672861188650131e-03
1.566229574382305145e-02
1.153151512145996094e+00
1.174622401595115662e-02
1.377511024475097656e-01
1.019665673375129700e-01
8.979705572128295898e-01
4.007193446159362793e-01
5.595498085021972656e-01
1.897423148155212402e+00
8.242549002170562744e-02
4.401192963123321533e-01
1.436864398419857025e-02
1.463735699653625488e-01
1.691687107086181641e-01
0.000000000000000000e+00
3.919446766376495361e-01
6.883263587951660156e-02
1.215249747037887573e-01
1.462007284164428711e+00
0.000000000000000000e+00
2.638889551162719727e+00
1.978500008583068848e+00
3.515975475311279297e-01
1.694692820310592651e-01
4.060843214392662048e-02
1.454324275255203247e-01
5.192817449569702148e-01
8.498297631740570068e-02
4.207544624805450439e-01
1.944047026336193085e-02
0.000000000000000000e+00
1.982709646224975586e+00
5.395003780722618103e-02
3.465634286403656006e-01
1.991831511259078979e-01
8.505603075027465820e-01
3.216434642672538757e-02
0.000000000000000000e+00
2.172696404159069061e-02
4.494867920875549316e-01
6.235854625701904297e-01
9.957110881805419922e-02
1.238143801689147949e+00
1.815631091594696045e-01
3.744416236877441406e-01
4.587168805301189423e-03
2.263627499341964722e-01
2.620700001716613770e-01
1.705689132213592529e-01
8.241850137710571289e-01
1.126321554183959961e+00
1.744964420795440674e-01
1.872001886367797852e-01
1.193893700838088989e-02
1.763765960931777954e-01
1.797220945358276367e+00
1.825626194477081299e-01
2.443563938140869141e-01
1.924232766032218933e-02
6.282387673854827881e-02
3.684870600700378418e-01
1.766626536846160889e-02
1.815845444798469543e-02
3.621979951858520508e-01
1.705822825431823730e+00
1.378255784511566162e-01
2.800773382186889648e-01
3.705053031444549561e-02
1.572018384933471680e+00
1.313624531030654907e-01
2.311924844980239868e-01
1.006094455718994141e+00
1.529091000556945801e-01
2.646179497241973877e-01
3.606243133544921875e-01
8.924094438552856445e-01
5.539627745747566223e-03
3.934596776962280273e-01
3.097183942794799805e+00
4.549148678779602051e-02
2.123466432094573975e-01
4.806696251034736633e-02
2.842890620231628418e-01
1.607764065265655518e-01
2.447377443313598633e-01
1.001328453421592712e-01
8.264872431755065918e-01
1.009942442178726196e-01
1.705252937972545624e-02
1.726404279470443726e-01
2.840040028095245361e-01
5.898933112621307373e-02
9.162192791700363159e-02
6.499954462051391602e-01
1.177896708250045776e-01
4.751500487327575684e-01
3.582770824432373047e-01
1.818934530019760132e-01
8.641187846660614014e-02
1.502662539482116699e+00
1.801048591732978821e-02
4.337705075740814209e-01
4.747994244098663330e-02
6.871039867401123047e-01
4.277494922280311584e-02
1.828415989875793457e-01
4.923682212829589844e+00
7.127891182899475098e-01
1.814619004726409912e-01
1.284989416599273682e-01
8.519846200942993164e-02
5.045414566993713379e-01
2.079403586685657501e-02
9.450854063034057617e-01
3.864642679691314697e-01
1.043453812599182129e-01
8.366666734218597412e-02
2.156680524349212646e-01
0.000000000000000000e+00
8.026409745216369629e-01
1.596286147832870483e-02
4.910781383514404297e-01
6.939860582351684570e-01
9.077346324920654297e-01
2.377076894044876099e-01
5.511289834976196289e-01
7.454860210418701172e-02
7.122229933738708496e-01
1.281319499015808105e+00
1.387312412261962891e+00
1.166594862937927246e+00
0.000000000000000000e+00
4.060584760736674070e-04
4.511283244937658310e-03
2.471533603966236115e-02
0.000000000000000000e+00
2.445325404405593872e-01
5.802394151687622070e-01
1.086718589067459106e-01
1.525848060846328735e-01
1.381840467453002930e+00
3.760170340538024902e-01
5.863351821899414062e-01
1.618316024541854858e-01
1.819007657468318939e-02
2.066214755177497864e-02
7.498276233673095703e-02
1.577209867537021637e-02
1.799770146608352661e-01
2.245778441429138184e-01
9.309784770011901855e-01
8.074674755334854126e-02
1.101117059588432312e-01
1.013384535908699036e-01
1.340868324041366577e-02
2.326334476470947266e+00
7.931078970432281494e-02
1.959440588951110840e+00
5.756813883781433105e-01
0.000000000000000000e+00
2.363016903400421143e-01
2.319056093692779541e-01
4.465172290802001953e-01
8.561788499355316162e-02
1.336808130145072937e-02
1.775382310152053833e-01
7.051171269267797470e-03
2.890317440032958984e-01
2.826751768589019775e-01
8.393581211566925049e-02
0.000000000000000000e+00
0.000000000000000000e+00
2.112343549728393555e+00
2.395833134651184082e-01
1.239324450492858887e+00
3.873208463191986084e-01
1.451135754585266113e+00
1.762758016586303711e+00
4.277241230010986328e-01
5.694068074226379395e-01
1.184520602226257324e+00
7.312579751014709473e-01
1.082820594310760498e-01
1.266434788703918457e-01
9.290428161621093750e-01
0.000000000000000000e+00
3.227820396423339844e-01
1.511211246252059937e-01
4.832908883690834045e-02
2.019482254981994629e-01
2.068658173084259033e-01
2.663792610168457031e+00
9.399172663688659668e-02
2.958628237247467041e-01
0.000000000000000000e+00
0.000000000000000000e+00
1.805789768695831299e-02
0.000000000000000000e+00
1.392271518707275391e-01
2.234472483396530151e-01
1.846253871917724609e+00
1.489808082580566406e+00
1.099193811416625977e+00
3.382686376571655273e-01
0.000000000000000000e+00
2.849203720688819885e-02
6.335445679724216461e-03
2.089530825614929199e-01
1.760492175817489624e-01
3.970543742179870605e-01
8.183514326810836792e-02
2.276581674814224243e-01
1.762022495269775391e+00
7.213201373815536499e-02
5.568592250347137451e-02
1.078327059745788574e+00
9.761677980422973633e-01
1.255043029785156250e+00
6.460818648338317871e-01
1.531927734613418579e-01
0.000000000000000000e+00
7.739728782325983047e-03
8.822272717952728271e-02
4.713782072067260742e-01
1.919948309659957886e-02
0.000000000000000000e+00
2.152083814144134521e-02
3.175965547561645508e-01
3.722602725028991699e-01
4.739976301789283752e-02
6.291238963603973389e-02
3.487762451171875000e+00
7.030354738235473633e-01
5.979070067405700684e-02
1.164990305900573730e+00
2.787154018878936768e-01
7.422377355396747589e-03
8.461120724678039551e-01
0.000000000000000000e+00
4.936037585139274597e-02
1.378898695111274719e-02
1.550615131855010986e-01
1.908358335494995117e+00
1.115555644035339355e+00
7.782257199287414551e-01
2.777105867862701416e-01
8.606706559658050537e-02
3.947321474552154541e-01
1.641594767570495605e+00
4.438697069417685270e-04
9.322620928287506104e-02
4.185338318347930908e-02
8.470157533884048462e-02
7.291463762521743774e-02
1.480086445808410645e-01
1.523294895887374878e-01
1.610524803400039673e-01
3.891584575176239014e-01
2.379600144922733307e-02
4.426490887999534607e-02
1.064761076122522354e-02
8.421677350997924805e-02
0.000000000000000000e+00
1.003165319561958313e-01
6.193894743919372559e-01
1.596747636795043945e-01
6.704851984977722168e-01
1.096605509519577026e-02
1.882170796394348145e+00
4.965057373046875000e-01
2.540971338748931885e-01
4.966373145580291748e-01
4.380880892276763916e-01
1.535749882459640503e-01
2.308174371719360352e-01
1.875167936086654663e-01
1.007214486598968506e-01
2.275270521640777588e-01
2.451119199395179749e-02
1.754842102527618408e-01
2.966902218759059906e-02
4.501064866781234741e-02
1.578749418258666992e-01
1.279765833169221878e-02
1.229585409164428711e+00
2.516862750053405762e-02
4.694839715957641602e-01
2.145898342132568359e-01
3.802148997783660889e-01
1.467111587524414062e+00
3.018764592707157135e-02
1.555182576179504395e+00
6.076020747423171997e-02
5.061838403344154358e-02
8.008201420307159424e-02
0.000000000000000000e+00
1.142208099365234375e+00
6.565636489540338516e-03
9.097079932689666748e-02
2.814983725547790527e-01
4.308002293109893799e-01
1.340375989675521851e-01
1.157249093055725098e+00
7.027884721755981445e-01
1.520025491714477539e+00
0.000000000000000000e+00
9.032660722732543945e-02
8.106275647878646851e-02
0.000000000000000000e+00
1.995628476142883301e+00
0.000000000000000000e+00
1.274708844721317291e-02
3.450339138507843018e-01
1.985702961683273315e-01
9.024010300636291504e-01
7.628392428159713745e-03
1.041984558105468750e-01
9.630361199378967285e-02
0.000000000000000000e+00
1.997853815555572510e-02
1.130034029483795166e-01
3.617147207260131836e-01
0.000000000000000000e+00
1.294314265251159668e-01
2.866105794906616211e+00
2.152734100818634033e-01
0.000000000000000000e+00
3.492878377437591553e-01
2.212074279785156250e+00
1.388134062290191650e-01
3.761588633060455322e-01
3.073616325855255127e-01
6.647626757621765137e-01
2.006428241729736328e+00
5.253645181655883789e-01
2.936078421771526337e-02
1.628495194017887115e-02
6.984953880310058594e-01
3.271786496043205261e-03
9.526857733726501465e-02
0.000000000000000000e+00
2.592466473579406738e-01
1.667825505137443542e-02
1.049304842948913574e+00
1.267385721206665039e+00
2.831657230854034424e-01
0.000000000000000000e+00
2.007927000522613525e-01
7.861334085464477539e-01
3.439482152462005615e-01
5.715826526284217834e-02
2.994754076004028320e+00
2.374863773584365845e-01
1.020656585693359375e+00
2.485746145248413086e-01
1.406377702951431274e-01
3.219186067581176758e+00
0.000000000000000000e+00
1.132684722542762756e-01
4.771741479635238647e-02
1.257908046245574951e-01
6.005582958459854126e-02
5.591102838516235352e-01
5.195195674896240234e-01
3.944664821028709412e-02
1.331146992743015289e-02
4.731988310813903809e-01
7.424727678298950195e-01
1.353669911623001099e-01
3.512231409549713135e-01
1.701133847236633301e-01
0.000000000000000000e+00
9.815184772014617920e-02
0.000000000000000000e+00
1.191685914993286133e+00
1.683765649795532227e-01
0.000000000000000000e+00
8.792413026094436646e-02
5.736108869314193726e-02
2.195589616894721985e-02
1.257526502013206482e-02
3.575275242328643799e-01
2.791325151920318604e-01
4.894592240452766418e-02
0.000000000000000000e+00
1.597219705581665039e+00
1.091350615024566650e-01
5.528753250837326050e-02
5.186333060264587402e-01
0.000000000000000000e+00
0.000000000000000000e+00
4.729022458195686340e-02
9.108632802963256836e-01
2.167474329471588135e-01
4.515057802200317383e-01
5.043427944183349609e-01
2.272676527500152588e-01
1.148370385169982910e+00
5.113622173666954041e-03
3.811207115650177002e-01
9.502365440130233765e-02
1.610274426639080048e-02
8.992130756378173828e-01
8.679457753896713257e-02
7.572204619646072388e-02
4.214122593402862549e-01
1.888749361038208008e+00
5.911312699317932129e-01
1.683541893959045410e+00
1.609082818031311035e-01
3.219591677188873291e-01
9.437730908393859863e-01
1.680499613285064697e-01
3.282114267349243164e-01
5.025565028190612793e-01
4.969781730324029922e-03
7.311622053384780884e-02
1.278000235557556152e+00
2.248374819755554199e-01
1.017783284187316895e-01
2.263531237840652466e-01
7.355077564716339111e-02
2.561507523059844971e-01
3.391833305358886719e-01
3.893492743372917175e-02
3.803004324436187744e-01
4.903274774551391602e-01
4.822686314582824707e-01
1.984594166278839111e-01
5.235310196876525879e-01
4.491090476512908936e-01
2.922665178775787354e-01
7.554507255554199219e-01
2.143016308546066284e-01
1.808846928179264069e-02
1.050136089324951172e+00
6.519669294357299805e-02
3.914486765861511230e-01
9.690312296152114868e-02
3.603647947311401367e-01
1.443267613649368286e-01
0.000000000000000000e+00
1.389010846614837646e-01
1.894585788249969482e-01
6.035933643579483032e-02
6.338287144899368286e-02
2.323414385318756104e-01
0.000000000000000000e+00
6.340332627296447754e-01
1.372788101434707642e-01
1.184494256973266602e+00
1.402923315763473511e-01
2.849975824356079102e+00
7.707910239696502686e-02
2.429454803466796875e+00
3.631714880466461182e-01
0.000000000000000000e+00
3.564548864960670471e-02
1.334603428840637207e-01
3.594662845134735107e-01
4.459130577743053436e-03
6.713465601205825806e-02
1.936555206775665283e-01
0.000000000000000000e+00
2.360452562570571899e-01
1.514456700533628464e-02
8.238236606121063232e-02
2.513628304004669189e-01
5.675782561302185059e-01
8.537383675575256348e-01
1.453336119651794434e+00
6.266036033630371094e-01
0.000000000000000000e+00
5.156180635094642639e-02
5.558258891105651855e-01
8.515182137489318848e-02
3.677122294902801514e-02
2.383758127689361572e-01
4.978148639202117920e-02
3.236691355705261230e-01
4.554644525051116943e-01
2.654296457767486572e-01
8.403117656707763672e-01
5.579708889126777649e-02
5.168899148702621460e-02
2.133955717086791992e+00
1.515765935182571411e-01
5.502976775169372559e-01
3.819119334220886230e-01
5.039593577384948730e-01
2.101579448208212852e-03
1.053127348423004150e-01
6.297931075096130371e-01
6.135518550872802734e-01
4.668495431542396545e-02
0.000000000000000000e+00
8.893775343894958496e-01
0.000000000000000000e+00
1.669569164514541626e-01
2.335031330585479736e-02
8.449940942227840424e-03
1.209690123796463013e-01
9.679870009422302246e-01
3.205197453498840332e-01
3.979977130889892578e+00
1.537883996963500977e+00
0.000000000000000000e+00
4.423880279064178467e-01
6.029338389635086060e-02
1.028054505586624146e-01
4.447538405656814575e-02
5.781285464763641357e-02
4.191475808620452881e-01
1.379929017275571823e-02
2.111392319202423096e-01
1.067328929901123047e+00
1.645624451339244843e-02
7.564440369606018066e-01
1.280517131090164185e-02
3.811138570308685303e-01
0.000000000000000000e+00
3.334071934223175049e-01
0.000000000000000000e+00
1.349292248487472534e-01
8.174102306365966797e-01
2.051867961883544922e+00
3.815585076808929443e-01
2.522360682487487793e-01
1.081815063953399658e-01
3.316431120038032532e-02
1.837902814149856567e-01
2.983964085578918457e-01
3.451752066612243652e-01
1.979205459356307983e-01
8.350659627467393875e-04
4.903480038046836853e-02
4.735758304595947266e-01
2.854225337505340576e-01
3.851631283760070801e-02
3.113539218902587891e-01
4.881995916366577148e-02
2.741184458136558533e-02
1.044451594352722168e-01
6.724773049354553223e-01
1.245895862579345703e+00
1.084892272949218750e+00
2.307465970516204834e-01
1.335958112031221390e-02
7.212299704551696777e-01
2.230690240859985352e+00
0.000000000000000000e+00
9.580230712890625000e-01
1.014576792716979980e+00
8.606798648834228516e-01
3.100493922829627991e-02
7.186299562454223633e-02
7.142282277345657349e-02
6.090032458305358887e-01
2.359497360885143280e-02
1.129463836550712585e-01
4.197299852967262268e-02
1.702328920364379883e-01
1.965053796768188477e+00
8.938871906138956547e-04
1.278765320777893066e+00
2.084583789110183716e-01
1.293305158615112305e+00
1.175290703773498535e+00
5.110304802656173706e-02
3.970248997211456299e-01
3.201203346252441406e-01
6.222129240632057190e-02
2.034218013286590576e-01
1.080699712038040161e-01
3.469453454017639160e-01
1.772786021232604980e+00
3.840604424476623535e-01
0.000000000000000000e+00
2.788611352443695068e-01
1.416355729103088379e+00
6.657924503087997437e-02
2.773236669600009918e-02
2.399418652057647705e-01
4.355913698673248291e-01
1.788159273564815521e-02
2.714178562164306641e-01
2.595034837722778320e-01
7.999517768621444702e-02
4.271000325679779053e-01
3.807032480835914612e-03
3.499031066894531250e-01
2.808823948726058006e-03
0.000000000000000000e+00
5.130281206220388412e-03
9.239510446786880493e-02
1.983222924172878265e-02
3.386297523975372314e-01
1.242974698543548584e-01
0.000000000000000000e+00
1.945945434272289276e-02
5.639507770538330078e-01
1.762386597692966461e-02
5.105036124587059021e-02
1.286739408969879150e-01
5.997779369354248047e-01
1.533898524940013885e-02
1.015707328915596008e-01
3.453963398933410645e-01
5.196381360292434692e-03
0.000000000000000000e+00
1.551348328590393066e+00
0.000000000000000000e+00
3.127897381782531738e-01
4.567141458392143250e-02
2.411007583141326904e-01
2.312453091144561768e-01
1.273579057306051254e-02
1.131472349166870117e+00
2.702570259571075439e-01
4.167721867561340332e-01
1.318075805902481079e-01
8.190875053405761719e-01
1.751553267240524292e-01
9.099143147468566895e-01
1.303897619247436523e+00
1.120772678405046463e-02
5.149229168891906738e-01
5.047135427594184875e-02
5.489496141672134399e-02
6.738813519477844238e-01
8.313424885272979736e-02
7.663692533969879150e-02
2.030918747186660767e-01
4.526561498641967773e-01
4.744645580649375916e-02
1.923852264881134033e-01
4.808362722396850586e-01
2.799945473670959473e-01
2.589490413665771484e-01
1.266533136367797852e-01
2.512327581644058228e-02
5.386155471205711365e-02
6.539796292781829834e-02
2.609128057956695557e-01
1.225954890251159668e+00
5.377006530761718750e-02
0.000000000000000000e+00
9.628021121025085449e-01
3.382673561573028564e-01
0.000000000000000000e+00
5.478518828749656677e-02
1.176180541515350342e-01
1.124267101287841797e+00
0.000000000000000000e+00
0.000000000000000000e+00
1.362005323171615601e-01
1.683081835508346558e-01
3.898467402905225754e-03
5.242664813995361328e-01
7.394564896821975708e-02
5.181144475936889648e-01
1.281129270792007446e-01
1.119589507579803467e-01
1.652266085147857666e-01
5.703319907188415527e-01
1.357704997062683105e+00
2.414026111364364624e-01
0.000000000000000000e+00
3.046520426869392395e-02
2.321774363517761230e-01
1.967844180762767792e-02
3.922830149531364441e-02
1.211140304803848267e-01
1.035928949713706970e-01
5.332798957824707031e-01
0.000000000000000000e+00
2.188364788889884949e-02
6.005904451012611389e-02
3.500792980194091797e-01
5.881708115339279175e-02
7.329973578453063965e-01
0.000000000000000000e+00
4.889867827296257019e-02
3.954118583351373672e-03
2.858090996742248535e-01
5.837611109018325806e-02
0.000000000000000000e+00
3.228479146957397461e+00
1.556574832648038864e-02
9.306249022483825684e-02
1.282320823520421982e-02
0.000000000000000000e+00
7.377637028694152832e-01
1.108236685395240784e-01
7.596068829298019409e-02
1.039903163909912109e+00
1.772422790527343750e+00
1.802453279495239258e+00
1.887584291398525238e-02
1.754166126251220703e+00
0.000000000000000000e+00
0.000000000000000000e+00
9.328934364020824432e-03
9.862747192382812500e-01
3.110079169273376465e-01
1.162305548787117004e-01
4.430201649665832520e-01
8.078151196241378784e-02
3.734418153762817383e-01
4.977155327796936035e-01
2.145410887897014618e-02
5.501671228557825089e-03
1.239961534738540649e-01
6.619451045989990234e-01
7.968758791685104370e-02
9.361854195594787598e-01
5.966607928276062012e-01
5.568620190024375916e-02
2.190355509519577026e-01
0.000000000000000000e+00
4.070943221449851990e-02
7.119548507034778595e-03
6.157092452049255371e-01
5.452824831008911133e-01
0.000000000000000000e+00
8.494975976645946503e-03
2.175708711147308350e-01
1.491622030735015869e-01
4.598708450794219971e-02
3.241230845451354980e-01
3.004092276096343994e-01
3.153533935546875000e-01
3.123057186603546143e-01
1.450863927602767944e-01
6.489787101745605469e-01
2.344741374254226685e-01
4.255440831184387207e-02
3.834317922592163086e-01
2.327163696289062500e+00
6.811694502830505371e-01
1.295782625675201416e-02
3.461465006694197655e-03
4.801366329193115234e-01
7.416398823261260986e-02
1.625308871269226074e+00
2.392933368682861328e+00
1.224177628755569458e-01
0.000000000000000000e+00
9.500846266746520996e-01
2.721097692847251892e-02
1.177294731140136719e+00
2.516256272792816162e-01
5.796176567673683167e-02
0.000000000000000000e+00
0.000000000000000000e+00
1.057435572147369385e-01
1.698938161134719849e-01
2.014022022485733032e-01
8.756800740957260132e-02
4.243381321430206299e-02
2.001035027205944061e-02
9.608307480812072754e-02
1.226687550544738770e+00
6.555628031492233276e-03
1.793761402368545532e-01
2.335098385810852051e-01
1.048682481050491333e-01
8.778521418571472168e-01
1.068616211414337158e-01
5.006627738475799561e-02
8.754446357488632202e-02
2.422696113586425781e+00
0.000000000000000000e+00
2.835992872714996338e-01
6.716503947973251343e-02
1.147008180618286133e+00
4.401293396949768066e-01
0.000000000000000000e+00
0.000000000000000000e+00
3.379545509815216064e-01
5.118475556373596191e-01
9.997983463108539581e-03
2.677734196186065674e-01
1.213633060455322266e+00
3.235788047313690186e-01
2.684753239154815674e-01
4.024184703826904297e+00
5.261296629905700684e-01
4.437816441059112549e-01
1.566738337278366089e-01
2.023416198790073395e-02
5.856830477714538574e-01
3.584532141685485840e-01
3.707205131649971008e-02
3.089688420295715332e-01
9.842767566442489624e-02
6.205207109451293945e-02
4.750598073005676270e-01
2.361337244510650635e-01
4.076803028583526611e-01
0.000000000000000000e+00
1.504469871520996094e+00
2.915372550487518311e-01
2.115731537342071533e-01
2.104276865720748901e-01
0.000000000000000000e+00
5.241388082504272461e-01
8.038947582244873047e-01
2.821524739265441895e-01
1.969195753335952759e-01
3.522716090083122253e-02
3.294905126094818115e-01
1.315169453620910645e+00
4.696506261825561523e-01
0.000000000000000000e+00
3.273062407970428467e-01
3.734552115201950073e-02
1.171423673629760742e+00
4.039874672889709473e-01
0.000000000000000000e+00
2.219625264406204224e-01
5.335284471511840820e-01
6.255351305007934570e-01
2.396655976772308350e-01
1.733692765235900879e+00
1.052159164100885391e-02
8.275783061981201172e-01
6.346805691719055176e-01
6.339737772941589355e-01
2.532230019569396973e-01
4.571319818496704102e-01
5.294626951217651367e-01
2.850282192230224609e-01
5.835136771202087402e-01
1.860106885433197021e-01
1.061204373836517334e-01
2.018103361129760742e+00
6.233512163162231445e-01
1.969326138496398926e-01
7.773399353027343750e-01
8.975760638713836670e-02
4.495791196823120117e-01
2.992155551910400391e-01
0.000000000000000000e+00
1.156648874282836914e+00
3.676292657852172852e+00
2.402101010084152222e-01
5.448875203728675842e-02
2.284154176712036133e+00
2.784156799316406250e-01
0.000000000000000000e+00
5.819504261016845703e-01
4.225172698497772217e-01
3.020299971103668213e-01
7.971608079969882965e-03
1.973613165318965912e-03
5.073881745338439941e-01
2.271741777658462524e-01
2.363411709666252136e-03
1.054594293236732483e-01
8.960650563240051270e-01
1.833205819129943848e+00
2.470704959705471992e-03
2.292926311492919922e+00
1.981638185679912567e-02
9.856452345848083496e-01
2.840868011116981506e-02
1.952652633190155029e-02
4.478502571582794189e-01
0.000000000000000000e+00
5.132553577423095703e-01
5.430188402533531189e-02
2.301610261201858521e-02
4.380257427692413330e-02
2.173591852188110352e-01
2.011770457029342651e-01
4.924126863479614258e-01
0.000000000000000000e+00
2.720748782157897949e-01
4.342037439346313477e-01
1.368059158325195312e+00
2.589086294174194336e-01
4.773066937923431396e-02
1.901009827852249146e-01
1.088129281997680664e-01
1.421432644128799438e-01
9.751180410385131836e-01
2.124607712030410767e-01
9.003272652626037598e-01
4.663960933685302734e-01
1.177255392074584961e+00
4.633067175745964050e-02
2.182441234588623047e+00
4.121544361114501953e-01
2.574333362281322479e-02
4.272025823593139648e-01
1.339113414287567139e-01
0.000000000000000000e+00
1.771673858165740967e-01
4.232053160667419434e-01
2.915102429687976837e-02
0.000000000000000000e+00
1.728233098983764648e-01
3.483250364661216736e-02
1.197962760925292969e+00
1.570745557546615601e-01
6.922867149114608765e-02
2.084857784211635590e-02
5.565411224961280823e-02
2.063271403312683105e-01
1.017915755510330200e-01
5.460389852523803711e-01
4.239799678325653076e-01
8.929523825645446777e-02
0.000000000000000000e+00
1.362727522850036621e+00
4.741461575031280518e-02
0.000000000000000000e+00
1.438287496566772461e+00
9.779591113328933716e-02
1.923563778400421143e-01
6.876502186059951782e-02
1.635129451751708984e-01
5.948789417743682861e-03
0.000000000000000000e+00
2.233817428350448608e-01
5.253766197711229324e-03
8.357017636299133301e-01
1.024457365274429321e-01
1.049236178398132324e+00
2.576752901077270508e+00
1.672407686710357666e-01
6.003577262163162231e-02
1.337200999259948730e-01
0.000000000000000000e+00
6.014797091484069824e-01
8.986936807632446289e-01
1.566396206617355347e-01
4.042100012302398682e-01
2.575952529907226562e+00
2.428840659558773041e-02
5.225820541381835938e-01
4.058892428874969482e-01
1.243827700614929199e+00
3.328422829508781433e-02
0.000000000000000000e+00
8.818162977695465088e-02
0.000000000000000000e+00
4.540405794978141785e-02
4.165104776620864868e-02
7.708707824349403381e-03
3.946573287248611450e-02
1.882738769054412842e-01
8.797589689493179321e-03
1.230414025485515594e-02
1.511439494788646698e-02
1.022080063819885254e+00
2.487636327743530273e+00
3.594783842563629150e-01
1.142048910260200500e-01
3.545580804347991943e-01
7.424556016921997070e-01
1.701946496963500977e+00
2.053882479667663574e-01
2.876894176006317139e-01
2.729866743087768555e+00
1.180529370903968811e-01
3.589209914207458496e-02
3.223058581352233887e-01
9.570074081420898438e-01
0.000000000000000000e+00
4.400448203086853027e-01
9.042394161224365234e-01
1.359041035175323486e-01
8.387382626533508301e-01
7.296221852302551270e-01
0.000000000000000000e+00
0.000000000000000000e+00
3.758715391159057617e-01
1.265976071357727051e+00
4.724793136119842529e-03
9.673576056957244873e-02
3.945280238986015320e-02
4.740976914763450623e-02
2.914604917168617249e-02
2.933399379253387451e-01
2.751535892486572266e+00
4.614327847957611084e-01
3.068942427635192871e-01
1.656257808208465576e-01
1.635489463806152344e+00
7.344361394643783569e-02
3.124992609024047852e+00
0.000000000000000000e+00
2.513740658760070801e-01
5.283401608467102051e-01
3.080089204013347626e-02
6.435949206352233887e-01
8.211727440357208252e-02
5.580234527587890625e-02
2.694080770015716553e-01
1.216882467269897461e+00
3.828093409538269043e-01
5.774652361869812012e-01
3.941019475460052490e-01
1.553385257720947266e-01
2.352599948644638062e-01
1.070127725601196289e+00
1.024584844708442688e-01
9.526948444545269012e-03
8.582308143377304077e-02
2.574762701988220215e-02
6.722689270973205566e-01
4.753006994724273682e-01
1.707792729139328003e-01
4.876808226108551025e-01
2.889699339866638184e-01
1.097486838698387146e-01
2.084599584341049194e-01
3.978026211261749268e-01
9.422184824943542480e-01
4.651227593421936035e-01
5.430047512054443359e-01
0.000000000000000000e+00
6.829000264406204224e-02
8.436526060104370117e-01
2.115898579359054565e-01
2.163845896720886230e-01
1.221826225519180298e-01
2.643696218729019165e-02
1.067742347717285156e+00
6.951315701007843018e-02
7.063249498605728149e-02
3.918412923812866211e-01
6.839874386787414551e-01
2.288433723151683807e-02
1.314660459756851196e-01
1.211306333541870117e+00
1.142492666840553284e-01
4.836929440498352051e-01
2.475856244564056396e-01
0.000000000000000000e+00
1.510240674018859863e+00
4.748053550720214844e+00
0.000000000000000000e+00
3.705220520496368408e-01
1.275471568107604980e+00
1.988888531923294067e-01
2.163581609725952148e+00
4.556945338845252991e-02
5.903777480125427246e-01
4.905219972133636475e-01
0.000000000000000000e+00
2.290122359991073608e-01
5.916272476315498352e-02
2.200624048709869385e-01
2.048127651214599609e-01
2.489793747663497925e-01
5.052055716514587402e-01
1.051752805709838867e+00
5.893943831324577332e-02
7.189646959304809570e-01
4.376015439629554749e-02
8.193726092576980591e-02
3.702544793486595154e-02
8.583844453096389771e-02
5.874081514775753021e-03
1.031676381826400757e-01
2.969985604286193848e-01
7.757761478424072266e-01
7.725783437490463257e-02
2.238271683454513550e-01
0.000000000000000000e+00
1.258112341165542603e-01
1.359418630599975586e+00
8.295987844467163086e-01
1.330042839050292969e+00
2.024218797683715820e+00
5.023137331008911133e-01
1.132151633501052856e-01
1.832229048013687134e-01
0.000000000000000000e+00
8.627630770206451416e-03
2.051970809698104858e-01
3.890408575534820557e-01
0.000000000000000000e+00
2.165132611989974976e-01
6.264494657516479492e-01
4.131661653518676758e-01
1.445899844169616699e+00
4.319532811641693115e-01
1.351653188467025757e-01
1.399851776659488678e-02
3.610001504421234131e-01
6.164332851767539978e-03
0.000000000000000000e+00
2.126765064895153046e-02
6.541241407394409180e-01
