2.199686616659164429e-01
5.384129285812377930e-01
7.886911928653717041e-02
1.596678495407104492e+00
1.174645721912384033e-01
1.197116494178771973e+00
3.336288928985595703e-01
0.000000000000000000e+00
4.550000131130218506e-01
1.485774278640747070e+00
4.367770254611968994e-01
6.443497538566589355e-01
1.841550171375274658e-01
0.000000000000000000e+00
2.022879756987094879e-02
9.790024161338806152e-02
0.000000000000000000e+00
2.293600320816040039e+00
3.056540489196777344e-01
2.355484962463378906e+00
1.117676973342895508e+00
9.107875823974609375e-02
1.211220026016235352e-01
3.754094541072845459e-01
1.893944665789604187e-02
2.689170837402343750e-01
1.088494658470153809e-01
4.230513423681259155e-02
8.187220096588134766e-01
2.833712399005889893e-01
8.336440324783325195e-01
7.117428779602050781e-01
4.934546947479248047e-01
1.973798871040344238e-01
0.000000000000000000e+00
4.778157174587249756e-01
1.209596395492553711e-01
5.455879569053649902e-01
3.006754517555236816e-01
0.000000000000000000e+00
5.250949412584304810e-02
3.012192845344543457e-01
4.382025450468063354e-02
2.366054356098175049e-01
7.625140249729156494e-02
1.108906149864196777e+00
2.661564648151397705e-01
0.000000000000000000e+00
0.000000000000000000e+00
2.435148656368255615e-01
2.221860885620117188e-01
9.271603822708129883e-02
1.170130074024200439e-01
9.869781136512756348e-01
4.345122873783111572e-01
0.000000000000000000e+00
4.311548471450805664e-01
2.102828472852706909e-01
4.753303900361061096e-02
4.078867733478546143e-01
1.018771529197692871e-01
2.747337147593498230e-02
5.760619044303894043e-01
1.747977435588836670e-01
4.574368000030517578e-01
8.149763345718383789e-01
2.570893466472625732e-01
1.469229161739349365e-01
3.648985922336578369e-01
0.000000000000000000e+00
1.550515294075012207e-01
4.256497621536254883e-01
1.434507369995117188e-01
7.023859024047851562e-02
1.875607967376708984e-01
1.906243711709976196e-01
1.015296816825866699e+00
6.222410202026367188e-01
5.279713273048400879e-01
6.712125241756439209e-02
1.033165335655212402e+00
3.294038474559783936e-01
1.157099157571792603e-01
2.179819792509078979e-01
2.403915226459503174e-01
6.126850843429565430e-01
1.688499818556010723e-03
4.568035900592803955e-02
4.831749796867370605e-01
1.442295163869857788e-01
0.000000000000000000e+00
2.193535305559635162e-02
2.050815522670745850e-02
4.941671714186668396e-02
0.000000000000000000e+00
3.456918895244598389e-01
3.938713073730468750e-01
2.588123381137847900e-01
3.561517596244812012e-02
5.139829516410827637e-01
1.561786420643329620e-02
3.664387762546539307e-01
1.173913598060607910e+00
2.733759880065917969e+00
2.303415060043334961e+00
6.354729831218719482e-02
2.440049350261688232e-01
5.487233772873878479e-02
4.543407857418060303e-01
2.933001518249511719e-01
3.302464485168457031e-01
7.211503982543945312e-01
1.288791149854660034e-01
4.091561734676361084e-01
5.482131242752075195e-02
8.419800549745559692e-03
1.159555315971374512e+00
5.772326514124870300e-02
8.458528518676757812e-01
1.946849703788757324e+00
2.895014286041259766e-01
3.037685751914978027e-01
2.798595279455184937e-02
7.167985290288925171e-02
6.933668613433837891e+00
0.000000000000000000e+00
0.000000000000000000e+00
2.143584489822387695e-01
3.740321993827819824e-01
1.451376266777515411e-02
6.431786417961120605e-01
5.162655711174011230e-01
1.898827999830245972e-01
2.380655258893966675e-01
1.345606297254562378e-01
2.725262045860290527e-01
3.244529664516448975e-01
3.260803520679473877e-01
2.509721517562866211e+00
1.131517171859741211e+00
8.595227599143981934e-01
2.809287011623382568e-01
1.569802016019821167e-01
1.649188846349716187e-01
6.396375894546508789e-01
8.136455714702606201e-02
5.747677683830261230e-01
8.043859004974365234e-01
2.008167058229446411e-01
4.601793885231018066e-01
6.211891174316406250e-01
0.000000000000000000e+00
4.925836920738220215e-01
1.723253726959228516e-01
1.151488423347473145e+00
1.978404372930526733e-01
7.502474784851074219e-01
5.905433297157287598e-01
7.830052077770233154e-02
1.674127578735351562e-02
1.176562830805778503e-01
0.000000000000000000e+00
1.125682473182678223e+00
4.263087809085845947e-01
2.921717166900634766e-01
2.206973075866699219e+00
3.364655748009681702e-02
2.503338754177093506e-01
8.908712863922119141e-02
1.286520510911941528e-01
2.281545400619506836e+00
3.990899622440338135e-01
1.203574299812316895e+00
1.786070503294467926e-02
4.339692648500204086e-03
3.367190435528755188e-02
0.000000000000000000e+00
2.530026912689208984e+00
0.000000000000000000e+00
3.089237689971923828e+00
0.000000000000000000e+00
1.043731719255447388e-02
2.538438558578491211e+00
1.034637764096260071e-01
5.487412214279174805e-01
1.476676464080810547e-01
6.160063743591308594e-01
1.125580787658691406e+00
3.367583751678466797e-01
1.594720408320426941e-02
3.551739156246185303e-01
6.142345070838928223e-01
5.056055784225463867e-01
0.000000000000000000e+00
0.000000000000000000e+00
7.750744698569178581e-04
1.742006778717041016e+00
4.922929108142852783e-01
1.046619191765785217e-01
6.759138107299804688e-01
4.752971231937408447e-01
6.650791764259338379e-01
2.722761929035186768e-01
0.000000000000000000e+00
0.000000000000000000e+00
1.158561706542968750e+00
5.873988270759582520e-01
1.386608362197875977e+00
0.000000000000000000e+00
1.717742979526519775e-01
3.012230992317199707e-02
6.092509031295776367e-01
1.963941752910614014e-02
2.196208834648132324e-01
3.915003240108489990e-01
1.171321496367454529e-01
9.759568423032760620e-02
6.443868875503540039e-01
7.715864479541778564e-02
0.000000000000000000e+00
6.429899334907531738e-01
4.238403141498565674e-01
3.456715941429138184e-01
1.431542485952377319e-01
8.676797151565551758e-02
1.187984466552734375e+00
2.120238393545150757e-01
6.671224236488342285e-01
4.375614970922470093e-02
2.864114046096801758e-01
2.775031607598066330e-03
0.000000000000000000e+00
1.825501084327697754e+00
1.244216263294219971e-01
2.748789079487323761e-02
5.240378156304359436e-02
3.309945464134216309e-01
9.059674739837646484e-01
0.000000000000000000e+00
6.055683642625808716e-02
1.585994468769058585e-04
3.986279964447021484e-01
4.140759706497192383e-01
5.606546998023986816e-01
2.820719480514526367e-01
1.593002676963806152e-02
1.994037181138992310e-01
1.330634951591491699e+00
2.591869095340371132e-03
5.686625838279724121e-01
0.000000000000000000e+00
5.940573662519454956e-02
9.338802695274353027e-01
1.243870854377746582e-01
5.420536920428276062e-02
8.057930320501327515e-02
0.000000000000000000e+00
0.000000000000000000e+00
0.000000000000000000e+00
5.669925734400749207e-02
4.370862543582916260e-01
6.460733413696289062e-01
1.363136321306228638e-01
1.256090495735406876e-02
3.948321938514709473e-02
2.275014668703079224e-02
4.099188148975372314e-01
8.635479211807250977e-02
1.517776697874069214e-01
4.119201898574829102e-01
6.003247499465942383e-01
3.408844470977783203e-01
2.364021353423595428e-02
6.478106975555419922e-02
0.000000000000000000e+00
1.668864846229553223e+00
2.396898031234741211e+00
2.523367404937744141e-01
2.986516952514648438e-01
1.281666308641433716e-01
1.919416338205337524e-01
4.811288118362426758e-01
0.000000000000000000e+00
4.470990505069494247e-03
2.749163866043090820e+00
2.928326129913330078e-01
8.931175619363784790e-02
1.481213718652725220e-01
2.512431144714355469e+00
6.720402836799621582e-01
3.906026482582092285e-01
5.913550257682800293e-01
1.256191432476043701e-01
0.000000000000000000e+00
2.079242169857025146e-01
1.835192441940307617e-01
2.040296345949172974e-01
9.003385901451110840e-02
3.665762841701507568e-01
5.070032924413681030e-02
3.436970524489879608e-03
3.684090971946716309e-01
2.362289577722549438e-01
1.945175647735595703e+00
2.200986258685588837e-02
6.032819151878356934e-01
3.700729608535766602e-01
5.600584745407104492e-01
7.083501815795898438e-01
5.433303117752075195e-01
6.867545247077941895e-01
2.101805955171585083e-01
4.658227264881134033e-01
2.808954715728759766e-01
9.555605053901672363e-01
8.879548907279968262e-01
4.652709960937500000e-01
1.348829418420791626e-01
1.341504603624343872e-01
3.400382697582244873e-01
0.000000000000000000e+00
2.935167774558067322e-02
1.530351936817169189e-01
7.175768017768859863e-01
4.396221339702606201e-01
8.306719660758972168e-01
5.610023140907287598e-01
2.511401176452636719e-01
4.527985453605651855e-01
2.201810836791992188e+00
2.125589549541473389e-01
1.647303938865661621e+00
4.329955577850341797e-01
7.557936012744903564e-02
1.279834747314453125e+00
3.084909617900848389e-01
4.536232724785804749e-02
2.274180948734283447e-01
7.431423664093017578e-01
2.127262949943542480e-01
1.176050528883934021e-01
6.325800418853759766e-01
1.473487764596939087e-01
3.246996998786926270e-01
3.985450789332389832e-02
1.119628027081489563e-01
5.902276188135147095e-02
2.521413564682006836e-01
2.824985086917877197e-01
8.047323226928710938e-01
1.620249003171920776e-01
5.225255489349365234e-01
6.390429139137268066e-01
5.828204751014709473e-01
1.003039330244064331e-01
2.213876008987426758e+00
4.266575351357460022e-02
1.792808324098587036e-01
1.061751917004585266e-01
3.320980370044708252e-01
8.565709590911865234e-01
3.583987355232238770e-01
2.236271351575851440e-01
4.685258269309997559e-01
0.000000000000000000e+00
3.248954191803932190e-02
5.135184526443481445e-01
0.000000000000000000e+00
7.230929285287857056e-02
4.344188272953033447e-01
5.284676793962717056e-03
7.602521777153015137e-01
2.799712717533111572e-01
1.366564512252807617e+00
6.612406969070434570e-01
1.972917318344116211e-01
0.000000000000000000e+00
5.569922924041748047e-01
6.997724622488021851e-02
2.411061897873878479e-02
3.831989526748657227e+00
1.817411184310913086e+00
1.734994351863861084e-01
1.852395296096801758e+00
2.279412001371383667e-01
2.393131703138351440e-01
5.582492351531982422e-01
0.000000000000000000e+00
0.000000000000000000e+00
2.742581367492675781e-01
2.937769293785095215e-01
1.465557515621185303e-01
0.000000000000000000e+00
1.563338488340377808e-01
2.376709729433059692e-01
2.816849052906036377e-01
4.417321458458900452e-02
2.897185981273651123e-01
2.591988742351531982e-01
2.191328853368759155e-01
9.540895223617553711e-01
4.849958419799804688e-02
0.000000000000000000e+00
5.500510334968566895e-01
2.477806247770786285e-02
8.313290774822235107e-02
8.470623940229415894e-02
5.829797387123107910e-01
1.741340160369873047e+00
1.733369976282119751e-01
7.533314824104309082e-01
4.375919699668884277e-01
4.106109738349914551e-01
6.810092329978942871e-01
6.495034694671630859e-01
4.378988444805145264e-01
4.903193935751914978e-02
8.359352499246597290e-02
2.046998292207717896e-01
1.609817296266555786e-01
3.502344712615013123e-02
4.165165126323699951e-01
1.010527610778808594e+00
1.558547839522361755e-02
2.430839538574218750e-01
6.436598896980285645e-01
1.342785000801086426e+00
2.586725056171417236e-01
0.000000000000000000e+00
1.355460728518664837e-03
7.055178880691528320e-01
2.253751754760742188e-01
2.842287302017211914e+00
3.247863426804542542e-02
5.148073658347129822e-02
5.595155954360961914e-01
1.105614900588989258e-01
4.526672065258026123e-01
3.968309611082077026e-03
5.079882144927978516e-01
0.000000000000000000e+00
1.150385960936546326e-01
8.351197838783264160e-02
1.045803904533386230e+00
1.086891442537307739e-02
9.950785897672176361e-03
8.647023141384124756e-02
0.000000000000000000e+00
1.838527619838714600e-01
0.000000000000000000e+00
8.371169567108154297e-01
1.520990161225199699e-03
3.552635312080383301e-01
1.681675165891647339e-01
1.626002490520477295e-01
6.029395759105682373e-02
4.559040069580078125e-02
6.287345409393310547e+00
2.731782495975494385e-01
2.357792556285858154e-01
3.960093557834625244e-01
6.214534044265747070e-01
7.098591327667236328e-01
5.127347260713577271e-02
4.763922691345214844e-01
4.550750553607940674e-02
4.473896324634552002e-02
4.734236001968383789e-01
7.525026053190231323e-02
8.907588571310043335e-02
5.950292348861694336e-01
4.239607155323028564e-01
2.684106588363647461e+00
2.276950627565383911e-01
4.115600511431694031e-02
1.458095014095306396e-01
2.234464436769485474e-01
1.458840258419513702e-02
6.587643027305603027e-01
4.292368292808532715e-01
2.292889505624771118e-01
5.568269640207290649e-02
1.289047002792358398e-01
0.000000000000000000e+00
1.671567678451538086e+00
8.743149042129516602e-01
6.881101429462432861e-02
1.220983937382698059e-01
3.771285116672515869e-01
0.000000000000000000e+00
2.927048802375793457e-01
2.846673130989074707e-01
2.036445587873458862e-02
0.000000000000000000e+00
1.751134872436523438e+00
6.800952553749084473e-02
9.490499496459960938e-01
4.602316319942474365e-01
2.744510173797607422e-01
1.233906269073486328e+00
7.539366930723190308e-02
4.950229078531265259e-03
6.806408762931823730e-01
2.133525848388671875e+00
4.191123843193054199e-01
4.821500182151794434e-01
7.034957408905029297e-01
3.017024695873260498e-02
4.651968181133270264e-01
0.000000000000000000e+00
8.596199750900268555e-02
2.166297435760498047e+00
1.076656103134155273e+00
2.351520117372274399e-03
2.861091792583465576e-01
2.445801720023155212e-02
1.261404395103454590e+00
2.716192603111267090e-01
2.564976930618286133e+00
0.000000000000000000e+00
5.049893856048583984e-01
4.015558063983917236e-01
1.089735627174377441e+00
7.440040707588195801e-01
0.000000000000000000e+00
1.181974649429321289e+00
1.397498965263366699e+00
4.389512538909912109e-01
2.087413966655731201e-01
2.311674356460571289e-01
0.000000000000000000e+00
8.297467827796936035e-01
8.059468269348144531e-01
1.289159897714853287e-02
0.000000000000000000e+00
1.224041283130645752e-01
7.121961712837219238e-01
1.008218765258789062e+00
0.000000000000000000e+00
2.762778043746948242e+00
2.524188160896301270e-01
3.847066685557365417e-02
0.000000000000000000e+00
1.127616167068481445e-01
0.000000000000000000e+00
1.064532026648521423e-01
2.881142377853393555e+00
1.450359463691711426e+00
1.061251387000083923e-01
2.865277230739593506e-02
2.145466953516006470e-01
1.715278811752796173e-02
6.872475147247314453e-02
1.180331185460090637e-01
1.398761123418807983e-01
1.078687086701393127e-01
1.093887612223625183e-01
3.387181162834167480e-01
3.922893404960632324e-01
1.925831437110900879e-01
6.892522424459457397e-02
6.978809088468551636e-02
6.213988661766052246e-01
0.000000000000000000e+00
2.969592995941638947e-02
1.553940176963806152e+00
4.552206397056579590e-01
4.678020477294921875e-01
1.471175998449325562e-01
2.161683440208435059e-01
1.704701334238052368e-01
2.573227882385253906e-01
3.635485172271728516e-01
0.000000000000000000e+00
3.962363004684448242e-01
1.559223681688308716e-01
7.586156725883483887e-01
2.738177180290222168e-01
1.491707801818847656e+00
2.636897861957550049e-01
2.427439212799072266e+00
3.042620979249477386e-02
2.899831831455230713e-01
1.496266387403011322e-02
5.687578022480010986e-02
5.694283246994018555e-01
5.933246016502380371e-01
9.558742046356201172e-01
1.816347718238830566e+00
2.521407790482044220e-03
2.165529727935791016e-01
5.693517327308654785e-01
0.000000000000000000e+00
3.659536838531494141e-01
7.852856516838073730e-01
5.358731150627136230e-01
9.149304032325744629e-01
1.806908398866653442e-01
4.341276884078979492e-01
5.786587297916412354e-02
9.682502150535583496e-01
1.389231532812118530e-01
1.741753816604614258e-01
1.810580015182495117e+00
1.426614671945571899e-01
8.367094397544860840e-02
4.573898017406463623e-01
5.468230843544006348e-01
1.500457618385553360e-02
0.000000000000000000e+00
6.344973295927047729e-02
5.863537266850471497e-02
1.255063153803348541e-02
7.968689203262329102e-01
1.835543960332870483e-01
1.192018032073974609e+00
7.783488184213638306e-02
8.337654471397399902e-01
2.036156803369522095e-01
4.102724492549896240e-01
8.703832030296325684e-01
2.411700338125228882e-01
3.567827045917510986e-01
1.170859694480895996e+00
1.386207103729248047e+00
1.664408445358276367e-01
9.574268013238906860e-02
4.342935383319854736e-01
1.466633845120668411e-02
6.584053486585617065e-02
6.317398548126220703e-01
4.992590844631195068e-01
1.001322045922279358e-01
2.010413818061351776e-02
0.000000000000000000e+00
6.048907637596130371e-01
4.640054404735565186e-01
0.000000000000000000e+00
5.590994954109191895e-01
4.229853153228759766e-01
5.668802261352539062e-01
8.179586529731750488e-01
3.093791007995605469e-01
4.765644073486328125e-01
3.926697969436645508e-01
7.284618020057678223e-01
6.049159765243530273e-01
9.137575328350067139e-02
0.000000000000000000e+00
4.720671772956848145e-01
8.276175707578659058e-03
3.582021296024322510e-01
8.280158638954162598e-01
2.021906375885009766e-01
3.273358345031738281e-01
2.019911527633666992e+00
2.314845621585845947e-01
9.960161447525024414e-01
2.062955945730209351e-01
1.897509694099426270e+00
1.215320825576782227e+00
0.000000000000000000e+00
2.460863590240478516e+00
0.000000000000000000e+00
8.696400560438632965e-03
1.806090027093887329e-01
2.234346792101860046e-02
4.028868377208709717e-01
3.211618065834045410e-01
6.272311806678771973e-01
5.864828228950500488e-01
7.148353457450866699e-01
1.272448301315307617e-01
8.576139807701110840e-03
2.719801664352416992e-01
7.841250300407409668e-02
2.927088260650634766e+00
9.782485663890838623e-02
0.000000000000000000e+00
3.779290616512298584e-01
5.936467170715332031e+00
0.000000000000000000e+00
4.803004860877990723e-02
4.855650663375854492e-01
1.559929251670837402e+00
3.950968682765960693e-01
5.554642155766487122e-02
2.159051656723022461e+00
2.087050583213567734e-03
3.903775513172149658e-01
3.487368583679199219e+00
0.000000000000000000e+00
4.059494435787200928e-01
1.468850374221801758e-01
8.763779699802398682e-02
2.187592685222625732e-01
6.488018482923507690e-02
5.067664980888366699e-01
7.777475118637084961e-01
3.734393715858459473e-01
1.680791378021240234e+00
4.121766686439514160e-01
2.135488986968994141e+00
2.551518194377422333e-02
2.137327790260314941e-01
1.591731905937194824e-01
0.000000000000000000e+00
7.024098038673400879e-01
4.766388833522796631e-01
2.556260228157043457e-01
6.772938370704650879e-01
1.156370192766189575e-01
2.971763489767909050e-03
5.564003437757492065e-02
5.482324957847595215e-01
5.591047406196594238e-01
2.225260883569717407e-01
1.794537529349327087e-02
3.739705681800842285e-01
8.908828347921371460e-02
1.013913750648498535e-01
9.351491183042526245e-02
3.219127282500267029e-02
1.299446225166320801e-01
5.576822534203529358e-02
3.089346587657928467e-01
6.803765892982482910e-02
2.512156777083873749e-02
2.252092510461807251e-01
0.000000000000000000e+00
0.000000000000000000e+00
0.000000000000000000e+00
1.213974431157112122e-01
1.225535988807678223e+00
4.489373788237571716e-02
1.587299108505249023e+00
2.979146540164947510e-01
4.821495413780212402e-01
1.558708250522613525e-01
1.071548741310834885e-02
4.865526854991912842e-01
5.462592244148254395e-01
3.374763131141662598e-01
1.196820139884948730e-01
1.499486714601516724e-01
1.539347469806671143e-01
2.025657147169113159e-01
8.880886435508728027e-01
5.943736433982849121e-01
2.738692760467529297e-01
2.473536133766174316e-01
1.040378399193286896e-02
4.802944064140319824e-01
7.354116439819335938e-02
3.001682460308074951e-02
4.005390107631683350e-01
4.140928983688354492e-01
7.927978038787841797e-01
3.295990705490112305e+00
9.749570488929748535e-01
2.140778861939907074e-02
4.285235404968261719e-01
1.467620283365249634e-01
4.559677243232727051e-01
2.127726972103118896e-01
3.469913005828857422e-01
1.405972242355346680e-01
2.687810659408569336e-01
1.208826377987861633e-01
9.491114616394042969e-01
3.282804414629936218e-02
1.171071454882621765e-02
5.243039727210998535e-01
1.000821828842163086e+00
5.940965414047241211e-01
5.479354858398437500e-01
3.571012318134307861e-01
7.236787676811218262e-01
4.284560084342956543e-01
0.000000000000000000e+00
8.388289809226989746e-01
1.753065139055252075e-01
8.670498430728912354e-02
6.263623833656311035e-01
5.261679887771606445e-01
2.457856982946395874e-01
6.497285515069961548e-02
6.530013680458068848e-01
3.172889053821563721e-01
3.227268218994140625e+00
1.052384078502655029e-01
1.581431627273559570e-01
2.508824765682220459e-01
1.412360072135925293e-01
1.224932000041007996e-01
4.930535852909088135e-01
2.252902239561080933e-01
6.029282212257385254e-01
1.375853866338729858e-01
4.387134909629821777e-01
8.696264587342739105e-03
5.726768970489501953e-01
2.276828885078430176e-01
6.316432356834411621e-02
8.006700128316879272e-02
3.315351009368896484e-01
8.548057675361633301e-01
2.064936421811580658e-02
4.555399417877197266e-01
0.000000000000000000e+00
1.649779081344604492e-01
1.229314729571342468e-01
2.525088787078857422e-01
1.399092376232147217e-01
1.428966224193572998e-01
4.227716922760009766e-01
6.818311214447021484e-01
1.517979055643081665e-02
8.796637654304504395e-01
2.413960546255111694e-01
3.250559866428375244e-01
1.513568609952926636e-01
4.115314185619354248e-01
3.204440772533416748e-01
9.925743192434310913e-02
1.017990112304687500e-01
1.659065037965774536e-01
3.478721678256988525e-01
2.110791504383087158e-01
2.841417491436004639e-01
3.495438396930694580e-02
1.693460494279861450e-01
1.946949958801269531e-02
2.810658514499664307e-01
2.756671905517578125e-01
5.560144782066345215e-02
0.000000000000000000e+00
2.305288910865783691e-01
3.297357857227325439e-01
1.080430597066879272e-01
6.762596219778060913e-02
1.552141785621643066e+00
5.763433407992124557e-03
1.347993761301040649e-01
1.080774307250976562e+00
1.021035671234130859e+00
1.916865855455398560e-01
8.151052147150039673e-02
1.307269811630249023e+00
4.685206711292266846e-02
8.718152530491352081e-03
2.676896005868911743e-02
3.650572597980499268e-01
7.733780145645141602e-02
9.586462378501892090e-02
2.177304774522781372e-01
2.865501046180725098e-01
3.447096645832061768e-01
0.000000000000000000e+00
0.000000000000000000e+00
1.039998009800910950e-01
1.952868551015853882e-01
1.997593760490417480e+00
1.468973398208618164e+00
1.472936123609542847e-01
2.392833083868026733e-01
8.204214274883270264e-02
0.000000000000000000e+00
2.295436114072799683e-01
1.433777451515197754e+00
2.023051261901855469e+00
4.156831204891204834e-01
2.617340981960296631e-01
0.000000000000000000e+00
2.059160321950912476e-01
1.823927760124206543e-01
1.429093480110168457e-01
3.991212546825408936e-01
2.730550058186054230e-02
2.373706996440887451e-01
8.610296994447708130e-02
1.583590060472488403e-01
3.560032695531845093e-02
2.190586924552917480e-02
0.000000000000000000e+00
6.150310039520263672e-01
1.416675895452499390e-01
1.336058974266052246e+00
6.174496412277221680e-01
2.564080953598022461e-01
1.015059709548950195e+00
3.327878192067146301e-03
1.897800266742706299e-01
0.000000000000000000e+00
1.171123757958412170e-01
2.753410041332244873e-01
1.779964193701744080e-02
1.202531456947326660e+00
1.410336852073669434e+00
9.817408770322799683e-02
7.101798430085182190e-03
9.286173582077026367e-01
3.183275461196899414e-01
4.821942746639251709e-02
4.460916668176651001e-02
1.154699921607971191e+00
1.059481203556060791e-01
2.772967815399169922e+00
2.544913068413734436e-02
8.546208590269088745e-02
2.740287780761718750e-01
7.731726765632629395e-02
6.660816669464111328e-01
2.319877967238426208e-02
2.730844914913177490e-01
0.000000000000000000e+00
6.146847456693649292e-02
5.560455098748207092e-02
9.621176719665527344e-01
1.444683223962783813e-01
6.259832382202148438e-01
0.000000000000000000e+00
5.884253419935703278e-03
6.953203082084655762e-01
6.156391501426696777e-01
6.406723856925964355e-01
9.781249612569808960e-02
6.757321301847696304e-03
0.000000000000000000e+00
9.188246726989746094e-01
5.128942728042602539e-01
3.960576280951499939e-02
0.000000000000000000e+00
3.909797668457031250e-01
2.824723124504089355e-01
7.958907634019851685e-02
2.356709986925125122e-01
1.962243318557739258e-01
3.512779623270034790e-02
3.740891069173812866e-02
1.282857060432434082e-01
4.615525305271148682e-01
1.740489721298217773e+00
6.898618936538696289e-01
2.374388277530670166e-01
9.234035015106201172e-01
3.531700372695922852e-02
2.399876713752746582e-01
1.138963460922241211e+00
0.000000000000000000e+00
0.000000000000000000e+00
2.057337611913681030e-01
0.000000000000000000e+00
3.393683433532714844e-01
5.229383707046508789e-01
3.663743019104003906e+00
7.809041440486907959e-02
5.050401687622070312e-01
1.040131449699401855e+00
8.640193194150924683e-02
1.560128629207611084e-01
2.533841133117675781e-01
1.832664608955383301e-01
2.274362593889236450e-01
1.286572311073541641e-03
2.579413950443267822e-01
1.132032945752143860e-01
7.778483033180236816e-01
2.699184179306030273e+00
6.585848331451416016e-02
1.130550980567932129e+00
5.179741382598876953e-01
1.334053158760070801e+00
2.309188097715377808e-01
0.000000000000000000e+00
8.407182991504669189e-02
3.906738460063934326e-01
2.505440711975097656e-01
6.718973070383071899e-02
6.738297641277313232e-03
0.000000000000000000e+00
1.728785276412963867e+00
2.838412821292877197e-01
9.822056889533996582e-01
2.349340915679931641e-02
4.760969802737236023e-02
8.584686554968357086e-03
1.742714643478393555e-01
8.173491060733795166e-02
1.458909958600997925e-01
2.409224033355712891e+00
5.901199579238891602e-02
1.122242689132690430e+00
1.307016462087631226e-01
2.720872163772583008e-01
5.651402845978736877e-02
5.326867103576660156e-01
0.000000000000000000e+00
1.589714586734771729e-01
3.433634042739868164e-01
5.344704389572143555e-01
1.426519304513931274e-01
6.166231036186218262e-01
0.000000000000000000e+00
3.233548700809478760e-01
0.000000000000000000e+00
2.384193614125251770e-02
0.000000000000000000e+00
0.000000000000000000e+00
1.263874620199203491e-01
1.362728029489517212e-01
1.407580524682998657e-01
1.444750186055898666e-02
6.908391416072845459e-02
1.095399141311645508e+00
1.186835020780563354e-02
2.080914191901683807e-02
1.102734357118606567e-01
6.781885623931884766e-01
5.104448795318603516e-01
1.211085170507431030e-02
2.158803120255470276e-02
1.678155064582824707e-01
2.256186679005622864e-02
3.490225672721862793e-01
9.585484266281127930e-01
2.714284881949424744e-02
9.210065007209777832e-02
1.605272531509399414e+00
7.863868772983551025e-02
1.015360593795776367e+00
0.000000000000000000e+00
1.898334622383117676e-01
7.243465781211853027e-01
1.397444307804107666e-01
0.000000000000000000e+00
2.679457068443298340e-01
1.500921100378036499e-01
4.555613547563552856e-02
0.000000000000000000e+00
4.350617527961730957e-02
3.526279032230377197e-01
2.386469766497612000e-02
6.263477802276611328e-01
3.985514044761657715e-01
2.023144811391830444e-01
1.040579557418823242e+00
6.354916840791702271e-02
1.658502519130706787e-01
3.941600620746612549e-01
9.042751789093017578e-02
4.792944788932800293e-01
2.452666163444519043e-01
1.800769120454788208e-01
2.013034373521804810e-01
3.300742059946060181e-02
4.288776397705078125e+00
5.132110118865966797e-01
2.854968011379241943e-01
2.499652355909347534e-01
9.455779939889907837e-02
3.955600559711456299e-01
5.159407109022140503e-02
1.117205142974853516e+00
9.007991105318069458e-02
3.137899795547127724e-03
1.415597349405288696e-01
2.372075617313385010e-01
7.881613075733184814e-02
3.605189085006713867e+00
5.398508906364440918e-02
1.129963546991348267e-01
2.401056289672851562e+00
4.266322255134582520e-01
2.572589516639709473e-01
1.682138204574584961e+00
3.638744354248046875e-01
2.074701309204101562e+00
1.352893114089965820e+00
1.156294941902160645e+00
7.720489501953125000e-01
2.240831591188907623e-02
9.367860853672027588e-02
0.000000000000000000e+00
1.131950644776225090e-03
2.213002415373921394e-03
1.960420459508895874e-01
1.572550296783447266e+00
8.965555429458618164e-01
4.415218532085418701e-01
2.624244987964630127e-01
7.825037837028503418e-01
9.400110691785812378e-02
2.588678002357482910e-01
2.131554111838340759e-02
2.578175254166126251e-02
9.573879837989807129e-02
2.860018983483314514e-02
1.729784756898880005e-01
5.531753897666931152e-01
2.215265750885009766e+00
0.000000000000000000e+00
0.000000000000000000e+00
5.415618419647216797e-01
0.000000000000000000e+00
1.426151514053344727e+00
9.643472731113433838e-02
1.611256599426269531e+00
1.562578082084655762e-01
1.996114253997802734e-01
1.292153596878051758e-01
8.136936463415622711e-03
6.148679256439208984e-01
1.163156405091285706e-01
6.777916848659515381e-02
7.320793271064758301e-01
3.583798706531524658e-01
1.668019443750381470e-01
5.963055044412612915e-02
1.169886160641908646e-02
3.231940865516662598e-01
1.068197935819625854e-01
1.546471595764160156e+00
4.989603459835052490e-01
1.617162585258483887e+00
1.057221293449401855e-01
1.729701161384582520e+00
4.575961589813232422e+00
2.675358057022094727e-01
0.000000000000000000e+00
1.362576633691787720e-01
5.740354061126708984e-01
6.634582579135894775e-02
7.566602528095245361e-02
7.715163826942443848e-01
9.038618882186710835e-04
1.501392573118209839e-01
2.917380332946777344e-01
3.250686228275299072e-01
1.694302260875701904e-01
3.089742660522460938e-01
2.377912282943725586e+00
3.070948123931884766e-01
7.503772377967834473e-01
2.689487934112548828e-01
0.000000000000000000e+00
2.020587921142578125e-01
1.866177469491958618e-02
2.766643166542053223e-01
2.688964605331420898e-01
6.110259294509887695e-01
1.498417735099792480e+00
1.404277980327606201e-01
5.209249854087829590e-01
5.822275299578905106e-03
1.865806132555007935e-01
1.957349926233291626e-01
7.086055278778076172e-01
8.647873997688293457e-02
1.160360313951969147e-02
3.876739442348480225e-01
5.786342620849609375e-01
3.894285857677459717e-01
1.766037344932556152e+00
6.547230761498212814e-03
2.056106090545654297e+00
1.492025554180145264e-01
4.958160817623138428e-01
1.074576899409294128e-01
0.000000000000000000e+00
3.798763751983642578e-01
0.000000000000000000e+00
1.196158751845359802e-01
9.627308845520019531e-01
3.088692724704742432e-01
1.709503680467605591e-01
7.807318866252899170e-02
4.868872165679931641e-01
3.216568827629089355e-01
1.676166057586669922e-01
0.000000000000000000e+00
2.325185537338256836e+00
1.089996192604303360e-03
9.494448453187942505e-02
4.961876869201660156e-01
1.036395132541656494e-02
1.920400559902191162e-01
2.458199411630630493e-01
0.000000000000000000e+00
2.429903596639633179e-01
6.217355839908123016e-03
2.027252456173300743e-03
8.097742795944213867e-01
2.804862260818481445e+00
5.022256970405578613e-01
1.062542498111724854e-01
4.402143061161041260e-01
3.665068745613098145e-02
2.940749883651733398e+00
6.223300844430923462e-02
1.263706386089324951e-01
6.662753969430923462e-02
0.000000000000000000e+00
6.038361787796020508e-01
6.622110605239868164e-01
3.048143088817596436e-01
2.835042774677276611e-01
1.386456847190856934e+00
3.823575377464294434e-02
7.271729409694671631e-02
2.951186299324035645e-01
0.000000000000000000e+00
0.000000000000000000e+00
0.000000000000000000e+00
4.160990472882986069e-03
4.829452037811279297e-01
7.047118246555328369e-02
1.964785624295473099e-03
8.256906270980834961e-01
8.826569318771362305e-01
9.631050229072570801e-01
8.653139472007751465e-01
2.849034667015075684e-01
7.969462312757968903e-03
7.172643393278121948e-02
8.210121653974056244e-03
1.464080065488815308e-01
1.601583808660507202e-01
5.830782651901245117e-01
3.574471473693847656e-01
0.000000000000000000e+00
0.000000000000000000e+00
2.813459932804107666e-01
1.059326156973838806e-01
1.169515997171401978e-01
1.507848650217056274e-01
1.800447553396224976e-01
2.529153525829315186e-01
1.944149732589721680e-01
3.012262284755706787e-01
1.028514839708805084e-02
3.879019021987915039e-01
1.556475162506103516e-01
1.495451629161834717e-01
2.023069187998771667e-03
0.000000000000000000e+00
1.140549063682556152e+00
9.069982171058654785e-01
0.000000000000000000e+00
6.434201449155807495e-02
3.996489286422729492e+00
4.403785802423954010e-03
1.156839430332183838e-01
1.431124284863471985e-02
8.378784656524658203e-01
8.659119158983230591e-02
1.522624194622039795e-01
6.730731129646301270e-01
1.184853613376617432e-01
2.371933460235595703e+00
3.277952969074249268e-01
7.395385503768920898e-01
1.126997396349906921e-01
4.186487793922424316e-01
1.202768087387084961e+00
0.000000000000000000e+00
4.318294823169708252e-01
1.020628064870834351e-01
0.000000000000000000e+00
5.650195479393005371e-02
2.899717353284358978e-02
0.000000000000000000e+00
0.000000000000000000e+00
2.978819012641906738e-01
1.572067439556121826e-01
1.005578756332397461e+00
2.032812088727951050e-01
0.000000000000000000e+00
4.627596139907836914e-01
3.204669356346130371e-01
2.544673681259155273e-01
3.893939554691314697e-01
8.172108530998229980e-01
1.231021761894226074e+00
1.241099715232849121e+00
1.526736840605735779e-02
3.056824207305908203e-01
8.246153593063354492e-02
0.000000000000000000e+00
0.000000000000000000e+00
3.632928803563117981e-02
4.923089221119880676e-02
5.469294190406799316e-01
7.828580141067504883e-01
2.975934445858001709e-01
1.208106726408004761e-01
9.883574210107326508e-03
1.025503501296043396e-01
4.781747460365295410e-01
2.833227515220642090e-01
8.235730528831481934e-01
2.140082359313964844e+00
9.917404651641845703e-01
6.518529653549194336e-01
0.000000000000000000e+00
3.353038569912314415e-03
3.423931598663330078e+00
3.473931550979614258e-02
4.297298491001129150e-01
1.097103357315063477e-01
3.956174254417419434e-01
0.000000000000000000e+00
9.585831165313720703e-01
3.540312051773071289e-01
1.834444850683212280e-01
1.579134017229080200e-01
2.390483915805816650e-01
0.000000000000000000e+00
3.237606212496757507e-02
9.228429198265075684e-01
3.660634756088256836e-01
1.077356815338134766e+00
5.549481511116027832e-01
2.907279878854751587e-03
2.784991264343261719e-01
5.489473789930343628e-02
7.717452198266983032e-02
2.103549614548683167e-02
0.000000000000000000e+00
1.347173452377319336e-01
3.389249369502067566e-02
1.569440841674804688e+00
2.166589796543121338e-01
2.140415012836456299e-01
4.021084867417812347e-03
2.788749635219573975e-01
6.827159225940704346e-02
4.842609632760286331e-03
9.429832547903060913e-02
2.333929091691970825e-01
8.751980215311050415e-02
1.302504062652587891e+00
4.915770888328552246e-02
4.515843987464904785e-01
9.884740114212036133e-01
1.139725148677825928e-01
3.477179110050201416e-01
9.220585227012634277e-01
8.561415225267410278e-02
1.800088882446289062e-01
8.185610771179199219e-01
9.714197367429733276e-03
2.716561853885650635e-01
2.514031715691089630e-02
9.846270084381103516e-02
6.885380148887634277e-01
2.868599414825439453e+00
3.893583536148071289e+00
1.104185342788696289e+00
5.537920072674751282e-02
8.743329644203186035e-01
9.070866703987121582e-01
6.107589602470397949e-01
4.293351769447326660e-01
7.770931720733642578e-01
8.777608722448348999e-02
3.858600184321403503e-02
6.467434763908386230e-01
6.925559043884277344e-02
0.000000000000000000e+00
0.000000000000000000e+00
3.102058768272399902e-01
7.114415168762207031e-01
1.336441397666931152e+00
2.766008675098419189e-01
1.451873034238815308e-01
4.885393381118774414e-02
1.078311085700988770e+00
9.431011676788330078e-01
4.980453252792358398e-01
3.698306083679199219e-01
2.233529239892959595e-01
1.175321102142333984e+00
2.008622325956821442e-02
4.602096974849700928e-01
1.206014156341552734e+00
1.006375193595886230e+00
1.068967580795288086e+00
1.841539330780506134e-02
2.040730556473135948e-03
8.000160753726959229e-02
0.000000000000000000e+00
6.569627523422241211e-01
1.950019955635070801e+00
1.665021777153015137e-01
1.277656555175781250e+00
8.132992684841156006e-02
3.482793644070625305e-02
2.129474431276321411e-01
2.208864241838455200e-01
4.258118867874145508e-01
3.905864804983139038e-02
2.286081314086914062e+00
4.089856147766113281e-01
9.312946796417236328e-01
9.476298093795776367e-02
3.731412291526794434e-01
3.811065852642059326e-02
2.074498087167739868e-01
1.932174526154994965e-02
0.000000000000000000e+00
1.741546034812927246e+00
7.250156998634338379e-02
5.557524412870407104e-02
8.753337264060974121e-01
5.157560706138610840e-01
5.874644517898559570e-01
6.776462495326995850e-02
2.297241210937500000e+00
1.167188286781311035e-01
1.569845557212829590e+00
1.854153424501419067e-01
5.531700849533081055e-01
8.604031205177307129e-01
1.171970441937446594e-01
2.054287642240524292e-01
0.000000000000000000e+00
3.620057702064514160e-01
1.438594609498977661e-02
1.906466335058212280e-01
5.208631753921508789e-01
4.728456735610961914e-01
1.021232604980468750e+00
1.486047916114330292e-02
2.340039610862731934e-01
1.535405635833740234e+00
3.932152688503265381e-01
1.803744435310363770e+00
7.314330339431762695e-01
9.618920832872390747e-02
4.438441246747970581e-02
3.987314701080322266e-01
6.522079110145568848e-01
6.279081106185913086e-01
6.265943646430969238e-01
3.059204220771789551e-01
7.803081870079040527e-01
2.146624326705932617e-01
2.591790631413459778e-02
0.000000000000000000e+00
0.000000000000000000e+00
0.000000000000000000e+00
7.875027060508728027e-01
3.955184817314147949e-01
2.825365543365478516e+00
2.568717598915100098e-01
2.049392834305763245e-02
2.264536023139953613e-01
1.795993372797966003e-02
1.119127646088600159e-01
1.660356670618057251e-02
9.626458585262298584e-02
1.290948092937469482e-01
5.209211111068725586e-01
3.906800225377082825e-02
3.274959921836853027e-01
7.216154038906097412e-02
4.459455013275146484e-01
2.329715937376022339e-01
1.512426435947418213e-01
4.547980148345232010e-03
3.469440937042236328e-01
3.174677789211273193e-01
1.355544477701187134e-01
6.121019124984741211e-01
2.165972232818603516e+00
6.336927413940429688e-02
1.893034577369689941e-01
6.446635127067565918e-01
1.805381178855895996e-01
2.982009649276733398e-01
4.963537678122520447e-02
2.137695997953414917e-01
6.494169682264328003e-02
1.127620786428451538e-01
2.607647776603698730e-01
5.358953028917312622e-02
2.341699749231338501e-01
3.674163818359375000e-01
1.627502322196960449e+00
9.322143346071243286e-02
1.328245997428894043e-01
1.162435412406921387e-01
4.208868369460105896e-02
2.675866782665252686e-01
7.172348499298095703e-01
3.886177763342857361e-02
1.790460795164108276e-01
5.200729370117187500e-01
7.171773314476013184e-01
3.577485680580139160e-01
2.828171491622924805e+00
2.868083715438842773e-01
6.480285525321960449e-02
7.924319058656692505e-02
1.410471498966217041e-01
4.688375890254974365e-01
4.306263923645019531e-01
2.411698251962661743e-01
2.361527979373931885e-01
1.387573480606079102e-01
4.563909173011779785e-01
3.272182464599609375e+00
4.239736795425415039e-01
4.636071622371673584e-01
3.222779929637908936e-01
6.374927163124084473e-01
6.205590441823005676e-03
3.352394104003906250e-01
3.522019833326339722e-02
5.305711627006530762e-01
4.087273776531219482e-01
0.000000000000000000e+00
0.000000000000000000e+00
4.528129845857620239e-02
7.577219009399414062e-01
2.307796031236648560e-01
0.000000000000000000e+00
8.531250357627868652e-01
4.859144985675811768e-01
5.948433652520179749e-02
1.394819915294647217e-01
1.571947813034057617e+00
1.546957969665527344e+00
3.539037108421325684e-01
1.769331544637680054e-01
3.769929111003875732e-01
4.905231669545173645e-02
4.215312004089355469e-01
9.580618888139724731e-02
0.000000000000000000e+00
5.574101209640502930e-02
5.089739710092544556e-02
1.974788904190063477e-01
7.966371625661849976e-02
2.355390600860118866e-02
4.048904776573181152e-02
2.337516099214553833e-01
1.888162046670913696e-01
0.000000000000000000e+00
7.820686697959899902e-01
4.322779178619384766e-01
0.000000000000000000e+00
1.074951048940420151e-02
2.424932271242141724e-01
1.230374574661254883e-01
0.000000000000000000e+00
7.588505744934082031e-01
1.410472542047500610e-01
2.000009566545486450e-01
2.880641818046569824e-01
2.821868285536766052e-02
5.375861525535583496e-01
1.934183835983276367e-01
3.462964668869972229e-02
5.072819069027900696e-02
1.198839861899614334e-02
3.365706682205200195e+00
1.513624191284179688e-02
1.148203611373901367e-01
1.771943211555480957e+00
1.522119641304016113e-01
1.942027360200881958e-01
4.783030152320861816e-01
2.004584550857543945e+00
0.000000000000000000e+00
9.057251363992691040e-02
5.248686298727989197e-02
1.320289671421051025e-01
1.567136943340301514e-01
1.968289166688919067e-01
2.621254622936248779e-01
5.433730781078338623e-02
3.415854647755622864e-02
2.193185240030288696e-01
7.131076604127883911e-02
1.350933015346527100e-01
5.805803835391998291e-02
5.167139172554016113e-01
1.715878099203109741e-01
1.741334795951843262e-01
0.000000000000000000e+00
5.488243699073791504e-02
1.910683959722518921e-01
1.693720340728759766e+00
1.806193590164184570e-01
0.000000000000000000e+00
1.963527441024780273e+00
2.391290068626403809e-01
4.913449659943580627e-02
6.062348559498786926e-02
2.467210143804550171e-01
4.380750954151153564e-01
2.013741582632064819e-01
6.430874764919281006e-02
4.114452302455902100e-01
1.998752653598785400e-01
3.404300950933247805e-04
7.012251019477844238e-01
2.186098247766494751e-01
1.342766880989074707e-01
4.123483318835496902e-03
8.557627350091934204e-02
3.635447472333908081e-02
3.220416009426116943e-01
1.383710622787475586e+00
2.212482318282127380e-02
3.355500474572181702e-02
2.002006024122238159e-01
1.900566667318344116e-01
1.213980019092559814e-01
6.404446810483932495e-02
5.225142464041709900e-03
6.533120870590209961e-01
1.946029782295227051e+00
1.239377856254577637e-01
9.099767208099365234e-01
7.067909836769104004e-02
4.884383678436279297e-01
0.000000000000000000e+00
8.992953896522521973e-01
3.455495238304138184e-01
2.096513658761978149e-01
0.000000000000000000e+00
2.871795892715454102e-01
3.966705799102783203e-01
0.000000000000000000e+00
3.898494482040405273e+00
1.879316195845603943e-02
4.537386819720268250e-02
5.388687178492546082e-02
1.376722157001495361e-01
9.698341488838195801e-01
6.747546195983886719e-01
8.709673285484313965e-01
2.296606063842773438e+00
2.395685017108917236e-01
3.459282964468002319e-02
1.624136120080947876e-01
2.104898214340209961e+00
3.583848178386688232e-01
1.827583312988281250e-01
1.317099854350090027e-02
6.576860547065734863e-01
1.675529479980468750e-01
7.785029709339141846e-03
1.762121915817260742e-01
1.357525289058685303e-01
9.328705072402954102e-01
1.405146121978759766e+00
1.534402370452880859e-01
5.716879665851593018e-02
1.034011468291282654e-01
4.866091012954711914e-01
1.204822398722171783e-02
1.999831318855285645e+00
7.246894389390945435e-02
1.628864556550979614e-02
9.221468120813369751e-02
1.457243412733078003e-01
2.915702573955059052e-02
0.000000000000000000e+00
7.381895929574966431e-02
3.462940454483032227e-01
6.746411919593811035e-01
1.078734919428825378e-01
2.527439594268798828e-01
1.993525922298431396e-01
6.367909312248229980e-01
1.490014076232910156e+00
2.727262675762176514e-01
9.606740623712539673e-02
2.738853096961975098e-01
9.430290758609771729e-02
9.991912245750427246e-01
5.566648244857788086e-01
0.000000000000000000e+00
2.533373832702636719e-01
3.066604733467102051e-01
4.136347770690917969e-01
3.076801076531410217e-02
6.530967354774475098e-01
8.921605348587036133e-02
5.704943537712097168e-01
1.536019802093505859e+00
4.245743155479431152e-01
1.237909682095050812e-02
2.679060399532318115e-01
2.374756813049316406e+00
3.516783937811851501e-02
3.597462177276611328e-02
8.507810235023498535e-01
1.276748180389404297e-01
3.102940134704113007e-02
2.587345615029335022e-02
1.023011133074760437e-01
7.870837301015853882e-02
8.036571741104125977e-02
1.832193434238433838e-01
0.000000000000000000e+00
1.084254682064056396e-01
1.993536502122879028e-01
1.597785018384456635e-02
2.448877990245819092e-01
6.595849990844726562e-02
9.957848489284515381e-02
1.542507410049438477e-01
1.825708597898483276e-01
5.414177775382995605e-01
2.372553944587707520e-01
1.271926760673522949e-01
2.041290998458862305e+00
5.713932216167449951e-03
6.544487923383712769e-02
1.466500014066696167e-01
1.463075160980224609e+00
3.621999919414520264e-01
0.000000000000000000e+00
3.120161592960357666e-01
3.783704042434692383e-01
2.020652592182159424e-01
2.920875549316406250e-01
1.177713647484779358e-01
1.855126023292541504e+00
2.669587433338165283e-01
2.130603045225143433e-01
4.741528987884521484e+00
1.122796982526779175e-01
4.236171767115592957e-02
4.305801913142204285e-02
2.920705359429121017e-03
6.646819114685058594e-01
9.773053973913192749e-02
5.653292536735534668e-01
3.473392426967620850e-01
1.947914361953735352e-01
1.174565702676773071e-01
2.927237451076507568e-01
5.277025103569030762e-01
7.121397256851196289e-01
6.355529427528381348e-01
2.150906324386596680e-01
2.671180963516235352e-01
4.394742548465728760e-01
2.506618797779083252e-01
0.000000000000000000e+00
2.567948997020721436e-01
3.324913382530212402e-01
5.823880434036254883e-01
4.039507359266281128e-02
9.382374584674835205e-02
4.462520182132720947e-01
4.175669550895690918e-01
5.529662966728210449e-02
3.214556574821472168e-01
6.485822796821594238e-02
0.000000000000000000e+00
1.604746282100677490e-01
9.155256152153015137e-01
0.000000000000000000e+00
1.138334497809410095e-01
2.798660099506378174e-01
8.645569533109664917e-02
3.435575589537620544e-02
1.628302693367004395e+00
0.000000000000000000e+00
1.063843846321105957e+00
3.199841976165771484e-01
2.317767962813377380e-02
7.997295856475830078e-01
6.659556031227111816e-01
6.286808848381042480e-01
1.198942422866821289e+00
2.993421256542205811e-01
8.248207159340381622e-03
4.721131622791290283e-01
5.460646748542785645e-01
2.421471774578094482e-01
7.587400078773498535e-01
0.000000000000000000e+00
0.000000000000000000e+00
3.559637963771820068e-01
4.544246792793273926e-01
3.241964802145957947e-02
1.051734909415245056e-01
6.255014419555664062e+00
1.124438270926475525e-01
3.787944838404655457e-02
1.064671277999877930e+00
5.626375675201416016e-01
1.142620071768760681e-01
3.284757137298583984e-01
2.697020173072814941e-01
5.896096117794513702e-03
5.123405903577804565e-02
2.145456224679946899e-01
1.677429974079132080e-01
4.864794015884399414e-01
2.185166440904140472e-02
9.062137454748153687e-02
4.270391762256622314e-01
2.038051038980484009e-01
3.454292416572570801e-01
5.766799449920654297e-01
1.808852888643741608e-02
1.017405033111572266e+00
1.272825524210929871e-03
3.582800328731536865e-01
1.730114072561264038e-01
3.859092667698860168e-02
1.212280616164207458e-02
4.717031866312026978e-02
2.554699778556823730e-01
1.508925259113311768e-01
7.499016523361206055e-01
1.051126003265380859e+00
1.328207373619079590e+00
1.252319850027561188e-02
2.047744095325469971e-01
2.009977996349334717e-01
1.056633472442626953e+00
0.000000000000000000e+00
0.000000000000000000e+00
7.900823354721069336e-01
0.000000000000000000e+00
2.164963819086551666e-02
7.276872992515563965e-01
6.076058149337768555e-01
3.474313020706176758e-01
1.239222288131713867e-01
8.406119793653488159e-02
0.000000000000000000e+00
1.156032681465148926e+00
1.381450798362493515e-02
1.378129934892058372e-03
4.217870533466339111e-01
3.626112639904022217e-01
6.086700782179832458e-02
3.671093881130218506e-01
0.000000000000000000e+00
1.382816135883331299e-01
0.000000000000000000e+00
7.910598516464233398e-01
9.542159736156463623e-02
2.085671663284301758e+00
2.985634207725524902e-01
0.000000000000000000e+00
2.784520089626312256e-01
6.782731041312217712e-03
0.000000000000000000e+00
9.166607633233070374e-03
7.750328183174133301e-01
1.193272843956947327e-01
1.373236179351806641e-01
2.362347096204757690e-01
5.311217904090881348e-01
2.922693490982055664e-01
0.000000000000000000e+00
6.590546369552612305e-01
1.295586943626403809e+00
1.189857602119445801e+00
3.145122826099395752e-01
4.139848798513412476e-02
2.008532918989658356e-02
7.061415910720825195e-02
5.483884215354919434e-01
2.559850811958312988e-01
3.233818411827087402e-01
2.663866281509399414e-01
4.087554812431335449e-01
1.666783571243286133e+00
2.872612178325653076e-01
3.517350181937217712e-02
1.937537491321563721e-01
6.162535399198532104e-02
1.543810963630676270e+00
7.592048645019531250e-01
1.516214162111282349e-01
7.919919490814208984e-02
1.662876963615417480e+00
3.205779567360877991e-02
4.893090128898620605e-01
2.993213236331939697e-01
1.394027620553970337e-01
1.137263253331184387e-01
2.429304569959640503e-01
0.000000000000000000e+00
1.760265380144119263e-01
4.657261818647384644e-02
2.747579216957092285e-01
2.565479278564453125e-01
8.718760684132575989e-03
1.013972610235214233e-01
1.092922538518905640e-01
0.000000000000000000e+00
3.468288481235504150e-02
1.373990774154663086e-01
1.594596505165100098e+00
8.393749594688415527e-01
5.206462368369102478e-02
5.815284252166748047e-01
8.969618082046508789e-01
8.392715454101562500e-01
2.147349864244461060e-01
7.159484028816223145e-01
3.824920892715454102e+00
1.580278992652893066e+00
6.135235428810119629e-01
2.017069309949874878e-01
8.039339780807495117e-01
3.736987477168440819e-03
8.036702126264572144e-02
5.917984247207641602e-01
5.531417131423950195e-01
9.026140570640563965e-01
1.091462746262550354e-01
9.791525080800056458e-03
4.279534518718719482e-02
5.432153940200805664e-01
1.024882674217224121e+00
1.076751798391342163e-01
1.249028444290161133e-01
0.000000000000000000e+00
3.758717561140656471e-03
1.039496995508670807e-02
1.698073893785476685e-01
4.500804841518402100e-01
1.743342995643615723e+00
1.959298551082611084e-01
3.472930938005447388e-02
1.963405251502990723e+00
8.620218038558959961e-01
3.754241228103637695e+00
0.000000000000000000e+00
5.132726579904556274e-02
1.819018363952636719e+00
1.821032017469406128e-01
2.824436426162719727e-01
4.461172968149185181e-03
4.456687867641448975e-01
2.111579477787017822e-02
1.451030280441045761e-02
4.174841344356536865e-01
5.945053100585937500e-01
1.387976557016372681e-01
6.205353420227766037e-03
5.477939173579216003e-02
1.366875886917114258e+00
0.000000000000000000e+00
2.936650626361370087e-02
3.761118650436401367e-01
1.327712982892990112e-01
8.490946888923645020e-02
1.467981934547424316e+00
2.049026265740394592e-02
9.481835365295410156e-01
6.587876379489898682e-02
3.305502533912658691e-01
1.065945848822593689e-01
6.239275932312011719e-01
2.201300859451293945e-01
1.809125393629074097e-01
5.499734878540039062e-01
2.726463973522186279e-01
4.476184397935867310e-02
1.070129722356796265e-01
0.000000000000000000e+00
6.403719186782836914e-01
6.859955787658691406e-01
1.286003232002258301e+00
2.199194729328155518e-01
3.175871446728706360e-02
2.087727040052413940e-01
4.888792335987091064e-02
4.698634147644042969e-01
0.000000000000000000e+00
5.495014786720275879e-01
1.792351603507995605e+00
1.921194605529308319e-02
4.003141224384307861e-01
7.333927601575851440e-02
2.194459550082683563e-02
5.840376019477844238e-01
7.758834958076477051e-01
0.000000000000000000e+00
3.606953844428062439e-02
3.236828804016113281e+00
1.653701066970825195e-01
1.258695363998413086e+00
6.273867934942245483e-02
7.327659726142883301e-01
1.678946495056152344e+00
1.664080172777175903e-01
3.743147850036621094e-01
2.120100689353421330e-04
0.000000000000000000e+00
1.893488168716430664e-01
1.932449460029602051e+00
1.064909696578979492e+00
2.377295345067977905e-01
1.478764461353421211e-03
9.740717411041259766e-01
1.578970700502395630e-01
5.732018034905195236e-03
3.307442069053649902e-01
1.011269837617874146e-01
2.143729478120803833e-01
6.284205913543701172e-01
7.708181142807006836e-01
6.068400144577026367e-01
2.635634541511535645e-01
4.124305248260498047e-01
5.470895767211914062e-01
2.326870113611221313e-01
2.267722040414810181e-01
4.408818483352661133e-02
5.764915943145751953e-01
6.056247949600219727e-01
3.394472897052764893e-01
1.174133867025375366e-01
1.231083273887634277e+00
2.752567641437053680e-02
4.776016622781753540e-02
2.925982475280761719e-01
2.743796445429325104e-03
1.362912263721227646e-02
1.907748579978942871e-01
5.598214864730834961e-01
2.324346303939819336e-01
5.483711957931518555e-01
1.291720628738403320e+00
8.305795490741729736e-02
7.197014987468719482e-03
1.415318343788385391e-02
5.490686297416687012e-01
2.142905443906784058e-01
6.660984754562377930e-01
7.161592245101928711e-01
