3.915265202522277832e-02
0.000000000000000000e+00
1.026108581572771072e-02
5.053356885910034180e-01
2.595336437225341797e-01
1.784441709518432617e+00
9.546219706535339355e-01
2.090616524219512939e-02
5.680771470069885254e-01
1.232899546623229980e+00
1.871331334114074707e-01
8.971850275993347168e-01
1.636372804641723633e-01
0.000000000000000000e+00
4.724314808845520020e-01
3.857861831784248352e-02
4.007532820105552673e-02
1.536061525344848633e+00
5.325544476509094238e-01
3.416060507297515869e-01
4.621084928512573242e-01
1.165947224944829941e-02
7.499685287475585938e-01
4.353259205818176270e-01
4.186010062694549561e-01
1.731363236904144287e-01
6.003646254539489746e-01
3.694749474525451660e-01
1.082853078842163086e+00
0.000000000000000000e+00
6.144523024559020996e-01
1.727315932512283325e-01
6.380520761013031006e-02
3.164993226528167725e-01
9.171756356954574585e-02
5.044335126876831055e-01
1.577551662921905518e-02
2.900081574916839600e-01
8.908840268850326538e-02
2.802383899688720703e-01
6.339655518531799316e-01
1.605489403009414673e-01
0.000000000000000000e+00
1.372858047485351562e+00
0.000000000000000000e+00
3.193172439932823181e-02
0.000000000000000000e+00
2.239336222410202026e-01
0.000000000000000000e+00
3.530983254313468933e-02
2.577131986618041992e-01
2.028521448373794556e-01
3.535152375698089600e-01
8.607878684997558594e-01
5.678664445877075195e-01
1.236266255378723145e+00
7.460879087448120117e-01
2.596602141857147217e-01
1.733068376779556274e-01
2.144292928278446198e-02
2.386014163494110107e-01
4.942197203636169434e-01
5.152397155761718750e-01
7.374586164951324463e-02
4.230354353785514832e-02
3.659920990467071533e-01
3.992925882339477539e-01
2.452697992324829102e+00
1.516984999179840088e-01
0.000000000000000000e+00
7.609767317771911621e-01
4.361973106861114502e-01
3.341693580150604248e-01
1.196871511638164520e-02
4.882164895534515381e-01
1.051974371075630188e-01
1.385620683431625366e-01
1.468543171882629395e+00
8.598123788833618164e-01
1.176361925899982452e-02
2.762316167354583740e-01
7.710836362093687057e-03
6.080267485231161118e-03
0.000000000000000000e+00
6.589646339416503906e-01
6.102181971073150635e-02
2.068338543176651001e-01
1.113617867231369019e-01
5.455411672592163086e-01
9.812275320291519165e-02
1.081151723861694336e+00
2.047031223773956299e-01
2.646122276782989502e-01
2.194793075323104858e-01
6.358255445957183838e-02
3.980775922536849976e-02
5.763028860092163086e-01
1.016824319958686829e-01
3.026663362979888916e-01
3.688774108886718750e-01
4.104191064834594727e-02
3.579322248697280884e-02
5.661438107490539551e-01
1.969271898269653320e+00
8.396161198616027832e-01
5.037928000092506409e-02
1.765625625848770142e-01
2.121694087982177734e-01
2.022464126348495483e-01
4.837442636489868164e-01
1.520353406667709351e-01
2.091768264770507812e+00
4.291923344135284424e-01
4.572278559207916260e-01
2.843347191810607910e-01
1.404319852590560913e-01
3.817477226257324219e-01
1.954582780599594116e-01
5.559005141258239746e-01
2.633326292037963867e+00
2.180838435888290405e-01
2.460663206875324249e-02
4.077527299523353577e-02
4.756168723106384277e-01
6.843061923980712891e+00
0.000000000000000000e+00
2.609028816223144531e-01
6.362366676330566406e-01
0.000000000000000000e+00
0.000000000000000000e+00
2.485364437103271484e+00
9.698476791381835938e-01
8.670778013765811920e-03
3.110471069812774658e-01
2.685213088989257812e-01
6.416290998458862305e-01
7.448335736989974976e-02
2.267816662788391113e-01
5.744165420532226562e+00
2.522224664688110352e+00
2.503519058227539062e-01
1.040037423372268677e-01
7.710643410682678223e-01
4.596588015556335449e-01
0.000000000000000000e+00
5.601866915822029114e-02
7.293680310249328613e-01
4.507450014352798462e-02
1.339601725339889526e-01
2.209065109491348267e-02
7.514485716819763184e-01
8.730713278055191040e-03
1.224578857421875000e+00
1.479844897985458374e-01
6.623373925685882568e-02
7.079037427902221680e-01
3.182037174701690674e-01
1.083721280097961426e+00
3.049652874469757080e-01
9.833106398582458496e-02
5.416722297668457031e-01
6.373936533927917480e-01
9.658326953649520874e-02
1.689215749502182007e-01
5.088810920715332031e-01
1.878560543060302734e+00
3.545329570770263672e-01
1.923610568046569824e-01
2.074922621250152588e-01
6.748270243406295776e-02
9.747588634490966797e-01
9.631443023681640625e-02
4.989770650863647461e-01
1.406837940216064453e+00
0.000000000000000000e+00
8.072895556688308716e-02
1.384242903441190720e-02
9.090499281883239746e-01
4.257290363311767578e-01
8.209244161844253540e-02
3.092936575412750244e-01
9.599526971578598022e-02
3.320057094097137451e-01
5.698305368423461914e-02
2.380979508161544800e-01
1.047339942306280136e-02
2.563883364200592041e-01
1.242238998413085938e+00
7.798378169536590576e-02
5.267539992928504944e-03
4.297269284725189209e-01
9.550102353096008301e-01
0.000000000000000000e+00
8.517961204051971436e-02
0.000000000000000000e+00
4.727269709110260010e-01
2.390463113784790039e+00
2.897696197032928467e-01
2.873233854770660400e-01
6.497648358345031738e-01
3.254643678665161133e-01
1.823291331529617310e-01
4.515770375728607178e-01
3.619201481342315674e-02
8.426736295223236084e-02
6.540997624397277832e-01
2.808106541633605957e-01
1.884769320487976074e+00
2.921379916369915009e-02
1.415611267089843750e+00
7.257337123155593872e-02
9.143060445785522461e-01
4.269495904445648193e-01
1.327590584754943848e+00
2.142771892249584198e-02
9.431025385856628418e-02
0.000000000000000000e+00
3.905211687088012695e+00
6.907955557107925415e-02
8.330875039100646973e-01
2.004473470151424408e-02
7.739045191556215286e-03
2.955737113952636719e-01
1.196797490119934082e-01
0.000000000000000000e+00
7.484591603279113770e-01
2.176422066986560822e-02
5.963075757026672363e-01
1.544183790683746338e-01
1.063881441950798035e-01
0.000000000000000000e+00
2.691906318068504333e-02
3.378781080245971680e+00
0.000000000000000000e+00
3.776046335697174072e-01
2.238437905907630920e-02
2.324285060167312622e-01
5.495341420173645020e-01
1.463116426020860672e-02
6.540395021438598633e-01
2.699100077152252197e-01
1.178608775138854980e+00
1.399056315422058105e-01
1.812255084514617920e-01
6.402102112770080566e-02
9.698248654603958130e-02
0.000000000000000000e+00
9.715714454650878906e-01
7.744266837835311890e-02
1.071255326271057129e+00
2.339981496334075928e-01
8.951171040534973145e-01
3.698289096355438232e-01
2.088815905153751373e-02
1.704355329275131226e-01
3.515727818012237549e-02
5.776672959327697754e-01
9.707006625831127167e-03
3.253311291337013245e-02
5.112822353839874268e-02
3.781768679618835449e-02
1.807500272989273071e-01
4.240416288375854492e-01
1.939092874526977539e-01
5.640708655118942261e-02
8.785370737314224243e-03
1.479232311248779297e-01
1.251405715942382812e+00
1.270115524530410767e-01
1.036675691604614258e+00
3.538393676280975342e-01
6.295703053474426270e-01
6.792280822992324829e-02
5.667641758918762207e-02
4.042001962661743164e-01
7.159727215766906738e-01
1.465766072273254395e+00
6.388254165649414062e-01
6.389918923377990723e-01
1.245513209141790867e-03
1.463288545608520508e+00
5.388122200965881348e-01
5.709147453308105469e-02
1.411547958850860596e-01
1.173775911331176758e+00
3.478833287954330444e-02
1.380000561475753784e-01
0.000000000000000000e+00
1.534857869148254395e+00
1.185412406921386719e+00
1.005591377615928650e-01
2.811959981918334961e-01
8.994564414024353027e-03
4.266075491905212402e-01
1.320254504680633545e-01
1.808290928602218628e-01
2.381595671176910400e-01
1.685530066490173340e+00
2.014456748962402344e+00
9.783062152564525604e-03
0.000000000000000000e+00
3.542663753032684326e-01
5.650275945663452148e-01
2.169402241706848145e-01
5.705068111419677734e-01
9.631325602531433105e-01
5.916851386427879333e-02
1.954086899757385254e+00
6.466061472892761230e-01
3.116412162780761719e-01
1.842044889926910400e-01
7.729969918727874756e-02
0.000000000000000000e+00
1.561542153358459473e+00
6.302478909492492676e-01
7.782623171806335449e-01
1.109050065279006958e-01
2.849125862121582031e-02
4.001008346676826477e-02
2.800418734550476074e-01
5.385047197341918945e-02
6.882598251104354858e-02
4.905521869659423828e-01
6.994692087173461914e-01
1.325238049030303955e-01
2.009732834994792938e-02
1.487002223730087280e-01
6.880009174346923828e-01
7.993307709693908691e-02
2.600331902503967285e-01
5.009816214442253113e-02
1.600254178047180176e+00
8.760429918766021729e-02
2.080656886100769043e-01
7.963813543319702148e-01
9.232117235660552979e-02
5.948176980018615723e-02
1.117615997791290283e-01
1.081284284591674805e-01
1.117602065205574036e-01
7.019963860511779785e-02
0.000000000000000000e+00
9.612426906824111938e-02
6.803634166717529297e-01
7.773110270500183105e-02
5.157683491706848145e-01
9.735681861639022827e-02
9.290636777877807617e-01
0.000000000000000000e+00
7.243382930755615234e-02
0.000000000000000000e+00
2.046702504158020020e-01
1.498183161020278931e-01
1.209282651543617249e-01
2.802000939846038818e-02
6.579346656799316406e-01
1.153995189815759659e-02
1.056343078613281250e+00
2.179562747478485107e-01
1.197199344635009766e+00
1.661458313465118408e-01
8.850519657135009766e-01
4.576024413108825684e-02
8.968079090118408203e-02
1.246874555945396423e-01
2.907136678695678711e-01
3.610070347785949707e-01
1.441688984632492065e-01
1.407371461391448975e-02
3.546664118766784668e-01
5.080866813659667969e-02
3.952374756336212158e-01
2.947480678558349609e-01
2.028255462646484375e-01
5.145964622497558594e-01
2.351092360913753510e-02
1.990420930087566376e-02
6.689519435167312622e-02
4.238109886646270752e-01
6.625413894653320312e-03
4.362441539764404297e+00
1.431570291519165039e+00
1.109497323632240295e-01
3.044597208499908447e-01
8.307215571403503418e-02
2.132907509803771973e-02
1.145896911621093750e+00
3.616247773170471191e-01
4.964218288660049438e-02
8.453636765480041504e-01
1.143557652831077576e-01
2.016734033823013306e-01
2.229785919189453125e-01
0.000000000000000000e+00
2.234905213117599487e-01
2.477671623229980469e+00
0.000000000000000000e+00
4.134357571601867676e-01
0.000000000000000000e+00
0.000000000000000000e+00
7.749067544937133789e-01
4.330950230360031128e-02
0.000000000000000000e+00
1.314396709203720093e-01
5.575154721736907959e-02
8.162955194711685181e-02
2.422924786806106567e-01
7.428627610206604004e-01
6.980508565902709961e-01
3.689232766628265381e-01
1.546625137329101562e+00
1.591714471578598022e-01
1.243051216006278992e-01
3.014887273311614990e-01
2.321427345275878906e+00
9.075347185134887695e-01
1.642609983682632446e-01
1.178457021713256836e+00
3.334672152996063232e-01
2.680366933345794678e-01
1.640248149633407593e-01
8.382627367973327637e-01
1.705368608236312866e-01
3.835132345557212830e-02
3.091835975646972656e-01
3.712360858917236328e-01
1.258334279060363770e+00
3.806976079940795898e-01
7.744920849800109863e-01
1.408560425043106079e-01
1.105763077735900879e+00
7.998902350664138794e-02
1.622150778770446777e+00
7.245101928710937500e-01
6.790291666984558105e-01
1.052194908261299133e-01
2.547249495983123779e-01
2.852870821952819824e-01
1.177722886204719543e-01
3.062982857227325439e-01
0.000000000000000000e+00
0.000000000000000000e+00
1.874440312385559082e-01
9.397280216217041016e-01
4.031072258949279785e-01
1.042881384491920471e-01
0.000000000000000000e+00
7.056692987680435181e-02
3.638745471835136414e-02
2.323871850967407227e-01
7.744708061218261719e-01
4.834648072719573975e-01
2.743635177612304688e-01
5.140489339828491211e-01
2.470872104167938232e-01
3.584017455577850342e-01
3.833288550376892090e-01
4.524092197418212891e+00
4.083131253719329834e-01
8.635810576379299164e-03
3.292161598801612854e-02
4.257656335830688477e-01
3.604435324668884277e-01
1.051165103912353516e+00
4.493559896945953369e-01
3.567142188549041748e-01
3.476582765579223633e-01
5.843569040298461914e-01
3.093789219856262207e-01
7.171548604965209961e-01
1.688099466264247894e-02
9.300269484519958496e-01
3.050782203674316406e+00
1.133867979049682617e+00
2.367871403694152832e-01
4.068894386291503906e-01
1.441101878881454468e-01
1.146483048796653748e-01
1.723726987838745117e+00
3.820662498474121094e-01
6.989735364913940430e-02
5.141517519950866699e-02
0.000000000000000000e+00
1.609755754470825195e-01
8.036962747573852539e-01
3.032752573490142822e-01
0.000000000000000000e+00
7.736140396445989609e-03
1.588333547115325928e-01
1.304328441619873047e-01
5.815079808235168457e-01
2.144943326711654663e-01
1.768218725919723511e-02
3.661211580038070679e-02
2.215080022811889648e+00
2.871163785457611084e-01
1.628262877464294434e+00
1.071360111236572266e+00
3.114736974239349365e-01
3.545722723007202148e+00
2.903378605842590332e-01
0.000000000000000000e+00
1.166793778538703918e-01
1.401384830474853516e+00
3.592400550842285156e-01
0.000000000000000000e+00
3.758900165557861328e-01
0.000000000000000000e+00
1.284102797508239746e+00
2.305326983332633972e-02
5.061473846435546875e-01
1.668747901916503906e+00
1.199813127517700195e+00
7.709424942731857300e-02
3.150519132614135742e-01
1.897730082273483276e-01
6.998100876808166504e-01
1.866901479661464691e-02
1.594445943832397461e+00
1.089196726679801941e-01
3.053618967533111572e-01
8.042407780885696411e-02
2.083511799573898315e-01
1.011174559593200684e+00
1.796238240785896778e-03
5.777354836463928223e-01
2.049145221710205078e+00
1.367569118738174438e-01
6.191492080688476562e-01
7.795751839876174927e-02
1.217671781778335571e-01
3.907343745231628418e-02
2.914948701858520508e+00
8.986987173557281494e-03
1.812983155250549316e-01
4.047053158283233643e-01
5.671724677085876465e-01
2.545997798442840576e-01
7.549691945314407349e-02
2.710155248641967773e+00
5.563412904739379883e-01
6.447885185480117798e-02
2.940921783447265625e-01
8.979419618844985962e-02
9.419865161180496216e-02
1.178662925958633423e-01
7.657912969589233398e-01
1.785219609737396240e-01
9.562340378761291504e-02
6.152924299240112305e-01
0.000000000000000000e+00
1.885308474302291870e-01
1.148568987846374512e-01
2.102511207340285182e-04
3.272618725895881653e-02
2.080560289323329926e-02
7.123313099145889282e-02
1.181955337524414062e-01
5.821364521980285645e-01
6.917200516909360886e-03
7.897479832172393799e-02
4.165542311966419220e-03
1.762494891881942749e-01
4.947008565068244934e-02
2.697382867336273193e-01
3.128094673156738281e-01
3.245059773325920105e-02
6.920301318168640137e-01
7.489959597587585449e-01
5.222551822662353516e-01
9.393727034330368042e-02
6.581158190965652466e-02
3.964770138263702393e-01
3.483452275395393372e-02
0.000000000000000000e+00
4.519804418087005615e-01
1.042988989502191544e-02
4.732641577720642090e-02
1.534645855426788330e-01
4.045231938362121582e-01
1.902896642684936523e+00
3.482124209403991699e-01
7.944411784410476685e-02
3.717654049396514893e-01
7.733264565467834473e-02
9.853271245956420898e-01
2.587785124778747559e-01
6.940729618072509766e-01
3.505750179290771484e+00
0.000000000000000000e+00
3.334638848900794983e-02
1.303584456443786621e+00
0.000000000000000000e+00
1.240250747650861740e-02
6.377516984939575195e-01
3.954988956451416016e+00
3.098543584346771240e-01
4.294040147215127945e-03
1.539563536643981934e-01
1.325540095567703247e-01
2.165821552276611328e+00
7.932380540296435356e-04
9.224582314491271973e-01
3.089160442352294922e+00
3.941164910793304443e-01
5.797958374023437500e-02
1.279648486524820328e-02
3.966844826936721802e-02
1.697430461645126343e-01
2.502252813428640366e-03
1.084862127900123596e-01
9.700524210929870605e-01
1.176439970731735229e-01
3.018029689788818359e+00
4.492810964584350586e-01
7.681052684783935547e-01
9.898730367422103882e-02
5.285567641258239746e-01
1.714863330125808716e-01
1.338178396224975586e+00
1.520460486412048340e+00
2.790506742894649506e-02
3.121823370456695557e-01
5.923639535903930664e-01
5.444321036338806152e-01
7.664893567562103271e-02
3.324499353766441345e-02
2.698718607425689697e-01
6.396657228469848633e-02
5.103654861450195312e-01
1.672845005989074707e+00
4.907272383570671082e-02
7.635221350938081741e-03
0.000000000000000000e+00
5.193516984581947327e-02
6.276237964630126953e-02
5.990313291549682617e-01
8.326956070959568024e-03
7.907054424285888672e-01
1.316649615764617920e-01
0.000000000000000000e+00
2.012027740478515625e+00
8.555171489715576172e-01
1.504497975111007690e-01
1.019803643226623535e+00
3.273273408412933350e-01
2.894824743270874023e-01
2.402652055025100708e-02
3.805502504110336304e-02
3.084398806095123291e-01
6.724137067794799805e-02
1.180338621139526367e+00
1.021863102912902832e+00
6.273284554481506348e-01
4.108373224735260010e-01
3.527474999427795410e-01
8.016339689493179321e-02
3.336116671562194824e-01
1.024110078811645508e+00
1.534812927246093750e+00
1.117558240890502930e+00
1.817506179213523865e-02
4.689284801483154297e+00
5.552615523338317871e-01
1.085671484470367432e-01
1.161868050694465637e-01
4.702659696340560913e-02
4.538779854774475098e-01
3.182114064693450928e-01
7.972714304924011230e-02
5.096723437309265137e-01
3.952116668224334717e-01
1.180435180664062500e+00
4.074214994907379150e-01
1.277978271245956421e-01
1.011120796203613281e+00
3.426268577575683594e+00
1.326007395982742310e-01
4.621908962726593018e-01
4.695919528603553772e-02
7.760189056396484375e+00
1.334801912307739258e-01
0.000000000000000000e+00
3.217770904302597046e-02
9.437663853168487549e-02
2.492256835103034973e-02
2.680065333843231201e-01
3.804216980934143066e-01
3.045581579208374023e-01
6.408578902482986450e-02
1.950449109077453613e+00
5.816303938627243042e-02
2.151686251163482666e-01
5.506091117858886719e-01
5.789853334426879883e-01
8.872052282094955444e-02
9.935703873634338379e-02
5.392910242080688477e-01
3.415717184543609619e-01
0.000000000000000000e+00
1.083550095558166504e+00
2.943437099456787109e-01
8.337165713310241699e-01
9.370189160108566284e-02
1.451163768768310547e+00
4.821119830012321472e-02
3.590197069570422173e-03
7.241740822792053223e-02
4.122686088085174561e-01
1.948740035295486450e-01
3.675654232501983643e-01
2.918656468391418457e-01
0.000000000000000000e+00
1.488081272691488266e-02
4.350090920925140381e-01
9.646855592727661133e-01
4.095193445682525635e-01
4.220648109912872314e-02
0.000000000000000000e+00
4.515314102172851562e-02
1.803225837647914886e-02
6.364110112190246582e-01
5.952360630035400391e-01
1.199879646301269531e+00
9.763897955417633057e-02
1.786644756793975830e-01
0.000000000000000000e+00
1.527296423912048340e+00
1.750315904617309570e+00
0.000000000000000000e+00
2.970687486231327057e-02
3.885762393474578857e-02
5.996428728103637695e-01
1.345678329467773438e+00
0.000000000000000000e+00
1.308485269546508789e+00
4.114250093698501587e-02
1.354903727769851685e-01
2.003863155841827393e-01
8.025982417166233063e-03
5.778204649686813354e-02
3.457852900028228760e-01
2.807274162769317627e-01
7.098167538642883301e-01
2.625515460968017578e-01
6.978526115417480469e-01
5.114547610282897949e-01
3.761775791645050049e-01
4.068558812141418457e-01
2.196322828531265259e-01
8.256809413433074951e-02
2.232838608324527740e-02
1.667566299438476562e-01
1.540125012397766113e-01
1.517619355581700802e-03
3.592147827148437500e-01
3.782058879733085632e-02
3.165166378021240234e-01
8.240974545478820801e-01
1.214614391326904297e+00
5.787387117743492126e-02
1.550039052963256836e+00
1.012729644775390625e+00
4.365430474281311035e-01
7.041541934013366699e-01
3.383550420403480530e-02
6.881968677043914795e-02
7.392374798655509949e-03
1.564083248376846313e-01
3.285756587982177734e+00
2.684962153434753418e-01
3.957193195819854736e-01
8.923552632331848145e-01
7.446057796478271484e-01
5.436843633651733398e-01
4.747086465358734131e-01
6.731448769569396973e-01
1.799278259277343750e-01
4.266435205936431885e-01
9.032782167196273804e-03
1.032177060842514038e-01
3.045228123664855957e-01
2.474790066480636597e-01
1.010050415992736816e+00
3.774085938930511475e-01
1.514397375285625458e-02
6.686418652534484863e-01
6.539740562438964844e-01
2.678334236145019531e+00
1.568484306335449219e+00
5.353149175643920898e-01
5.910772681236267090e-01
1.979273408651351929e-01
1.565230965614318848e+00
6.285577267408370972e-02
1.205364346504211426e+00
3.657759428024291992e-01
0.000000000000000000e+00
4.275722801685333252e-02
6.833962202072143555e-01
2.043049335479736328e+00
4.148351848125457764e-01
2.699802815914154053e-01
4.867037013173103333e-02
1.163924187421798706e-01
3.317157924175262451e-01
1.346021413803100586e+00
7.048650383949279785e-01
3.711526393890380859e-01
5.984039604663848877e-02
5.282691493630409241e-02
3.416774868965148926e-01
1.941756159067153931e-01
7.010541856288909912e-02
4.951249435544013977e-02
6.214558333158493042e-02
5.455420911312103271e-02
2.479288028553128242e-03
3.407746255397796631e-01
8.090059161186218262e-01
8.607165887951850891e-03
5.916029214859008789e-02
6.991305947303771973e-02
2.668602466583251953e-01
8.175388723611831665e-02
1.717769503593444824e-01
1.512428522109985352e-01
1.178857684135437012e-01
8.523300290107727051e-03
2.779464721679687500e-01
1.358624175190925598e-02
4.505198001861572266e-01
4.128762185573577881e-01
2.291596084833145142e-01
2.859851717948913574e-01
4.444077610969543457e-02
0.000000000000000000e+00
1.231702119112014771e-01
7.640597224235534668e-01
4.950353801250457764e-01
1.730267405509948730e-01
8.389263749122619629e-01
2.173856645822525024e-01
9.620858356356620789e-03
5.985182523727416992e-01
8.365924358367919922e-01
7.778270542621612549e-02
1.197827935218811035e+00
5.657542347908020020e-01
2.036684155464172363e-01
0.000000000000000000e+00
2.566084265708923340e-01
5.207030102610588074e-03
8.045592904090881348e-02
5.051934123039245605e-01
6.932462751865386963e-02
2.845987677574157715e-01
3.029754459857940674e-01
8.626013994216918945e-02
1.474013477563858032e-01
2.696734070777893066e-01
0.000000000000000000e+00
4.923971891403198242e-01
2.418177127838134766e+00
6.546844244003295898e-01
2.023768872022628784e-01
8.620532155036926270e-01
3.033721446990966797e-01
6.674038767814636230e-01
3.428882837295532227e+00
1.370339035987854004e+00
1.611568480730056763e-01
3.897979483008384705e-02
7.582733780145645142e-02
4.613684415817260742e-01
8.107205480337142944e-02
1.333155483007431030e-01
2.867245674133300781e-01
2.253498882055282593e-01
1.679542660713195801e-01
8.139739930629730225e-02
5.050330758094787598e-01
2.009653747081756592e-01
4.910050425678491592e-03
4.751219227910041809e-02
3.389011323451995850e-01
8.743766695261001587e-02
2.296202443540096283e-02
5.641978383064270020e-01
3.131300956010818481e-02
4.238316416740417480e-02
0.000000000000000000e+00
8.046485781669616699e-01
0.000000000000000000e+00
1.019735097885131836e+00
8.635759949684143066e-01
1.282150745391845703e+00
1.550600051879882812e+00
1.681571125984191895e+00
3.155453801155090332e-01
7.386215031147003174e-03
3.146107792854309082e-01
0.000000000000000000e+00
8.361466228961944580e-03
9.718593955039978027e-01
3.510842323303222656e-01
0.000000000000000000e+00
2.404544353485107422e+00
4.636463895440101624e-02
7.325108349323272705e-02
1.317198872566223145e-01
4.234753847122192383e-01
8.895775675773620605e-01
2.466189302504062653e-02
1.121509447693824768e-01
6.429581642150878906e-01
1.247985512018203735e-01
2.651001811027526855e-01
1.023671627044677734e+00
4.952664971351623535e-01
4.628261625766754150e-01
2.837530374526977539e-01
7.133942246437072754e-01
1.119812130928039551e+00
1.265466511249542236e-01
1.494489431381225586e+00
7.545544505119323730e-01
1.169371139258146286e-02
6.792271137237548828e-02
5.466824173927307129e-01
1.730399439111351967e-03
9.252762198448181152e-01
0.000000000000000000e+00
7.724378257989883423e-02
4.364401340484619141e+00
8.587918877601623535e-01
2.955217659473419189e-01
5.685261487960815430e-01
6.312610208988189697e-02
3.719758987426757812e-02
1.032310128211975098e-01
1.131100296974182129e+00
2.054993867874145508e+00
4.716356694698333740e-01
4.911824464797973633e-01
9.769921302795410156e-01
5.144536867737770081e-02
4.440560564398765564e-02
1.892616152763366699e+00
4.601061046123504639e-01
9.109636396169662476e-02
2.476204335689544678e-01
7.659092545509338379e-02
1.124291896820068359e+00
6.134833693504333496e-01
3.824824333190917969e+00
1.837125271558761597e-01
1.460762858390808105e+00
1.166696429252624512e+00
0.000000000000000000e+00
1.104837536811828613e+00
3.973872959613800049e-02
2.941986545920372009e-02
3.480307161808013916e-01
3.112315833568572998e-01
2.109810113906860352e-01
3.564234077930450439e-01
1.480092257261276245e-01
3.228501558303833008e+00
0.000000000000000000e+00
2.650602579116821289e+00
4.514561653137207031e+00
8.614532649517059326e-02
5.399793386459350586e-01
1.790315099060535431e-02
4.794526845216751099e-03
1.919956088066101074e+00
1.991679072380065918e-01
2.488721609115600586e-01
6.297761108726263046e-03
1.466561341658234596e-03
3.266050517559051514e-01
3.702369332313537598e-01
1.829531937837600708e-01
0.000000000000000000e+00
3.910152316093444824e-01
6.910940632224082947e-03
3.677945435047149658e-01
0.000000000000000000e+00
2.435785830020904541e-01
8.008003234863281250e-01
1.664716005325317383e-01
1.275685191154479980e+00
4.964782297611236572e-01
1.380593236535787582e-02
1.589487679302692413e-02
7.912287712097167969e-01
6.313409805297851562e-01
3.568689525127410889e-02
2.901615619659423828e+00
3.181531727313995361e-01
3.980689942836761475e-01
1.164401173591613770e+00
3.541727364063262939e-02
3.932184576988220215e-01
1.204459667205810547e+00
4.311163425445556641e-01
4.629441201686859131e-01
1.393077224493026733e-01
2.901995182037353516e-01
3.639403283596038818e-01
9.261348098516464233e-02
0.000000000000000000e+00
4.755230247974395752e-01
2.029269218444824219e+00
1.860727965831756592e-01
0.000000000000000000e+00
3.796698153018951416e-02
1.563243418931961060e-01
4.995479583740234375e-01
1.936379075050354004e-01
8.261472582817077637e-01
2.316113561391830444e-01
6.080169677734375000e-01
0.000000000000000000e+00
1.237737908959388733e-01
1.381336338818073273e-02
2.300663739442825317e-01
3.077027797698974609e-01
1.077481359243392944e-01
6.084559485316276550e-02
3.224827721714973450e-02
4.198668524622917175e-02
5.978761706501245499e-03
2.937562204897403717e-02
0.000000000000000000e+00
1.075879573822021484e+00
6.380724161863327026e-02
2.300973236560821533e-01
4.171900451183319092e-02
1.085162907838821411e-01
2.976007461547851562e-01
1.670516133308410645e-01
0.000000000000000000e+00
8.671396970748901367e-01
1.352153420448303223e-01
0.000000000000000000e+00
0.000000000000000000e+00
1.470715522766113281e+00
2.096469849348068237e-01
0.000000000000000000e+00
9.576859474182128906e-01
0.000000000000000000e+00
7.348378896713256836e-01
7.163676619529724121e-02
1.570116728544235229e-01
5.405932426452636719e+00
6.712153553962707520e-01
3.424230813980102539e-01
3.554439544677734375e-02
5.695062875747680664e-01
2.713759541511535645e-01
3.624582886695861816e-01
1.332870483398437500e+00
4.833620488643646240e-01
0.000000000000000000e+00
1.755172200500965118e-02
2.655997276306152344e-01
5.779181793332099915e-02
2.261444807052612305e+00
0.000000000000000000e+00
1.173016964457929134e-03
1.283125281333923340e+00
1.039826393127441406e+00
4.174710512161254883e-01
1.095959901809692383e+00
5.275617837905883789e-01
9.075191020965576172e-01
2.931124925613403320e+00
1.023655176162719727e+00
1.969782412052154541e-01
2.433562092483043671e-02
0.000000000000000000e+00
9.146505594253540039e-02
5.283789709210395813e-02
1.682775653898715973e-02
2.108481228351593018e-01
4.667053520679473877e-01
0.000000000000000000e+00
1.468206197023391724e-01
3.671924471855163574e-01
7.627101242542266846e-02
1.985227614641189575e-01
9.596911072731018066e-01
3.455810248851776123e-02
1.698806532658636570e-03
3.058124184608459473e-01
2.058907300233840942e-01
6.492356956005096436e-02
3.032853901386260986e-01
4.295693397521972656e+00
8.087336272001266479e-02
1.370866596698760986e-01
1.194357752799987793e+00
6.495830416679382324e-02
1.467509031295776367e+00
3.469739556312561035e-01
6.904456615447998047e-01
1.295091509819030762e-01
2.259704172611236572e-01
3.371423184871673584e-01
1.912538707256317139e-02
4.157187938690185547e-01
1.277035117149353027e+00
4.446861743927001953e-01
3.504706919193267822e-01
4.108720421791076660e-01
1.556557565927505493e-01
2.932188510894775391e-01
6.986624002456665039e-02
8.474573493003845215e-03
1.358468383550643921e-01
1.829376578330993652e+00
2.915014028549194336e-01
1.235469937324523926e+00
2.345194369554519653e-01
5.439141392707824707e-01
1.454424500465393066e+00
4.823591411113739014e-01
7.192552685737609863e-01
3.556461632251739502e-01
4.499891996383666992e-01
1.168392598628997803e-02
5.172342658042907715e-01
2.048573493957519531e+00
4.420701265335083008e-01
2.497116476297378540e-02
4.514422416687011719e-01
1.939167529344558716e-01
4.398737251758575439e-01
4.432365894317626953e-01
2.158029794692993164e+00
8.061810582876205444e-02
5.019370913505554199e-01
1.804957538843154907e-01
0.000000000000000000e+00
1.621295958757400513e-01
1.327959150075912476e-01
1.388969570398330688e-01
3.010160446166992188e+00
1.587310671806335449e+00
7.267975211143493652e-01
8.326490521430969238e-01
1.024147868156433105e-01
5.520703271031379700e-02
2.163752019405364990e-01
3.951000273227691650e-01
2.191347926855087280e-01
2.459813505411148071e-01
4.833531677722930908e-01
4.655261933803558350e-01
7.176595926284790039e-01
9.937029480934143066e-01
8.044489026069641113e-01
3.143174350261688232e-01
4.184773564338684082e-01
5.553960800170898438e-04
2.249918133020401001e-01
0.000000000000000000e+00
3.932158946990966797e-01
4.771055188030004501e-03
2.014941126108169556e-01
0.000000000000000000e+00
4.699512422084808350e-01
3.337890803813934326e-01
2.429358363151550293e-01
7.600504755973815918e-01
8.431863784790039062e-01
1.293433904647827148e-01
3.088731169700622559e-01
7.833686470985412598e-02
1.377288818359375000e+00
5.138366222381591797e-01
5.738548636436462402e-01
4.212335348129272461e-01
3.640092611312866211e-01
8.567278273403644562e-03
5.714628100395202637e-01
2.292563766241073608e-02
1.519292742013931274e-01
1.300304234027862549e-01
0.000000000000000000e+00
8.164861202239990234e-01
6.541813910007476807e-02
1.170272529125213623e-01
1.143738776445388794e-01
1.200359910726547241e-01
2.134991735219955444e-01
2.096726179122924805e+00
2.153370678424835205e-01
0.000000000000000000e+00
3.305185139179229736e-01
4.021615907549858093e-02
8.262635022401809692e-02
8.468192219734191895e-01
1.017057418823242188e+00
5.976472422480583191e-02
8.514009714126586914e-01
2.885824255645275116e-02
4.061973467469215393e-02
5.268342047929763794e-02
1.980364471673965454e-01
5.797024071216583252e-02
3.483071625232696533e-01
0.000000000000000000e+00
8.955468982458114624e-02
4.357805550098419189e-01
0.000000000000000000e+00
1.852585673332214355e+00
2.054780006408691406e+00
1.321610927581787109e+00
9.340388327836990356e-02
3.883433938026428223e-01
7.512202020734548569e-03
3.397065699100494385e-01
1.151333823800086975e-01
1.237018778920173645e-02
5.175931453704833984e-01
4.343016445636749268e-01
1.170119270682334900e-01
9.106457233428955078e-02
1.172884926199913025e-01
8.334212899208068848e-01
2.240491658449172974e-01
4.279765188694000244e-01
4.685643613338470459e-01
2.260633260011672974e-01
7.224023342132568359e-02
2.775006592273712158e-01
1.083846688270568848e+00
1.033829674124717712e-01
4.479981362819671631e-01
3.085859119892120361e-01
1.587070673704147339e-01
5.449624061584472656e-01
0.000000000000000000e+00
6.113502979278564453e-01
5.462329387664794922e-01
1.025212407112121582e-01
2.028298936784267426e-02
1.863108396530151367e+00
7.486429810523986816e-02
1.158553123474121094e+00
2.274739742279052734e-01
1.865101456642150879e+00
8.768266998231410980e-03
7.040018588304519653e-02
6.114400029182434082e-01
4.143787324428558350e-01
2.200780153274536133e+00
2.809332907199859619e-01
8.347996473312377930e-01
9.271608293056488037e-02
1.354295909404754639e-01
1.283725500106811523e+00
4.250175133347511292e-02
4.976142570376396179e-02
4.542678594589233398e-01
3.626054525375366211e-02
0.000000000000000000e+00
0.000000000000000000e+00
1.986544430255889893e-01
1.739567667245864868e-01
9.404755383729934692e-02
1.387016296386718750e+00
7.058126330375671387e-01
1.598995551466941833e-02
1.113840579986572266e+00
4.783710539340972900e-01
7.024777680635452271e-02
1.055418327450752258e-01
4.587238132953643799e-01
1.934575885534286499e-01
1.867967128753662109e+00
2.001236200332641602e+00
1.361357867717742920e-01
0.000000000000000000e+00
2.051411271095275879e-01
0.000000000000000000e+00
2.671740651130676270e-01
2.032056823372840881e-02
3.090957738459110260e-02
0.000000000000000000e+00
3.072696365416049957e-02
1.044973492622375488e+00
1.742131561040878296e-01
2.366110384464263916e-01
4.274348020553588867e-01
2.027656435966491699e-01
1.493035554885864258e-01
0.000000000000000000e+00
2.367056131362915039e+00
7.483290880918502808e-02
3.427782952785491943e-01
0.000000000000000000e+00
0.000000000000000000e+00
1.556550502777099609e+00
6.947794929146766663e-03
4.894880056381225586e-01
1.347750145941972733e-02
1.461026631295681000e-02
5.306634679436683655e-02
2.310038357973098755e-01
1.399517774581909180e+00
1.272742897272109985e-01
1.444434840232133865e-02
3.837167918682098389e-01
5.308004021644592285e-01
1.587454378604888916e-01
1.130038592964410782e-02
0.000000000000000000e+00
1.845079958438873291e-01
2.236281931400299072e-01
5.946302413940429688e-02
5.195643901824951172e-01
4.896984398365020752e-01
3.276568949222564697e-01
3.031417429447174072e-01
0.000000000000000000e+00
1.331478953361511230e-01
1.887666583061218262e-01
7.517411112785339355e-01
1.508723478764295578e-02
7.860964536666870117e-01
1.379501540213823318e-02
1.837332606315612793e+00
5.027651414275169373e-02
0.000000000000000000e+00
1.646347641944885254e-01
8.066619932651519775e-02
2.537829875946044922e-01
9.424113035202026367e-01
3.033097386360168457e-01
4.356726109981536865e-01
1.453876346349716187e-01
1.989142149686813354e-01
1.613429635763168335e-01
2.101186990737915039e+00
1.838787496089935303e-01
4.053732752799987793e-01
1.131788939237594604e-01
7.387049496173858643e-03
3.759822845458984375e-01
4.854960143566131592e-01
1.763255596160888672e-01
2.143224924802780151e-01
3.172134160995483398e+00
5.283032059669494629e-01
2.012473195791244507e-01
9.838280677795410156e-01
2.025004148483276367e+00
3.641741275787353516e-01
2.350058853626251221e-01
6.137225627899169922e-01
6.466593146324157715e-01
6.377827525138854980e-01
2.285458613187074661e-03
1.281327903270721436e-01
2.332825213670730591e-01
1.485038548707962036e-01
2.334017455577850342e-01
1.348869316279888153e-02
7.531561851501464844e-01
1.333573579788208008e+00
4.419672787189483643e-01
3.860197663307189941e-01
1.788680404424667358e-01
3.727800846099853516e-01
6.019700765609741211e-01
3.178671896457672119e-01
1.480999290943145752e-01
3.163202106952667236e-01
8.654233813285827637e-01
1.286739557981491089e-01
3.890486806631088257e-02
5.557133555412292480e-01
2.132695674896240234e+00
2.558907568454742432e-01
0.000000000000000000e+00
3.231083154678344727e-01
1.758914738893508911e-01
1.756379753351211548e-02
2.984304130077362061e-01
3.136625587940216064e-01
5.474539995193481445e-01
1.433039903640747070e+00
5.015379935503005981e-02
9.007991850376129150e-02
2.650685310363769531e-01
2.071589976549148560e-01
2.861068248748779297e-01
0.000000000000000000e+00
4.243697822093963623e-01
2.298125177621841431e-01
7.615222334861755371e-01
9.887300431728363037e-02
6.745831370353698730e-01
2.114495038986206055e-01
2.058659307658672333e-02
3.337893486022949219e-01
5.494199693202972412e-03
1.452881544828414917e-01
0.000000000000000000e+00
3.694472089409828186e-02
2.621386647224426270e-01
1.136240288615226746e-01
3.596041798591613770e-01
5.784003436565399170e-02
2.143219709396362305e+00
8.458346724510192871e-01
2.283976823091506958e-01
4.394294619560241699e-01
1.867369376122951508e-02
2.611826956272125244e-01
3.502840697765350342e-01
5.190558433532714844e-01
1.126414909958839417e-01
2.839811146259307861e-01
8.073890805244445801e-01
1.070594713091850281e-01
2.964193820953369141e-01
9.482710957527160645e-01
7.842248678207397461e-02
1.417642980813980103e-01
8.351268172264099121e-01
3.222293138504028320e+00
1.359248459339141846e-01
3.295165896415710449e-01
3.887137174606323242e-01
2.888514995574951172e-01
7.758290171623229980e-01
7.704121470451354980e-01
5.843376517295837402e-01
2.058216929435729980e-01
7.724810242652893066e-01
5.378261208534240723e-01
1.117455601692199707e+00
1.340366899967193604e-01
1.510142832994461060e-01
1.119281426072120667e-01
3.524435311555862427e-02
1.173890531063079834e-01
9.094276428222656250e-01
9.305777549743652344e-01
1.140922665596008301e+00
1.391185998916625977e+00
0.000000000000000000e+00
1.034144163131713867e+00
1.094397455453872681e-01
9.948780387639999390e-02
0.000000000000000000e+00
1.650792956352233887e-01
3.394863307476043701e-01
1.375050991773605347e-01
1.605753973126411438e-02
1.401557564735412598e+00
7.417979836463928223e-01
1.086029171943664551e+00
9.060899913311004639e-02
4.330149590969085693e-01
8.650446683168411255e-02
2.731479108333587646e-01
1.885454803705215454e-01
2.787600755691528320e-01
1.260325551033020020e+00
3.312673091888427734e+00
5.930478125810623169e-02
6.005106568336486816e-01
1.438057422637939453e-01
5.197149515151977539e-01
8.122252183966338634e-04
3.942484557628631592e-01
2.047600038349628448e-02
1.038727462291717529e-01
3.118444681167602539e-01
8.330365270376205444e-02
3.170326948165893555e-01
2.022060379385948181e-02
1.916288375854492188e+00
1.942541122436523438e+00
4.493685066699981689e-02
3.807548061013221741e-02
7.200258970260620117e-02
1.621707379817962646e-01
4.046908020973205566e-02
1.830729007720947266e+00
2.193830460309982300e-01
9.862814098596572876e-02
2.517369017004966736e-02
2.045724689960479736e-01
2.864021658897399902e-01
9.023841619491577148e-01
9.346013665199279785e-01
3.212174475193023682e-01
9.784419834613800049e-02
5.188605785369873047e-01
6.677541136741638184e-01
3.273044526576995850e-01
7.548905909061431885e-02
5.437839403748512268e-02
0.000000000000000000e+00
1.083417981863021851e-01
2.376289606094360352e+00
3.538531959056854248e-01
1.097950935363769531e-01
1.893831044435501099e-01
1.029846310615539551e+00
7.642886638641357422e-01
3.255106806755065918e-01
0.000000000000000000e+00
1.218750476837158203e+00
3.706914186477661133e-01
2.829433381557464600e-01
1.456083804368972778e-01
0.000000000000000000e+00
1.626344919204711914e+00
5.327234268188476562e-01
2.050469219684600830e-01
2.386934459209442139e-01
2.278563976287841797e+00
6.988743692636489868e-02
3.016880750656127930e-01
5.572642087936401367e-01
9.656703472137451172e-01
0.000000000000000000e+00
2.077970951795578003e-01
1.785955578088760376e-01
2.997064888477325439e-01
1.002431847155094147e-02
4.032852128148078918e-02
2.896006405353546143e-01
1.767134177498519421e-03
1.419751048088073730e-01
4.804355204105377197e-01
2.128258533775806427e-02
7.971356511116027832e-01
4.067212045192718506e-01
7.309386879205703735e-02
3.162610828876495361e-01
2.910169772803783417e-02
5.238394141197204590e-01
5.938479304313659668e-02
6.919726729393005371e-02
7.369546592235565186e-02
0.000000000000000000e+00
8.540005236864089966e-02
1.860308460891246796e-03
5.687487125396728516e-01
1.244949027895927429e-01
1.674160063266754150e-01
1.550697088241577148e-01
0.000000000000000000e+00
6.078982353210449219e-02
3.607713803648948669e-02
3.630723059177398682e-02
5.594125390052795410e-02
1.248104646801948547e-01
1.674409866333007812e+00
1.147811021655797958e-02
9.251283109188079834e-02
6.472218036651611328e-01
5.308575034141540527e-01
6.448783725500106812e-02
1.410803675651550293e+00
8.849253654479980469e-01
0.000000000000000000e+00
2.450334578752517700e-01
3.392254933714866638e-02
6.068634614348411560e-02
1.066784933209419250e-01
3.504667878150939941e-01
2.756551504135131836e-01
1.528663933277130127e-01
2.252877950668334961e-01
7.996029220521450043e-03
1.650737822055816650e-01
3.629668056964874268e-01
5.976337790489196777e-01
5.259788632392883301e-01
8.237505555152893066e-01
9.772098064422607422e-02
3.459800481796264648e-01
5.407419055700302124e-02
3.961744010448455811e-01
1.567927122116088867e+00
1.069355234503746033e-01
2.083861641585826874e-02
2.351287901401519775e-01
4.905452430248260498e-01
5.831038206815719604e-02
1.118990927934646606e-01
9.399536848068237305e-01
1.055438145995140076e-01
1.282429993152618408e-01
1.333869178779423237e-03
1.395199894905090332e-01
2.348450422286987305e-01
0.000000000000000000e+00
8.731184005737304688e-01
3.869216740131378174e-01
8.652871847152709961e-01
2.224255539476871490e-02
5.483262357302010059e-04
2.423381991684436798e-02
1.508240938186645508e+00
1.094259738922119141e+00
3.211606442928314209e-01
4.230483770370483398e-01
0.000000000000000000e+00
5.309424400329589844e-01
1.534390002489089966e-01
3.954542800784111023e-02
6.957146525382995605e-01
2.106395661830902100e-01
1.854263544082641602e-01
6.990214586257934570e-01
4.681960940361022949e-01
3.425623178482055664e-01
5.388379693031311035e-01
6.781313568353652954e-02
2.015854120254516602e-01
5.612280368804931641e-01
1.125835105776786804e-01
1.435701400041580200e-01
1.855002492666244507e-01
1.083560511469841003e-01
7.738041877746582031e-01
4.102697849273681641e+00
5.716034770011901855e-01
3.933841362595558167e-02
1.064875647425651550e-01
6.139437481760978699e-02
1.304432511329650879e+00
0.000000000000000000e+00
3.568997383117675781e-01
1.473359704017639160e+00
5.665936470031738281e-01
7.623052000999450684e-01
5.419990420341491699e-02
1.727668881416320801e+00
1.592519581317901611e-01
1.623346358537673950e-01
3.455332247540354729e-03
5.275879055261611938e-02
3.932540714740753174e-01
3.784615993499755859e-01
1.436987370252609253e-01
1.666145920753479004e-01
1.386402100324630737e-01
8.110859394073486328e-01
5.314018726348876953e-01
3.107464909553527832e-01
9.747537225484848022e-02
1.446598172187805176e-01
8.946826308965682983e-02
1.411994457244873047e+00
1.851095110177993774e-01
9.065908938646316528e-02
1.953787505626678467e-01
0.000000000000000000e+00
4.284941032528877258e-02
5.314979236572980881e-03
8.477252558805048466e-04
0.000000000000000000e+00
7.399792075157165527e-01
1.562265753746032715e-01
8.839838951826095581e-02
7.729933410882949829e-02
2.974069714546203613e-01
1.751730442047119141e+00
1.157201826572418213e-01
3.177137672901153564e-01
3.179737925529479980e-01
3.118961490690708160e-02
8.175549507141113281e-01
1.435744613409042358e-01
1.643107831478118896e-01
1.136095672845840454e-01
5.098043084144592285e-01
1.207873940467834473e+00
1.072203740477561951e-01
1.623307466506958008e-01
0.000000000000000000e+00
3.840727806091308594e-01
8.499493002891540527e-01
1.570191025733947754e+00
2.392269670963287354e-02
7.437448017299175262e-03
2.603493034839630127e-01
4.759905859827995300e-02
4.381383657455444336e-01
3.773257136344909668e-01
3.013241887092590332e-01
3.014428317546844482e-01
1.001271829009056091e-01
2.050567120313644409e-01
4.194734394550323486e-01
1.170939058065414429e-01
1.903289854526519775e-01
2.442442625761032104e-02
3.517437875270843506e-01
7.590939849615097046e-02
5.952877402305603027e-01
7.917647808790206909e-02
3.859388828277587891e-02
2.873789668083190918e-01
5.923950672149658203e-01
1.358623355627059937e-01
1.688053905963897705e-01
5.938019156455993652e-01
3.111953139305114746e-01
1.377468943595886230e+00
0.000000000000000000e+00
1.659090518951416016e-01
7.539501786231994629e-01
5.412167310714721680e-01
8.556395024061203003e-02
4.495948553085327148e-02
1.067837886512279510e-02
3.172842264175415039e-01
4.167746007442474365e-02
0.000000000000000000e+00
6.598314046859741211e-01
1.147835731506347656e+00
1.625476479530334473e-01
6.655289325863122940e-03
3.479898214340209961e+00
1.059870243072509766e+00
3.813437744975090027e-02
4.262392818927764893e-01
2.416743040084838867e-01
1.977069973945617676e-01
4.108212590217590332e-01
6.026054620742797852e-01
2.127016484737396240e-01
1.128720521926879883e+00
2.187155745923519135e-02
3.976863920688629150e-01
2.575700283050537109e-01
4.992906153202056885e-01
1.498621609061956406e-02
0.000000000000000000e+00
4.560957252979278564e-01
1.305212378501892090e-01
2.530091106891632080e-01
8.583884686231613159e-02
4.209093749523162842e-01
3.746595978736877441e-01
1.320078223943710327e-02
5.217821598052978516e-01
3.643501400947570801e-01
4.584043920040130615e-01
3.306271731853485107e-01
3.919501788914203644e-03
2.982137918472290039e+00
2.999097108840942383e-01
6.053481251001358032e-02
3.574987053871154785e-01
0.000000000000000000e+00
3.542299149557948112e-03
1.836100667715072632e-01
3.719489574432373047e-01
1.051541939377784729e-01
6.574175506830215454e-02
2.153496026992797852e+00
3.749769553542137146e-02
2.061540260910987854e-02
1.603463888168334961e+00
6.967638134956359863e-01
1.051567435264587402e+00
1.279278755187988281e+00
2.410009622573852539e+00
6.063523516058921814e-02
1.958961933851242065e-01
0.000000000000000000e+00
5.696755647659301758e-01
1.081575453281402588e-01
7.472945451736450195e-01
5.666111782193183899e-02
3.227509856224060059e-01
4.841992557048797607e-01
7.263920307159423828e-01
3.771374702453613281e+00
0.000000000000000000e+00
1.068893447518348694e-01
1.120118379592895508e+00
1.308998279273509979e-02
2.032283544540405273e-01
9.671470522880554199e-01
2.332463264465332031e+00
1.442527890205383301e+00
2.154437154531478882e-01
4.652083218097686768e-01
1.327347904443740845e-01
2.842085957527160645e-01
1.464011669158935547e+00
1.156779676675796509e-01
1.512490808963775635e-01
5.586175620555877686e-02
2.009859532117843628e-01
5.192764848470687866e-02
2.990076839923858643e-01
6.168353557586669922e-01
3.496723651885986328e+00
0.000000000000000000e+00
5.993466377258300781e-01
4.278831928968429565e-02
1.532682180404663086e-01
1.486181616783142090e-01
0.000000000000000000e+00
1.411494255065917969e+00
2.023749798536300659e-01
9.098813682794570923e-02
4.028226062655448914e-02
1.176638722419738770e+00
6.261363625526428223e-01
2.118249833583831787e-01
2.192843146622180939e-02
1.064452901482582092e-01
3.027287423610687256e-01
1.828276395797729492e+00
5.688908696174621582e-02
4.435440897941589355e-02
7.999189496040344238e-01
6.072026863694190979e-02
6.814396940171718597e-03
8.096766471862792969e-01
0.000000000000000000e+00
7.965393662452697754e-01
1.230111420154571533e-01
6.075279712677001953e-01
1.317783445119857788e-01
2.292795181274414062e+00
4.167670309543609619e-01
7.467216998338699341e-02
7.784562110900878906e-01
1.769493222236633301e-01
2.806057333946228027e-01
1.320992350578308105e+00
5.125603079795837402e-01
5.277391672134399414e-01
0.000000000000000000e+00
2.045942544937133789e+00
1.493681408464908600e-02
9.717383384704589844e-01
9.527841955423355103e-02
6.025293096899986267e-02
7.979717850685119629e-02
8.411677926778793335e-02
4.098039865493774414e-01
2.046349644660949707e-02
7.508138418197631836e-01
4.576758146286010742e-01
1.898124068975448608e-01
0.000000000000000000e+00
1.199578762054443359e+00
4.972007274627685547e-01
1.126381605863571167e-01
1.112473607063293457e+00
1.228007301688194275e-01
1.653875112533569336e-01
3.544803559780120850e-01
2.864007055759429932e-01
0.000000000000000000e+00
0.000000000000000000e+00
7.705461233854293823e-03
6.335110068321228027e-01
1.726291775703430176e-01
2.845761179924011230e-01
1.130864024162292480e+00
7.335411906242370605e-01
7.982986569404602051e-01
2.350706011056900024e-01
1.287298947572708130e-01
3.222223371267318726e-02
1.397411584854125977e+00
4.809783101081848145e-01
1.894669085741043091e-01
8.535611629486083984e-02
1.031091332435607910e+00
2.056422948837280273e+00
8.168409019708633423e-02
4.179172217845916748e-01
4.909604787826538086e-01
4.063819721341133118e-02
0.000000000000000000e+00
7.011598441749811172e-03
8.335462212562561035e-02
2.921835184097290039e-01
0.000000000000000000e+00
4.097769036889076233e-02
2.490724474191665649e-01
4.362145364284515381e-01
2.318194806575775146e-01
0.000000000000000000e+00
3.794846683740615845e-02
1.121505908668041229e-02
3.332846164703369141e+00
1.438717097043991089e-01
1.738916993141174316e+00
7.735427021980285645e-01
5.177477374672889709e-02
6.224444508552551270e-01
1.430356979370117188e+00
2.838561534881591797e-01
1.807309985160827637e+00
1.647308468818664551e+00
8.355351686477661133e-01
2.818814039230346680e+00
1.587332487106323242e-01
8.787549100816249847e-03
4.390780329704284668e-01
1.950205445289611816e+00
2.320185452699661255e-01
1.210766315460205078e+00
1.709029197692871094e+00
1.368841808289289474e-02
1.303301900625228882e-01
2.812178134918212891e-01
4.694642126560211182e-01
4.207617789506912231e-02
9.003109484910964966e-02
1.068493537604808807e-02
7.395970225334167480e-01
1.072805672883987427e-01
3.730238601565361023e-02
1.744974851608276367e-01
1.771038770675659180e+00
3.666276633739471436e-01
3.836668282747268677e-02
1.317834019660949707e+00
1.053325682878494263e-01
1.920361280441284180e+00
3.663639537990093231e-03
1.219683233648538589e-02
1.958107471466064453e+00
4.817572236061096191e-01
3.083732128143310547e-01
2.938935458660125732e-01
0.000000000000000000e+00
1.825782954692840576e-01
0.000000000000000000e+00
5.542050004005432129e-01
4.450141787528991699e-01
1.902389079332351685e-01
8.370930701494216919e-02
5.633599162101745605e-01
2.593255043029785156e-01
0.000000000000000000e+00
3.324508666992187500e-01
1.701519489288330078e-01
9.075568318367004395e-01
8.555196225643157959e-02
3.177579045295715332e-01
4.729163274168968201e-02
1.133624464273452759e-01
1.543371565639972687e-02
2.426298111677169800e-01
7.438656687736511230e-02
1.262212038040161133e+00
1.991796851158142090e+00
5.394140481948852539e-01
8.973128795623779297e-01
3.919229805469512939e-01
7.355749607086181641e-02
7.326054573059082031e-01
1.468694508075714111e-01
4.797248840332031250e-01
0.000000000000000000e+00
0.000000000000000000e+00
7.711081504821777344e-01
1.651779115200042725e-01
9.409393668174743652e-01
6.997650861740112305e-02
3.449498442932963371e-03
9.511177241802215576e-02
1.378992199897766113e-01
9.933789372444152832e-01
0.000000000000000000e+00
2.144587226212024689e-02
4.700124636292457581e-02
0.000000000000000000e+00
1.736999511718750000e+00
1.648001194000244141e+00
1.083079911768436432e-02
1.135587096214294434e+00
1.855648875236511230e+00
6.562553346157073975e-02
1.918446183204650879e+00
1.127521544694900513e-01
1.202916264533996582e+00
1.373776197433471680e+00
4.095563292503356934e-02
6.455537676811218262e-01
0.000000000000000000e+00
2.494321316480636597e-01
1.320759207010269165e-01
1.212511658668518066e+00
1.213627934455871582e+00
2.672716379165649414e-01
4.779093712568283081e-02
5.230861902236938477e-01
2.093572765588760376e-01
5.888554733246564865e-03
6.419799327850341797e-01
6.765326857566833496e-02
1.446093916893005371e-01
2.409470267593860626e-03
4.188795387744903564e-01
4.582191109657287598e-01
8.951704949140548706e-02
2.926312983036041260e-01
2.542301416397094727e-01
3.903799951076507568e-01
5.283430218696594238e-01
1.128982231020927429e-01
2.127043962478637695e+00
1.661808609962463379e+00
9.836924076080322266e-01
3.789860606193542480e-01
4.349685907363891602e-01
6.980402767658233643e-02
9.607899002730846405e-03
1.978164762258529663e-01
8.948256075382232666e-02
0.000000000000000000e+00
5.549281835556030273e-01
7.938368916511535645e-01
3.727633953094482422e-01
2.585563182830810547e+00
1.239148855209350586e+00
1.674684286117553711e-01
5.234133824706077576e-02
6.150624752044677734e-01
4.838304128497838974e-03
1.265445500612258911e-01
3.385358303785324097e-02
6.024757027626037598e-01
