6.726053953170776367e-01
0.000000000000000000e+00
3.294136524200439453e-01
2.970950901508331299e-01
1.992700099945068359e-01
1.572918891906738281e-01
6.152885500341653824e-03
0.000000000000000000e+00
8.819825947284698486e-02
7.292715460062026978e-02
2.929929256439208984e+00
1.023273825645446777e+00
9.397038221359252930e-01
6.725535392761230469e-01
5.955259203910827637e-01
8.235600590705871582e-02
0.000000000000000000e+00
9.221643805503845215e-01
1.940049052238464355e+00
0.000000000000000000e+00
5.082058310508728027e-01
3.364035189151763916e-01
1.379296422004699707e+00
3.565558195114135742e-01
3.224100510124117136e-04
2.314441055059432983e-01
1.013732075691223145e+00
2.504361271858215332e-01
1.486643910408020020e+00
0.000000000000000000e+00
1.348754167556762695e-01
1.474945425987243652e+00
7.840667665004730225e-02
9.379090368747711182e-02
9.664002060890197754e-02
3.132678940892219543e-02
4.056905508041381836e-01
1.180837750434875488e+00
3.655166923999786377e-02
3.657198697328567505e-02
0.000000000000000000e+00
1.634481921792030334e-02
6.762893870472908020e-03
4.897154285572469234e-04
1.073162198066711426e+00
0.000000000000000000e+00
1.472559928894042969e+00
5.934051424264907837e-02
3.388877958059310913e-02
6.413558125495910645e-01
7.955247759819030762e-01
1.483372896909713745e-01
4.911529645323753357e-02
2.424187958240509033e-01
8.358914852142333984e-01
2.768603898584842682e-02
1.076323837041854858e-01
0.000000000000000000e+00
0.000000000000000000e+00
1.293915417045354843e-02
3.546006381511688232e-01
2.962760068476200104e-02
0.000000000000000000e+00
7.819844484329223633e-01
4.549737274646759033e-01
1.576696038246154785e-01
0.000000000000000000e+00
7.271133661270141602e-01
0.000000000000000000e+00
6.877408623695373535e-01
8.134968280792236328e-01
4.686535801738500595e-03
5.636703372001647949e-01
1.072891429066658020e-02
9.731492996215820312e-01
5.383051186800003052e-02
0.000000000000000000e+00
6.322965621948242188e-01
5.189661383628845215e-01
2.935184240341186523e-01
4.357907548546791077e-02
9.184592217206954956e-02
2.484497129917144775e-01
2.596811950206756592e-01
3.663275018334388733e-02
4.860651493072509766e-01
1.604876220226287842e-01
4.035521447658538818e-01
1.415230631828308105e+00
1.325670629739761353e-01
9.804801940917968750e-01
6.647046208381652832e-01
1.748131401836872101e-02
3.530626418069005013e-03
1.038784440606832504e-02
8.773959279060363770e-01
5.379836261272430420e-02
6.210092306137084961e-01
1.513203620910644531e+00
8.654011785984039307e-02
0.000000000000000000e+00
1.047820568084716797e+00
9.693961590528488159e-02
2.431284904479980469e+00
4.872900843620300293e-01
0.000000000000000000e+00
1.569773912429809570e+00
9.586010128259658813e-02
3.952836096286773682e-01
6.747924089431762695e-01
1.038234472274780273e+00
2.758529782295227051e-01
3.587736561894416809e-02
9.187376499176025391e-02
3.006482720375061035e-01
4.368757903575897217e-01
2.580709159374237061e-01
8.393120765686035156e-01
1.514396518468856812e-01
8.143215775489807129e-01
1.047223359346389771e-01
0.000000000000000000e+00
8.736313581466674805e-01
9.362615346908569336e-01
2.282271862030029297e+00
7.325699180364608765e-02
7.165379524230957031e-01
3.197349309921264648e-01
4.322273284196853638e-02
2.255769670009613037e-01
1.914461553096771240e-01
2.721046470105648041e-02
6.324546337127685547e-01
0.000000000000000000e+00
0.000000000000000000e+00
3.202376887202262878e-02
4.118249714374542236e-01
0.000000000000000000e+00
5.286859348416328430e-02
3.852074146270751953e-01
1.247235655784606934e+00
3.935886546969413757e-02
4.167409241199493408e-02
8.811793327331542969e-01
8.132584393024444580e-03
1.012062788009643555e+00
9.518711268901824951e-02
1.959991902112960815e-01
9.534969925880432129e-02
9.962352365255355835e-02
2.861047267913818359e+00
4.045762419700622559e-01
3.260555863380432129e-02
6.677384674549102783e-02
4.128413274884223938e-02
5.789412856101989746e-01
1.810246944427490234e+00
6.143592298030853271e-02
3.214358985424041748e-01
0.000000000000000000e+00
1.261115193367004395e+00
0.000000000000000000e+00
3.681918978691101074e-01
1.929185688495635986e-01
3.277838826179504395e-01
2.111642807722091675e-01
5.916780326515436172e-03
7.077991031110286713e-04
8.201580643653869629e-01
1.658582128584384918e-02
2.130744755268096924e-01
0.000000000000000000e+00
7.621881365776062012e-01
4.909284114837646484e-01
0.000000000000000000e+00
3.430650532245635986e-01
1.047555208206176758e+00
8.393299579620361328e-01
2.996556577272713184e-04
1.013546824455261230e+00
7.003842592239379883e-01
0.000000000000000000e+00
4.807499423623085022e-02
2.933117151260375977e-01
3.351932168006896973e-01
1.338607370853424072e-01
4.298010468482971191e-02
1.605598628520965576e-01
2.192278765141963959e-02
3.806190192699432373e-02
2.183901518583297729e-01
1.072931408882141113e+00
1.244969442486763000e-01
5.005384683609008789e-01
8.502349257469177246e-03
6.414240598678588867e-01
1.136926889419555664e+00
5.374470710754394531e+00
7.019775509834289551e-01
5.993814468383789062e-01
1.938612341880798340e+00
0.000000000000000000e+00
1.983004249632358551e-02
6.371634602546691895e-01
1.205745339393615723e-01
2.933913469314575195e-01
1.048968911170959473e+00
2.370982058346271515e-02
2.784373164176940918e-01
7.365212440490722656e-01
2.315539121627807617e-01
1.407999753952026367e+00
3.405602648854255676e-03
2.684889137744903564e-01
9.051528573036193848e-02
9.669261425733566284e-02
1.371160000562667847e-01
9.384490549564361572e-03
2.193227112293243408e-01
8.746531009674072266e-01
0.000000000000000000e+00
0.000000000000000000e+00
3.442268371582031250e-01
7.659069448709487915e-02
2.106033964082598686e-03
1.250594854354858398e-01
2.187426805496215820e+00
3.893474116921424866e-02
9.945267438888549805e-02
8.066522479057312012e-01
0.000000000000000000e+00
3.863397240638732910e-01
1.493739783763885498e-01
1.597109884023666382e-01
1.780474334955215454e-01
2.912243306636810303e-01
5.740444660186767578e-01
7.348204851150512695e-01
1.182610634714365005e-02
4.650930166244506836e-01
1.532330960035324097e-01
1.428112149238586426e+00
2.553521990776062012e-01
5.595819279551506042e-02
9.171126037836074829e-02
3.106088638305664062e-01
8.128166198730468750e-03
1.413911581039428711e-01
5.138264298439025879e-01
2.687274217605590820e+00
2.027344703674316406e-02
3.812308190390467644e-03
1.269462145864963531e-02
3.148282170295715332e-01
1.130533933639526367e+00
6.957081556320190430e-01
1.786186993122100830e-01
2.207981795072555542e-01
1.017606481909751892e-01
4.826711118221282959e-02
4.583095610141754150e-01
0.000000000000000000e+00
4.095055162906646729e-02
8.030198812484741211e-01
1.775336563587188721e-01
2.386473864316940308e-02
3.172713797539472580e-03
5.490756407380104065e-02
0.000000000000000000e+00
1.526391226798295975e-02
0.000000000000000000e+00
2.102335393428802490e-01
1.184046640992164612e-01
5.907685309648513794e-02
1.735190898180007935e-01
5.721464008092880249e-02
4.238981008529663086e-02
1.958561539649963379e+00
7.759414315223693848e-01
7.042382955551147461e-01
8.037316203117370605e-01
2.843300253152847290e-02
2.328749895095825195e+00
4.087378978729248047e-01
6.902601569890975952e-02
3.599251434206962585e-02
7.384000420570373535e-01
0.000000000000000000e+00
3.443111181259155273e-01
1.616588830947875977e-01
0.000000000000000000e+00
9.053215617313981056e-04
2.887660637497901917e-02
5.386005640029907227e-01
8.585602045059204102e-02
6.792392134666442871e-01
9.741643071174621582e-01
7.155526876449584961e-01
8.418396860361099243e-02
6.355469226837158203e-01
1.528758406639099121e-01
1.268702745437622070e-01
1.328582763671875000e+00
8.608014322817325592e-03
2.349026314914226532e-02
2.011834383010864258e-01
6.145286560058593750e-02
0.000000000000000000e+00
1.075659529305994511e-03
2.645309686660766602e+00
0.000000000000000000e+00
9.627739191055297852e-01
1.287310957908630371e+00
4.085617542266845703e+00
1.059062927961349487e-01
6.106687784194946289e-01
3.772886842489242554e-02
3.086237311363220215e-01
5.326467752456665039e-02
0.000000000000000000e+00
7.265460491180419922e-02
3.207591176033020020e-02
3.191137015819549561e-01
1.486622691154479980e-01
9.959569573402404785e-02
3.912759125232696533e-01
5.217182263731956482e-02
0.000000000000000000e+00
1.049911260604858398e+00
7.706041932106018066e-01
2.363221347332000732e-02
5.806929245591163635e-02
1.330552250146865845e-01
2.237285673618316650e-01
0.000000000000000000e+00
7.564681768417358398e-01
1.366351991891860962e-01
0.000000000000000000e+00
9.839658141136169434e-01
2.590975761413574219e-01
1.420112252235412598e+00
0.000000000000000000e+00
3.477704524993896484e-01
5.450024083256721497e-02
2.571064047515392303e-02
6.234789267182350159e-03
3.455273061990737915e-02
3.867452442646026611e-01
4.144061356782913208e-02
8.579930290579795837e-04
4.148328006267547607e-01
2.225321077276021242e-05
1.437067054212093353e-02
0.000000000000000000e+00
8.700932562351226807e-02
4.531430080533027649e-02
3.089739382266998291e-01
6.043637394905090332e-01
9.914441965520381927e-03
1.483994722366333008e-01
1.080253496766090393e-01
5.790339708328247070e-01
3.445775508880615234e-01
8.485487662255764008e-03
1.498263001441955566e+00
3.231442868709564209e-01
1.508404612541198730e-01
0.000000000000000000e+00
1.615338586270809174e-02
1.391943637281656265e-02
0.000000000000000000e+00
0.000000000000000000e+00
4.223290830850601196e-02
2.490058988332748413e-01
0.000000000000000000e+00
7.146888732910156250e+00
7.792797684669494629e-02
4.267809446901082993e-03
6.925192475318908691e-02
5.611065402626991272e-02
2.599974721670150757e-02
5.262895720079541206e-04
0.000000000000000000e+00
2.619490399956703186e-02
8.501057513058185577e-03
1.590022444725036621e+00
1.127660199999809265e-01
6.485062241554260254e-01
0.000000000000000000e+00
1.054595828056335449e+00
3.899399936199188232e-01
3.444107174873352051e-01
2.739440500736236572e-01
0.000000000000000000e+00
6.864949464797973633e-01
9.331822395324707031e+00
3.732558339834213257e-02
8.948814272880554199e-01
3.928570151329040527e-01
4.605457484722137451e-01
6.364299058914184570e-01
3.851403295993804932e-01
1.359366893768310547e+00
3.178615272045135498e-01
2.687122821807861328e-01
8.183715492486953735e-02
4.535919427871704102e-01
0.000000000000000000e+00
2.975600957870483398e-01
5.004199147224426270e-01
4.905348420143127441e-01
2.858384847640991211e+00
2.755503058433532715e-01
4.380218684673309326e-02
5.192934721708297729e-02
3.538023307919502258e-02
1.751638203859329224e-01
3.561148345470428467e-01
2.174850702285766602e-01
2.835628986358642578e-01
1.290213167667388916e-01
8.279488086700439453e-01
6.319534778594970703e-02
8.706036210060119629e-01
1.894359849393367767e-02
0.000000000000000000e+00
1.861671544611454010e-02
4.749728366732597351e-02
3.936989232897758484e-02
0.000000000000000000e+00
1.863375306129455566e+00
7.645894289016723633e-01
3.690494224429130554e-02
7.254445552825927734e-02
3.477742075920104980e-01
1.548617184162139893e-01
3.744563758373260498e-01
2.577949762344360352e-01
1.437245160341262817e-01
0.000000000000000000e+00
4.695111811161041260e-01
2.834849357604980469e-01
7.118588685989379883e-02
4.742618203163146973e-01
1.629412174224853516e-01
1.789832301437854767e-02
2.326713800430297852e-01
1.132370471954345703e+00
6.153600215911865234e-01
2.127183414995670319e-02
4.373379983007907867e-03
2.053737454116344452e-02
2.593522071838378906e+00
1.353941708803176880e-01
6.046113967895507812e-01
4.101608693599700928e-01
3.624193370342254639e-02
0.000000000000000000e+00
4.916567802429199219e-01
1.256609242409467697e-02
1.127522468566894531e+00
9.948531389236450195e-01
1.098759355954825878e-03
4.307122230529785156e-01
3.220285177230834961e-01
4.709377884864807129e-02
4.424200356006622314e-01
8.443044424057006836e-01
2.795505225658416748e-01
8.019293844699859619e-02
5.270377993583679199e-01
3.541041910648345947e-01
1.297103166580200195e-01
1.784851670265197754e+00
1.643173396587371826e-01
4.428833350539207458e-02
1.001577004790306091e-01
2.129638195037841797e-02
3.253325223922729492e-01
7.908394336700439453e-01
1.874500036239624023e+00
4.967015981674194336e-01
1.355122923851013184e+00
7.747622579336166382e-02
1.010647654533386230e+00
1.550041418522596359e-02
3.405708074569702148e-01
0.000000000000000000e+00
1.589948415756225586e+00
1.179504752159118652e+00
4.180348813533782959e-01
3.342067599296569824e-01
0.000000000000000000e+00
5.079839825630187988e-01
4.503689289093017578e+00
4.821898043155670166e-01
3.101874589920043945e-01
5.827981829643249512e-01
3.525522053241729736e-01
0.000000000000000000e+00
0.000000000000000000e+00
0.000000000000000000e+00
1.228550672531127930e+00
0.000000000000000000e+00
9.283871054649353027e-01
7.315897196531295776e-02
2.732168696820735931e-02
1.504192650318145752e-01
6.802445650100708008e-02
9.101161360740661621e-02
3.969827666878700256e-03
4.731762111186981201e-01
6.137153133749961853e-03
0.000000000000000000e+00
0.000000000000000000e+00
1.462981402873992920e-01
5.195450782775878906e-01
6.578915119171142578e-01
4.734469577670097351e-02
1.700939051806926727e-02
0.000000000000000000e+00
0.000000000000000000e+00
5.168260931968688965e-01
1.358277979306876659e-03
1.784888356924057007e-01
3.420820534229278564e-01
3.557813167572021484e-01
0.000000000000000000e+00
1.314196944236755371e+00
1.722876906394958496e+00
6.414515525102615356e-02
1.601661592721939087e-01
0.000000000000000000e+00
7.203871011734008789e-02
1.196408346295356750e-01
3.928031027317047119e-01
7.668727040290832520e-01
2.359770238399505615e-01
3.595921397209167480e-01
0.000000000000000000e+00
1.840537190437316895e+00
2.009523659944534302e-02
1.077127680182456970e-01
7.285973429679870605e-01
0.000000000000000000e+00
6.987662315368652344e-01
4.931242763996124268e-02
2.863717317581176758e+00
8.551923930644989014e-02
3.275493532419204712e-02
1.923568248748779297e-01
2.976081669330596924e-01
3.870864398777484894e-03
0.000000000000000000e+00
0.000000000000000000e+00
2.251829206943511963e-01
4.775457456707954407e-02
2.235273122787475586e-01
1.971073821187019348e-02
2.895931005477905273e-01
1.343705058097839355e-01
9.833521209657192230e-03
1.473335176706314087e-01
6.800208687782287598e-01
7.111042737960815430e-02
1.629746407270431519e-01
9.579347968101501465e-01
7.210247516632080078e-01
7.477500010281801224e-03
6.034595426172018051e-03
0.000000000000000000e+00
1.381022036075592041e-01
3.111878931522369385e-01
4.436329305171966553e-01
1.734374314546585083e-01
6.547160446643829346e-02
6.766103208065032959e-02
1.419263929128646851e-01
3.014965057373046875e+00
1.523484736680984497e-01
6.661812663078308105e-01
1.063293695449829102e+00
7.410489022731781006e-02
8.919740915298461914e-01
3.437516391277313232e-01
1.627582125365734100e-02
2.413230985403060913e-01
4.356298744678497314e-01
6.545102000236511230e-01
6.981292366981506348e-02
0.000000000000000000e+00
0.000000000000000000e+00
1.385051407851278782e-03
3.168391287326812744e-01
1.208997741341590881e-01
2.322056293487548828e-01
3.763986751437187195e-02
1.487687230110168457e-01
7.299421727657318115e-02
1.742240190505981445e-01
3.001655340194702148e+00
8.005065917968750000e-01
1.758627444505691528e-01
3.390098363161087036e-02
2.576899528503417969e-01
7.588887587189674377e-03
6.117082834243774414e-01
1.229888051748275757e-01
1.453678369522094727e+00
5.661771297454833984e-01
8.729076385498046875e-02
6.707418560981750488e-01
1.211584210395812988e-01
1.440919041633605957e-01
1.046973094344139099e-02
2.962996065616607666e-01
9.522847831249237061e-03
1.467437595129013062e-01
3.644936978816986084e-01
8.929343819618225098e-01
7.272406816482543945e-01
9.963074699044227600e-04
6.812235713005065918e-01
2.577075362205505371e-01
5.625194311141967773e-01
1.098160743713378906e+00
1.920229434967041016e+00
7.010529041290283203e-01
5.229876637458801270e-01
8.800780773162841797e-02
5.540031194686889648e-02
1.150036454200744629e+00
8.521492481231689453e-01
9.662724733352661133e-01
6.362515967339277267e-03
1.938421607017517090e+00
2.846266031265258789e-01
5.824653506278991699e-01
1.134010590612888336e-02
1.608615040779113770e+00
9.360225200653076172e-01
7.065613567829132080e-02
5.682952404022216797e-01
8.884344995021820068e-02
1.712802767753601074e+00
9.939687252044677734e-01
7.854523062705993652e-01
1.079975217580795288e-01
2.109460830688476562e-01
5.703746154904365540e-02
6.364522129297256470e-02
1.239147782325744629e-01
2.543730735778808594e-01
2.728117704391479492e-01
9.056225419044494629e-02
6.154668331146240234e-01
2.693336308002471924e-01
0.000000000000000000e+00
3.516601398587226868e-02
3.936801850795745850e-01
7.580155134201049805e-01
3.633977174758911133e-01
3.648040592670440674e-01
2.851983718574047089e-02
0.000000000000000000e+00
0.000000000000000000e+00
1.797742843627929688e-01
2.153762131929397583e-01
2.196312665939331055e+00
2.617976665496826172e+00
5.747195482254028320e-01
5.640872716903686523e-01
1.466914545744657516e-02
4.481035470962524414e-01
1.969363074749708176e-03
5.064871907234191895e-01
1.627365946769714355e+00
3.197077512741088867e-01
7.907386422157287598e-01
6.504083871841430664e-01
1.951838254928588867e+00
0.000000000000000000e+00
1.108476072549819946e-01
1.450147151947021484e+00
7.609703540802001953e-01
0.000000000000000000e+00
1.817591860890388489e-02
6.840845942497253418e-01
4.323563352227210999e-02
8.768071979284286499e-02
1.204898953437805176e-01
6.484191417694091797e-01
8.797321915626525879e-01
3.839922323822975159e-02
8.525512814521789551e-01
0.000000000000000000e+00
5.771631002426147461e-01
2.118947982788085938e+00
3.122639656066894531e-02
6.348540782928466797e-01
1.592836342751979828e-02
4.906605780124664307e-01
1.145448565483093262e+00
1.296155061572790146e-02
0.000000000000000000e+00
3.099868893623352051e-01
3.265587329864501953e+00
8.561807870864868164e-02
1.284838933497667313e-02
1.107718721032142639e-01
1.731713294982910156e+00
1.926994919776916504e-01
2.876420617103576660e-01
9.787139296531677246e-02
3.924885094165802002e-01
6.830990314483642578e-02
1.389421582221984863e+00
0.000000000000000000e+00
1.185378292575478554e-03
1.337005496025085449e-01
1.017131879925727844e-01
8.572859317064285278e-02
0.000000000000000000e+00
1.953689604997634888e-01
2.396446280181407928e-02
0.000000000000000000e+00
4.280074238777160645e-01
3.379212617874145508e-01
5.623868107795715332e-01
1.148322075605392456e-01
8.167413473129272461e-01
9.199297428131103516e-02
2.735989391803741455e-01
9.330374002456665039e-02
0.000000000000000000e+00
4.953088760375976562e+00
1.135921239852905273e+00
0.000000000000000000e+00
8.057073354721069336e-01
4.971982911229133606e-02
1.414466649293899536e-01
4.775074496865272522e-02
1.012652292847633362e-01
1.856285035610198975e-01
6.503850221633911133e-02
2.307388186454772949e-01
3.105900436639785767e-02
1.035362958908081055e+00
1.053423166275024414e+00
1.594552248716354370e-01
0.000000000000000000e+00
0.000000000000000000e+00
2.210202068090438843e-01
5.816847681999206543e-01
5.540066361427307129e-01
3.948909342288970947e-01
1.477315664291381836e+00
1.914319768548011780e-02
3.047173144295811653e-03
1.780478358268737793e-01
2.231099456548690796e-02
6.869972348213195801e-01
1.486255824565887451e-01
6.524743046611547470e-03
6.034457087516784668e-01
4.985388219356536865e-01
2.621801197528839111e-01
6.874442100524902344e-03
5.675267800688743591e-02
2.761341571807861328e+00
9.285331368446350098e-01
1.452853679656982422e-01
7.625956535339355469e-01
8.235181123018264771e-02
7.278060540556907654e-03
1.103951692581176758e+00
1.338698148727416992e+00
1.800374239683151245e-01
4.497124347835779190e-03
3.750062286853790283e-01
6.407060027122497559e-01
9.417495131492614746e-01
0.000000000000000000e+00
0.000000000000000000e+00
0.000000000000000000e+00
5.936962366104125977e-01
0.000000000000000000e+00
5.028902888298034668e-01
2.607013702392578125e+00
5.202101892791688442e-04
9.164600074291229248e-02
1.294766515493392944e-01
3.492003083229064941e-01
1.346209198236465454e-01
8.360124193131923676e-03
9.461917728185653687e-02
2.711958251893520355e-02
3.498562872409820557e-01
2.035280317068099976e-01
0.000000000000000000e+00
1.647226810455322266e-01
1.794105529785156250e+00
2.113013155758380890e-02
9.841710329055786133e-01
8.478370308876037598e-02
1.945083618164062500e+00
1.112422943115234375e-01
1.117662549018859863e+00
3.866825997829437256e-01
2.459420412778854370e-01
8.135235868394374847e-03
1.539756655693054199e-01
1.885714232921600342e-01
5.347601175308227539e-01
2.169124633073806763e-01
8.381141722202301025e-02
1.255167126655578613e-01
1.084069252014160156e+00
2.815129160881042480e-01
1.749472737312316895e+00
3.010802567005157471e-01
1.018300771713256836e+00
4.972652494907379150e-01
7.358555197715759277e-01
2.661890506744384766e+00
2.918395400047302246e-01
1.517740368843078613e+00
4.410329461097717285e-01
1.139749884605407715e+00
3.966917470097541809e-02
9.141241312026977539e-01
6.885211467742919922e-01
7.414399087429046631e-02
1.837039887905120850e-01
6.864282488822937012e-01
6.809587031602859497e-02
5.783398151397705078e-01
3.542265594005584717e-01
6.734024882316589355e-01
0.000000000000000000e+00
1.082714763469994068e-03
5.047455430030822754e-01
7.790261413902044296e-03
1.426007986068725586e+00
2.777454853057861328e-01
1.546287685632705688e-01
1.967572450637817383e+00
6.088395416736602783e-02
2.059158235788345337e-01
4.103555809706449509e-03
2.835619263350963593e-03
6.879041790962219238e-01
3.276406824588775635e-01
4.126412421464920044e-02
7.996851801872253418e-01
1.056373119354248047e+00
3.282108604907989502e-01
5.518182516098022461e-01
3.577367216348648071e-02
3.983783423900604248e-01
0.000000000000000000e+00
2.345115095376968384e-01
0.000000000000000000e+00
0.000000000000000000e+00
3.163648769259452820e-02
3.555635213851928711e-01
1.193600296974182129e-01
7.742220163345336914e-01
2.623189091682434082e-01
1.264173984527587891e+00
3.107615113258361816e-01
3.924024999141693115e-01
2.776272892951965332e-01
0.000000000000000000e+00
1.386451721191406250e-01
0.000000000000000000e+00
8.407098054885864258e-02
3.396838903427124023e-01
3.326149463653564453e+00
0.000000000000000000e+00
5.382698774337768555e-01
4.186004996299743652e-01
4.621464908123016357e-01
5.480406340211629868e-03
1.396283388137817383e+00
2.650046944618225098e-01
1.078085184097290039e+00
1.925483047962188721e-01
2.015561424195766449e-02
0.000000000000000000e+00
1.396478563547134399e-01
0.000000000000000000e+00
3.555857241153717041e-01
5.990677978843450546e-03
1.776048913598060608e-02
7.669112831354141235e-02
6.198897585272789001e-02
6.060383319854736328e-01
4.387404918670654297e-01
0.000000000000000000e+00
1.888415664434432983e-01
1.821945011615753174e-01
1.042967736721038818e-01
1.956171691417694092e-01
1.931627392768859863e-01
4.220248758792877197e-02
5.668527632951736450e-02
6.695459485054016113e-01
1.864132843911647797e-02
0.000000000000000000e+00
0.000000000000000000e+00
6.154375076293945312e-01
2.168263047933578491e-01
5.442444235086441040e-03
4.203837364912033081e-02
8.428978174924850464e-02
2.020268917083740234e+00
2.604969739913940430e-01
3.361311852931976318e-01
2.864334285259246826e-01
2.812260575592517853e-02
1.767014968208968639e-03
1.876590102910995483e-01
6.520990282297134399e-02
2.176581144332885742e+00
7.341051474213600159e-03
6.475464999675750732e-02
5.137469992041587830e-02
1.698809713125228882e-01
1.864993423223495483e-01
6.270449757575988770e-01
1.465824246406555176e+00
2.119730561971664429e-01
0.000000000000000000e+00
9.739729575812816620e-03
1.610555946826934814e-01
8.086575865745544434e-01
7.474219053983688354e-02
1.553816795349121094e+00
1.565450616180896759e-02
1.337756991386413574e+00
2.132406234741210938e+00
1.734054088592529297e+00
2.286320477724075317e-01
4.815862476825714111e-01
3.824905157089233398e-01
1.034743785858154297e+00
5.483341813087463379e-01
2.553519248962402344e+00
5.201083794236183167e-02
6.544123888015747070e-01
1.957694888114929199e-01
1.891417205333709717e-01
4.744884371757507324e-01
0.000000000000000000e+00
8.033248037099838257e-02
2.845701575279235840e-01
9.795528054237365723e-01
1.007801294326782227e+00
1.205592080950737000e-01
1.783323436975479126e-01
3.913118317723274231e-02
2.474631816148757935e-01
1.017671152949333191e-01
6.661965698003768921e-02
2.324567139148712158e-01
4.482691884040832520e-01
3.517455607652664185e-02
8.852263540029525757e-02
0.000000000000000000e+00
4.502223134040832520e-01
1.390154100954532623e-02
7.501931190490722656e-01
1.909385621547698975e-01
4.423519596457481384e-02
4.668534174561500549e-02
1.412957012653350830e-01
1.325934287160634995e-02
0.000000000000000000e+00
2.222657054662704468e-01
3.332373499870300293e-01
1.683265864849090576e-01
7.198892533779144287e-02
2.416208386421203613e-01
0.000000000000000000e+00
1.398685481399297714e-02
3.922850489616394043e-01
7.830355167388916016e-01
1.009977817535400391e+00
0.000000000000000000e+00
5.895932912826538086e-01
2.981645464897155762e-01
5.167346000671386719e-01
1.300102829933166504e+00
0.000000000000000000e+00
1.371498554944992065e-01
5.088359862565994263e-02
5.162870883941650391e-01
9.366188943386077881e-02
3.035665303468704224e-02
0.000000000000000000e+00
2.454056441783905029e-01
1.946284770965576172e-01
9.202900528907775879e-02
3.124099671840667725e-01
1.335718948394060135e-02
2.804697453975677490e-01
3.640172537416219711e-03
6.794914603233337402e-02
0.000000000000000000e+00
0.000000000000000000e+00
1.255348563194274902e+00
1.067553520202636719e+00
2.440184354782104492e-01
2.081997692584991455e-01
1.279539018869400024e-01
0.000000000000000000e+00
7.472705841064453125e-02
5.445400625467300415e-02
4.655448719859123230e-03
1.154158040881156921e-01
1.913752257823944092e-01
3.813999146223068237e-02
6.917288154363632202e-02
0.000000000000000000e+00
5.674055591225624084e-02
1.670702397823333740e-01
1.384047567844390869e-01
1.627452298998832703e-02
8.579619526863098145e-01
1.030251741409301758e+00
6.623898446559906006e-02
1.598657341673970222e-03
1.996513828635215759e-02
5.334960222244262695e-01
0.000000000000000000e+00
1.449898719787597656e+00
1.328802853822708130e-01
1.588021055795252323e-03
1.126114487648010254e+00
2.197735458612442017e-01
1.088029861450195312e+00
1.053217984735965729e-02
2.331560373306274414e+00
1.697360426187515259e-01
2.673146128654479980e-01
5.382850766181945801e-01
2.955988645553588867e-01
3.517235815525054932e-01
4.176026284694671631e-01
3.727188408374786377e-01
8.276163600385189056e-03
3.626786172389984131e-01
1.567651033401489258e-01
5.800690650939941406e-01
2.295733839273452759e-01
0.000000000000000000e+00
3.148123025894165039e-01
2.509267091751098633e+00
0.000000000000000000e+00
4.398468136787414551e-01
5.844330787658691406e-01
0.000000000000000000e+00
3.632173314690589905e-02
1.595105528831481934e-01
1.482760012149810791e-01
3.766214102506637573e-02
4.041265696287155151e-03
8.229191303253173828e-01
9.081077575683593750e-01
0.000000000000000000e+00
7.969660758972167969e-01
2.254700213670730591e-01
2.674914896488189697e-02
9.854038059711456299e-02
4.673183709383010864e-02
3.114589154720306396e-01
0.000000000000000000e+00
3.277634456753730774e-02
3.674863576889038086e-01
1.251580566167831421e-02
3.118015266954898834e-02
4.929931163787841797e-01
0.000000000000000000e+00
3.788012266159057617e-01
1.754689514636993408e-01
1.097675263881683350e-01
3.186895698308944702e-02
1.147538796067237854e-01
1.283771157264709473e+00
7.683539986610412598e-01
5.088538527488708496e-01
5.330383181571960449e-01
9.954314678907394409e-02
3.113430284429341555e-05
5.623462144285440445e-03
1.801966786384582520e+00
4.693415760993957520e-02
5.769591927528381348e-01
1.626913905143737793e+00
9.740415215492248535e-02
2.109318599104881287e-02
9.825391173362731934e-01
0.000000000000000000e+00
4.818463921546936035e-01
1.559970617294311523e+00
7.706521451473236084e-02
0.000000000000000000e+00
1.832107424736022949e+00
2.487230747938156128e-01
1.398220211267471313e-01
1.618788838386535645e-01
2.686992287635803223e-01
1.432044982910156250e+00
2.486477047204971313e-01
1.308533906936645508e+00
1.013246923685073853e-01
1.588111668825149536e-01
0.000000000000000000e+00
1.628426909446716309e-01
0.000000000000000000e+00
7.730323821306228638e-02
8.593408274464309216e-04
5.748070478439331055e-01
1.609875559806823730e-01
7.740554213523864746e-01
5.320532619953155518e-02
2.716766595840454102e-01
5.935651063919067383e-01
0.000000000000000000e+00
2.491025999188423157e-02
0.000000000000000000e+00
6.291314959526062012e-02
6.776182353496551514e-02
1.450522691011428833e-01
3.636500835418701172e-01
1.444435000419616699e+00
2.737261056900024414e-01
8.775287270545959473e-01
9.647664427757263184e-01
3.431520760059356689e-01
3.058231174945831299e-01
8.803895711898803711e-01
1.004467606544494629e+00
3.168222904205322266e+00
4.353873431682586670e-03
1.444462537765502930e-01
4.088877439498901367e-01
2.844364047050476074e-01
7.286199331283569336e-01
4.959992133080959320e-03
1.900771409273147583e-01
2.035848200321197510e-01
8.491370677947998047e-01
3.886491358280181885e-01
2.165169566869735718e-01
2.552349865436553955e-01
5.767081379890441895e-01
2.318454831838607788e-01
5.164650440216064453e+00
0.000000000000000000e+00
1.172486305236816406e+00
8.619854450225830078e-01
3.010255992412567139e-01
6.503417491912841797e-01
9.687067270278930664e-01
2.353134870529174805e+00
7.718755602836608887e-01
2.439332246780395508e+00
8.487066030502319336e-01
4.362182691693305969e-02
0.000000000000000000e+00
7.686917185783386230e-01
3.622046113014221191e-01
9.914290904998779297e-01
9.494084864854812622e-02
1.033468842506408691e-01
2.610612511634826660e-01
2.259717464447021484e+00
6.905504316091537476e-02
6.858368404209613800e-03
0.000000000000000000e+00
1.040137887001037598e+00
1.222693800926208496e+00
1.753415912389755249e-01
0.000000000000000000e+00
4.010272026062011719e-01
5.538390278816223145e-01
0.000000000000000000e+00
8.130186051130294800e-02
7.552396059036254883e-01
1.484084576368331909e-01
3.587711155414581299e-01
5.983067154884338379e-01
9.645923972129821777e-01
0.000000000000000000e+00
5.099402070045471191e-01
1.856149196624755859e+00
1.194402575492858887e-01
2.169948071241378784e-01
3.420461416244506836e-01
8.461233228445053101e-02
3.569313138723373413e-02
2.291873469948768616e-02
1.905710846185684204e-01
9.843838214874267578e-02
1.353276610374450684e+00
0.000000000000000000e+00
1.433378309011459351e-01
1.583259940147399902e+00
0.000000000000000000e+00
1.135804131627082825e-01
1.801902242004871368e-02
7.370641827583312988e-01
2.017765641212463379e-01
2.977962195873260498e-01
0.000000000000000000e+00
6.687607765197753906e-01
2.941290661692619324e-02
7.821344584226608276e-02
1.177788153290748596e-01
6.412285566329956055e-02
1.004359349608421326e-01
4.826534390449523926e-01
2.452843124046921730e-03
5.396123528480529785e-01
1.837312728166580200e-01
8.022623509168624878e-02
2.098631300032138824e-02
1.726501584053039551e-01
0.000000000000000000e+00
9.904704988002777100e-02
8.781935274600982666e-02
5.752733945846557617e-01
1.314140796661376953e+00
2.317315526306629181e-02
2.360246419906616211e+00
5.187417864799499512e-01
4.879788756370544434e-01
1.381146907806396484e-01
0.000000000000000000e+00
2.216215133666992188e+00
1.079440116882324219e+00
3.809782792814075947e-04
3.680402040481567383e-01
0.000000000000000000e+00
0.000000000000000000e+00
8.422219157218933105e-01
6.561662256717681885e-02
0.000000000000000000e+00
0.000000000000000000e+00
2.961124777793884277e-01
1.494364887475967407e-01
2.914775609970092773e-01
9.754638187587261200e-03
0.000000000000000000e+00
6.058698296546936035e-01
1.820209086872637272e-03
4.192531406879425049e-01
1.187919497489929199e+00
4.586654305458068848e-01
0.000000000000000000e+00
0.000000000000000000e+00
1.209932565689086914e+00
1.406480073928833008e-01
1.997398138046264648e-01
3.494889289140701294e-02
5.408576726913452148e-01
3.159780204296112061e-01
9.906578063964843750e-02
1.915699988603591919e-02
0.000000000000000000e+00
3.923790529370307922e-02
7.781747728586196899e-02
2.574092745780944824e-01
4.098694771528244019e-02
1.159271121025085449e+00
0.000000000000000000e+00
7.048542499542236328e-01
3.005503714084625244e-01
2.948178648948669434e-01
8.496910929679870605e-01
1.465176582336425781e+00
1.258991837501525879e+00
5.183563381433486938e-02
0.000000000000000000e+00
8.224049806594848633e-01
5.393449217081069946e-02
2.759464681148529053e-01
2.069218084216117859e-02
5.587947368621826172e-01
3.382701426744461060e-02
3.762661293148994446e-02
3.812383115291595459e-01
1.418029904365539551e+00
4.386800155043601990e-02
1.602156996726989746e+00
1.688823453150689602e-03
0.000000000000000000e+00
1.917939037084579468e-01
1.708066344261169434e+00
0.000000000000000000e+00
8.434852957725524902e-01
5.054843425750732422e-01
4.554110169410705566e-01
4.692598246037960052e-03
3.025936484336853027e-01
1.149077415466308594e+00
1.941316016018390656e-02
2.160718441009521484e-01
9.114662557840347290e-02
5.004279315471649170e-02
4.779416620731353760e-01
1.262714743614196777e+00
3.370553553104400635e-01
9.359749034047126770e-03
4.665988683700561523e-02
0.000000000000000000e+00
6.923014670610427856e-02
1.089562773704528809e-01
4.252349436283111572e-01
8.306580781936645508e-02
3.441221266984939575e-02
1.402575612068176270e+00
9.400217980146408081e-02
4.463585019111633301e-01
0.000000000000000000e+00
1.920633077621459961e+00
1.162405371665954590e+00
5.120115727186203003e-02
1.537904888391494751e-01
0.000000000000000000e+00
1.425035595893859863e+00
1.374960839748382568e-01
8.782829046249389648e-01
1.018810495734214783e-01
6.817281246185302734e-02
0.000000000000000000e+00
4.756213724613189697e-02
0.000000000000000000e+00
2.009759902954101562e+00
4.034358859062194824e-01
2.226094156503677368e-01
5.321601778268814087e-02
1.299941420555114746e+00
6.298313289880752563e-02
3.462835215032100677e-03
2.805052101612091064e-01
6.751382350921630859e-02
6.693176627159118652e-01
4.937815666198730469e-01
6.739283800125122070e-01
1.519068479537963867e+00
7.815099358558654785e-01
1.430446863174438477e+00
6.300097107887268066e-01
0.000000000000000000e+00
3.190440684556961060e-02
3.761401772499084473e-01
4.155048429965972900e-01
4.281577840447425842e-02
1.051102415658533573e-03
5.577787011861801147e-02
2.609130442142486572e-01
0.000000000000000000e+00
9.676947593688964844e-01
5.117831826210021973e-01
1.918004476465284824e-03
6.410347670316696167e-02
3.832605481147766113e-02
1.227523088455200195e-01
5.019853115081787109e-01
6.761496663093566895e-01
2.150847762823104858e-01
1.554931551218032837e-01
1.718984842300415039e+00
1.278783231973648071e-01
6.362749636173248291e-02
1.576445847749710083e-01
7.012178897857666016e-01
3.636949956417083740e-01
4.338337182998657227e-01
0.000000000000000000e+00
1.125149056315422058e-02
6.073539853096008301e-01
4.221712425351142883e-02
2.013666152954101562e+00
4.554880410432815552e-02
9.516509771347045898e-01
0.000000000000000000e+00
0.000000000000000000e+00
1.010223925113677979e-01
1.902923136949539185e-01
4.113834723830223083e-02
1.176603287458419800e-01
1.304651975631713867e+00
0.000000000000000000e+00
5.475605130195617676e-01
0.000000000000000000e+00
1.827531099319458008e+00
8.494410514831542969e-01
4.022344052791595459e-01
2.971568331122398376e-02
0.000000000000000000e+00
1.098135262727737427e-01
0.000000000000000000e+00
5.388575196266174316e-01
4.015388190746307373e-01
1.346538588404655457e-02
4.391417503356933594e-01
4.643470942974090576e-01
2.846559137105941772e-02
0.000000000000000000e+00
1.149283796548843384e-01
2.066080093383789062e+00
2.508915364742279053e-01
1.332287639379501343e-01
3.561169281601905823e-02
0.000000000000000000e+00
9.540905356407165527e-01
4.157637655735015869e-01
5.809518694877624512e-01
0.000000000000000000e+00
0.000000000000000000e+00
6.076464895159006119e-03
8.224633336067199707e-02
2.529881596565246582e-01
2.746126651763916016e+00
1.016509056091308594e+00
8.415209650993347168e-01
3.942072093486785889e-01
0.000000000000000000e+00
0.000000000000000000e+00
5.782802700996398926e-01
1.575908660888671875e-01
3.825341165065765381e-01
1.768154501914978027e+00
9.417710304260253906e-01
2.735234610736370087e-02
1.200219988822937012e+00
8.216294646263122559e-02
4.022612273693084717e-01
5.042400360107421875e+00
5.148357246071100235e-03
1.270078569650650024e-01
1.952541172504425049e-01
1.245012953877449036e-01
5.373959541320800781e-01
2.593762241303920746e-02
1.086231973022222519e-02
7.607160210609436035e-01
2.317816495895385742e+00
0.000000000000000000e+00
6.261047720909118652e-02
6.732542812824249268e-02
0.000000000000000000e+00
0.000000000000000000e+00
3.387273550033569336e-01
0.000000000000000000e+00
7.427118718624114990e-02
2.983754873275756836e-01
0.000000000000000000e+00
4.921467974781990051e-03
5.150121171027421951e-03
0.000000000000000000e+00
1.283354610204696655e-01
4.290485754609107971e-03
3.444087803363800049e-01
1.204021811485290527e+00
1.065934523940086365e-01
6.939964741468429565e-02
3.943173885345458984e-01
3.598666191101074219e-01
4.448907375335693359e-01
2.162055522203445435e-01
2.675890326499938965e-01
4.864244759082794189e-01
2.636062860488891602e+00
2.486921548843383789e-01
6.647542715072631836e-01
2.168920040130615234e-01
2.319060824811458588e-02
1.193103715777397156e-01
0.000000000000000000e+00
8.016162514686584473e-01
2.796825170516967773e-01
4.240080118179321289e-01
1.106841042637825012e-01
2.110675908625125885e-02
2.369353771209716797e-01
2.557503581047058105e-01
5.042991042137145996e-01
0.000000000000000000e+00
2.856488153338432312e-02
1.160414367914199829e-01
5.459794998168945312e-01
2.474704235792160034e-01
8.612357974052429199e-01
0.000000000000000000e+00
5.340922996401786804e-02
1.065478563308715820e+00
6.068346500396728516e-01
1.155270218849182129e+00
1.119968056678771973e+00
6.304742693901062012e-01
1.232440695166587830e-01
6.946237683296203613e-01
3.931329399347305298e-02
2.762545049190521240e-01
9.015272259712219238e-01
1.063193604350090027e-01
3.863416433334350586e+00
1.892897367477416992e+00
6.461627781391143799e-03
6.227526068687438965e-02
2.261287212371826172e+00
3.706078529357910156e-01
0.000000000000000000e+00
9.525026381015777588e-02
1.775370955467224121e+00
4.665121734142303467e-01
0.000000000000000000e+00
0.000000000000000000e+00
7.630107458680868149e-03
3.350565135478973389e-01
4.727659747004508972e-02
0.000000000000000000e+00
8.273926377296447754e-02
3.495470881462097168e-01
5.847470462322235107e-02
3.195657208561897278e-02
4.406932741403579712e-02
1.940221935510635376e-01
4.611282348632812500e-01
9.002062492072582245e-03
7.365191578865051270e-01
1.648863315582275391e+00
1.237961696460843086e-03
7.719799876213073730e-01
6.915805488824844360e-02
6.002300605177879333e-02
0.000000000000000000e+00
2.964198887348175049e-01
1.732099242508411407e-02
8.517932146787643433e-02
5.844431519508361816e-01
0.000000000000000000e+00
9.021362066268920898e-01
5.510673671960830688e-02
3.400016203522682190e-02
3.141576945781707764e-01
7.180792093276977539e-01
1.886722743511199951e-01
0.000000000000000000e+00
1.899197138845920563e-02
0.000000000000000000e+00
1.735045611858367920e-01
8.240777850151062012e-01
1.044963240623474121e+00
5.363504886627197266e-01
1.031408071517944336e+00
2.472027778625488281e+00
0.000000000000000000e+00
1.131155341863632202e-02
0.000000000000000000e+00
5.668769478797912598e-01
3.703166171908378601e-02
1.078957170248031616e-01
2.639884054660797119e-01
1.312142968177795410e+00
5.405709147453308105e-02
8.163106441497802734e-01
1.338745057582855225e-01
1.465900659561157227e+00
4.486491978168487549e-01
0.000000000000000000e+00
3.804070642217993736e-03
8.756595253944396973e-01
3.104430139064788818e-01
7.527302503585815430e-01
3.542942106723785400e-01
2.065721899271011353e-03
4.842775687575340271e-02
0.000000000000000000e+00
2.389849185943603516e+00
8.221679925918579102e-02
5.808272957801818848e-01
1.734416931867599487e-01
5.991744995117187500e-01
2.527531087398529053e-01
1.149959340691566467e-01
3.641841411590576172e+00
5.569978356361389160e-01
2.593265175819396973e-01
1.983870863914489746e-01
9.404942393302917480e-01
0.000000000000000000e+00
1.095863431692123413e-01
8.556755259633064270e-03
4.027448296546936035e-01
2.804640121757984161e-02
7.371178269386291504e-01
1.465868711471557617e+00
1.237746141850948334e-02
7.089529931545257568e-02
2.420816421508789062e+00
4.177400588989257812e+00
1.685841828584671021e-01
1.400225281715393066e+00
1.193321824073791504e+00
1.093704849481582642e-01
3.989340066909790039e-01
4.584650695323944092e-02
0.000000000000000000e+00
1.419365555047988892e-01
1.057659462094306946e-01
0.000000000000000000e+00
1.485136449337005615e-01
5.007603168487548828e-01
1.557898372411727905e-01
4.806129038333892822e-01
8.469231426715850830e-03
8.112526684999465942e-02
0.000000000000000000e+00
6.484472155570983887e-01
0.000000000000000000e+00
2.644280195236206055e-01
1.841856837272644043e-01
7.072149515151977539e-01
1.944284677505493164e+00
6.400617957115173340e-02
3.544385433197021484e-01
5.398151930421590805e-03
8.138385415077209473e-02
7.837362289428710938e-01
1.355896592140197754e+00
0.000000000000000000e+00
8.987075090408325195e-02
2.621608600020408630e-02
2.866680920124053955e-02
8.930505067110061646e-02
2.334505319595336914e+00
9.854535013437271118e-02
4.661203548312187195e-02
5.020006559789180756e-03
6.769058704376220703e-01
7.253809571266174316e-01
6.586034297943115234e-01
7.556586265563964844e-01
8.165258914232254028e-02
3.025708496570587158e-01
4.601227045059204102e-01
5.170564651489257812e-01
1.381478607654571533e-01
9.882887825369834900e-03
1.886848956346511841e-01
4.698434472084045410e-02
1.467957496643066406e+00
3.084100484848022461e-01
0.000000000000000000e+00
8.381108194589614868e-02
7.695177197456359863e-01
5.461670458316802979e-02
2.451179474592208862e-01
0.000000000000000000e+00
1.113663434982299805e+00
5.681521892547607422e-01
1.654247343540191650e-01
3.149576485157012939e-01
0.000000000000000000e+00
1.011942386627197266e+00
0.000000000000000000e+00
1.924825906753540039e+00
6.215194612741470337e-02
0.000000000000000000e+00
1.084918618202209473e+00
1.498753130435943604e-01
8.846496939659118652e-01
3.128937212750315666e-03
1.809869520366191864e-02
2.851485311985015869e-01
8.435201644897460938e-02
7.985006272792816162e-02
8.171509951353073120e-02
2.957133948802947998e-01
2.026167362928390503e-01
0.000000000000000000e+00
0.000000000000000000e+00
4.957847893238067627e-01
1.808287501335144043e+00
1.965522319078445435e-01
1.786828339099884033e-01
1.104967594146728516e+00
4.880490303039550781e-01
1.015287935733795166e-01
8.860764503479003906e-01
1.430618405342102051e+00
4.561541974544525146e-02
2.190801203250885010e-01
4.180977120995521545e-02
1.806284666061401367e+00
1.490947008132934570e+00
1.069248765707015991e-01
1.043726682662963867e+00
2.521033585071563721e-02
2.082680940628051758e+00
7.663028240203857422e-01
6.876104474067687988e-01
1.842337489128112793e+00
2.022506892681121826e-01
3.919002786278724670e-02
6.667597293853759766e-01
0.000000000000000000e+00
1.200385950505733490e-02
1.944570422172546387e+00
6.549371033906936646e-02
9.216062724590301514e-03
2.189770340919494629e-01
2.772684954106807709e-02
5.646326541900634766e-01
9.981052577495574951e-02
4.940081853419542313e-04
2.619172632694244385e-01
2.451410051435232162e-03
1.311718486249446869e-02
0.000000000000000000e+00
1.221181638538837433e-02
4.644186496734619141e-01
5.979813933372497559e-01
2.031447924673557281e-02
1.238699913024902344e+00
4.794687628746032715e-01
4.462757408618927002e-01
0.000000000000000000e+00
4.097522795200347900e-01
0.000000000000000000e+00
4.104475677013397217e-02
9.956385493278503418e-01
1.266860246658325195e+00
0.000000000000000000e+00
5.765539407730102539e-01
2.162399053573608398e+00
3.023817539215087891e-01
1.832397460937500000e+00
6.286894083023071289e-01
5.469147861003875732e-02
3.187662065029144287e-01
1.211468338966369629e+00
2.387739717960357666e-01
0.000000000000000000e+00
3.228633403778076172e-01
2.314694821834564209e-01
8.468057513236999512e-01
2.639887630939483643e-01
2.460256516933441162e-01
2.507018148899078369e-01
9.636194705963134766e-01
2.191160768270492554e-01
1.623292863368988037e-01
4.596459679305553436e-03
2.337259352207183838e-01
0.000000000000000000e+00
4.160000085830688477e-01
2.214852720499038696e-02
7.292635738849639893e-02
0.000000000000000000e+00
7.063227891921997070e-01
3.048862218856811523e-01
5.211776494979858398e-02
1.230361834168434143e-01
7.399731874465942383e-02
0.000000000000000000e+00
3.192501962184906006e-01
2.038763090968132019e-02
2.413916736841201782e-01
1.290433760732412338e-02
1.146360300481319427e-02
0.000000000000000000e+00
2.338705509901046753e-01
1.099586859345436096e-01
2.419463731348514557e-02
2.215417101979255676e-02
1.505864381790161133e+00
1.594318598508834839e-01
5.089305341243743896e-02
4.860672634094953537e-03
9.148724675178527832e-01
1.044356301426887512e-01
0.000000000000000000e+00
1.693785339593887329e-01
2.023390531539916992e-01
1.414089798927307129e-01
4.208858907222747803e-01
0.000000000000000000e+00
8.567830175161361694e-02
1.027213931083679199e-01
1.339852213859558105e+00
0.000000000000000000e+00
3.692328929901123047e-01
6.437575817108154297e-02
1.175960302352905273e+00
5.715528726577758789e-01
3.714669123291969299e-02
4.552720189094543457e-01
7.112870458513498306e-03
1.849596261978149414e+00
1.495697140693664551e+00
5.789839029312133789e-01
1.466097682714462280e-01
0.000000000000000000e+00
2.106288969516754150e-01
3.869486451148986816e-01
3.133372403681278229e-03
1.560588240623474121e+00
1.001036316156387329e-01
1.640050262212753296e-01
7.470242381095886230e-01
1.000360250473022461e-01
4.781756177544593811e-02
6.769117712974548340e-02
2.914334237575531006e-01
1.801700949668884277e+00
6.129248142242431641e-01
1.034248918294906616e-01
2.085304260253906250e-01
3.095213770866394043e-01
0.000000000000000000e+00
3.035470843315124512e-02
5.257563665509223938e-02
1.198384642601013184e+00
2.627551555633544922e-01
5.025717895478010178e-03
3.178961515426635742e+00
1.852874755859375000e-01
3.226051628589630127e-01
0.000000000000000000e+00
1.197193264961242676e+00
4.517719745635986328e-01
1.820769906044006348e+00
6.198887228965759277e-01
6.749094277620315552e-02
2.226555585861206055e+00
3.360414132475852966e-02
5.188759416341781616e-03
9.405761957168579102e-02
1.038671806454658508e-01
2.360357204452157021e-03
5.506910085678100586e-01
2.051720470190048218e-01
5.737737417221069336e-01
2.105906307697296143e-01
8.858419954776763916e-02
2.338615953922271729e-01
0.000000000000000000e+00
5.690241456031799316e-01
7.272692322731018066e-01
6.182643398642539978e-02
1.792240142822265625e-01
1.785199493169784546e-01
2.326695770025253296e-01
0.000000000000000000e+00
6.727880984544754028e-02
2.603846229612827301e-02
4.324430972337722778e-02
0.000000000000000000e+00
1.394524455070495605e+00
1.169948220252990723e+00
8.247731626033782959e-02
7.820016741752624512e-01
1.789435297250747681e-01
6.125485897064208984e-01
4.106169044971466064e-01
8.713126927614212036e-02
6.085371598601341248e-02
8.446792513132095337e-02
0.000000000000000000e+00
1.762552499771118164e+00
5.946380551904439926e-03
5.791668295860290527e-01
4.248653352260589600e-01
1.389661580324172974e-01
2.611293643712997437e-02
5.658874660730361938e-02
1.185784578323364258e+00
5.273661017417907715e-01
5.247113704681396484e-01
3.322871923446655273e-01
1.842935085296630859e-01
3.607170581817626953e-01
4.575254619121551514e-01
6.340237259864807129e-01
1.994582638144493103e-02
1.632927417755126953e+00
3.346230983734130859e-01
5.510879755020141602e-01
0.000000000000000000e+00
3.075629770755767822e-01
0.000000000000000000e+00
1.451681256294250488e-01
5.474367737770080566e-01
2.075369596481323242e+00
3.875637426972389221e-03
0.000000000000000000e+00
2.918131351470947266e+00
8.234580159187316895e-01
1.769001632928848267e-01
8.720534294843673706e-02
6.897541135549545288e-02
7.363885175436735153e-03
1.189413368701934814e-01
1.443251609802246094e+00
2.757121026515960693e-01
4.583377540111541748e-01
0.000000000000000000e+00
7.880000770092010498e-02
5.984861031174659729e-02
1.285711526870727539e-01
1.547729492187500000e+00
8.153714984655380249e-02
0.000000000000000000e+00
6.026978371664881706e-04
3.536418825387954712e-02
9.233588576316833496e-01
1.058472871780395508e+00
3.236163854598999023e-01
2.334847003221511841e-01
1.295684278011322021e-01
1.474732812494039536e-02
6.641981005668640137e-01
1.537471532821655273e+00
1.017987802624702454e-01
3.749590218067169189e-01
1.039063110947608948e-01
6.260067224502563477e-02
7.460197806358337402e-02
0.000000000000000000e+00
1.718639135360717773e+00
1.961928326636552811e-03
2.184801340103149414e+00
2.380882501602172852e-01
0.000000000000000000e+00
4.833728969097137451e-01
4.487471282482147217e-02
3.556738197803497314e-01
1.168711408972740173e-01
1.498081564903259277e+00
3.693104982376098633e-01
3.826954126358032227e+00
1.594348400831222534e-01
1.300091862678527832e+00
0.000000000000000000e+00
6.007810831069946289e-01
6.383468508720397949e-01
1.552483737468719482e-01
7.629968971014022827e-02
2.104959040880203247e-01
1.378532946109771729e-01
6.414146423339843750e-01
3.695346713066101074e-01
1.609251022338867188e+00
2.314667999744415283e-01
1.812259554862976074e-01
0.000000000000000000e+00
8.244761228561401367e-01
1.592414379119873047e+00
2.700924575328826904e-01
2.852775342762470245e-02
1.499884724617004395e-01
3.458362519741058350e-01
5.872106552124023438e-02
3.976574540138244629e-02
1.276297718286514282e-01
1.287120115011930466e-02
2.381573915481567383e+00
0.000000000000000000e+00
1.548031419515609741e-01
1.120680928230285645e+00
1.044015169143676758e+00
6.087293475866317749e-02
1.096229776740074158e-01
1.780178099870681763e-01
1.607393383979797363e+00
9.777181148529052734e-01
1.126673966646194458e-01
7.974221110343933105e-01
2.378611117601394653e-01
1.861521899700164795e-01
7.325332164764404297e-01
4.340204894542694092e-01
1.780237197875976562e+00
0.000000000000000000e+00
0.000000000000000000e+00
0.000000000000000000e+00
6.825725734233856201e-02
7.996702939271926880e-02
4.803244024515151978e-02
0.000000000000000000e+00
0.000000000000000000e+00
0.000000000000000000e+00
1.468036293983459473e+00
0.000000000000000000e+00
3.298890292644500732e-01
1.358378911390900612e-03
8.177993297576904297e-01
4.897159636020660400e-01
7.910420745611190796e-02
0.000000000000000000e+00
4.256360232830047607e-03
6.843407452106475830e-02
2.432869002223014832e-02
6.646361351013183594e-01
1.565466076135635376e-01
5.335449054837226868e-02
8.856324851512908936e-02
7.475878596305847168e-01
2.216531515121459961e+00
0.000000000000000000e+00
2.842159569263458252e-02
1.216559886932373047e+00
1.906939595937728882e-01
4.979530349373817444e-03
1.092382669448852539e+00
0.000000000000000000e+00
0.000000000000000000e+00
6.093208193778991699e-01
4.956824332475662231e-02
6.687530875205993652e-02
4.455504119396209717e-01
2.839634418487548828e-01
1.684843152761459351e-01
1.587576046586036682e-02
4.161038249731063843e-02
1.058999657630920410e+00
5.519841313362121582e-01
1.197364568710327148e+00
0.000000000000000000e+00
4.972996935248374939e-02
2.723413705825805664e-01
2.480847537517547607e-01
4.828934073448181152e-01
0.000000000000000000e+00
8.117921948432922363e-01
0.000000000000000000e+00
1.057727098464965820e+00
0.000000000000000000e+00
2.187347173690795898e+00
1.135432943701744080e-01
0.000000000000000000e+00
