1.121781826019287109e+00
1.058146595954895020e+00
3.008296787738800049e-01
1.292675882577896118e-01
1.206432133913040161e-01
1.543294042348861694e-01
1.035130699165165424e-03
4.433284047991037369e-03
0.000000000000000000e+00
1.825596764683723450e-02
1.921293616294860840e+00
1.095544695854187012e+00
4.603415131568908691e-01
8.299046158790588379e-01
1.499018788337707520e+00
1.685178518295288086e+00
4.643055200576782227e-01
6.339950561523437500e-01
8.309875726699829102e-01
1.022039771080017090e+00
3.695381283760070801e-01
1.418530344963073730e-01
1.305231690406799316e+00
2.566831409931182861e-01
6.162688136100769043e-02
8.085401728749275208e-03
1.253251433372497559e-01
2.017036266624927521e-02
1.663104444742202759e-01
4.841645658016204834e-01
4.680028259754180908e-01
5.013985633850097656e-01
1.763294339179992676e-01
4.791233241558074951e-01
2.506345212459564209e-01
2.818564176559448242e-01
1.121936678886413574e+00
2.717779159545898438e+00
2.349496036767959595e-01
1.401758432388305664e+00
1.965278014540672302e-02
5.132872238755226135e-02
1.371297240257263184e-01
0.000000000000000000e+00
5.761677622795104980e-01
6.030859947204589844e-01
2.000262141227722168e-01
1.691074818372726440e-01
3.539255857467651367e-01
3.140577375888824463e-01
7.548915147781372070e-01
7.743684574961662292e-03
1.067899912595748901e-01
5.855987668037414551e-01
5.087590217590332031e-01
2.915214933454990387e-02
8.293679952621459961e-01
0.000000000000000000e+00
0.000000000000000000e+00
1.042871102690696716e-01
3.724984079599380493e-02
2.164737880229949951e-01
9.740048088133335114e-03
9.028350114822387695e-01
4.685527682304382324e-01
1.579094678163528442e-01
0.000000000000000000e+00
4.781763553619384766e-01
1.970824003219604492e-01
1.301132440567016602e-01
1.372083067893981934e+00
2.240431867539882660e-02
4.826383888721466064e-01
3.683732450008392334e-01
2.411158233880996704e-01
1.124823987483978271e-01
3.478817045688629150e-01
1.038582175970077515e-01
1.711977243423461914e+00
9.737181663513183594e-01
3.206072449684143066e-01
2.833300530910491943e-01
2.321309447288513184e-01
6.645503044128417969e-01
4.230199456214904785e-01
0.000000000000000000e+00
1.303057372570037842e-01
8.489576727151870728e-02
3.605947017669677734e+00
1.570303142070770264e-01
9.651181697845458984e-01
1.895406246185302734e-01
3.715374041348695755e-03
1.454381346702575684e-01
6.141009926795959473e-01
2.042347431182861328e+00
1.032650992274284363e-01
1.330741286277770996e+00
9.809835553169250488e-01
3.643456399440765381e-01
3.546865880489349365e-01
1.195447206497192383e+00
3.372619859874248505e-03
3.583941936492919922e+00
4.338152706623077393e-02
2.025139927864074707e-01
1.124406099319458008e+00
1.640046238899230957e-01
3.803136348724365234e-01
6.566418409347534180e-01
3.150759220123291016e+00
6.373526453971862793e-01
1.830724626779556274e-01
0.000000000000000000e+00
3.299402818083763123e-02
7.155175209045410156e-01
3.490360677242279053e-01
1.598290055990219116e-01
6.099729537963867188e-01
0.000000000000000000e+00
6.379622817039489746e-01
1.638421565294265747e-01
6.190030574798583984e-01
7.755367755889892578e-01
3.811675310134887695e+00
2.364012300968170166e-01
4.292156174778938293e-02
1.143066048622131348e+00
5.134570002555847168e-01
9.092248044908046722e-03
3.256499767303466797e-01
4.457836151123046875e-01
8.845420926809310913e-02
6.494725346565246582e-01
2.481425553560256958e-02
1.820866763591766357e-01
7.449872791767120361e-02
1.030917838215827942e-01
1.322079896926879883e-01
2.342202663421630859e-01
1.662978172302246094e+00
9.188544750213623047e-01
1.511871218681335449e-01
9.732727408409118652e-01
2.791015803813934326e-01
8.188835531473159790e-02
1.683861762285232544e-02
3.046036958694458008e-01
3.918578848242759705e-02
3.481962978839874268e-01
1.513688206672668457e+00
5.807078480720520020e-01
0.000000000000000000e+00
8.266677707433700562e-02
8.393512368202209473e-01
1.482646167278289795e-01
7.609877586364746094e-01
1.265483349561691284e-01
7.153344899415969849e-02
8.518332242965698242e-02
1.502491831779479980e-01
9.873937815427780151e-02
1.736681610345840454e-01
2.306093648076057434e-02
9.188097119331359863e-01
1.468813568353652954e-01
4.638510644435882568e-01
8.242169395089149475e-03
6.370506882667541504e-01
2.307731509208679199e-01
1.022285744547843933e-01
0.000000000000000000e+00
3.639629781246185303e-01
4.193893671035766602e-01
1.797984838485717773e-01
1.131749898195266724e-01
1.541287899017333984e+00
7.057635784149169922e-01
0.000000000000000000e+00
1.663847714662551880e-01
3.038948476314544678e-01
1.410290896892547607e-01
2.676496744155883789e+00
3.645697534084320068e-01
2.860016822814941406e-01
6.491076946258544922e-01
1.686090677976608276e-01
3.094612360000610352e-01
2.540126442909240723e-01
0.000000000000000000e+00
0.000000000000000000e+00
1.528920382261276245e-01
6.818382740020751953e-01
1.334347296506166458e-02
0.000000000000000000e+00
1.209382340312004089e-01
1.214236855506896973e+00
4.278199672698974609e+00
1.025694727897644043e+00
2.680632472038269043e-01
1.819796800613403320e+00
2.386092394590377808e-01
3.622441291809082031e-01
1.275255799293518066e+00
2.133725434541702271e-01
2.289816737174987793e-02
2.893973290920257568e-01
3.844721009954810143e-03
2.463257014751434326e-01
1.848153829574584961e+00
6.025934219360351562e-01
4.548469483852386475e-01
1.323388367891311646e-01
2.050282001495361328e+00
8.513805805705487728e-04
9.876031875610351562e-01
3.565726280212402344e-01
5.490408465266227722e-02
2.857232987880706787e-01
0.000000000000000000e+00
1.152177248150110245e-02
4.441848024725914001e-02
3.437972962856292725e-01
2.785906195640563965e-01
3.895800188183784485e-02
5.140967294573783875e-02
2.575680971145629883e+00
5.685592293739318848e-01
2.692799866199493408e-01
1.053410887718200684e+00
2.693956531584262848e-02
2.800081074237823486e-01
2.644090354442596436e-02
7.165861874818801880e-02
1.002642750740051270e+00
7.874994724988937378e-02
1.430016040802001953e+00
1.126084446907043457e+00
1.432829443365335464e-02
1.021573618054389954e-01
9.901023507118225098e-01
1.065610349178314209e-01
2.886448614299297333e-02
6.554581224918365479e-02
9.167608618736267090e-02
1.355563163757324219e+00
3.556878268718719482e-01
3.270511627197265625e-01
2.053958177566528320e-01
1.312960743904113770e+00
6.321955919265747070e-01
7.190476059913635254e-01
3.865847289562225342e-01
5.355997681617736816e-01
5.428077578544616699e-01
1.297728121280670166e-01
6.988817453384399414e-02
3.114112615585327148e-01
1.310288012027740479e-01
8.941090665757656097e-03
3.709880411624908447e-01
8.673673123121261597e-02
1.258676755242049694e-03
1.061653718352317810e-01
5.945595502853393555e-01
3.807414323091506958e-03
1.919163577258586884e-02
7.469027489423751831e-02
2.502628266811370850e-01
5.704913754016160965e-03
1.339963376522064209e-01
1.129772543907165527e+00
2.014774084091186523e-01
9.158726781606674194e-02
2.557779550552368164e-01
1.710992902517318726e-01
2.262592315673828125e-01
2.302042007446289062e+00
1.933114230632781982e-01
3.319273889064788818e-01
2.896119117736816406e+00
6.125817298889160156e-01
1.693971633911132812e+00
9.010249376296997070e-02
2.214282937347888947e-02
2.431366443634033203e-01
1.655848138034343719e-02
1.479427814483642578e-01
1.066407561302185059e-01
0.000000000000000000e+00
2.439437806606292725e-01
0.000000000000000000e+00
0.000000000000000000e+00
5.160908699035644531e-01
1.162336394190788269e-01
0.000000000000000000e+00
1.248589396476745605e+00
8.875603079795837402e-01
1.398313790559768677e-02
2.323777377605438232e-01
2.266263246536254883e+00
9.251722693443298340e-02
7.812303304672241211e-01
5.810564160346984863e-01
2.258186787366867065e-01
7.137242555618286133e-01
1.336328871548175812e-02
4.305602237582206726e-02
2.058497816324234009e-01
9.910175800323486328e-01
2.637416422367095947e-01
7.893732190132141113e-01
8.678780496120452881e-02
6.140916943550109863e-01
2.614738345146179199e-01
1.050239950418472290e-01
3.201701864600181580e-02
2.116605043411254883e-01
2.036059051752090454e-01
5.173513665795326233e-02
8.750266581773757935e-02
3.615403473377227783e-01
2.625893652439117432e-01
2.836721837520599365e-01
7.705079019069671631e-02
9.756755828857421875e-02
1.846789568662643433e-01
1.647271960973739624e-01
3.571525216102600098e-01
4.620662629604339600e-01
8.816197514533996582e-02
5.285109858959913254e-03
3.182695806026458740e-01
5.005037784576416016e-01
7.302546873688697815e-03
1.992577910423278809e-01
1.563168503344058990e-02
0.000000000000000000e+00
5.773240923881530762e-01
1.420551687479019165e-01
2.436754480004310608e-02
1.593630909919738770e-01
9.395961463451385498e-02
3.003177419304847717e-02
8.836967870593070984e-03
0.000000000000000000e+00
4.868098795413970947e-01
0.000000000000000000e+00
1.306326687335968018e-01
4.293282330036163330e-02
5.236086845397949219e-01
3.153522312641143799e-02
8.506254293024539948e-03
1.458608657121658325e-01
0.000000000000000000e+00
0.000000000000000000e+00
1.843116879463195801e-01
7.073734998703002930e-01
1.079871729016304016e-01
1.874984800815582275e-01
2.340884059667587280e-01
4.178912043571472168e-01
2.103260755538940430e+00
5.397727712988853455e-02
7.534623146057128906e-01
7.364667057991027832e-01
6.271132230758666992e-01
7.784662246704101562e-01
9.457846879959106445e-01
1.860118359327316284e-01
2.605900168418884277e-02
4.404950737953186035e-01
3.527176976203918457e-01
1.099736452102661133e+00
6.258962303400039673e-02
4.891174316406250000e+00
1.491456478834152222e-01
4.337223246693611145e-02
0.000000000000000000e+00
4.210968017578125000e-01
2.194761186838150024e-01
0.000000000000000000e+00
7.632745504379272461e-01
0.000000000000000000e+00
1.033378005027770996e+00
4.872050285339355469e+00
3.721824884414672852e-01
1.332011520862579346e-01
0.000000000000000000e+00
8.640012741088867188e-01
2.519254386425018311e-01
1.087402224540710449e+00
3.231329470872879028e-02
7.432447373867034912e-02
4.930936992168426514e-01
5.561946868896484375e+00
0.000000000000000000e+00
4.504494741559028625e-02
1.990745514631271362e-01
3.304268717765808105e-01
2.484179973602294922e+00
1.756704092025756836e+00
4.413130506873130798e-02
2.916702628135681152e-01
1.393580555915832520e+00
6.895401477813720703e-01
2.293507307767868042e-01
1.456455886363983154e-01
6.399054080247879028e-02
7.835481762886047363e-01
0.000000000000000000e+00
3.019000530242919922e+00
0.000000000000000000e+00
2.159799784421920776e-01
0.000000000000000000e+00
0.000000000000000000e+00
1.487315535545349121e+00
2.831805348396301270e-01
8.046425879001617432e-02
1.962959766387939453e+00
2.091695815324783325e-01
1.198420047760009766e+00
4.946458339691162109e-01
4.417630136013031006e-01
1.792523860931396484e-01
1.829194836318492889e-02
3.472587764263153076e-01
5.398254469037055969e-02
1.553522497415542603e-01
8.671400137245655060e-03
1.611550927162170410e+00
6.446437239646911621e-01
5.702250599861145020e-01
1.316567897796630859e+00
1.241740107536315918e+00
1.643215864896774292e-01
1.419865190982818604e-01
4.481276869773864746e-02
2.094925940036773682e-02
5.561948940157890320e-02
1.993416436016559601e-02
6.554300189018249512e-01
8.861765265464782715e-01
4.034317135810852051e-01
1.140031889081001282e-01
8.667927235364913940e-02
6.707729697227478027e-01
7.371281981468200684e-01
3.592034280300140381e-01
2.578037261962890625e+00
3.908546864986419678e-01
7.378568407148122787e-03
2.522598028182983398e+00
3.304283618927001953e-01
4.046688556671142578e+00
1.029559254646301270e+00
1.453136652708053589e-01
0.000000000000000000e+00
8.181158304214477539e-01
7.664274424314498901e-02
1.692932248115539551e-01
8.291746377944946289e-01
7.580655068159103394e-02
8.338417410850524902e-01
3.823199868202209473e-02
2.196822017431259155e-01
3.028436563909053802e-03
5.763745307922363281e-01
2.429931461811065674e-01
1.705751568078994751e-01
6.003617048263549805e-01
5.997598767280578613e-01
2.080966532230377197e-02
1.335337758064270020e+00
0.000000000000000000e+00
1.274060010910034180e-01
1.590145081281661987e-01
1.023680567741394043e-01
7.545928955078125000e-01
2.570390999317169189e-01
2.027550458908081055e+00
7.725566625595092773e-02
1.038875937461853027e+00
0.000000000000000000e+00
1.980643719434738159e-01
2.743997797369956970e-02
3.534235954284667969e-01
0.000000000000000000e+00
6.937521100044250488e-01
6.993439197540283203e-01
9.545428156852722168e-01
2.677004225552082062e-02
2.644746601581573486e-01
4.522498846054077148e-01
6.059153676033020020e-01
1.468266248703002930e-01
1.192492172122001648e-01
4.043288230895996094e-01
2.943401336669921875e-01
3.782498836517333984e-02
3.402373054996132851e-03
2.016954898834228516e+00
1.348316788673400879e+00
7.633634656667709351e-02
6.306929588317871094e-01
6.628569215536117554e-03
3.967271372675895691e-02
5.618773773312568665e-02
9.929654188454151154e-03
6.214879751205444336e-01
2.173637039959430695e-02
4.886499643325805664e-01
2.772281765937805176e-01
8.897818042896687984e-04
2.641921164467930794e-04
3.223810493946075439e-01
9.690628945827484131e-02
4.490797221660614014e-01
1.736252456903457642e-01
4.665198326110839844e-01
7.370783132500946522e-04
1.039747446775436401e-01
6.392658352851867676e-01
0.000000000000000000e+00
6.839617341756820679e-02
3.850913941860198975e-01
2.158735878765583038e-02
1.648668199777603149e-02
4.647578895092010498e-01
4.646324515342712402e-01
8.175493218004703522e-03
4.335960149765014648e-01
8.701165914535522461e-01
2.152550965547561646e-01
4.515571594238281250e-01
1.550121754407882690e-01
5.878797769546508789e-01
1.781127415597438812e-02
1.193811371922492981e-01
2.023850567638874054e-02
8.039394021034240723e-01
3.493157923221588135e-01
1.637707352638244629e-01
1.183466553688049316e+00
1.261649094521999359e-02
2.855856716632843018e-02
3.515038639307022095e-02
2.273289680480957031e+00
1.720853149890899658e-02
1.412556767463684082e-01
3.432416021823883057e-01
2.319766879081726074e-01
2.084161043167114258e-01
4.539946094155311584e-03
2.166173160076141357e-01
9.845526814460754395e-01
3.580171323847025633e-05
3.452234864234924316e-01
5.815955400466918945e-01
3.676450252532958984e-01
3.484094142913818359e-01
1.064249966293573380e-02
6.352444291114807129e-01
2.139737129211425781e+00
3.096206486225128174e-02
1.999811083078384399e-01
2.570178806781768799e-01
1.676746249198913574e+00
2.065236568450927734e-01
9.124297499656677246e-01
4.431145787239074707e-01
5.920539498329162598e-01
3.029758036136627197e-01
6.822318434715270996e-01
1.217847347259521484e+00
5.903935059905052185e-02
4.349839314818382263e-02
4.997575283050537109e-01
1.594776272773742676e+00
4.520494639873504639e-01
1.337549984455108643e-01
2.757544517517089844e-01
1.534632146358489990e-01
1.973798751831054688e+00
9.626312255859375000e-01
5.529322847723960876e-02
6.650037169456481934e-01
7.151271104812622070e-01
6.033601760864257812e-01
3.051021993160247803e-01
0.000000000000000000e+00
1.149381920695304871e-01
1.096179336309432983e-01
2.591939270496368408e-01
9.360328316688537598e-01
1.796318031847476959e-02
1.457538921386003494e-02
2.168387323617935181e-01
1.565624475479125977e-01
7.363484054803848267e-02
9.315898418426513672e-01
6.704167127609252930e-01
0.000000000000000000e+00
5.398200452327728271e-02
2.240788936614990234e+00
1.051306258887052536e-02
7.440785169601440430e-01
7.041617296636104584e-03
1.914972424507141113e+00
2.091733068227767944e-01
2.187121659517288208e-01
9.461189508438110352e-01
1.252579409629106522e-02
3.469208776950836182e-01
4.575262963771820068e-01
4.423846006393432617e-01
2.459912374615669250e-02
8.617305010557174683e-02
4.497307166457176208e-02
6.046857237815856934e-01
7.290639877319335938e-01
3.856391906738281250e-01
4.178182184696197510e-01
2.810004539787769318e-02
5.196949243545532227e-01
4.246691167354583740e-01
6.033814549446105957e-01
3.313960134983062744e-01
2.050825655460357666e-01
4.434238374233245850e-01
1.153197605162858963e-02
1.161358475685119629e+00
7.633028626441955566e-01
2.964141368865966797e-01
9.765010327100753784e-02
9.684667587280273438e-01
5.751124620437622070e-01
5.650649666786193848e-01
6.122395396232604980e-01
1.984168291091918945e-01
9.939653277397155762e-01
6.581796705722808838e-02
1.196512222290039062e+00
4.504211843013763428e-01
2.474950790405273438e+00
1.225002646446228027e+00
1.125012278556823730e+00
1.171756628900766373e-02
3.997948169708251953e-01
2.681675851345062256e-01
3.145937919616699219e-01
0.000000000000000000e+00
4.036268889904022217e-01
1.353240758180618286e-01
2.290331423282623291e-01
3.704339563846588135e-01
6.113861128687858582e-02
3.960631191730499268e-01
6.401566416025161743e-02
2.450729906558990479e-01
8.904725313186645508e-02
2.151377677917480469e+00
1.274222135543823242e-01
0.000000000000000000e+00
4.155870527029037476e-02
5.396981723606586456e-04
5.960556119680404663e-02
8.337911218404769897e-03
7.099624872207641602e-01
1.066969871520996094e+00
7.038342356681823730e-01
6.063957810401916504e-01
1.146935671567916870e-01
2.442346066236495972e-01
4.333884268999099731e-02
2.910529971122741699e-01
5.842628479003906250e-01
4.610388576984405518e-01
3.403983712196350098e-01
3.956324458122253418e-01
0.000000000000000000e+00
6.219878327101469040e-03
2.306888550519943237e-01
1.324016809463500977e+00
1.659211397171020508e+00
0.000000000000000000e+00
0.000000000000000000e+00
1.277915000915527344e+00
9.110636711120605469e-01
1.044708583503961563e-02
0.000000000000000000e+00
3.649089336395263672e-01
2.575185298919677734e+00
0.000000000000000000e+00
1.522279381752014160e+00
1.903944835066795349e-02
9.165291674435138702e-03
5.474461242556571960e-02
5.693526566028594971e-02
1.488860964775085449e+00
2.432374283671379089e-02
1.254822850227355957e+00
9.313637614250183105e-01
0.000000000000000000e+00
0.000000000000000000e+00
1.384010791778564453e+00
6.651593685150146484e+00
4.278232455253601074e-01
1.207970008254051208e-01
4.265082627534866333e-02
2.158171892166137695e+00
1.054478064179420471e-01
4.354509711265563965e-01
2.163247823715209961e+00
3.840429782867431641e-01
1.255215644836425781e+00
2.866970933973789215e-02
0.000000000000000000e+00
7.547283172607421875e-02
0.000000000000000000e+00
1.261919140815734863e+00
4.376369714736938477e-02
0.000000000000000000e+00
9.410225600004196167e-02
5.015301704406738281e-01
2.739452756941318512e-02
1.018481925129890442e-01
3.770238533616065979e-02
4.327954649925231934e-01
1.818168349564075470e-02
2.335334062576293945e+00
1.511284112930297852e-01
1.498247846029698849e-03
1.648768931627273560e-01
1.817448884248733521e-01
4.665631353855133057e-01
3.039399385452270508e-01
5.132140591740608215e-02
4.679040610790252686e-02
1.231810674071311951e-01
3.034368753433227539e-01
1.062617897987365723e+00
4.221015423536300659e-02
4.773409664630889893e-02
2.844268977642059326e-01
6.374288350343704224e-02
0.000000000000000000e+00
2.106076717376708984e+00
2.291104756295681000e-02
5.430449917912483215e-02
2.545983493328094482e-01
5.551624298095703125e-02
1.328390359878540039e+00
1.190119147300720215e+00
1.864066004753112793e+00
7.892858237028121948e-03
7.985932230949401855e-01
3.316644430160522461e-01
1.466186791658401489e-01
1.277088999748229980e+00
1.690489500761032104e-01
1.597130775451660156e+00
1.212581247091293335e-01
0.000000000000000000e+00
4.157330989837646484e-01
1.730244457721710205e-01
5.724261403083801270e-01
6.119238585233688354e-02
0.000000000000000000e+00
6.437490582466125488e-01
5.617360584437847137e-03
2.737093269824981689e-01
8.917290568351745605e-01
1.493898183107376099e-01
5.819052457809448242e-03
0.000000000000000000e+00
6.085032224655151367e-01
1.852763891220092773e-01
3.287103474140167236e-01
1.458268284797668457e+00
0.000000000000000000e+00
9.279373884201049805e-01
3.069969713687896729e-01
6.437072297558188438e-04
0.000000000000000000e+00
5.011792182922363281e-01
1.368904858827590942e-02
1.053590059280395508e+00
4.515764236450195312e+00
0.000000000000000000e+00
6.548847537487745285e-03
3.510578274726867676e-01
2.844503223896026611e-01
4.129899144172668457e-01
4.250786826014518738e-02
1.141880732029676437e-02
1.888591423630714417e-02
0.000000000000000000e+00
7.025546431541442871e-01
4.464967250823974609e-01
3.230226337909698486e-01
4.775413990020751953e+00
7.792774587869644165e-02
1.308782100677490234e+00
4.564615488052368164e-01
3.783193111419677734e+00
1.955727338790893555e-01
5.213325619697570801e-01
1.550887078046798706e-01
6.645423173904418945e-01
1.549250781536102295e-01
8.419995307922363281e-01
8.797876536846160889e-03
3.154317378997802734e+00
1.023115590214729309e-01
1.272953152656555176e-01
3.341563940048217773e-01
1.427514195442199707e+00
3.921258151531219482e-01
1.068775892257690430e+00
8.994762599468231201e-02
0.000000000000000000e+00
6.984596252441406250e-01
7.967802882194519043e-02
3.506687283515930176e-01
1.712563075125217438e-02
6.737536787986755371e-01
1.530040025711059570e+00
8.054912090301513672e-01
7.077300548553466797e-01
3.114878535270690918e-01
7.605181932449340820e-01
1.958704590797424316e-01
2.597300410270690918e-01
1.306395828723907471e-01
4.445813894271850586e-01
3.583925664424896240e-01
6.545455455780029297e-01
6.248146295547485352e-02
1.452564150094985962e-01
2.409592866897583008e-01
2.626624107360839844e-01
2.309085279703140259e-01
1.792101621627807617e+00
2.169079333543777466e-01
6.463088095188140869e-02
2.207955360412597656e+00
4.577981531620025635e-01
7.291802167892456055e-01
4.990614950656890869e-01
1.914586289785802364e-03
7.204861044883728027e-01
3.318734839558601379e-02
2.177008613944053650e-02
1.174794673919677734e+00
2.070629596710205078e+00
8.523725718259811401e-02
3.187956660985946655e-02
7.476028203964233398e-01
1.060108747333288193e-02
4.136968776583671570e-02
3.588331639766693115e-01
5.178972147405147552e-03
3.804553300142288208e-02
7.812615483999252319e-02
2.204917073249816895e-01
5.764346569776535034e-02
3.041171133518218994e-01
5.574043840169906616e-03
3.129783272743225098e-01
7.965322732925415039e-01
6.835970282554626465e-02
2.694472372531890869e-01
0.000000000000000000e+00
3.880029022693634033e-01
3.467291295528411865e-01
0.000000000000000000e+00
2.013837575912475586e+00
3.436084747314453125e+00
2.481686882674694061e-02
1.215641871094703674e-01
8.022132515907287598e-02
2.196388840675354004e-01
1.327368663623929024e-03
6.154547929763793945e-01
2.455235272645950317e-01
5.778825879096984863e-01
6.590467691421508789e-01
3.180034160614013672e-01
5.539285764098167419e-02
4.629564583301544189e-01
1.407252997159957886e-02
7.949470281600952148e-01
0.000000000000000000e+00
3.143561631441116333e-02
7.335232198238372803e-02
4.108922928571701050e-02
1.166216373443603516e+00
5.121212452650070190e-02
0.000000000000000000e+00
4.826495051383972168e-01
9.660629183053970337e-02
1.362365484237670898e-01
8.204511553049087524e-02
4.616339504718780518e-01
1.732974201440811157e-01
1.055287599563598633e+00
3.472057580947875977e-01
1.634553918847814202e-04
0.000000000000000000e+00
7.380200624465942383e-01
5.761266946792602539e-01
3.887268304824829102e-01
6.552633643150329590e-02
2.094425708055496216e-01
6.092796474695205688e-02
1.545883774757385254e+00
2.035448700189590454e-01
3.585791215300559998e-03
6.110107526183128357e-02
3.557974696159362793e-01
0.000000000000000000e+00
0.000000000000000000e+00
0.000000000000000000e+00
8.001312017440795898e-01
1.052584573626518250e-01
1.627270430326461792e-01
1.922004856169223785e-02
6.196643710136413574e-01
2.086320966482162476e-01
3.728330135345458984e-01
1.308938264846801758e-01
9.798443876206874847e-03
5.250858664512634277e-01
5.552132129669189453e-01
1.472048908472061157e-01
1.844482272863388062e-01
2.074936032295227051e-01
1.441167354583740234e+00
6.082265377044677734e-01
1.585303306579589844e+00
1.961240172386169434e+00
1.093953028321266174e-01
3.894428610801696777e-01
8.666140437126159668e-01
1.291822195053100586e-01
9.392079114913940430e-01
6.487650424242019653e-02
1.374263223260641098e-02
0.000000000000000000e+00
8.885147571563720703e-01
1.211108118295669556e-01
2.868011593818664551e-01
4.380799233913421631e-01
0.000000000000000000e+00
7.433436065912246704e-02
7.148776054382324219e-01
1.490532755851745605e-01
3.565185368061065674e-01
0.000000000000000000e+00
2.715635001659393311e-01
2.079988457262516022e-02
0.000000000000000000e+00
1.277109049260616302e-02
1.000504125840961933e-03
7.596260309219360352e-01
1.727012157440185547e+00
9.202324785292148590e-03
2.083792388439178467e-01
5.088242143392562866e-02
1.429067701101303101e-01
1.094361692667007446e-01
7.245467603206634521e-02
1.143305540084838867e+00
1.450251340866088867e-01
1.828148007392883301e+00
3.550801873207092285e-01
0.000000000000000000e+00
4.312334656715393066e-01
3.625393211841583252e-01
2.477532625198364258e-01
2.781648933887481689e-01
1.150503158569335938e-01
1.106415838003158569e-01
0.000000000000000000e+00
4.868129268288612366e-02
9.060495495796203613e-01
0.000000000000000000e+00
1.512038707733154297e-01
1.611348241567611694e-02
9.250195324420928955e-02
5.393578410148620605e-01
3.342184722423553467e-01
1.233016371726989746e+00
0.000000000000000000e+00
8.040900528430938721e-02
8.290776610374450684e-02
8.307586908340454102e-01
1.747810244560241699e-01
9.674354642629623413e-02
1.124029085040092468e-01
4.077933263033628464e-03
1.120958700776100159e-01
2.541658841073513031e-02
1.125135552138090134e-02
7.625935971736907959e-02
1.180566549301147461e+00
7.318434864282608032e-02
1.918701976537704468e-01
8.846657350659370422e-03
7.209041118621826172e-01
9.692416787147521973e-01
3.035542666912078857e-01
6.519833207130432129e-01
2.689041569828987122e-02
0.000000000000000000e+00
6.922955065965652466e-02
4.895655438303947449e-03
2.656249403953552246e-01
1.452471315860748291e-01
2.489376813173294067e-01
2.448330074548721313e-02
1.510355621576309204e-01
1.116205215454101562e+00
1.289877593517303467e-01
7.644577026367187500e-01
2.025982365012168884e-02
1.632024496793746948e-01
4.874914884567260742e-02
2.932768464088439941e-01
1.903581023216247559e-01
2.628395259380340576e-01
2.339759171009063721e-01
8.761407732963562012e-01
3.480234369635581970e-02
1.749273538589477539e-01
3.908496797084808350e-01
1.645336747169494629e-01
0.000000000000000000e+00
0.000000000000000000e+00
0.000000000000000000e+00
4.989394247531890869e-01
0.000000000000000000e+00
5.260461568832397461e-01
1.083810478448867798e-01
1.408413052558898926e-01
1.563524454832077026e-01
1.980611309409141541e-02
5.389976501464843750e-02
3.353866636753082275e-01
3.611580133438110352e-01
0.000000000000000000e+00
3.293494284152984619e-01
2.038948774337768555e+00
3.795274198055267334e-01
2.328334748744964600e-01
0.000000000000000000e+00
2.090714722871780396e-01
5.673726797103881836e-01
9.787717461585998535e-01
1.191452622413635254e+00
2.248681306838989258e+00
7.730755209922790527e-02
4.398398473858833313e-02
4.174727201461791992e-01
4.285635426640510559e-02
2.045210450887680054e-01
0.000000000000000000e+00
9.389843940734863281e-01
1.487216651439666748e-01
2.081296406686306000e-02
3.121756203472614288e-02
1.512408971786499023e+00
0.000000000000000000e+00
5.618758127093315125e-02
1.294166222214698792e-02
1.836670786142349243e-01
3.931792974472045898e-01
0.000000000000000000e+00
4.142753779888153076e-01
1.276733726263046265e-01
1.141928415745496750e-02
8.159003257751464844e-01
1.875229179859161377e-02
2.959961816668510437e-02
9.965128898620605469e-01
0.000000000000000000e+00
9.085041284561157227e-02
1.668688535690307617e+00
9.216291308403015137e-01
1.199281439185142517e-01
5.311419963836669922e-01
5.399004220962524414e-01
8.877857029438018799e-02
6.415686011314392090e-02
0.000000000000000000e+00
2.076602220535278320e+00
0.000000000000000000e+00
2.503008842468261719e-01
1.058165907859802246e+00
0.000000000000000000e+00
2.253434360027313232e-01
2.481256246566772461e+00
0.000000000000000000e+00
3.787825703620910645e-01
2.152807265520095825e-01
5.030603408813476562e-01
0.000000000000000000e+00
5.745677351951599121e-01
6.047195792198181152e-01
9.467577561736106873e-03
3.316402733325958252e-01
1.283629834651947021e-01
1.977092981338500977e+00
5.745045542716979980e-01
1.073925852775573730e+00
0.000000000000000000e+00
7.355266809463500977e-02
0.000000000000000000e+00
3.926132321357727051e-01
4.288490489125251770e-02
2.425995022058486938e-01
1.493845880031585693e-02
1.127256274223327637e+00
2.021618634462356567e-01
1.857935428619384766e+00
1.144135594367980957e+00
1.668070554733276367e-01
1.730875670909881592e-01
8.204858005046844482e-02
1.052981615066528320e-01
9.458860754966735840e-02
6.252823770046234131e-02
6.098788380622863770e-01
7.220195140689611435e-03
2.566494345664978027e-01
1.057384371757507324e+00
6.276848316192626953e-01
6.031422019004821777e-01
2.989083528518676758e+00
8.795769512653350830e-02
1.313258707523345947e-01
1.102811396121978760e-01
1.867352724075317383e+00
3.405210256576538086e+00
3.331164121627807617e-01
5.877628177404403687e-02
2.697166614234447479e-02
1.155852004885673523e-01
1.155661106109619141e+00
8.832020312547683716e-02
3.513548895716667175e-02
1.833935230970382690e-01
1.240397214889526367e+00
6.804239153861999512e-01
7.281845808029174805e-01
1.838147491216659546e-01
2.095901668071746826e-01
0.000000000000000000e+00
2.457714557647705078e+00
2.770846188068389893e-01
1.107398390769958496e+00
1.628199100494384766e+00
8.228508383035659790e-02
9.805051088333129883e-01
5.203721523284912109e-01
2.812952041625976562e+00
9.479249827563762665e-03
5.754678845405578613e-01
6.778714805841445923e-02
1.323778629302978516e+00
3.079400360584259033e-01
2.821244299411773682e-01
7.734604477882385254e-01
1.673282861709594727e+00
6.514270305633544922e-01
1.389827132225036621e-01
2.754898965358734131e-01
1.093772768974304199e+00
1.994244381785392761e-02
1.209844499826431274e-01
5.374879110604524612e-04
7.442120313644409180e-01
2.243641763925552368e-01
4.298089146614074707e-01
0.000000000000000000e+00
2.348079532384872437e-02
4.722140263766050339e-03
2.721505463123321533e-01
7.413370069116353989e-03
0.000000000000000000e+00
1.383863210678100586e+00
5.769000053405761719e-01
8.879486322402954102e-01
1.451586842536926270e+00
2.171180546283721924e-01
3.392972052097320557e-01
3.611847385764122009e-02
0.000000000000000000e+00
2.097325213253498077e-02
2.696166992187500000e+00
1.209759488701820374e-01
8.919737488031387329e-02
3.502975404262542725e-01
1.993370614945888519e-02
7.610473036766052246e-02
9.736301898956298828e-01
1.983211040496826172e-01
1.434451993554830551e-02
6.772763133049011230e-01
4.266095757484436035e-01
2.569569945335388184e-01
1.505360156297683716e-01
6.621739268302917480e-01
5.711040273308753967e-02
9.700831174850463867e-01
0.000000000000000000e+00
5.991379171609878540e-02
2.535788714885711670e-02
3.267551586031913757e-02
1.860303759574890137e+00
7.526684403419494629e-01
0.000000000000000000e+00
4.170691370964050293e-01
4.756992310285568237e-02
3.800058066844940186e-01
5.738305449485778809e-01
2.756615281105041504e-01
3.904017508029937744e-01
2.138461917638778687e-02
0.000000000000000000e+00
3.523347899317741394e-02
5.042425394058227539e-01
9.869557023048400879e-01
4.645110964775085449e-01
2.765129804611206055e-01
8.028190732002258301e-01
2.075763940811157227e+00
5.809275060892105103e-02
8.885627239942550659e-02
6.721913069486618042e-02
2.537979602813720703e+00
2.849768102169036865e-02
8.783035874366760254e-01
8.038970232009887695e-01
5.677935108542442322e-02
2.046043276786804199e-01
9.653353095054626465e-01
6.064230203628540039e-02
6.839885562658309937e-02
0.000000000000000000e+00
1.908493787050247192e-01
5.854801088571548462e-02
6.934585422277450562e-02
4.911066591739654541e-02
1.304640062153339386e-02
4.614106938242912292e-02
0.000000000000000000e+00
2.422026842832565308e-01
2.165557146072387695e+00
1.255770325660705566e+00
2.266795933246612549e-01
1.874436289072036743e-01
4.391570091247558594e-01
0.000000000000000000e+00
0.000000000000000000e+00
2.798122763633728027e-01
4.684716835618019104e-02
2.799201905727386475e-01
5.263363942503929138e-02
1.767045110464096069e-01
3.505463898181915283e-01
5.113958939909934998e-02
2.762521266937255859e+00
9.951458573341369629e-01
0.000000000000000000e+00
3.895885944366455078e-01
2.329195290803909302e-02
2.151754945516586304e-01
1.156855151057243347e-01
5.200375318527221680e-01
1.218571662902832031e+00
2.357570081949234009e-01
2.832384109497070312e-01
2.189655900001525879e-01
4.571935161948204041e-03
1.887789964675903320e-01
0.000000000000000000e+00
5.757936239242553711e-01
0.000000000000000000e+00
1.667961955070495605e+00
0.000000000000000000e+00
1.295244693756103516e+00
3.260825574398040771e-02
5.911949649453163147e-02
5.437918305397033691e-01
3.825264796614646912e-02
0.000000000000000000e+00
6.033020466566085815e-02
2.094265073537826538e-01
7.018427252769470215e-01
1.667867898941040039e-01
1.358219385147094727e+00
3.471467792987823486e-01
1.615422606468200684e+00
1.361462473869323730e-01
2.392554134130477905e-01
2.043121099472045898e+00
4.207631647586822510e-01
1.287468791007995605e+00
1.423658281564712524e-01
5.548796653747558594e-01
9.269894957542419434e-01
1.736466586589813232e-01
1.397327985614538193e-02
1.994692385196685791e-01
3.065507709980010986e-01
1.097827792167663574e+00
3.202650845050811768e-01
4.143449664115905762e-02
8.778998255729675293e-02
1.055569648742675781e+00
1.169044822454452515e-01
2.690248191356658936e-01
2.349779903888702393e-01
1.827931553125381470e-01
3.389124274253845215e-01
1.288492441177368164e+00
2.980642914772033691e-01
3.880442380905151367e-01
3.451229333877563477e-01
1.084306359291076660e+00
1.335061788558959961e-01
7.694939374923706055e-01
5.319916009902954102e-01
1.418694704771041870e-01
7.791687250137329102e-01
6.879424303770065308e-02
9.624561294913291931e-03
0.000000000000000000e+00
2.291239261627197266e+00
6.735129952430725098e-01
5.607551932334899902e-01
3.192074224352836609e-02
1.755365282297134399e-01
1.662947610020637512e-02
3.315900564193725586e-01
5.302854627370834351e-02
1.772197633981704712e-01
3.078908622264862061e-01
3.659351766109466553e-01
2.229581773281097412e-01
9.047610163688659668e-01
8.081146478652954102e-01
1.380228281021118164e+00
1.248024821281433105e+00
3.509339690208435059e-02
1.656677201390266418e-02
2.543139457702636719e-01
3.674068748950958252e-01
1.975667327642440796e-01
1.046919152140617371e-01
6.449064016342163086e-01
2.331455647945404053e-01
1.883319579064846039e-02
6.707542538642883301e-01
8.400696516036987305e-02
6.329698115587234497e-02
1.267083883285522461e-01
1.712332814931869507e-01
9.976353645324707031e-01
6.731436848640441895e-01
7.299754619598388672e-01
2.302282303571701050e-01
5.272512435913085938e-01
1.872685909271240234e+00
2.047589747235178947e-03
4.043384790420532227e-01
3.436054289340972900e-01
3.260999321937561035e-01
5.539007186889648438e-01
1.919099569320678711e+00
4.378676116466522217e-01
4.213740304112434387e-02
3.628624975681304932e-01
3.052466809749603271e-01
6.736546158790588379e-01
9.577181339263916016e-01
5.060286521911621094e-01
3.477713838219642639e-02
2.182868495583534241e-02
4.175283908843994141e-01
7.684463262557983398e-01
4.401602447032928467e-01
7.106437683105468750e-01
8.726134300231933594e-01
6.847354024648666382e-02
9.359083175659179688e-01
0.000000000000000000e+00
1.845423817634582520e+00
8.754313588142395020e-01
0.000000000000000000e+00
2.028674930334091187e-01
0.000000000000000000e+00
1.362892799079418182e-02
4.185238853096961975e-03
1.846242994070053101e-01
4.205599427223205566e-01
1.559235304594039917e-01
5.758279561996459961e-01
9.682696312665939331e-03
0.000000000000000000e+00
8.634529262781143188e-02
2.101848363876342773e+00
2.744247436523437500e+00
7.396768331527709961e-01
1.397489309310913086e-01
4.156183600425720215e-01
4.123764485120773315e-02
1.206277012825012207e+00
3.263125717639923096e-01
3.725670874118804932e-01
0.000000000000000000e+00
8.624571561813354492e-02
3.639049232006072998e-01
3.796159056946635246e-03
0.000000000000000000e+00
8.880292773246765137e-01
3.546072244644165039e-01
8.164159655570983887e-01
1.229122400283813477e+00
1.130331754684448242e-01
5.880574882030487061e-02
1.286211013793945312e+00
4.592540562152862549e-01
1.294749882072210312e-02
8.430369198322296143e-02
1.385085582733154297e-01
2.816321793943643570e-03
7.409192323684692383e-01
3.019943535327911377e-01
2.305805385112762451e-01
3.147493362426757812e+00
2.810952067375183105e-02
7.257231324911117554e-02
1.740059405565261841e-01
3.404019474983215332e-01
3.993780314922332764e-01
1.519080530852079391e-02
3.826589584350585938e+00
5.648484230041503906e-01
7.726273536682128906e-01
1.442101150751113892e-01
1.117637306451797485e-01
1.624277532100677490e-01
6.119854748249053955e-02
1.579284816980361938e-01
5.748357772827148438e-01
0.000000000000000000e+00
0.000000000000000000e+00
8.374544978141784668e-02
0.000000000000000000e+00
1.163414400070905685e-02
0.000000000000000000e+00
7.643923629075288773e-03
2.664066292345523834e-02
8.160404115915298462e-02
1.192761301994323730e+00
1.609559774398803711e+00
5.614376664161682129e-01
6.587171554565429688e-02
1.718900799751281738e-01
0.000000000000000000e+00
6.327653676271438599e-02
6.070685982704162598e-01
9.232956916093826294e-02
1.093131661415100098e+00
7.043749690055847168e-01
3.849547207355499268e-01
4.032405018806457520e-01
4.316919147968292236e-01
5.058121681213378906e-01
3.340029239654541016e+00
3.465664088726043701e-01
3.057940304279327393e-01
4.283174276351928711e-01
9.708885550498962402e-01
1.910525858402252197e-01
5.157730355858802795e-02
1.381822824478149414e-01
6.579748392105102539e-01
8.280065059661865234e-01
2.119245566427707672e-02
6.084375083446502686e-02
1.921652071177959442e-02
5.033829808235168457e-02
8.423826843500137329e-02
2.638203620910644531e+00
4.264191538095474243e-02
1.125502511858940125e-01
4.051029682159423828e-01
1.934326052665710449e+00
4.138908386230468750e-01
1.623960733413696289e+00
1.071951352059841156e-02
5.906621739268302917e-02
2.234910428524017334e-01
2.478606766089797020e-03
2.355192899703979492e-01
5.686388611793518066e-01
1.092594563961029053e-01
1.890519142150878906e+00
2.513357639312744141e+00
1.278320606797933578e-02
1.224707961082458496e-01
1.476475715637207031e+00
1.178265452384948730e+00
6.984639763832092285e-01
1.419556260108947754e+00
1.994760155677795410e+00
2.886244535446166992e+00
0.000000000000000000e+00
2.767439931631088257e-02
2.449673600494861603e-02
1.581779271364212036e-01
1.203203294426202774e-02
1.742096543312072754e-01
2.020263820886611938e-01
7.552198320627212524e-02
1.088259816169738770e+00
3.546647131443023682e-01
8.613985776901245117e-02
9.869321435689926147e-02
3.233432471752166748e-01
1.553040146827697754e-01
8.082901239395141602e-01
3.511457204818725586e+00
9.261281043291091919e-02
2.445939928293228149e-01
6.405697017908096313e-02
0.000000000000000000e+00
0.000000000000000000e+00
3.473604917526245117e-01
7.014508843421936035e-01
6.136887073516845703e-01
3.325650393962860107e-01
0.000000000000000000e+00
1.226243495941162109e+00
1.152888685464859009e-01
1.641619503498077393e-01
1.144156828522682190e-01
1.634719491004943848e+00
5.234866142272949219e-01
0.000000000000000000e+00
0.000000000000000000e+00
1.497722119092941284e-01
0.000000000000000000e+00
1.490564107894897461e+00
4.009462520480155945e-02
8.525305241346359253e-02
2.022236287593841553e-01
1.123674631118774414e+00
0.000000000000000000e+00
1.408616751432418823e-01
1.581093668937683105e-01
6.036731004714965820e-01
5.248035788536071777e-01
9.869429469108581543e-02
2.008262127637863159e-01
2.462838649749755859e+00
1.104570627212524414e-01
8.304435014724731445e-02
1.426052581518888474e-02
3.155724406242370605e-01
6.185424327850341797e-01
1.684453338384628296e-02
1.181150153279304504e-01
8.611571788787841797e-01
7.200540304183959961e-01
1.074664711952209473e+00
5.434949398040771484e-01
4.021965898573398590e-03
7.822043895721435547e-01
6.893051266670227051e-01
4.016815662384033203e+00
1.130881831049919128e-01
2.822125554084777832e-01
4.844720065593719482e-01
5.701565742492675781e-01
1.582684814929962158e-01
9.922551363706588745e-02
4.700786471366882324e-01
6.110845599323511124e-03
1.700865626335144043e-01
4.578256309032440186e-01
4.012662470340728760e-01
4.713616371154785156e-01
0.000000000000000000e+00
1.279139369726181030e-01
0.000000000000000000e+00
5.916565060615539551e-01
1.777026951313018799e-01
4.997832328081130981e-02
4.360549449920654297e-01
0.000000000000000000e+00
4.035632908344268799e-01
2.375695943832397461e+00
3.691397979855537415e-02
5.219106674194335938e-01
5.600044727325439453e-01
3.274905085563659668e-01
9.593152403831481934e-01
2.031749673187732697e-02
9.042070060968399048e-02
7.286293804645538330e-02
4.814036190509796143e-02
8.048190176486968994e-02
0.000000000000000000e+00
1.372268676757812500e+00
3.061133436858654022e-02
7.654883861541748047e-01
9.448386728763580322e-03
2.825992926955223083e-02
1.819056123495101929e-01
4.183020442724227905e-02
2.591987140476703644e-04
1.640928983688354492e-01
0.000000000000000000e+00
1.269097089767456055e+00
7.388275265693664551e-01
8.152515888214111328e-01
1.311691999435424805e-01
1.053193137049674988e-01
1.371303107589483261e-02
5.428660511970520020e-01
3.592090308666229248e-01
6.716630607843399048e-02
6.372783333063125610e-02
1.580416224896907806e-02
3.824554681777954102e-01
9.527142345905303955e-02
1.035083457827568054e-01
3.582337796688079834e-01
2.894568145275115967e-01
8.963959664106369019e-02
1.142990112304687500e+00
9.367353320121765137e-01
2.736821770668029785e-01
5.803927183151245117e-01
1.030025482177734375e-01
2.817619740962982178e-01
2.108810991048812866e-01
1.338715851306915283e-01
2.262306213378906250e-02
5.697451829910278320e-01
1.438636928796768188e-01
7.120793312788009644e-02
0.000000000000000000e+00
1.946838021278381348e+00
3.445212841033935547e-01
1.095190569758415222e-01
5.081813335418701172e-01
2.007159143686294556e-01
1.218155860900878906e+00
3.797467797994613647e-02
1.099170446395874023e+00
2.741664886474609375e+00
3.826728761196136475e-01
2.793792188167572021e-01
1.743092834949493408e-01
1.162375807762145996e+00
9.098185598850250244e-02
8.715606331825256348e-01
3.492533043026924133e-02
7.102317363023757935e-02
5.694818496704101562e-01
5.778898596763610840e-01
4.653146266937255859e-01
3.505923748016357422e-01
8.859658613801002502e-03
1.697023510932922363e-01
1.197169721126556396e-01
9.585787653923034668e-01
1.747128218412399292e-01
1.201630942523479462e-02
3.043205022811889648e+00
3.906011581420898438e-03
1.606001555919647217e-01
1.237528324127197266e+00
7.865356206893920898e-01
3.760931431315839291e-04
2.587273716926574707e-01
2.404015779495239258e+00
2.352714091539382935e-01
1.109862327575683594e+00
1.225554198026657104e-01
5.198230147361755371e-01
3.759643435478210449e-01
4.321033358573913574e-01
3.068421483039855957e-01
2.639698505401611328e+00
2.212149381637573242e+00
7.820176333189010620e-02
2.450481504201889038e-01
6.669569760560989380e-02
4.242088198661804199e-01
6.507935523986816406e-01
2.436878204345703125e+00
1.277002334594726562e+00
3.305091857910156250e-01
6.389666348695755005e-02
4.449416100978851318e-01
1.932046413421630859e-01
4.166811704635620117e-01
6.075288653373718262e-01
8.201326131820678711e-01
0.000000000000000000e+00
4.293872416019439697e-01
1.689179092645645142e-01
2.273828908801078796e-02
2.241575121879577637e-01
6.535235047340393066e-01
1.990707963705062866e-01
1.417406499385833740e-01
2.266434878110885620e-01
4.313110709190368652e-01
3.156700432300567627e-01
1.402434706687927246e+00
3.335389494895935059e-02
1.159132122993469238e-01
7.571895122528076172e-01
9.568285346031188965e-01
3.641808927059173584e-01
7.262332737445831299e-02
5.235977172851562500e-01
1.463780459016561508e-02
0.000000000000000000e+00
5.906480550765991211e-01
1.910449862480163574e+00
6.587234884500503540e-02
7.714116573333740234e-02
3.380253016948699951e-01
1.136366844177246094e+00
8.352307677268981934e-01
3.920572996139526367e-02
0.000000000000000000e+00
1.512784063816070557e-01
1.706400990486145020e+00
2.086209319531917572e-02
1.118303686380386353e-01
8.639268875122070312e-01
1.830753087997436523e-01
4.412273764610290527e-01
3.182367682456970215e-01
4.961041808128356934e-01
2.287932783365249634e-01
1.793343126773834229e-01
1.468451917171478271e-01
1.768494606018066406e+00
0.000000000000000000e+00
4.984840750694274902e-01
5.002271533012390137e-01
7.420120239257812500e-01
2.210686802864074707e-01
1.173161864280700684e-01
1.168798282742500305e-02
1.335849910974502563e-01
4.053371846675872803e-01
2.165341138839721680e+00
3.100381046533584595e-02
1.460245251655578613e-01
1.455726027488708496e-01
4.211839437484741211e-01
1.072737574577331543e+00
1.333304941654205322e-01
1.136883646249771118e-01
2.042517811059951782e-02
1.934121847152709961e-01
1.959647387266159058e-01
1.267047673463821411e-01
9.508384019136428833e-02
0.000000000000000000e+00
1.413481235504150391e+00
5.462285280227661133e-01
5.820653866976499557e-03
0.000000000000000000e+00
4.418222233653068542e-03
4.999660551548004150e-01
1.665725558996200562e-01
1.819916367530822754e+00
8.009582757949829102e-01
4.461733400821685791e-01
5.120578408241271973e-01
8.110476285219192505e-02
2.382858395576477051e-01
1.785418093204498291e-01
1.482871174812316895e+00
1.416693478822708130e-01
7.851576060056686401e-02
3.953709453344345093e-02
5.266217231750488281e+00
1.303584933280944824e+00
1.293274760246276855e-01
6.198916435241699219e-01
4.785391390323638916e-01
2.481962293386459351e-01
3.674819469451904297e-01
4.825417995452880859e-01
4.614151120185852051e-01
4.221863746643066406e-01
5.027348399162292480e-01
3.369038701057434082e-01
4.472851380705833435e-02
6.941156387329101562e-01
1.582625359296798706e-01
1.443460941314697266e+00
1.097632527351379395e+00
1.032751649618148804e-01
1.796573982574045658e-03
3.576894523575901985e-03
4.580653458833694458e-02
2.500422477722167969e+00
3.818794712424278259e-02
3.847175836563110352e-02
3.363685309886932373e-02
1.505790650844573975e-01
0.000000000000000000e+00
7.487592846155166626e-02
7.350705265998840332e-01
2.695065438747406006e-01
3.985461294651031494e-01
5.246464014053344727e-01
3.809683084487915039e+00
2.355061285197734833e-02
8.922516368329524994e-03
9.298370033502578735e-02
1.882570862770080566e+00
3.381329536437988281e+00
1.326843053102493286e-01
8.686054944992065430e-01
0.000000000000000000e+00
2.695943117141723633e+00
6.347115635871887207e-01
3.275134861469268799e-01
9.937403351068496704e-02
6.626452207565307617e-01
5.136491730809211731e-02
3.356805145740509033e-01
1.581090390682220459e-01
0.000000000000000000e+00
3.886731266975402832e-01
3.863168880343437195e-02
1.880700290203094482e-01
0.000000000000000000e+00
8.151417970657348633e-02
1.394652247428894043e+00
3.273398280143737793e-01
7.376503348350524902e-01
5.525072216987609863e-01
3.982803225517272949e-01
0.000000000000000000e+00
1.577041596174240112e-01
4.318823814392089844e-01
0.000000000000000000e+00
1.410676240921020508e-01
1.916805982589721680e+00
1.300923824310302734e+00
7.234835624694824219e-02
5.604047775268554688e-01
2.730745077133178711e-01
3.472489416599273682e-01
6.318209227174520493e-03
2.090413868427276611e-02
2.785303294658660889e-01
1.908647716045379639e-01
1.988334655761718750e-01
1.615985780954360962e-01
6.071436032652854919e-02
1.747631192207336426e+00
1.807385683059692383e-01
1.040019035339355469e+00
3.609241545200347900e-01
8.138511180877685547e-01
3.192416131496429443e-01
7.615476846694946289e-02
9.498163461685180664e-01
9.068089723587036133e-01
8.876479417085647583e-02
1.316518932580947876e-01
2.355772733688354492e+00
4.778194800019264221e-02
1.673480391502380371e+00
1.074591398239135742e+00
6.295246481895446777e-01
1.953665852546691895e+00
0.000000000000000000e+00
4.139035642147064209e-01
3.151900693774223328e-02
4.722958505153656006e-01
5.223510265350341797e-01
5.672609210014343262e-01
2.397369146347045898e-01
5.259829163551330566e-01
6.154989600181579590e-01
1.319137215614318848e+00
6.575874239206314087e-02
2.523352205753326416e-01
1.650430709123611450e-01
0.000000000000000000e+00
8.026427030563354492e-02
1.778677403926849365e-01
3.294523060321807861e-02
1.584737896919250488e-01
2.677263021469116211e-01
8.235812932252883911e-02
4.423624277114868164e-01
6.605076044797897339e-02
1.287215709686279297e+00
0.000000000000000000e+00
1.896675676107406616e-02
6.035525798797607422e-01
2.782421000301837921e-02
4.634626209735870361e-01
1.795554310083389282e-01
1.273111253976821899e-01
4.819202050566673279e-02
0.000000000000000000e+00
3.453508913516998291e-01
4.568202793598175049e-02
2.335622347891330719e-02
8.190941214561462402e-01
6.135336756706237793e-01
6.341192126274108887e-01
0.000000000000000000e+00
3.047798294574022293e-03
5.115344747900962830e-02
9.407794475555419922e-01
2.762535810470581055e-01
1.960079789161682129e+00
4.540796875953674316e-01
5.184011459350585938e-01
5.117287039756774902e-01
0.000000000000000000e+00
6.545903533697128296e-02
1.986064165830612183e-01
7.120917439460754395e-01
8.720329403877258301e-01
3.189094066619873047e+00
2.803970277309417725e-01
5.888176560401916504e-01
7.006764411926269531e-03
2.570556662976741791e-02
3.786757290363311768e-01
5.068227648735046387e-01
2.580845952033996582e-01
8.424507081508636475e-02
5.848518610000610352e-01
1.344929933547973633e+00
1.422578245401382446e-01
1.213675498962402344e+00
1.357480585575103760e-01
1.410622242838144302e-02
2.352007776498794556e-01
2.075004428625106812e-01
8.897564411163330078e-01
1.470035672187805176e+00
2.794804573059082031e-01
2.562710046768188477e-01
1.787143573164939880e-02
3.352825641632080078e-01
4.908214211463928223e-01
1.456701904535293579e-01
0.000000000000000000e+00
6.431701183319091797e-01
1.132096871733665466e-01
7.588632404804229736e-02
1.120238423347473145e+00
9.014180302619934082e-02
3.241497874259948730e-01
2.913504242897033691e-01
8.651305437088012695e-01
2.063103199005126953e+00
1.636083126068115234e-01
5.584421381354331970e-02
7.711334824562072754e-01
1.163088321685791016e+00
4.583459198474884033e-01
6.621686816215515137e-01
3.202656805515289307e-01
1.579118490219116211e+00
1.816105395555496216e-01
2.674388289451599121e-01
4.829787015914916992e-01
2.224175781011581421e-01
8.450790494680404663e-02
1.358958631753921509e-01
1.081672962754964828e-02
4.515530169010162354e-02
3.177792578935623169e-02
2.453326582908630371e-01
1.651403605937957764e-01
5.915740877389907837e-02
2.066680416464805603e-02
3.036310672760009766e-01
1.019625306129455566e+00
1.440949551761150360e-02
2.754309177398681641e-01
0.000000000000000000e+00
5.740887522697448730e-01
5.746885389089584351e-02
5.986490845680236816e-02
3.809512257575988770e-01
1.953268982470035553e-02
3.982462286949157715e-01
8.202883005142211914e-01
2.027452945709228516e+00
0.000000000000000000e+00
4.324907809495925903e-02
4.502905607223510742e-01
1.489550232887268066e+00
4.149753451347351074e-01
7.122505903244018555e-01
5.870414152741432190e-02
2.264899574220180511e-02
5.646355152130126953e-01
2.350714951753616333e-01
2.632730640470981598e-02
0.000000000000000000e+00
1.863504387438297272e-02
4.463036954402923584e-01
2.219256609678268433e-01
1.568919792771339417e-02
3.882755711674690247e-02
6.516140699386596680e-01
1.391669750213623047e+00
0.000000000000000000e+00
0.000000000000000000e+00
1.748920232057571411e-01
1.248802542686462402e-01
1.201488524675369263e-01
3.858012855052947998e-01
1.682477742433547974e-01
6.281175464391708374e-02
8.419765830039978027e-01
4.803643822669982910e-01
2.102164506912231445e+00
1.720089763402938843e-01
3.536967933177947998e-01
