1.572612166404724121e+00
6.418476700782775879e-01
3.099518716335296631e-01
5.455598607659339905e-02
6.788963079452514648e-02
5.853517055511474609e-01
9.195676073431968689e-03
7.087527215480804443e-02
0.000000000000000000e+00
7.035501301288604736e-02
2.843402862548828125e+00
5.621305704116821289e-01
4.984092712402343750e-02
2.623764872550964355e-01
7.962875962257385254e-01
4.860643297433853149e-02
0.000000000000000000e+00
1.061283648014068604e-01
7.869539260864257812e-01
1.048744469881057739e-01
1.354993581771850586e-01
2.415992021560668945e-01
1.115008950233459473e+00
7.741897106170654297e-01
5.701999180018901825e-04
3.579426184296607971e-02
4.652534425258636475e-01
1.440994739532470703e-01
2.723617792129516602e+00
5.032796263694763184e-01
3.077866323292255402e-02
1.589320778846740723e+00
7.177971303462982178e-02
1.925057321786880493e-01
2.270304679870605469e+00
1.202256441116333008e+00
1.586644411087036133e+00
2.942804336547851562e+00
0.000000000000000000e+00
2.506807148456573486e-01
0.000000000000000000e+00
6.716913729906082153e-02
8.183368295431137085e-02
0.000000000000000000e+00
6.455223560333251953e-01
1.346139907836914062e-01
0.000000000000000000e+00
1.150806307792663574e+00
4.514271914958953857e-01
1.844644993543624878e-01
2.016946673393249512e-01
3.126890957355499268e-01
8.051785826683044434e-01
8.022010326385498047e-02
1.018583059310913086e+00
4.090489074587821960e-02
9.643262624740600586e-01
3.562964871525764465e-02
5.757477600127458572e-03
1.916262626647949219e+00
1.509205102920532227e-01
2.485516667366027832e-01
6.267169862985610962e-02
3.067102730274200439e-01
7.700413465499877930e-01
4.139901604503393173e-03
0.000000000000000000e+00
5.726609230041503906e-01
2.823510169982910156e-01
1.508630067110061646e-02
3.261215388774871826e-01
3.387458324432373047e-01
9.033662676811218262e-01
4.712254181504249573e-02
0.000000000000000000e+00
8.394083008170127869e-03
6.461012959480285645e-01
1.133604884147644043e+00
1.283807307481765747e-01
5.540067553520202637e-01
6.818320751190185547e-01
1.459868252277374268e-01
0.000000000000000000e+00
5.832124128937721252e-02
2.196229249238967896e-02
4.657860696315765381e-01
1.297676861286163330e-01
5.991819873452186584e-02
2.242689609527587891e+00
2.484127581119537354e-01
4.153620302677154541e-01
7.070195674896240234e-02
0.000000000000000000e+00
4.083081483840942383e-01
2.634390071034431458e-02
8.981140851974487305e-01
6.014385446906089783e-02
1.778030842542648315e-01
8.138491511344909668e-01
9.662322402000427246e-01
3.718611598014831543e-02
3.484159111976623535e-01
4.183837212622165680e-03
3.383001327514648438e+00
7.258056998252868652e-01
3.985585644841194153e-02
1.154923319816589355e+00
8.508409559726715088e-02
0.000000000000000000e+00
0.000000000000000000e+00
5.115045547485351562e+00
1.629687100648880005e-01
3.782074153423309326e-02
0.000000000000000000e+00
1.851551607251167297e-02
1.042958855628967285e+00
6.958404779434204102e-01
3.280878365039825439e-01
9.419885873794555664e-01
8.068921416997909546e-02
1.705927014350891113e+00
2.365186996757984161e-02
2.003253459930419922e+00
2.189139723777770996e-01
6.281996726989746094e+00
5.677927657961845398e-02
3.416217491030693054e-02
3.457413017749786377e-01
5.056802555918693542e-02
2.130129635334014893e-01
2.380775213241577148e-01
9.028776288032531738e-01
5.843532085418701172e-01
0.000000000000000000e+00
2.566203288733959198e-02
4.134005308151245117e-01
0.000000000000000000e+00
1.876506954431533813e-02
0.000000000000000000e+00
0.000000000000000000e+00
1.700705528259277344e+00
8.131106942892074585e-02
6.090201735496520996e-01
1.796441897749900818e-02
5.188738107681274414e-01
6.682579517364501953e-01
1.943793892860412598e-02
6.685504317283630371e-01
1.994959414005279541e-01
0.000000000000000000e+00
1.177015781402587891e+00
1.147348955273628235e-01
0.000000000000000000e+00
0.000000000000000000e+00
9.849135875701904297e-01
7.398956269025802612e-02
0.000000000000000000e+00
2.757909521460533142e-02
1.040305852890014648e+00
1.318128705024719238e-01
2.249790281057357788e-01
0.000000000000000000e+00
4.098111391067504883e-01
1.726736873388290405e-01
5.871159434318542480e-01
4.140764474868774414e-01
3.055713474750518799e-01
4.626210927963256836e-01
3.235236108303070068e-01
1.209749840199947357e-02
2.724204361438751221e-01
7.911768555641174316e-02
4.907725751399993896e-02
2.872323274612426758e+00
0.000000000000000000e+00
4.177722632884979248e-01
1.281581044197082520e+00
1.696466207504272461e+00
5.300234630703926086e-02
6.776362657546997070e-01
2.213964611291885376e-01
0.000000000000000000e+00
3.546562433242797852e+00
4.151896238327026367e-01
1.724012136459350586e+00
0.000000000000000000e+00
3.692009020596742630e-03
8.939344286918640137e-01
6.402684003114700317e-02
0.000000000000000000e+00
8.686185479164123535e-01
7.315751165151596069e-02
2.084584981203079224e-01
1.081251422874629498e-03
0.000000000000000000e+00
7.196804881095886230e-01
2.465963363647460938e+00
2.375214815139770508e+00
1.479270815849304199e+00
1.149305552244186401e-01
1.200125932693481445e+00
7.458588480949401855e-02
1.021012756973505020e-02
8.029892444610595703e-01
3.616631403565406799e-02
4.394170939922332764e-01
1.240586400032043457e+00
0.000000000000000000e+00
5.280702561140060425e-02
1.581490755081176758e+00
2.149810045957565308e-01
1.871680021286010742e-01
2.684018313884735107e-01
2.614459514617919922e+00
2.174636274576187134e-01
7.660329341888427734e-01
3.493653535842895508e+00
4.827786684036254883e-01
7.067719101905822754e-02
0.000000000000000000e+00
1.909111067652702332e-02
0.000000000000000000e+00
1.916590929031372070e-01
6.817346066236495972e-02
1.806807219982147217e-01
4.654891490936279297e-01
1.807874679565429688e+00
6.388705968856811523e-02
0.000000000000000000e+00
3.874873816967010498e-01
4.747495055198669434e-02
3.881166279315948486e-01
5.533736348152160645e-01
5.588061809539794922e-01
5.153737068176269531e-01
1.634538359940052032e-02
1.877366192638874054e-02
6.579473018646240234e-01
8.183249831199645996e-02
0.000000000000000000e+00
1.574350833892822266e+00
5.258706957101821899e-02
0.000000000000000000e+00
2.536176331341266632e-02
0.000000000000000000e+00
1.728476881980895996e+00
1.958387136459350586e+00
9.861760735511779785e-01
9.355256333947181702e-03
3.427661895751953125e+00
2.965418398380279541e-01
2.968471348285675049e-01
1.086074784398078918e-01
5.849140137434005737e-02
1.341042399406433105e+00
5.456569138914346695e-03
8.377619087696075439e-03
2.315328568220138550e-01
1.045620366930961609e-01
1.081546545028686523e-01
1.172698497772216797e+00
4.188098758459091187e-02
1.293684728443622589e-02
8.988026380538940430e-01
7.527733445167541504e-01
1.007364615797996521e-01
4.279502481222152710e-02
4.369023442268371582e-02
0.000000000000000000e+00
1.615012288093566895e-01
3.689491003751754761e-02
1.602615952491760254e+00
4.254032298922538757e-02
4.319848865270614624e-02
1.501531247049570084e-02
6.556707024574279785e-01
9.470417499542236328e-01
5.625739693641662598e-01
0.000000000000000000e+00
4.326195716857910156e-01
6.149943470954895020e-01
1.269615143537521362e-01
5.078542828559875488e-01
2.183233387768268585e-02
2.694988250732421875e-01
3.239372670650482178e-01
7.569550275802612305e-01
4.599173665046691895e-01
2.572132050991058350e-01
1.380605623126029968e-02
0.000000000000000000e+00
0.000000000000000000e+00
8.826860040426254272e-02
0.000000000000000000e+00
4.610118865966796875e-01
0.000000000000000000e+00
9.381319880485534668e-01
3.324511349201202393e-01
2.073804885149002075e-01
1.873901963233947754e+00
2.343057632446289062e+00
6.099212765693664551e-01
1.523304104804992676e+00
2.533149421215057373e-01
0.000000000000000000e+00
1.443966507911682129e+00
3.036695718765258789e-01
7.551161572337150574e-03
0.000000000000000000e+00
1.157789826393127441e-01
3.851938843727111816e-01
4.081494212150573730e-01
1.651463061571121216e-01
3.745333477854728699e-02
4.871334433555603027e-01
1.024314641952514648e+00
3.063307516276836395e-02
1.555953770875930786e-01
5.471361055970191956e-02
0.000000000000000000e+00
2.305763661861419678e-01
7.394343614578247070e-01
0.000000000000000000e+00
1.976689696311950684e-01
9.414947591722011566e-03
3.940886259078979492e-02
1.351284980773925781e-01
2.287797927856445312e-01
8.251504041254520416e-03
5.940699577331542969e-01
3.508751094341278076e-02
3.305606916546821594e-02
4.383074492216110229e-02
3.897961080074310303e-01
7.494092732667922974e-02
6.227850541472434998e-02
0.000000000000000000e+00
9.450997458770871162e-04
1.345248341560363770e+00
2.161180973052978516e-01
3.057995438575744629e-01
8.878213167190551758e-02
3.070509135723114014e-01
1.064760377630591393e-03
2.567884884774684906e-02
0.000000000000000000e+00
2.796715795993804932e-01
0.000000000000000000e+00
3.288119332864880562e-03
1.277125179767608643e-01
2.151929438114166260e-01
0.000000000000000000e+00
1.745441555976867676e-01
3.912278413772583008e-01
5.227025598287582397e-03
4.730643238872289658e-03
7.380872219800949097e-02
4.277929067611694336e-01
3.252763748168945312e-01
4.771724641323089600e-01
4.283480718731880188e-02
7.430509328842163086e-01
5.118176937103271484e-01
3.170037269592285156e-01
3.005839288234710693e-01
7.535935044288635254e-01
6.662250161170959473e-01
4.615812599658966064e-01
1.954746842384338379e+00
2.285579778254032135e-02
0.000000000000000000e+00
2.359062135219573975e-01
2.718206644058227539e-01
3.731227815151214600e-01
0.000000000000000000e+00
6.557018280029296875e+00
3.516966700553894043e-01
8.147429674863815308e-02
2.134973406791687012e-01
1.220347732305526733e-01
9.474238157272338867e-01
0.000000000000000000e+00
4.298566281795501709e-01
9.876041114330291748e-02
1.255679607391357422e+00
3.593073189258575439e-01
1.859838068485260010e-01
0.000000000000000000e+00
2.276595979928970337e-01
1.555835485458374023e+00
1.547784265130758286e-02
5.075812339782714844e-01
4.369422048330307007e-02
2.211111634969711304e-01
6.007392406463623047e-01
1.380978822708129883e+00
4.145928472280502319e-02
1.461390733718872070e+00
1.126073598861694336e-01
8.314487934112548828e-01
3.837153911590576172e-01
6.806555390357971191e-02
0.000000000000000000e+00
4.398219883441925049e-01
1.300368756055831909e-01
4.008246958255767822e-01
4.486741721630096436e-01
7.111529260873794556e-02
1.113102212548255920e-01
7.344920039176940918e-01
0.000000000000000000e+00
1.608282446861267090e+00
3.610271513462066650e-01
4.646214842796325684e-02
4.351792484521865845e-02
6.517661213874816895e-01
1.706893555819988251e-02
1.658682525157928467e-01
7.449772208929061890e-02
2.751805484294891357e-01
2.918372154235839844e-01
1.592570662498474121e+00
8.751767128705978394e-02
2.202956378459930420e-01
2.912900924682617188e+00
5.684288591146469116e-02
4.763813316822052002e-02
1.595146179199218750e+00
1.486591622233390808e-02
0.000000000000000000e+00
2.895315170288085938e+00
4.673617482185363770e-01
0.000000000000000000e+00
9.012678265571594238e-01
1.815067648887634277e+00
6.588572263717651367e-02
1.533063352108001709e-01
0.000000000000000000e+00
2.140239715576171875e+00
8.329042792320251465e-02
0.000000000000000000e+00
1.268971562385559082e+00
5.261853933334350586e-01
1.907870620489120483e-01
0.000000000000000000e+00
7.502859923988580704e-03
1.626899540424346924e-01
2.022345364093780518e-01
5.576637983322143555e-01
5.341072678565979004e-01
1.382173776626586914e+00
5.580203980207443237e-02
3.641946613788604736e-01
6.205896139144897461e-01
4.311482906341552734e+00
1.232418894767761230e+00
6.342732906341552734e-02
1.215307340025901794e-01
1.501842617988586426e+00
2.941217459738254547e-02
3.295466303825378418e-01
3.137774944305419922e+00
2.899804115295410156e-01
1.504857301712036133e+00
8.198317885398864746e-02
0.000000000000000000e+00
5.243153125047683716e-02
9.645705819129943848e-01
4.102373719215393066e-01
3.542087972164154053e-01
6.988818049430847168e-01
2.561767697334289551e-01
1.464495360851287842e-01
1.986700415611267090e+00
1.334119774401187897e-02
2.411430701613426208e-02
1.350154280662536621e-01
4.391487687826156616e-03
9.359969943761825562e-02
1.504262685775756836e-01
7.697409987449645996e-01
8.066006302833557129e-01
2.074622154235839844e+00
0.000000000000000000e+00
5.581668764352798462e-02
8.055189996957778931e-02
3.146225586533546448e-02
0.000000000000000000e+00
3.843196928501129150e-01
7.959644794464111328e-01
2.043634414672851562e+00
1.893245816230773926e+00
1.162234321236610413e-01
1.374903619289398193e-01
7.809132337570190430e-01
1.935113966464996338e-01
3.913341462612152100e-01
4.128146767616271973e-01
1.978819072246551514e-02
4.478821530938148499e-02
2.892892062664031982e-01
3.278575539588928223e-01
1.492153882980346680e+00
9.942097663879394531e-01
1.743415743112564087e-01
5.207233130931854248e-02
3.274541348218917847e-02
1.175451558083295822e-02
0.000000000000000000e+00
9.745923876762390137e-01
0.000000000000000000e+00
1.257799148559570312e+00
3.186151385307312012e-01
9.871058911085128784e-02
3.148091211915016174e-02
9.057355523109436035e-01
2.033657729625701904e-01
2.132082544267177582e-02
3.135700821876525879e-01
8.123142644762992859e-03
6.631989032030105591e-02
7.285672705620527267e-03
2.009301424026489258e+00
0.000000000000000000e+00
4.439281225204467773e-01
3.739172518253326416e-01
0.000000000000000000e+00
2.318279445171356201e-01
0.000000000000000000e+00
6.432533264160156250e-02
0.000000000000000000e+00
8.167042732238769531e-01
2.035830765962600708e-01
0.000000000000000000e+00
1.503545194864273071e-01
1.767532229423522949e-01
1.351115465164184570e+00
0.000000000000000000e+00
7.976095080375671387e-01
2.102799713611602783e-02
4.169052094221115112e-02
7.834141254425048828e-01
0.000000000000000000e+00
2.013672113418579102e+00
2.652848362922668457e-01
8.130025267601013184e-01
7.183272838592529297e-01
1.283044695854187012e+00
3.478685161098837852e-03
0.000000000000000000e+00
0.000000000000000000e+00
5.160917043685913086e-01
4.351736570242792368e-04
4.574769735336303711e-02
7.557515799999237061e-02
1.260766506195068359e+00
0.000000000000000000e+00
7.612504065036773682e-02
6.719210743904113770e-01
1.329497247934341431e-01
3.169870078563690186e-01
1.882490962743759155e-01
4.354314208030700684e-01
1.565420627593994141e+00
0.000000000000000000e+00
9.428280591964721680e-01
1.433452844619750977e+00
9.221422672271728516e-02
2.275106310844421387e-01
5.632568895816802979e-02
3.830311894416809082e-01
2.768654525279998779e-01
7.671809941530227661e-02
9.531140923500061035e-01
6.955788135528564453e-01
4.236700758337974548e-02
7.499376535415649414e-01
5.376707315444946289e-01
3.425311326980590820e+00
1.882806867361068726e-01
1.922851920127868652e+00
2.327948808670043945e-01
2.743444442749023438e+00
3.713174164295196533e-01
3.594563007354736328e-01
1.484115421772003174e-01
4.093266427516937256e-01
1.001822203397750854e-01
1.941504359245300293e+00
2.836303971707820892e-02
1.150587648153305054e-01
3.129779919981956482e-02
3.110681474208831787e-02
1.011909693479537964e-01
2.640028595924377441e-01
1.697981655597686768e-01
4.466353952884674072e-01
0.000000000000000000e+00
3.119860589504241943e-02
3.668166324496269226e-02
7.487617135047912598e-01
1.716049760580062866e-01
1.139607280492782593e-02
3.484757989645004272e-02
4.065985232591629028e-02
3.908347710967063904e-02
3.101243823766708374e-02
1.100512892007827759e-01
3.376803636550903320e+00
1.848682910203933716e-01
3.940082490444183350e-01
2.256508111953735352e+00
9.140735268592834473e-01
4.482665956020355225e-01
1.967991739511489868e-01
1.876784712076187134e-01
0.000000000000000000e+00
0.000000000000000000e+00
1.982955262064933777e-03
1.157303228974342346e-01
5.935730934143066406e-01
6.635564565658569336e-01
5.601786971092224121e-01
1.724353283643722534e-01
1.227953806519508362e-01
9.088293313980102539e-01
1.138571739196777344e+00
0.000000000000000000e+00
4.317064881324768066e-01
6.357938647270202637e-01
5.218391492962837219e-02
2.719909548759460449e-01
2.742808163166046143e-01
2.687999308109283447e-01
2.361328899860382080e-02
5.418645858764648438e+00
2.455997318029403687e-01
4.681116640567779541e-01
0.000000000000000000e+00
4.521784782409667969e+00
9.474668651819229126e-02
0.000000000000000000e+00
3.247370719909667969e-01
2.227770388126373291e-01
2.556525468826293945e+00
6.303599476814270020e-01
1.610937476158142090e+00
5.572047457098960876e-02
2.389413416385650635e-01
4.326099157333374023e-02
2.418459653854370117e-01
0.000000000000000000e+00
3.310215473175048828e-01
0.000000000000000000e+00
2.882274985313415527e-01
8.432683944702148438e-01
2.877791598439216614e-02
1.695904493331909180e+00
6.239079236984252930e-01
7.556530833244323730e-01
0.000000000000000000e+00
8.700687885284423828e-01
3.171734809875488281e-01
1.617386639118194580e-01
3.826787471771240234e-01
2.763895392417907715e-01
0.000000000000000000e+00
0.000000000000000000e+00
1.202960312366485596e-01
5.265902876853942871e-01
3.135263621807098389e-01
3.345675468444824219e-01
5.282144993543624878e-02
1.503670662641525269e-01
3.534089326858520508e-01
8.079898357391357422e-01
5.137474536895751953e-01
0.000000000000000000e+00
4.169641733169555664e-01
4.386076331138610840e-01
2.564618885517120361e-01
4.777733236551284790e-03
2.452221065759658813e-01
1.389072537422180176e+00
2.467215776443481445e+00
4.973791539669036865e-02
1.298321932554244995e-01
1.555692255496978760e-01
5.413556098937988281e-01
8.106215298175811768e-02
1.262869536876678467e-01
7.121050953865051270e-01
3.471378803253173828e+00
2.040966600179672241e-01
2.548960685729980469e+00
0.000000000000000000e+00
6.494620442390441895e-02
1.412639379501342773e+00
3.952645957469940186e-01
5.823515057563781738e-01
1.335621178150177002e-01
1.261334568262100220e-01
7.478088140487670898e-01
5.392637848854064941e-02
4.175815358757972717e-02
2.339973449707031250e+00
3.122609376907348633e+00
8.487488627433776855e-01
2.738404460251331329e-02
1.021823100745677948e-02
1.994405508041381836e+00
2.281825803220272064e-02
1.052966192364692688e-01
1.907218456268310547e+00
7.890833020210266113e-01
3.513192012906074524e-02
3.812313973903656006e-01
0.000000000000000000e+00
3.620738536119461060e-02
1.630275368690490723e+00
7.066355943679809570e-01
1.558974478393793106e-02
3.825495019555091858e-02
2.279538065195083618e-01
1.056765675544738770e+00
3.085395395755767822e-01
5.689266920089721680e-01
5.608263015747070312e-01
2.092877179384231567e-01
9.628388215787708759e-04
1.025082230567932129e+00
1.455123275518417358e-01
1.301336884498596191e-01
1.008113980293273926e+00
2.180594764649868011e-02
1.159417152404785156e+00
7.221222668886184692e-02
9.421046823263168335e-03
0.000000000000000000e+00
0.000000000000000000e+00
2.758225053548812866e-02
1.014445066452026367e+00
1.325511932373046875e-01
2.663373649120330811e-01
6.088461875915527344e-01
1.584729552268981934e-01
1.195553839206695557e-01
5.109988451004028320e-01
5.310024023056030273e-01
4.253033176064491272e-02
0.000000000000000000e+00
0.000000000000000000e+00
1.759504795074462891e+00
3.538120687007904053e-01
2.082836866378784180e+00
5.533137544989585876e-02
1.332337021827697754e+00
3.922583162784576416e-01
5.596753209829330444e-03
7.343155145645141602e-01
4.907097294926643372e-02
2.451930493116378784e-01
2.633854746818542480e-01
0.000000000000000000e+00
2.782095372676849365e-01
2.804475426673889160e-01
7.151197195053100586e-01
0.000000000000000000e+00
1.027195341885089874e-02
1.503232717514038086e+00
1.141186594963073730e+00
1.450847744941711426e+00
2.671125173568725586e+00
5.171991586685180664e-01
8.854267187416553497e-03
0.000000000000000000e+00
1.999770998954772949e+00
2.047840803861618042e-01
4.216552153229713440e-02
2.487491607666015625e+00
1.583941698074340820e+00
4.329059422016143799e-01
5.301522836089134216e-02
0.000000000000000000e+00
0.000000000000000000e+00
1.648576498031616211e+00
3.051015664823353291e-04
9.673286080360412598e-01
4.054007530212402344e+00
2.373217344284057617e-01
9.059987962245941162e-02
4.881239533424377441e-01
1.534234136343002319e-01
2.811523675918579102e-01
7.116677705198526382e-03
3.704884648323059082e-01
3.840852975845336914e-01
2.317179925739765167e-02
7.243766784667968750e-01
0.000000000000000000e+00
1.121167838573455811e-01
3.984168291091918945e+00
4.102351963520050049e-01
1.361339390277862549e-01
6.313820928335189819e-02
6.160185933113098145e-01
2.696313560009002686e-01
3.399243354797363281e-01
2.725575864315032959e-02
0.000000000000000000e+00
2.442394196987152100e-02
3.337360620498657227e-01
6.039838790893554688e-01
6.736447811126708984e-01
3.988108038902282715e-01
1.625867038965225220e-01
5.976593494415283203e-01
4.205728769302368164e-01
4.230050086975097656e+00
3.285632655024528503e-02
5.466862320899963379e-01
1.773718371987342834e-02
1.270665049552917480e+00
0.000000000000000000e+00
4.972324371337890625e-01
0.000000000000000000e+00
9.744114279747009277e-01
1.119762361049652100e-01
2.277864217758178711e+00
7.671781629323959351e-02
2.606225490570068359e+00
1.658636569976806641e+00
6.055290251970291138e-02
8.511006236076354980e-01
8.702115714550018311e-02
8.861870169639587402e-01
1.266629338264465332e+00
4.897561073303222656e-01
5.528053641319274902e-02
3.271430730819702148e-01
6.308019161224365234e-02
2.820740453898906708e-02
0.000000000000000000e+00
2.685281515121459961e+00
3.202480077743530273e-01
0.000000000000000000e+00
2.196607589721679688e-01
5.421425700187683105e-01
5.206165909767150879e-01
5.682038068771362305e-01
1.991279423236846924e-01
9.578684568405151367e-01
9.599232673645019531e-01
5.730121135711669922e-01
1.130062621086835861e-02
1.917051076889038086e+00
6.710156798362731934e-02
3.044692277908325195e-01
1.318224519491195679e-01
9.678617715835571289e-01
0.000000000000000000e+00
8.245611935853958130e-02
5.987438559532165527e-01
1.401355117559432983e-02
1.838335543870925903e-01
1.371584981679916382e-01
0.000000000000000000e+00
6.545760631561279297e-01
3.178233504295349121e-01
0.000000000000000000e+00
3.132037222385406494e-01
2.713959932327270508e+00
3.242636844515800476e-02
2.509649693965911865e-01
9.789505004882812500e-01
3.169751539826393127e-02
3.049723803997039795e-02
6.134294867515563965e-01
5.406312465667724609e+00
1.013249158859252930e+00
3.948726505041122437e-02
0.000000000000000000e+00
5.441352352499961853e-02
1.296401321887969971e-01
6.651915907859802246e-01
4.681543111801147461e-01
1.313639163970947266e+00
8.214033246040344238e-01
2.612874470651149750e-02
3.744233772158622742e-02
9.326161444187164307e-02
0.000000000000000000e+00
4.260605871677398682e-01
1.644907891750335693e-02
1.138981729745864868e-01
6.508476734161376953e-01
0.000000000000000000e+00
1.123021483421325684e+00
1.000102311372756958e-01
9.953116998076438904e-03
1.399560272693634033e-01
2.441936433315277100e-01
1.482729166746139526e-01
7.995741441845893860e-03
1.659204661846160889e-01
7.435173988342285156e-01
1.337507814168930054e-01
4.641143381595611572e-01
2.253435738384723663e-02
6.526960432529449463e-02
1.841976940631866455e-01
1.867229640483856201e-01
1.062056124210357666e-01
2.563278004527091980e-02
2.199746608734130859e+00
1.950888484716415405e-01
4.483164310455322266e+00
3.520262837409973145e-01
9.376787543296813965e-01
1.048173159360885620e-01
2.261410653591156006e-02
1.908664107322692871e-01
1.892005205154418945e-01
5.304399528540670872e-04
1.479127883911132812e+00
1.956530287861824036e-02
1.668999716639518738e-02
5.012677982449531555e-02
5.339423567056655884e-02
1.255674287676811218e-02
1.063806653022766113e+00
1.503068506717681885e-01
1.422680020332336426e+00
1.029357686638832092e-01
0.000000000000000000e+00
9.264504313468933105e-01
2.023570537567138672e+00
5.322338342666625977e-01
1.679844260215759277e+00
1.277567148208618164e-01
8.317919373512268066e-01
4.108206748962402344e+00
6.553752720355987549e-02
7.728692889213562012e-01
1.566583752632141113e+00
2.107876688241958618e-01
2.417170286178588867e+00
2.188070267438888550e-01
5.602000355720520020e-01
4.090794920921325684e-01
9.140734076499938965e-01
1.483687013387680054e-01
0.000000000000000000e+00
4.550100862979888916e-02
0.000000000000000000e+00
3.285397887229919434e-01
2.464989900588989258e+00
2.065429538488388062e-01
5.909662246704101562e-01
2.003063261508941650e-02
0.000000000000000000e+00
0.000000000000000000e+00
0.000000000000000000e+00
5.071512609720230103e-02
4.060073792934417725e-01
1.407219916582107544e-01
2.145919799804687500e-01
1.280789226293563843e-01
8.690692186355590820e-01
3.559225052595138550e-02
1.350857138633728027e+00
0.000000000000000000e+00
3.370305597782135010e-01
2.678144909441471100e-02
1.746250987052917480e-01
1.762620806694030762e-01
8.299351334571838379e-01
2.865131795406341553e-01
0.000000000000000000e+00
5.295502021908760071e-02
1.360955536365509033e-01
1.307922005653381348e-01
0.000000000000000000e+00
2.641330063343048096e-01
0.000000000000000000e+00
7.793386280536651611e-02
6.314281225204467773e-01
9.003039598464965820e-01
7.879326492547988892e-02
9.506223141215741634e-04
4.679963290691375732e-01
9.093555808067321777e-01
2.047794461250305176e-01
2.821504771709442139e-01
2.400962710380554199e-01
0.000000000000000000e+00
8.111623525619506836e-01
8.278127312660217285e-01
1.426173299551010132e-01
1.868450045585632324e-01
2.706872522830963135e-01
0.000000000000000000e+00
1.994761675596237183e-01
4.374900758266448975e-01
2.011817395687103271e-01
1.313026249408721924e-01
3.264884650707244873e-02
7.744500041007995605e-02
6.959881186485290527e-01
0.000000000000000000e+00
1.863478869199752808e-02
6.482381224632263184e-01
0.000000000000000000e+00
8.476071357727050781e-01
1.286371350288391113e-01
0.000000000000000000e+00
5.109874531626701355e-03
2.034861445426940918e-01
2.447846084833145142e-01
1.920239925384521484e-01
2.769634425640106201e-01
3.820113092660903931e-02
4.635360464453697205e-02
6.582624465227127075e-02
9.263089299201965332e-01
1.127812340855598450e-01
1.215378865599632263e-01
2.282712981104850769e-02
3.519740700721740723e-02
1.222228050231933594e+00
6.387891769409179688e-01
1.562688648700714111e-01
3.915701061487197876e-02
4.194636829197406769e-03
0.000000000000000000e+00
4.256740212440490723e-02
6.296103596687316895e-01
0.000000000000000000e+00
2.323369868099689484e-02
1.480872370302677155e-02
0.000000000000000000e+00
2.094605863094329834e-01
0.000000000000000000e+00
1.749591469764709473e+00
2.074713585898280144e-03
0.000000000000000000e+00
7.343096286058425903e-02
5.084638297557830811e-02
0.000000000000000000e+00
5.906948447227478027e-01
1.719885468482971191e-01
0.000000000000000000e+00
6.028648018836975098e-01
3.561738729476928711e-01
4.638295769691467285e-01
6.663561463356018066e-01
2.388316392898559570e-01
5.787408947944641113e-01
3.042743206024169922e-01
1.074754372239112854e-01
1.235776469111442566e-01
1.036713600158691406e+00
1.787266284227371216e-01
1.224734820425510406e-02
1.474295020103454590e+00
4.054966941475868225e-02
6.415742635726928711e-01
2.735293097794055939e-02
1.397716999053955078e-01
5.444440841674804688e-01
0.000000000000000000e+00
2.759868502616882324e-01
1.359448909759521484e+00
4.900881350040435791e-01
5.908935070037841797e-01
1.862577646970748901e-01
4.581130146980285645e-01
1.517329066991806030e-01
5.598235875368118286e-03
4.703418612480163574e-01
1.104590445756912231e-01
3.839210048317909241e-02
5.445038676261901855e-01
4.720799624919891357e-02
6.852754950523376465e-01
1.077711731195449829e-01
3.284485042095184326e-01
5.074929818511009216e-02
9.113669991493225098e-01
9.144806861877441406e-01
1.770293116569519043e-01
6.992243528366088867e-01
9.478356242179870605e-01
0.000000000000000000e+00
2.231707330793142319e-03
2.423069477081298828e-01
1.670767664909362793e-01
2.824555523693561554e-02
7.280477285385131836e-01
6.724321246147155762e-01
1.125306189060211182e-01
1.668222248554229736e-02
2.000169515609741211e+00
3.747431635856628418e-01
1.726971119642257690e-01
4.462201148271560669e-02
1.922897338867187500e+00
1.424069702625274658e-01
8.338809609413146973e-01
1.643985033035278320e+00
1.853520749136805534e-03
2.506810724735260010e-01
2.116241455078125000e-01
2.626038312911987305e+00
1.277197122573852539e+00
4.934522151947021484e+00
0.000000000000000000e+00
8.338230848312377930e-01
6.356742233037948608e-02
6.768322587013244629e-01
0.000000000000000000e+00
3.734095767140388489e-02
9.843246638774871826e-02
4.659273624420166016e-01
2.731299102306365967e-01
3.091323375701904297e-01
1.339096665382385254e+00
5.274280905723571777e-02
3.058329410851001740e-02
4.564802944660186768e-01
1.272266209125518799e-01
0.000000000000000000e+00
9.216728806495666504e-02
1.473334670066833496e+00
1.775235384702682495e-01
6.875528693199157715e-01
1.554377317428588867e+00
2.493783980607986450e-01
8.779192566871643066e-01
4.273555874824523926e-01
1.270144730806350708e-01
2.510738670825958252e-01
1.565293312072753906e+00
2.979591846466064453e+00
8.042978644371032715e-01
4.540609940886497498e-02
1.211166661232709885e-02
0.000000000000000000e+00
1.411709040403366089e-01
4.080448448657989502e-01
2.419348955154418945e-01
1.435095369815826416e-01
3.534636199474334717e-01
6.873713731765747070e-01
3.724636435508728027e-01
1.360114514827728271e-01
1.203458085656166077e-01
1.064305782318115234e+00
1.914930902421474457e-02
2.186181783676147461e+00
2.557963430881500244e-01
4.211911559104919434e-01
2.422084331512451172e+00
1.117718741297721863e-01
1.866878718137741089e-01
5.615940690040588379e-01
2.503045320510864258e+00
3.811988830566406250e-01
1.445380806922912598e+00
1.754328906536102295e-01
7.056045532226562500e-01
2.973586618900299072e-01
4.153478145599365234e-01
1.549572646617889404e-01
1.414195150136947632e-01
2.507330775260925293e-01
5.220442265272140503e-02
9.509681910276412964e-02
5.672144293785095215e-01
2.570727653801441193e-02
3.338691890239715576e-01
1.909514814615249634e-01
1.924698352813720703e-01
6.277944445610046387e-01
6.788265705108642578e-01
1.993901431560516357e-01
8.909342437982559204e-02
3.106949329376220703e-01
1.451055705547332764e-01
4.088003933429718018e-02
0.000000000000000000e+00
3.870573639869689941e-01
3.484233841300010681e-02
2.946938276290893555e+00
1.183147430419921875e+00
2.602381706237792969e-01
1.659639179706573486e-01
0.000000000000000000e+00
4.501120150089263916e-01
0.000000000000000000e+00
7.897137999534606934e-01
6.776013970375061035e-01
7.740253955125808716e-02
4.195967018604278564e-01
3.112066388130187988e-01
0.000000000000000000e+00
5.619221329689025879e-01
0.000000000000000000e+00
0.000000000000000000e+00
2.009749114513397217e-01
5.493207275867462158e-02
0.000000000000000000e+00
9.743909835815429688e-01
4.743987694382667542e-02
9.441428184509277344e-01
2.144297361373901367e+00
1.325978524982929230e-02
7.903137058019638062e-02
0.000000000000000000e+00
1.878269165754318237e-01
1.006949901580810547e+00
5.977374315261840820e-01
1.580781191587448120e-01
2.386384487152099609e+00
0.000000000000000000e+00
7.973500341176986694e-02
6.743451356887817383e-01
3.251489251852035522e-02
4.170746207237243652e-01
4.050055518746376038e-02
0.000000000000000000e+00
2.486574649810791016e-02
1.751048862934112549e-01
1.295954227447509766e+00
8.306198120117187500e-01
5.213528871536254883e-01
1.840711534023284912e-01
5.997248888015747070e-01
0.000000000000000000e+00
6.556354463100433350e-02
1.285676807165145874e-01
2.844785451889038086e+00
2.612144351005554199e-01
7.405364513397216797e-02
4.918107688426971436e-01
2.870586467906832695e-03
7.712234854698181152e-01
3.825888335704803467e-01
3.002063333988189697e-01
3.856804370880126953e-01
4.198063313961029053e-01
0.000000000000000000e+00
3.885522186756134033e-01
2.063360661268234253e-01
0.000000000000000000e+00
1.587612330913543701e-01
3.606591224670410156e-01
0.000000000000000000e+00
1.405075907707214355e+00
1.223337650299072266e+00
1.971638388931751251e-02
3.698967397212982178e-02
4.989072307944297791e-02
2.537210881710052490e-01
1.972752809524536133e-01
6.875253915786743164e-01
3.153945207595825195e-01
3.495490923523902893e-02
5.460165813565254211e-02
2.603982686996459961e-01
1.163134217262268066e+00
7.807827740907669067e-02
7.368762493133544922e-01
3.092676214873790741e-02
6.471371054649353027e-01
5.536991357803344727e-02
1.106385946273803711e+00
2.586776316165924072e-01
5.098671317100524902e-01
0.000000000000000000e+00
1.033403873443603516e+00
1.971919648349285126e-02
8.697524070739746094e-01
1.689397692680358887e-01
5.962804891169071198e-03
3.455551266670227051e-01
1.079664945602416992e+00
0.000000000000000000e+00
6.989705562591552734e-01
2.842632830142974854e-01
1.172077059745788574e+00
0.000000000000000000e+00
3.490790352225303650e-02
1.096936106681823730e+00
2.917002653703093529e-03
1.374162882566452026e-01
2.462541684508323669e-03
3.444501012563705444e-02
3.383401781320571899e-02
4.699469208717346191e-01
6.254351735115051270e-01
1.322022080421447754e-01
1.275834321975708008e+00
1.535200327634811401e-01
8.986289501190185547e-01
1.709249317646026611e-01
7.244283556938171387e-01
6.015006899833679199e-01
2.445314973592758179e-01
3.258155882358551025e-01
1.009051576256752014e-01
2.940110564231872559e-01
4.672624766826629639e-01
0.000000000000000000e+00
7.876245975494384766e-01
5.117765069007873535e-01
4.379300177097320557e-01
8.289032615721225739e-03
1.389576554298400879e+00
3.590335547924041748e-01
7.437108755111694336e-01
2.662092447280883789e-01
3.376334011554718018e-01
1.414789408445358276e-01
2.666923999786376953e-01
2.349198609590530396e-02
0.000000000000000000e+00
5.877119898796081543e-01
5.500294566154479980e-01
0.000000000000000000e+00
3.216973543167114258e-01
1.407423019409179688e-01
1.705825924873352051e-01
4.973595142364501953e-01
4.425508156418800354e-02
1.763411015272140503e-01
2.107390314340591431e-01
0.000000000000000000e+00
2.691971324384212494e-02
2.796049229800701141e-02
1.317805409431457520e+00
1.067601814866065979e-01
3.001707494258880615e-01
3.808976113796234131e-01
7.798659801483154297e-01
8.501926809549331665e-02
9.721590876579284668e-01
4.983425140380859375e-01
0.000000000000000000e+00
0.000000000000000000e+00
9.995485842227935791e-02
1.822835765779018402e-02
2.946650981903076172e-01
2.767173051834106445e+00
2.626232862472534180e+00
2.295729875564575195e+00
5.732360109686851501e-02
4.485244862735271454e-03
3.443134427070617676e-01
5.146521925926208496e-01
4.710837304592132568e-01
4.088811948895454407e-02
1.140305280685424805e+00
1.054272532463073730e+00
0.000000000000000000e+00
0.000000000000000000e+00
8.521347306668758392e-03
0.000000000000000000e+00
2.747162431478500366e-02
1.993721723556518555e-01
3.892244026064872742e-02
1.819703817367553711e+00
1.043454408645629883e+00
1.578186154365539551e-01
0.000000000000000000e+00
3.060628890991210938e+00
1.341107040643692017e-01
4.241494238376617432e-01
1.903600245714187622e-01
1.469811916351318359e+00
3.428409993648529053e-01
1.056265354156494141e+00
7.559933066368103027e-01
2.908455021679401398e-02
7.710800040513277054e-03
5.515326187014579773e-02
0.000000000000000000e+00
5.290192961692810059e-01
3.130332529544830322e-01
0.000000000000000000e+00
5.747650191187858582e-02
0.000000000000000000e+00
9.103788137435913086e-01
2.189881086349487305e+00
6.049191355705261230e-01
8.976143002510070801e-01
2.882025018334388733e-02
1.064071655273437500e+00
1.968617796897888184e+00
1.832092761993408203e+00
1.832682825624942780e-02
2.626023292541503906e-01
2.828685641288757324e-01
0.000000000000000000e+00
1.666913479566574097e-01
9.339749068021774292e-02
2.143416553735733032e-01
1.202591583132743835e-01
0.000000000000000000e+00
2.263647913932800293e-01
5.206526475376449525e-05
4.038006961345672607e-01
4.762553051114082336e-02
1.252342104911804199e+00
1.046695113182067871e+00
5.481359362602233887e-01
9.272176623344421387e-01
1.492714583873748779e-01
2.275358326733112335e-02
1.157148838043212891e+00
2.189901471138000488e-02
1.663401365280151367e+00
8.216552436351776123e-03
4.476739168167114258e-01
5.086609721183776855e-02
1.546725034713745117e-01
2.877338044345378876e-02
1.858956553041934967e-02
4.704433381557464600e-01
1.265768647193908691e+00
1.070319294929504395e+00
1.806988567113876343e-02
0.000000000000000000e+00
4.262496531009674072e-01
4.768897891044616699e-01
5.442129373550415039e-01
9.092712402343750000e-01
4.434967413544654846e-02
6.667951494455337524e-02
8.540753126144409180e-01
9.656622260808944702e-02
8.725079894065856934e-01
3.700807809829711914e+00
1.500759571790695190e-01
0.000000000000000000e+00
9.457775391638278961e-03
0.000000000000000000e+00
1.289152860641479492e+00
0.000000000000000000e+00
3.902957215905189514e-02
2.236095815896987915e-02
9.655452519655227661e-02
5.279254317283630371e-01
1.513760886155068874e-03
1.371728777885437012e-01
9.526284039020538330e-02
1.826527179218828678e-03
9.723222851753234863e-01
0.000000000000000000e+00
7.060426473617553711e-01
5.011592507362365723e-01
0.000000000000000000e+00
5.831205286085605621e-03
3.513012547045946121e-03
1.851227879524230957e-01
0.000000000000000000e+00
0.000000000000000000e+00
5.178106427192687988e-01
2.995477199554443359e+00
3.608510196208953857e-01
3.494399785995483398e-01
6.471489071846008301e-01
5.756424739956855774e-02
1.127205118536949158e-01
2.291521243751049042e-02
2.031215578317642212e-01
1.487452507019042969e+00
1.033120036125183105e+00
1.012162089347839355e+00
5.054714679718017578e-01
3.078745901584625244e-01
3.253650367259979248e-01
5.613363981246948242e-01
9.380638599395751953e-02
7.431222796440124512e-01
9.573133289813995361e-02
4.254405200481414795e-02
1.382506191730499268e-01
1.476526409387588501e-01
0.000000000000000000e+00
9.529588818550109863e-01
7.372957468032836914e-01
5.178074240684509277e-01
9.283724427223205566e-02
4.370168447494506836e-01
9.103866219520568848e-01
5.859059840440750122e-02
7.130225896835327148e-01
0.000000000000000000e+00
0.000000000000000000e+00
4.856760799884796143e-01
1.346643686294555664e+00
1.266881823539733887e+00
1.793497502803802490e-01
3.348792716860771179e-02
0.000000000000000000e+00
7.893803529441356659e-03
0.000000000000000000e+00
3.135143220424652100e-01
2.114338427782058716e-01
3.884491324424743652e-01
2.432321071624755859e+00
4.258108139038085938e+00
1.962812542915344238e-01
1.343835741281509399e-01
5.747154951095581055e-01
4.260439425706863403e-02
8.611813187599182129e-01
4.134129881858825684e-01
5.544131994247436523e-02
7.958917617797851562e-01
5.252904444932937622e-02
3.420418873429298401e-02
7.655286788940429688e-02
7.113953232765197754e-01
5.615531001240015030e-03
0.000000000000000000e+00
0.000000000000000000e+00
8.118365406990051270e-01
8.156062364578247070e-01
1.506930496543645859e-02
0.000000000000000000e+00
0.000000000000000000e+00
2.732438147068023682e-01
4.309177398681640625e-01
0.000000000000000000e+00
1.935969352722167969e+00
1.385101824998855591e-01
7.018552422523498535e-01
2.487089782953262329e-01
1.180278789252042770e-02
0.000000000000000000e+00
3.376566767692565918e-01
3.963751718401908875e-02
2.411546111106872559e-01
0.000000000000000000e+00
0.000000000000000000e+00
2.137239873409271240e-01
4.602250754833221436e-01
8.765270467847585678e-04
4.007451534271240234e-01
2.558040142059326172e+00
3.837992902845144272e-03
6.119097396731376648e-02
0.000000000000000000e+00
4.367885887622833252e-01
1.037780642509460449e-01
2.693043708801269531e+00
2.698952853679656982e-01
2.347117811441421509e-01
1.162981688976287842e-01
1.240249633789062500e+00
0.000000000000000000e+00
1.364248991012573242e-01
8.523514866828918457e-02
1.683940052986145020e+00
3.929917812347412109e-01
2.839330136775970459e-01
1.787733584642410278e-01
4.402671456336975098e-01
2.350756200030446053e-03
2.466752827167510986e-01
1.241911798715591431e-01
2.322840690612792969e+00
3.372436761856079102e-01
0.000000000000000000e+00
2.296628355979919434e-01
1.076260805130004883e+00
8.459892868995666504e-01
1.991499423980712891e+00
1.559780985116958618e-01
0.000000000000000000e+00
9.734608232975006104e-03
1.233250498771667480e+00
3.502929806709289551e-01
1.497767269611358643e-01
2.061040140688419342e-02
4.705162942409515381e-01
1.041520535945892334e-01
0.000000000000000000e+00
2.496161162853240967e-01
0.000000000000000000e+00
1.757861226797103882e-01
2.749273739755153656e-02
8.055879473686218262e-01
1.425281286239624023e+00
2.974407672882080078e-01
4.933872222900390625e-01
3.317765295505523682e-01
0.000000000000000000e+00
3.665547966957092285e-01
1.152217745780944824e+00
9.312074780464172363e-01
8.753831684589385986e-02
0.000000000000000000e+00
7.986026257276535034e-02
1.761435508728027344e+00
9.388096630573272705e-03
3.596606850624084473e-01
5.048831105232238770e-01
2.224835902452468872e-01
1.063277006149291992e+00
1.956579741090536118e-03
1.525637414306402206e-02
1.155243292450904846e-01
2.647702395915985107e-01
0.000000000000000000e+00
2.720552124083042145e-02
3.511550724506378174e-01
3.098976612091064453e-01
2.807298302650451660e-01
3.792186826467514038e-02
0.000000000000000000e+00
0.000000000000000000e+00
6.885156631469726562e-01
2.165465243160724640e-02
2.544225938618183136e-02
0.000000000000000000e+00
1.067409634590148926e+00
3.739222586154937744e-01
4.149602651596069336e-01
1.183698549866676331e-01
1.164153683930635452e-02
7.472282648086547852e-02
0.000000000000000000e+00
9.514068961143493652e-01
1.465421263128519058e-02
1.414722353219985962e-01
8.236729353666305542e-02
0.000000000000000000e+00
0.000000000000000000e+00
2.801724374294281006e-01
4.298860132694244385e-01
1.144600436091423035e-01
2.567925676703453064e-02
5.732836723327636719e-01
3.047811985015869141e-01
2.437478117644786835e-02
5.738340020179748535e-01
6.273191571235656738e-01
5.414501577615737915e-02
8.069089651107788086e-01
2.991222143173217773e-01
1.699283421039581299e-01
3.242082595825195312e-01
0.000000000000000000e+00
4.451815485954284668e-01
6.523869037628173828e-01
1.010464906692504883e+00
0.000000000000000000e+00
2.979467213153839111e-01
4.537143409252166748e-01
1.138384580612182617e+00
9.432231187820434570e-01
1.031476408243179321e-01
2.426530122756958008e+00
3.717368841171264648e-01
0.000000000000000000e+00
1.208577901124954224e-01
2.632281929254531860e-02
2.344290912151336670e-01
8.946732431650161743e-02
1.095642209053039551e+00
0.000000000000000000e+00
2.174264490604400635e-01
1.435262858867645264e-01
3.266786038875579834e-01
1.160311698913574219e+00
8.740481734275817871e-01
1.015905290842056274e-01
1.273919492959976196e-01
6.777216494083404541e-02
1.066571116447448730e+00
4.728262126445770264e-02
3.978421688079833984e-01
4.655893146991729736e-01
5.915532633662223816e-02
1.569802872836589813e-02
6.985378861427307129e-01
4.970695376396179199e-01
2.471062988042831421e-01
1.147868297994136810e-02
3.559070587158203125e+00
4.585415869951248169e-02
2.783963382244110107e-01
2.420358732342720032e-02
4.847610294818878174e-01
7.094083428382873535e-01
8.691658377647399902e-01
1.970657706260681152e-02
2.898071527481079102e+00
2.464146614074707031e+00
4.839877039194107056e-02
2.709218025207519531e+00
0.000000000000000000e+00
3.074132502079010010e-01
8.393492698669433594e-01
1.842864632606506348e+00
2.893418550491333008e+00
0.000000000000000000e+00
8.134838193655014038e-02
2.545268237590789795e-01
1.518093049526214600e-01
4.161921143531799316e-01
1.218023777008056641e+00
5.754419565200805664e-01
4.281934499740600586e-01
0.000000000000000000e+00
2.580038309097290039e-01
2.575979754328727722e-02
5.275220870971679688e-01
0.000000000000000000e+00
8.549133688211441040e-02
7.567120343446731567e-02
2.110413042828440666e-03
1.220273017883300781e+00
2.634873390197753906e-01
3.256874561309814453e+00
4.855208098888397217e-01
9.177805483341217041e-02
1.078292250633239746e+00
1.709673166275024414e+00
1.008878111839294434e+00
5.599145889282226562e-01
2.231436409056186676e-02
7.490576803684234619e-02
3.756176829338073730e-01
1.202559828758239746e+00
2.591269969940185547e+00
1.317403763532638550e-01
7.209977135062217712e-03
9.713744521141052246e-01
5.070646479725837708e-02
1.481705665588378906e+00
0.000000000000000000e+00
0.000000000000000000e+00
1.429433524608612061e-01
2.540280580520629883e+00
1.990978866815567017e-01
1.579955816268920898e-01
0.000000000000000000e+00
0.000000000000000000e+00
1.594088196754455566e+00
5.513667687773704529e-02
1.966690182685852051e+00
1.405687071382999420e-02
0.000000000000000000e+00
8.305820077657699585e-02
3.925961256027221680e+00
6.728874891996383667e-02
3.026364743709564209e-01
3.614338934421539307e-01
3.391492068767547607e-01
2.202688343822956085e-02
0.000000000000000000e+00
0.000000000000000000e+00
4.043310508131980896e-02
5.864306092262268066e-01
1.159512400627136230e+00
1.216352358460426331e-01
1.156784445047378540e-01
1.577215828001499176e-02
1.240705966949462891e+00
4.590736031532287598e-01
3.818724453449249268e-01
1.316755358129739761e-02
3.513766229152679443e-01
1.381875574588775635e-01
4.565962553024291992e-01
4.906577616930007935e-02
1.561427582055330276e-02
4.254736378788948059e-02
7.607322931289672852e-01
8.689522147178649902e-01
0.000000000000000000e+00
2.576491534709930420e-01
2.989239059388637543e-02
2.543933987617492676e-01
1.589864306151866913e-02
5.155995845794677734e+00
1.242644429206848145e+00
2.032939046621322632e-01
1.990941166877746582e-01
0.000000000000000000e+00
1.665716916322708130e-01
4.264407753944396973e-01
2.277765274047851562e+00
0.000000000000000000e+00
5.099523067474365234e-01
1.827082931995391846e-01
1.106550931930541992e+00
2.403553009033203125e+00
1.369556486606597900e-01
1.926403999328613281e+00
0.000000000000000000e+00
1.762332249199971557e-04
3.506725132465362549e-01
5.541011318564414978e-02
1.034182548522949219e+00
2.594141103327274323e-02
9.009701609611511230e-01
1.665646791458129883e+00
0.000000000000000000e+00
1.428090780973434448e-02
7.724564075469970703e-01
1.320512533187866211e+00
2.590049028396606445e+00
6.459318101406097412e-02
7.451584190130233765e-02
0.000000000000000000e+00
2.387031167745590210e-02
1.206384658813476562e+00
1.563376188278198242e-01
0.000000000000000000e+00
5.414220970124006271e-03
7.131338864564895630e-02
6.577683091163635254e-01
2.356204204261302948e-02
5.256543681025505066e-02
0.000000000000000000e+00
1.948239505290985107e-01
1.811657100915908813e-02
4.207846641540527344e+00
9.842000901699066162e-02
2.227700471878051758e+00
3.477810025215148926e-01
2.018248796463012695e+00
2.569978952407836914e+00
2.405712902545928955e-01
2.745358347892761230e-01
0.000000000000000000e+00
1.638514637947082520e+00
5.339294672012329102e-01
1.875890977680683136e-02
1.241084113717079163e-01
2.659293711185455322e-01
1.188774704933166504e-01
1.322561800479888916e-01
0.000000000000000000e+00
1.520204097032546997e-01
0.000000000000000000e+00
0.000000000000000000e+00
4.555353894829750061e-02
0.000000000000000000e+00
1.603083685040473938e-02
6.790549755096435547e-01
3.985837846994400024e-02
1.161077618598937988e+00
1.229296922683715820e+00
3.055441677570343018e-01
0.000000000000000000e+00
3.577882349491119385e-01
6.268935799598693848e-01
5.341635942459106445e-01
2.765046656131744385e-01
4.872984886169433594e+00
1.576154947280883789e+00
3.326855003833770752e-01
4.190137386322021484e-01
2.278087139129638672e-01
1.508895307779312134e-01
5.701858084648847580e-03
0.000000000000000000e+00
3.617553785443305969e-02
4.760333895683288574e-02
6.024444699287414551e-01
3.292711675167083740e-01
0.000000000000000000e+00
6.357180476188659668e-01
1.309432029724121094e+00
2.901656031608581543e-01
1.814403533935546875e-01
5.880503058433532715e-01
1.164219751954078674e-01
1.109897643327713013e-01
2.193534135818481445e+00
8.650428056716918945e-01
2.998831495642662048e-02
4.233965277671813965e-01
1.202102228999137878e-01
2.619204819202423096e-01
3.880712687969207764e-01
2.170600891113281250e+00
0.000000000000000000e+00
1.591107130050659180e+00
9.074348956346511841e-02
1.006947159767150879e+00
1.238765597343444824e+00
1.332169119268655777e-02
1.398294717073440552e-01
1.335458755493164062e+00
4.409133270382881165e-02
3.296942412853240967e-01
4.205639660358428955e-02
3.201460465788841248e-03
4.559541121125221252e-03
4.707339778542518616e-02
2.579947933554649353e-02
4.987195879220962524e-02
8.218229748308658600e-03
7.907798290252685547e-01
2.523091435432434082e-02
6.118115037679672241e-02
1.101281166076660156e+00
1.056041836738586426e+00
1.688304662704467773e+00
5.955304484814405441e-03
2.431955814361572266e+00
7.992222160100936890e-02
7.815433293581008911e-02
7.600990533828735352e-01
3.693885505199432373e-01
1.636365652084350586e-01
1.246959090232849121e+00
2.806369662284851074e-01
7.383573651313781738e-01
0.000000000000000000e+00
1.581183075904846191e-02
1.863896101713180542e-01
1.153509244322776794e-01
1.001868844032287598e+00
7.675044536590576172e-01
6.168723702430725098e-01
1.946596056222915649e-02
0.000000000000000000e+00
1.512175053358078003e-01
4.251130104064941406e+00
4.592767059803009033e-01
1.437524318695068359e+00
1.086029931902885437e-01
1.666048020124435425e-01
8.081301450729370117e-01
8.218901604413986206e-02
8.807252347469329834e-02
0.000000000000000000e+00
2.321362346410751343e-01
1.075901865959167480e+00
3.849946022033691406e+00
7.516442984342575073e-02
0.000000000000000000e+00
3.000585138797760010e-01
1.619776152074337006e-02
7.687839865684509277e-01
5.437403321266174316e-01
5.722052603960037231e-02
1.678765192627906799e-02
9.742764383554458618e-02
2.063635110855102539e+00
1.674889922142028809e-01
7.798854112625122070e-01
8.344422280788421631e-02
0.000000000000000000e+00
1.830595880746841431e-01
2.924641966819763184e-01
8.528184890747070312e-01
2.793874442577362061e-01
2.232388034462928772e-02
2.298147231340408325e-01
1.957505643367767334e-01
1.903133839368820190e-01
1.961259692907333374e-01
1.285840123891830444e-01
1.280563771724700928e-01
5.937941670417785645e-01
1.050697565078735352e+00
8.205804973840713501e-02
2.129023075103759766e-01
4.167245328426361084e-02
4.530179128050804138e-02
1.070433408021926880e-01
5.958067253232002258e-02
6.635978817939758301e-01
0.000000000000000000e+00
3.240162506699562073e-02
9.629253745079040527e-01
7.250421643257141113e-01
2.812538146972656250e-01
1.696880698204040527e+00
1.008744239807128906e+00
1.256257295608520508e+00
6.836866587400436401e-02
1.483711004257202148e-01
2.368282973766326904e-01
4.022493492811918259e-03
2.193716913461685181e-02
8.405820131301879883e-01
5.891514196991920471e-02
9.057177603244781494e-02
1.057946607470512390e-01
3.109445273876190186e-01
1.473837345838546753e-01
6.269304454326629639e-02
3.970175385475158691e-01
4.857799112796783447e-01
7.766707241535186768e-02
2.848906517028808594e-01
5.944687873125076294e-02
0.000000000000000000e+00
1.937918215990066528e-01
3.322368860244750977e-01
6.959437131881713867e-01
6.405350565910339355e-01
4.262102767825126648e-02
8.850659728050231934e-01
8.383438587188720703e-01
1.275458335876464844e+00
0.000000000000000000e+00
1.376609355211257935e-01
0.000000000000000000e+00
0.000000000000000000e+00
4.813388586044311523e-01
1.355744838714599609e+00
3.117198944091796875e-01
6.647056341171264648e-02
1.653322219848632812e+00
2.117492631077766418e-02
1.907508075237274170e-02
4.900687038898468018e-01
4.177487641572952271e-02
2.923901081085205078e-01
0.000000000000000000e+00
0.000000000000000000e+00
8.101074695587158203e-01
1.915982246398925781e+00
1.504974812269210815e-01
7.712946832180023193e-02
0.000000000000000000e+00
2.104286700487136841e-01
2.998738922178745270e-02
7.463880628347396851e-02
1.193963766098022461e+00
1.024495124816894531e+00
0.000000000000000000e+00
4.334162175655364990e-02
4.212018251419067383e-01
2.529679536819458008e+00
4.167721271514892578e-01
0.000000000000000000e+00
