4.339031279087066650e-01
1.295958042144775391e+00
1.196990311145782471e-01
1.398476004600524902e+00
2.750780284404754639e-01
5.060923099517822266e-01
0.000000000000000000e+00
2.686424851417541504e-01
2.231498956680297852e-01
7.564226165413856506e-03
4.915322303771972656e+00
4.993718862533569336e-01
7.743133902549743652e-01
9.392527490854263306e-02
8.487836718559265137e-01
9.450819343328475952e-02
1.677255779504776001e-01
0.000000000000000000e+00
2.587210893630981445e+00
2.567068636417388916e-01
1.936524033546447754e+00
4.568633437156677246e-02
5.682442188262939453e-01
2.914559543132781982e-01
4.743247926235198975e-01
9.793263077735900879e-01
9.443788975477218628e-02
1.147886589169502258e-01
2.543132193386554718e-02
8.746059238910675049e-02
6.632196903228759766e-01
1.759458899497985840e+00
6.806671023368835449e-01
2.017664194107055664e+00
8.405412733554840088e-02
2.754808962345123291e-01
4.129981696605682373e-01
5.625206828117370605e-01
1.685489535331726074e+00
9.905410408973693848e-01
1.311991810798645020e-01
5.794679522514343262e-01
3.124243021011352539e-01
1.204560160636901855e+00
3.287735283374786377e-01
7.121922969818115234e-01
3.606180846691131592e-01
9.122262895107269287e-02
7.256510853767395020e-01
2.067778408527374268e-01
9.994197487831115723e-01
3.160654306411743164e-01
1.528754830360412598e+00
2.828163504600524902e-01
9.095100760459899902e-01
5.195457935333251953e-01
2.157778978347778320e+00
9.022657275199890137e-01
5.507074594497680664e-01
1.825840026140213013e-01
1.267699152231216431e-01
1.514073610305786133e+00
1.594972014427185059e-01
1.176845908164978027e+00
1.237483978271484375e+00
0.000000000000000000e+00
1.512936800718307495e-01
7.422493696212768555e-01
1.461219936609268188e-01
2.538908123970031738e-01
1.370270922780036926e-02
0.000000000000000000e+00
0.000000000000000000e+00
2.861048579216003418e-01
5.765405297279357910e-01
0.000000000000000000e+00
1.016388460993766785e-01
6.785984151065349579e-03
1.933066844940185547e-01
7.807339429855346680e-01
6.208680570125579834e-02
2.506484508514404297e+00
5.188343524932861328e-01
8.047981858253479004e-01
2.599752247333526611e-01
4.000762999057769775e-01
6.007275581359863281e-01
7.364659905433654785e-01
5.822585225105285645e-01
1.021292433142662048e-01
4.801210016012191772e-03
1.445857405662536621e+00
1.077291131019592285e+00
0.000000000000000000e+00
8.498474210500717163e-02
3.084284305572509766e+00
5.886638537049293518e-02
3.785259425640106201e-01
2.221255600452423096e-01
7.491718977689743042e-02
4.090066067874431610e-03
4.715707004070281982e-01
1.136707901954650879e+00
1.900428891181945801e+00
1.289901256561279297e+00
2.427262216806411743e-01
8.150954246520996094e-01
1.938689053058624268e-01
1.049019575119018555e+00
2.609454691410064697e-01
3.384715616703033447e-01
8.204970359802246094e-01
2.153426259756088257e-01
5.012139081954956055e-01
0.000000000000000000e+00
7.458813786506652832e-01
2.441582530736923218e-01
1.410129904747009277e+00
2.209227561950683594e+00
2.680798470973968506e-01
3.197357654571533203e-01
0.000000000000000000e+00
0.000000000000000000e+00
1.509039849042892456e-01
5.612377643585205078e+00
3.939464390277862549e-01
4.009152203798294067e-02
3.066200971603393555e+00
1.053943991661071777e+00
1.370527029037475586e+00
7.250460386276245117e-01
5.329769849777221680e-01
5.468783378601074219e-01
2.105971425771713257e-01
3.495287299156188965e-01
4.086037576198577881e-01
4.079921543598175049e-01
1.398919582366943359e+00
1.424890637397766113e+00
8.196634054183959961e-01
7.035472393035888672e-01
5.990746021270751953e-01
7.806257009506225586e-01
4.748713225126266479e-02
1.080559343099594116e-01
4.513234496116638184e-01
3.792342245578765869e-01
4.190537631511688232e-01
9.199016094207763672e-01
2.273269146680831909e-01
1.883175849914550781e+00
1.254794955253601074e+00
1.285316795110702515e-01
1.982520818710327148e-01
7.080536335706710815e-02
1.761528968811035156e+00
9.689639210700988770e-01
6.206329911947250366e-03
4.414412751793861389e-02
2.912012338638305664e-01
1.208161562681198120e-01
1.612548381090164185e-01
5.901760980486869812e-02
3.671317100524902344e-01
2.890759706497192383e-01
1.137157678604125977e+00
2.609591782093048096e-01
5.745978355407714844e-01
1.365079432725906372e-01
1.202068701386451721e-01
6.147762537002563477e-01
7.315903306007385254e-01
8.152526021003723145e-01
1.579529345035552979e-01
1.422968655824661255e-01
5.118977278470993042e-02
1.222489625215530396e-01
6.308445334434509277e-01
2.136839330196380615e-01
2.516784071922302246e-01
9.707040339708328247e-02
1.223455816507339478e-01
1.399163305759429932e-01
6.842270493507385254e-02
6.132681854069232941e-03
5.233456492424011230e-01
1.135598272085189819e-01
3.817639648914337158e-01
1.284472793340682983e-01
3.440469503402709961e-01
3.619478270411491394e-02
8.190383315086364746e-01
2.080049514770507812e+00
8.972886800765991211e-01
2.031067848205566406e+00
5.605718120932579041e-03
1.270146608352661133e+00
4.423254430294036865e-01
1.755917966365814209e-01
5.005445480346679688e-01
1.067878723144531250e+00
7.161456346511840820e-02
1.185772895812988281e+00
7.602188736200332642e-02
1.250725835561752319e-01
1.820359379053115845e-01
2.990477561950683594e+00
1.837613284587860107e-01
7.033478617668151855e-01
9.914497137069702148e-01
7.304026931524276733e-02
2.052619934082031250e+00
2.620288431644439697e-01
8.957156538963317871e-01
4.186044931411743164e-01
1.144421696662902832e+00
3.831449151039123535e-01
2.055135518312454224e-01
8.636730909347534180e-01
3.676203727722167969e+00
9.637384414672851562e-01
2.107779383659362793e-01
2.103513002395629883e+00
5.198069214820861816e-01
2.218339964747428894e-02
1.316405832767486572e-01
0.000000000000000000e+00
7.565164566040039062e-01
5.507952570915222168e-01
0.000000000000000000e+00
3.301231861114501953e-01
1.870768070220947266e-01
7.265062928199768066e-01
4.217235546093434095e-04
0.000000000000000000e+00
4.863654077053070068e-01
5.235592648386955261e-02
1.049843207001686096e-01
1.190440282225608826e-01
7.768786549568176270e-01
6.179302465170621872e-03
4.967111945152282715e-01
1.224499642848968506e-01
1.698993742465972900e-01
4.738955199718475342e-01
1.693767189979553223e+00
1.363858133554458618e-01
5.729959532618522644e-02
2.231904506683349609e+00
2.533871307969093323e-02
6.026657819747924805e-01
2.611814737319946289e-01
2.451263219118118286e-01
1.737216114997863770e-01
3.666453957557678223e-01
1.605657190084457397e-01
1.244159601628780365e-02
1.796883821487426758e+00
2.336283922195434570e-01
3.041932582855224609e-01
5.484258532524108887e-01
3.328989818692207336e-02
4.925757348537445068e-01
3.235613822937011719e+00
2.142799203284084797e-04
4.139932394027709961e-01
6.345644127577543259e-03
6.276070475578308105e-01
3.979507684707641602e-01
2.182078838348388672e+00
1.886553764343261719e+00
2.148040942847728729e-02
5.810212343931198120e-03
1.052110671997070312e+00
1.808230131864547729e-01
1.424938440322875977e+00
7.927555441856384277e-01
3.696977794170379639e-01
6.048668622970581055e-01
9.531623721122741699e-01
1.517363548278808594e+00
6.726611256599426270e-01
7.932629436254501343e-02
1.260095536708831787e-01
2.516571059823036194e-02
1.497015357017517090e+00
3.980791568756103516e-01
5.748240649700164795e-02
4.227920174598693848e-01
1.045467972755432129e+00
1.594981700181961060e-01
4.405762851238250732e-01
2.175934612751007080e-02
2.418728828430175781e+00
8.465896248817443848e-01
8.660370111465454102e-01
6.192002072930335999e-02
1.599044501781463623e-01
2.950845658779144287e-02
3.317749202251434326e-01
6.772047281265258789e-01
1.564674526453018188e-01
7.716938853263854980e-02
1.733919620513916016e+00
1.572734475135803223e+00
2.161263674497604370e-01
1.136356890201568604e-01
9.948666393756866455e-02
9.934114813804626465e-01
1.221119761466979980e-01
5.127528309822082520e-01
2.795198261737823486e-01
2.028308808803558350e-01
9.294102191925048828e-01
1.364541947841644287e-01
4.427514374256134033e-01
5.018303394317626953e-01
7.181689739227294922e-01
2.452739775180816650e-01
3.586606681346893311e-01
1.138157129287719727e+00
4.998253881931304932e-01
4.998639822006225586e-01
2.393036335706710815e-01
6.224902272224426270e-01
2.685936987400054932e-01
1.992729259654879570e-03
8.039243221282958984e-01
4.244792759418487549e-01
8.144748210906982422e-01
1.351381391286849976e-01
5.030670017004013062e-02
1.900183796882629395e+00
1.581782251596450806e-01
2.090293914079666138e-01
5.140184760093688965e-01
4.192665219306945801e-01
1.449228882789611816e+00
3.562147378921508789e+00
6.596313714981079102e-01
1.273976445198059082e+00
2.113436162471771240e-01
7.674441337585449219e-01
9.901704788208007812e-01
6.858299970626831055e-01
1.571425795555114746e+00
4.269581288099288940e-02
0.000000000000000000e+00
1.339894682168960571e-01
2.966500520706176758e-01
1.058864116668701172e+00
1.102037429809570312e+00
2.014788985252380371e-01
2.064893767237663269e-02
1.157755851745605469e-01
3.097020387649536133e+00
4.623203724622726440e-02
2.414829492568969727e+00
3.523600101470947266e-02
2.498930931091308594e+00
1.134530901908874512e-01
2.299983613193035126e-02
2.132184207439422607e-01
7.045046687126159668e-01
3.405945062637329102e+00
4.782150387763977051e-01
4.708481952548027039e-02
1.057430505752563477e-01
5.112397074699401855e-01
1.159157380461692810e-01
8.035283535718917847e-02
0.000000000000000000e+00
1.696595430374145508e+00
8.789860294200479984e-04
1.398134827613830566e-01
0.000000000000000000e+00
3.831177651882171631e-01
5.713095664978027344e-01
0.000000000000000000e+00
1.707291901111602783e-01
0.000000000000000000e+00
1.298608630895614624e-02
5.518956184387207031e-01
1.858276128768920898e-01
4.651746153831481934e-02
9.622573852539062500e-01
1.241192579269409180e+00
2.840128421783447266e+00
0.000000000000000000e+00
3.670437932014465332e-01
7.550106197595596313e-02
1.815152913331985474e-01
1.902297288179397583e-01
4.725979268550872803e-01
3.148956298828125000e+00
6.747127175331115723e-01
1.403341650962829590e+00
7.934988021850585938e+00
3.357112407684326172e-01
1.075977683067321777e+00
2.130746096372604370e-01
1.106046080589294434e+00
1.619110465049743652e+00
4.835052415728569031e-02
0.000000000000000000e+00
1.377093553543090820e+00
1.168033704161643982e-01
3.290766105055809021e-02
4.039463996887207031e-01
2.541175484657287598e-01
2.512077093124389648e-01
5.029996037483215332e-01
5.284301936626434326e-03
1.533739566802978516e-01
0.000000000000000000e+00
2.930300235748291016e-01
4.592565894126892090e-01
1.498957127332687378e-01
7.385932803153991699e-01
2.401540130376815796e-01
5.636135861277580261e-02
1.594874262809753418e-01
1.886528611183166504e+00
4.463128745555877686e-01
4.579580724239349365e-01
7.201529294252395630e-02
4.546034634113311768e-01
2.301492244005203247e-01
2.655006051063537598e-01
7.539947986602783203e+00
1.199436426162719727e+00
1.019899249076843262e-01
3.296202421188354492e-01
2.149819135665893555e+00
1.917165219783782959e-01
1.392386913299560547e+00
6.021022796630859375e-02
1.456219553947448730e-01
8.946287035942077637e-01
4.696997702121734619e-01
1.125815287232398987e-01
2.101707458496093750e-01
2.142680250108242035e-02
7.996211051940917969e-01
2.213862687349319458e-01
1.275200009346008301e+00
1.897690773010253906e+00
6.677021980285644531e-01
2.100960165262222290e-02
2.672812342643737793e-01
1.572786569595336914e+00
5.262178182601928711e-02
7.566989213228225708e-02
0.000000000000000000e+00
3.081227540969848633e-01
1.373782992362976074e+00
1.179581433534622192e-01
4.539853632450103760e-01
5.320003256201744080e-02
7.978243231773376465e-01
3.495534062385559082e-01
6.038473248481750488e-01
0.000000000000000000e+00
1.145170331001281738e-01
1.515795439481735229e-01
5.571674704551696777e-01
2.322240352630615234e+00
8.343291878700256348e-01
1.081858649849891663e-01
0.000000000000000000e+00
2.206422835588455200e-01
3.628438338637351990e-02
3.344329595565795898e-01
2.508756220340728760e-01
3.331364691257476807e-01
1.993418904021382332e-03
6.259555816650390625e-01
9.526173770427703857e-02
2.868919670581817627e-01
5.176767110824584961e-01
1.719408273696899414e+00
9.473454952239990234e-01
7.432605028152465820e-01
5.693297386169433594e-01
4.279234111309051514e-01
6.262625455856323242e-01
1.165013983845710754e-01
1.872284531593322754e+00
2.046461701393127441e-01
6.880823373794555664e-01
4.446278810501098633e-01
1.408337593078613281e+00
0.000000000000000000e+00
2.967149578034877777e-02
1.175605893135070801e+00
9.533904194831848145e-01
1.535120457410812378e-01
5.001630187034606934e-01
2.879758477210998535e-01
2.251234650611877441e-01
2.810860872268676758e-01
6.515699625015258789e-01
4.799947142601013184e-01
7.658173441886901855e-01
0.000000000000000000e+00
1.509261876344680786e-01
5.160660147666931152e-01
1.738677266985177994e-03
1.625897884368896484e-01
9.355838298797607422e-01
0.000000000000000000e+00
4.128433704376220703e+00
1.003528833389282227e+00
2.245231717824935913e-01
4.264658782631158829e-03
2.220603525638580322e-01
1.558889627456665039e+00
2.086900770664215088e-01
1.976810395717620850e-01
1.044914945960044861e-01
5.249326229095458984e-01
5.193435549736022949e-01
3.135263025760650635e-01
7.151498794555664062e-01
1.177854910492897034e-01
1.180879622697830200e-01
1.003724217414855957e+00
1.008001804351806641e+00
2.012557387351989746e-01
1.371232748031616211e+00
1.195038110017776489e-02
2.152353972196578979e-01
2.797998674213886261e-02
3.590238094329833984e-01
1.719630002975463867e+00
1.284278780221939087e-01
0.000000000000000000e+00
1.253567934036254883e+00
8.789912462234497070e-01
3.964912593364715576e-01
1.692546725273132324e+00
9.270747303962707520e-01
2.224090576171875000e+00
0.000000000000000000e+00
3.022754006087779999e-02
1.416706323623657227e+00
4.924367666244506836e-01
5.809862017631530762e-01
4.373170137405395508e-01
1.360444910824298859e-02
5.893738269805908203e-01
8.653262257575988770e-01
8.319169282913208008e-02
9.056755900382995605e-01
2.022667080163955688e-01
1.658986210823059082e-01
3.184960409998893738e-02
1.158505156636238098e-01
1.571780323982238770e+00
1.096328854560852051e+00
0.000000000000000000e+00
1.253369897603988647e-01
1.339412629604339600e-01
1.219757080078125000e+00
1.491784006357192993e-01
9.982398897409439087e-02
2.735553681850433350e-02
3.553100228309631348e-01
4.387515783309936523e-01
1.897761225700378418e-01
5.583778619766235352e-01
4.318155646324157715e-01
5.789034068584442139e-03
4.380783438682556152e-01
1.510380208492279053e-01
1.822394490242004395e+00
6.279220581054687500e-01
6.411462556570768356e-03
5.630356073379516602e-01
5.120060443878173828e-01
7.854086160659790039e-02
5.212028622627258301e-01
1.309401273727416992e+00
2.987486422061920166e-01
6.663414090871810913e-02
5.062219500541687012e-01
7.032107561826705933e-02
6.318597495555877686e-02
9.575421214103698730e-01
2.394603490829467773e-01
0.000000000000000000e+00
3.550579249858856201e-01
1.440829690545797348e-02
7.390266750007867813e-03
5.545884743332862854e-02
1.254993796348571777e+00
8.953404426574707031e-01
2.189067751169204712e-01
0.000000000000000000e+00
6.808778643608093262e-02
5.018937110900878906e+00
1.472838401794433594e+00
1.586664319038391113e-01
2.931114733219146729e-01
0.000000000000000000e+00
3.168122768402099609e-01
0.000000000000000000e+00
8.049591779708862305e-01
3.635658025741577148e-01
3.958438038825988770e-01
7.712548226118087769e-02
4.454051852226257324e-01
3.872933983802795410e-01
1.882701963186264038e-01
3.826150000095367432e-01
4.781648218631744385e-01
5.336195826530456543e-01
3.208228051662445068e-01
6.575942635536193848e-01
6.007890217006206512e-03
3.718064725399017334e-01
6.527604069560766220e-03
5.063380599021911621e-01
1.262066483497619629e+00
3.437623679637908936e-01
1.687139272689819336e-01
1.616542458534240723e+00
4.469128847122192383e-01
2.090433597564697266e+00
3.674372285604476929e-02
2.788370549678802490e-01
3.186193108558654785e-02
2.812714083120226860e-03
4.876228421926498413e-02
2.661244571208953857e-01
1.254051685333251953e+00
0.000000000000000000e+00
1.817895323038101196e-01
3.180652111768722534e-02
5.699013173580169678e-02
1.141541957855224609e+00
3.451294004917144775e-01
4.954641759395599365e-01
1.166221313178539276e-02
5.220904573798179626e-02
1.349255323410034180e+00
5.432544946670532227e-01
2.639084756374359131e-01
3.305913209915161133e-01
1.095382645726203918e-01
9.794284123927354813e-04
5.368795394897460938e-01
1.426047831773757935e-01
5.727525949478149414e-01
2.548773765563964844e+00
1.198141694068908691e+00
4.859828948974609375e-01
7.032430171966552734e-01
1.400645170360803604e-02
6.664358377456665039e-01
9.108856916427612305e-01
1.571614503860473633e+00
4.979918301105499268e-01
8.832705616950988770e-01
2.158863656222820282e-02
5.209727287292480469e-01
1.119279980659484863e+00
1.439536213874816895e+00
1.657324433326721191e-01
2.826919257640838623e-01
1.570027709007263184e+00
2.452723264694213867e+00
1.649696030654013157e-03
1.940840840339660645e+00
1.821466386318206787e-01
2.270477533340454102e+00
1.340923905372619629e+00
1.919378757476806641e+00
0.000000000000000000e+00
2.151138186454772949e-01
1.421519279479980469e+00
1.616021245718002319e-01
2.377567254006862640e-02
1.452430337667465210e-01
8.571894764900207520e-01
0.000000000000000000e+00
1.092592179775238037e-01
9.163154959678649902e-01
1.218886971473693848e+00
1.090016290545463562e-01
2.904727220535278320e+00
1.111267209053039551e-01
4.214995205402374268e-01
1.209024429321289062e+00
0.000000000000000000e+00
1.215667501091957092e-01
4.644052505493164062e+00
1.114460825920104980e-01
1.150197744369506836e+00
3.515311181545257568e-01
1.816323399543762207e-01
2.814342975616455078e-01
6.095855832099914551e-01
3.758453428745269775e-01
3.018520176410675049e-01
5.811072513461112976e-02
2.937168180942535400e-01
5.202389359474182129e-01
8.237807750701904297e-01
1.547123789787292480e-01
6.827666759490966797e-01
1.044230699539184570e+00
8.948310613632202148e-01
7.387252524495124817e-03
4.322229921817779541e-01
1.338174939155578613e+00
4.587079957127571106e-02
1.038842946290969849e-01
0.000000000000000000e+00
1.580579020082950592e-02
3.651635348796844482e-01
7.053523659706115723e-01
3.552877008914947510e-01
7.399270683526992798e-02
2.906894683837890625e-01
2.950613200664520264e-01
1.871276879683136940e-03
3.471592426300048828e+00
4.287822917103767395e-02
4.860166013240814209e-01
2.119248151779174805e+00
3.053008951246738434e-02
2.327863574028015137e-01
9.320393800735473633e-01
8.769911527633666992e-02
4.561045169830322266e-01
1.328939676284790039e+00
1.507240176200866699e+00
1.444663405418395996e+00
5.600460246205329895e-02
2.288084030151367188e+00
1.113090887665748596e-01
4.946885108947753906e-01
7.197703421115875244e-02
9.146147221326828003e-02
1.885236501693725586e-01
3.983131051063537598e-02
2.618009150028228760e-01
1.064293980598449707e+00
1.710804104804992676e-01
1.205094814300537109e+00
5.501521229743957520e-01
5.227833241224288940e-02
2.081580832600593567e-02
1.788128852844238281e+00
2.193689942359924316e-01
8.198087215423583984e-01
3.262567222118377686e-01
1.210778504610061646e-01
1.467904895544052124e-01
8.458424806594848633e-01
2.398366928100585938e+00
6.997738480567932129e-01
3.161396458745002747e-02
1.583537459373474121e+00
1.638521194458007812e+00
0.000000000000000000e+00
2.199970245361328125e+00
1.031031236052513123e-01
1.376088142395019531e+00
8.204409480094909668e-01
0.000000000000000000e+00
1.882673054933547974e-01
9.658071212470531464e-03
2.016437356360256672e-04
3.559537410736083984e+00
6.735733151435852051e-01
7.710245251655578613e-01
1.691745519638061523e-01
1.519343733787536621e+00
0.000000000000000000e+00
1.064847409725189209e-01
5.908230319619178772e-02
7.831919193267822266e-01
1.174343377351760864e-01
2.386108934879302979e-01
1.263861656188964844e+00
1.818520762026309967e-02
4.157495498657226562e-02
1.105121374130249023e+00
0.000000000000000000e+00
2.233464643359184265e-02
1.382926464080810547e+00
5.757204890251159668e-01
4.889872670173645020e-01
9.727785587310791016e-01
6.513931751251220703e-01
0.000000000000000000e+00
6.445834785699844360e-02
5.845938920974731445e-01
6.611270457506179810e-02
2.051199197769165039e+00
1.707528829574584961e-01
5.977927893400192261e-02
2.303184032440185547e+00
1.362557802349328995e-02
1.266477555036544800e-01
8.393157124519348145e-01
3.179699182510375977e-01
9.287434816360473633e-02
5.198431015014648438e-01
5.325578153133392334e-02
4.117501378059387207e-01
1.421939492225646973e+00
7.041519880294799805e-02
1.664781570434570312e-01
4.962595179677009583e-02
8.712583221495151520e-03
2.445339709520339966e-01
6.767541915178298950e-02
1.115562766790390015e-01
4.967672526836395264e-01
1.037613973021507263e-01
6.472638249397277832e-01
6.683489680290222168e-01
0.000000000000000000e+00
1.780813634395599365e-01
1.213141441345214844e+00
5.974597856402397156e-02
5.913197994232177734e-01
9.182146191596984863e-01
1.207894906401634216e-01
0.000000000000000000e+00
5.764030814170837402e-01
7.199090719223022461e-01
1.366942524909973145e+00
1.126629933714866638e-01
3.376257047057151794e-02
3.344900310039520264e-01
1.001507490873336792e-01
1.937599182128906250e-01
0.000000000000000000e+00
8.796334266662597656e-01
0.000000000000000000e+00
1.556998044252395630e-01
2.683751881122589111e-01
9.156514406204223633e-01
2.377974689006805420e-01
3.655266761779785156e-01
4.354661405086517334e-01
0.000000000000000000e+00
1.092728823423385620e-01
0.000000000000000000e+00
1.699112415313720703e+00
7.804299145936965942e-02
3.197233676910400391e-01
4.862631559371948242e-01
4.517276883125305176e-01
2.704058885574340820e+00
1.746247887611389160e+00
7.132389545440673828e-01
0.000000000000000000e+00
3.899164497852325439e-01
1.676004886627197266e+00
5.303754806518554688e-01
7.434536814689636230e-01
1.982571363449096680e+00
2.147937566041946411e-01
5.732210353016853333e-02
1.420216202735900879e+00
3.992684841156005859e+00
4.677351564168930054e-02
0.000000000000000000e+00
1.068917214870452881e-01
3.656106293201446533e-01
3.515531539916992188e+00
4.901543259620666504e-02
0.000000000000000000e+00
1.490576416254043579e-01
4.684319794178009033e-01
4.457688927650451660e-01
3.099580049514770508e+00
7.491549253463745117e-01
3.060613572597503662e-01
2.532567679882049561e-01
8.907307386398315430e-01
6.506815552711486816e-02
2.727343440055847168e-01
2.575009763240814209e-01
3.331520780920982361e-02
3.092686831951141357e-01
1.125377714633941650e-01
6.859169602394104004e-01
1.891276240348815918e-01
2.035771496593952179e-02
2.437619417905807495e-01
7.630933523178100586e-01
3.547627329826354980e-01
4.370923340320587158e-01
9.035146236419677734e-01
1.109781786799430847e-01
2.320516705513000488e-01
4.824283123016357422e-01
7.145972251892089844e-01
1.907703876495361328e-01
1.089634895324707031e+00
2.413703799247741699e-01
6.021406054496765137e-01
0.000000000000000000e+00
6.099790096282958984e+00
9.254496097564697266e-01
6.083208601921796799e-03
3.410816490650177002e-01
0.000000000000000000e+00
2.418292164802551270e-01
4.952375590801239014e-01
5.948002934455871582e-01
3.793238699436187744e-01
6.359759569168090820e-01
3.546738922595977783e-01
6.187090873718261719e-01
5.839995741844177246e-01
2.664644718170166016e-01
3.244024813175201416e-01
1.269278377294540405e-01
9.528788924217224121e-02
1.292653232812881470e-01
0.000000000000000000e+00
2.361374646425247192e-01
2.162913799285888672e+00
5.963423848152160645e-02
4.424068704247474670e-02
0.000000000000000000e+00
3.752527385950088501e-02
1.861634552478790283e-01
1.142506718635559082e+00
5.180842876434326172e-01
1.451209336519241333e-01
1.307225942611694336e+00
2.861320376396179199e-01
2.362398803234100342e-02
2.710625529289245605e-01
5.164610743522644043e-01
1.917896866798400879e+00
0.000000000000000000e+00
1.968553513288497925e-01
2.801082655787467957e-02
5.113076046109199524e-02
4.891227781772613525e-01
8.031026124954223633e-01
5.777351260185241699e-01
4.617962613701820374e-02
5.094235539436340332e-01
4.613926410675048828e-01
1.902396790683269501e-02
2.245509028434753418e-01
6.979233026504516602e-01
2.337720394134521484e-01
7.690606117248535156e-01
2.776714265346527100e-01
9.405286908149719238e-01
2.091239690780639648e-01
2.003830075263977051e-01
1.165857791900634766e+00
3.112098872661590576e-01
2.131486497819423676e-02
2.813781499862670898e-01
1.590696722269058228e-02
3.073284626007080078e-01
2.547659911215305328e-02
2.912348601967096329e-03
5.304719805717468262e-01
1.623235225677490234e+00
0.000000000000000000e+00
8.083171397447586060e-02
1.266435384750366211e-01
3.121709823608398438e-01
5.002415552735328674e-02
5.039438009262084961e-01
3.574752807617187500e-02
0.000000000000000000e+00
7.083867788314819336e-01
0.000000000000000000e+00
5.611438155174255371e-01
4.915629047900438309e-03
0.000000000000000000e+00
2.183820247650146484e+00
1.129031851887702942e-01
4.262282848358154297e-01
2.454260922968387604e-02
2.307488024234771729e-01
3.511160314083099365e-01
6.110130548477172852e-01
3.780353665351867676e-01
1.400626778602600098e+00
8.205690234899520874e-02
1.747474819421768188e-01
1.594538927078247070e+00
1.121641159057617188e+00
2.649514377117156982e-01
1.122495681047439575e-01
2.521602630615234375e+00
1.058725953102111816e+00
3.039563894271850586e-01
3.001949787139892578e-01
2.498809993267059326e-01
1.070334836840629578e-01
6.083855032920837402e-01
1.048726558685302734e+00
3.545561134815216064e-01
7.962961196899414062e-01
0.000000000000000000e+00
9.380195736885070801e-01
1.604464799165725708e-01
4.545724019408226013e-03
2.502284049987792969e+00
2.203295528888702393e-01
1.991889178752899170e-01
4.372970759868621826e-01
3.841927945613861084e-01
7.109473347663879395e-01
1.431379467248916626e-02
2.205524682998657227e+00
1.490903854370117188e+00
0.000000000000000000e+00
8.194565773010253906e-01
1.402128580957651138e-02
1.886033535003662109e+00
1.753084659576416016e-01
1.790181398391723633e-01
6.124713420867919922e-01
1.473305094987154007e-02
9.447068721055984497e-02
1.912565231323242188e+00
1.535399556159973145e-01
2.941150963306427002e-01
2.502037882804870605e-01
3.960083127021789551e-01
3.175472319126129150e-01
4.443338394165039062e+00
3.564198911190032959e-01
4.032239615917205811e-01
2.383761852979660034e-01
8.991292677819728851e-03
2.349276840686798096e-02
3.342097103595733643e-01
4.650055766105651855e-01
2.829069495201110840e-01
7.455126047134399414e-01
5.006362125277519226e-02
1.324291974306106567e-01
3.587163686752319336e-01
3.665863275527954102e-01
2.130012065172195435e-01
1.511028259992599487e-01
1.637069702148437500e+00
0.000000000000000000e+00
3.324238955974578857e-02
1.204746216535568237e-01
6.842862963676452637e-01
2.521183490753173828e-01
9.128090739250183105e-01
0.000000000000000000e+00
4.670386761426925659e-02
1.973577030003070831e-02
2.293593585491180420e-01
8.745209574699401855e-01
1.246414110064506531e-01
2.089360356330871582e-02
5.360795855522155762e-01
5.564625561237335205e-02
2.615728974342346191e-01
3.767023608088493347e-02
1.587400678545236588e-03
2.105654925107955933e-01
1.504191160202026367e-01
0.000000000000000000e+00
1.387009471654891968e-01
6.793673150241374969e-03
7.255315184593200684e-01
1.636783629655838013e-01
5.899045467376708984e-01
1.246331810951232910e+00
1.255433168262243271e-02
9.186843037605285645e-01
2.311380207538604736e-01
0.000000000000000000e+00
7.160143852233886719e-01
1.455474376678466797e+00
3.205755650997161865e-01
8.018800616264343262e-01
2.682249844074249268e-01
5.687041878700256348e-01
5.275231003761291504e-01
1.040074452757835388e-01
5.121309310197830200e-02
9.196363687515258789e-01
0.000000000000000000e+00
6.675720214843750000e-05
9.554215706884860992e-03
1.858386248350143433e-01
1.319721937179565430e-01
2.299958229064941406e+00
8.844920396804809570e-01
6.047590374946594238e-01
2.679695367813110352e+00
7.451726198196411133e-01
1.808687448501586914e-01
1.043416038155555725e-01
4.408456757664680481e-02
8.133476972579956055e-01
6.481571793556213379e-01
1.755372285842895508e-01
1.356589674949645996e+00
3.063001632690429688e-01
4.668287038803100586e-01
2.241699218750000000e+00
0.000000000000000000e+00
0.000000000000000000e+00
4.931472614407539368e-02
5.288472026586532593e-02
3.822040557861328125e-01
1.811065673828125000e-01
2.552160024642944336e-01
5.586501598358154297e+00
1.142735838890075684e+00
3.380317687988281250e-01
6.296615302562713623e-02
7.692576646804809570e-01
2.941480875015258789e+00
7.020856142044067383e-01
1.344768285751342773e+00
8.837091922760009766e-01
7.621902823448181152e-01
5.066865310072898865e-02
8.900817632675170898e-01
0.000000000000000000e+00
0.000000000000000000e+00
3.690550029277801514e-01
8.200047612190246582e-01
2.272292524576187134e-01
6.244695782661437988e-01
2.667846381664276123e-01
7.891991138458251953e-01
5.418538451194763184e-01
0.000000000000000000e+00
2.347197771072387695e+00
4.416230916976928711e-01
7.123603820800781250e-01
4.063498377799987793e-01
4.949440360069274902e-01
1.012746453285217285e+00
3.348993957042694092e-01
2.372229993343353271e-01
4.244983196258544922e-01
2.953830659389495850e-01
8.238693475723266602e-01
1.699518859386444092e-01
2.240294665098190308e-01
4.785593599081039429e-02
4.775306582450866699e-01
2.797664642333984375e+00
1.608500719070434570e+00
1.122186303138732910e+00
1.020157694816589355e+00
3.531570732593536377e-01
6.374527812004089355e-01
0.000000000000000000e+00
7.700277958065271378e-03
3.698434591293334961e+00
1.228660225868225098e+00
1.964080929756164551e-01
2.032754421234130859e-01
3.240439891815185547e-01
1.206405237317085266e-01
4.260712146759033203e+00
9.444641321897506714e-02
1.551383286714553833e-01
1.168505191802978516e+00
0.000000000000000000e+00
4.750404506921768188e-02
3.049339354038238525e-01
5.204243659973144531e-01
3.091140389442443848e-01
2.800700664520263672e-01
6.554127335548400879e-01
5.158044695854187012e-01
1.156734749674797058e-01
3.790102899074554443e-02
1.468626111745834351e-01
1.750030398368835449e+00
5.504936575889587402e-01
2.184613943099975586e+00
1.730911284685134888e-01
2.304320782423019409e-01
2.184463739395141602e+00
1.907927393913269043e-01
2.598849773406982422e+00
9.443321228027343750e-01
3.496882915496826172e-01
2.548310905694961548e-02
1.323052883148193359e+00
0.000000000000000000e+00
0.000000000000000000e+00
4.855313152074813843e-02
3.281252384185791016e-01
7.879556417465209961e-01
9.822409749031066895e-01
1.478308588266372681e-01
4.217068199068307877e-03
1.515338867902755737e-01
1.333554834127426147e-01
3.286466002464294434e-01
3.899789154529571533e-01
1.467130333185195923e-02
1.297169566154479980e+00
3.349568247795104980e-01
3.767262697219848633e-01
5.153191089630126953e-01
3.702793270349502563e-02
0.000000000000000000e+00
1.147736310958862305e-01
7.783132195472717285e-01
5.082849860191345215e-01
1.784350752830505371e+00
5.657157301902770996e-01
5.260562300682067871e-01
2.120264917612075806e-01
2.970216572284698486e-01
6.464058756828308105e-01
4.678872227668762207e-02
4.485759884119033813e-02
3.073167614638805389e-02
4.927657172083854675e-02
6.751488447189331055e-01
0.000000000000000000e+00
1.120348051190376282e-01
7.911885529756546021e-02
2.190005481243133545e-01
3.613231182098388672e-01
1.883365809917449951e-01
4.184153079986572266e-01
1.047129750251770020e+00
6.525228023529052734e-01
3.646732270717620850e-01
1.804859787225723267e-01
2.161712050437927246e-01
1.141065582633018494e-01
2.052111327648162842e-01
1.657166033983230591e-01
2.764358818531036377e-01
8.311429992318153381e-03
1.507861912250518799e-01
6.600647419691085815e-02
1.056282162666320801e+00
1.104932069778442383e+00
0.000000000000000000e+00
5.330593883991241455e-02
1.657073855400085449e+00
1.009677350521087646e-01
3.811260700225830078e+00
5.712822452187538147e-02
5.471315979957580566e-01
5.571101307868957520e-01
1.372222304344177246e+00
1.664492130279541016e+00
4.620147943496704102e-01
8.837860822677612305e-01
1.533092558383941650e-01
3.194028437137603760e-01
3.269482031464576721e-02
8.121889233589172363e-01
5.095393210649490356e-02
1.239062190055847168e+00
3.401848077774047852e+00
5.371779203414916992e-01
1.467686239629983902e-02
2.885074317455291748e-01
4.632449150085449219e-01
1.309056758880615234e+00
7.975567579269409180e-01
7.632030844688415527e-01
1.096809625625610352e+00
0.000000000000000000e+00
5.161925554275512695e-01
0.000000000000000000e+00
9.907440096139907837e-02
1.897491365671157837e-01
4.658940434455871582e-02
9.425169974565505981e-02
1.455667614936828613e+00
6.179255843162536621e-01
2.745173871517181396e-02
4.954006150364875793e-02
1.578648805618286133e+00
3.958673238754272461e+00
1.473761439323425293e+00
1.918732523918151855e-01
2.466000914573669434e-01
0.000000000000000000e+00
7.492840290069580078e-01
9.166172742843627930e-01
1.749063730239868164e-01
3.096761107444763184e-01
2.392840236425399780e-01
0.000000000000000000e+00
1.172170392237603664e-03
4.912227392196655273e-02
4.367157071828842163e-02
1.671040058135986328e-01
6.336355209350585938e-01
6.909561157226562500e-01
3.019443154335021973e-01
3.279760360717773438e+00
4.106894433498382568e-01
0.000000000000000000e+00
2.304856032133102417e-01
1.320243924856185913e-01
3.320505857467651367e+00
1.122118309140205383e-01
5.031610131263732910e-01
8.170608282089233398e-01
2.373809218406677246e-01
2.523029804229736328e+00
3.669913858175277710e-02
1.400178968906402588e-01
3.741763830184936523e-01
2.842959074769169092e-04
8.634340763092041016e-01
3.850614652037620544e-03
8.936523199081420898e-01
1.520423889160156250e-01
4.115721583366394043e-01
1.311919093132019043e+00
2.404163479804992676e-01
0.000000000000000000e+00
2.170741856098175049e-01
3.782482817769050598e-02
7.641378790140151978e-02
1.483183056116104126e-01
2.029428243637084961e+00
8.461412787437438965e-01
7.704047858715057373e-02
3.455341160297393799e-01
6.354621797800064087e-02
7.643406987190246582e-01
9.179267287254333496e-02
0.000000000000000000e+00
1.439474225044250488e-01
4.020752012729644775e-01
5.732760429382324219e-01
3.613001704216003418e-01
1.114679813385009766e+00
9.810031950473785400e-02
3.173534870147705078e-01
2.996122837066650391e-01
1.325635984539985657e-02
2.367942094802856445e+00
6.953508853912353516e-01
1.366564724594354630e-02
2.316362857818603516e+00
8.607497811317443848e-02
1.305920770391821861e-03
3.742524087429046631e-01
2.080221414566040039e+00
0.000000000000000000e+00
4.050122573971748352e-02
6.962909102439880371e-01
3.363328278064727783e-01
1.119505148380994797e-02
1.088926047086715698e-01
3.731395602226257324e-01
1.444585084915161133e+00
1.287114024162292480e-01
3.055338859558105469e+00
8.481040000915527344e-01
7.891443967819213867e-01
2.955883443355560303e-01
1.381890535354614258e+00
3.498757779598236084e-01
9.492799639701843262e-01
7.853881120681762695e-01
3.565775752067565918e-01
4.536737874150276184e-02
5.827827751636505127e-02
7.021247744560241699e-01
1.743770241737365723e+00
1.304373890161514282e-01
5.578685402870178223e-01
5.297623947262763977e-02
2.533977329730987549e-01
5.104553103446960449e-01
1.332459926605224609e+00
3.381709754467010498e-01
7.244566082954406738e-02
5.842953205108642578e+00
1.159588992595672607e-02
2.213070541620254517e-01
2.143179997801780701e-03
6.059224605560302734e-01
0.000000000000000000e+00
3.986877202987670898e-02
5.600130558013916016e-01
7.825028300285339355e-01
2.754378505051136017e-02
1.197269856929779053e-01
9.665345400571823120e-02
1.002061605453491211e+00
2.971448600292205811e-01
1.575789898633956909e-01
1.310319751501083374e-01
2.544753551483154297e-01
5.915211439132690430e-01
5.970942974090576172e-01
1.266731023788452148e-01
3.303884342312812805e-02
9.987614750862121582e-01
4.753663241863250732e-01
0.000000000000000000e+00
1.083914637565612793e+00
3.772591650485992432e-01
1.060435891151428223e+00
8.955622464418411255e-02
3.803784847259521484e-01
2.367812246084213257e-01
1.842574626207351685e-01
1.806484162807464600e-01
7.470955848693847656e-01
7.491142153739929199e-01
7.183713316917419434e-01
8.074234127998352051e-01
1.774758338928222656e+00
7.585663199424743652e-01
2.041238844394683838e-01
5.286089777946472168e-01
3.123927861452102661e-02
3.732528388500213623e-01
1.569650918245315552e-01
6.452814489603042603e-02
7.679949402809143066e-01
1.043802872300148010e-01
5.883361101150512695e-01
2.716293096542358398e+00
2.857710421085357666e-01
1.706073284149169922e-01
5.552096366882324219e-01
2.100477695465087891e+00
5.868087336421012878e-02
7.399193048477172852e-01
0.000000000000000000e+00
2.787703573703765869e-01
4.880422353744506836e-01
2.016079612076282501e-02
3.723067343235015869e-01
2.398089915513992310e-01
2.324746549129486084e-02
0.000000000000000000e+00
0.000000000000000000e+00
5.422838330268859863e-01
2.251325733959674835e-02
1.953164219856262207e+00
3.118658959865570068e-01
1.213455080986022949e+00
1.559992581605911255e-01
5.014098882675170898e-01
3.507072478532791138e-02
3.408771157264709473e-01
2.818524241447448730e-01
4.489437043666839600e-01
8.540253639221191406e-01
3.509271442890167236e-01
3.863931894302368164e-01
3.562306761741638184e-01
4.990951418876647949e-01
7.795995473861694336e-01
6.627279520034790039e-02
1.956922531127929688e+00
1.151430130004882812e+00
8.588533997535705566e-01
2.313018590211868286e-01
1.410250961780548096e-01
1.193595454096794128e-01
9.215758442878723145e-01
0.000000000000000000e+00
6.033178418874740601e-02
4.531182348728179932e-01
1.240708589553833008e+00
7.190451025962829590e-02
1.607646699994802475e-03
6.877174377441406250e-01
7.082054615020751953e-01
4.660316556692123413e-02
3.800621628761291504e-02
1.083135083317756653e-01
1.368911385536193848e+00
2.294019162654876709e-01
9.998952038586139679e-03
2.106864750385284424e-01
6.337653398513793945e-01
5.530958175659179688e-01
1.945734210312366486e-02
1.246508121490478516e+00
8.376522362232208252e-02
1.849999547004699707e+00
5.715232491493225098e-01
5.191518664360046387e-01
6.019560620188713074e-03
9.628210961818695068e-02
5.322829633951187134e-02
2.389536052942276001e-02
4.508505016565322876e-02
2.417708396911621094e+00
1.147506356239318848e+00
0.000000000000000000e+00
2.311327494680881500e-02
2.246266841888427734e+00
9.261968135833740234e-01
3.154754340648651123e-01
5.032272264361381531e-02
8.965302258729934692e-03
4.181662201881408691e-01
0.000000000000000000e+00
1.487211883068084717e-01
2.971970103681087494e-02
2.897502481937408447e-01
1.576929241418838501e-01
3.684837520122528076e-01
0.000000000000000000e+00
1.382909156382083893e-02
4.555958747863769531e+00
5.907458066940307617e-01
6.499008275568485260e-03
2.063937932252883911e-01
3.408723175525665283e-01
0.000000000000000000e+00
8.581796288490295410e-02
5.894449353218078613e-01
0.000000000000000000e+00
2.213134169578552246e-01
3.134203329682350159e-02
9.926945716142654419e-02
8.227994441986083984e-01
2.085444629192352295e-01
5.328994989395141602e-02
1.129779458045959473e+00
6.212718486785888672e-01
8.129411935806274414e-01
1.032550573348999023e+00
7.073058485984802246e-01
2.219228073954582214e-02
1.025678992271423340e+00
5.558348819613456726e-02
3.451885282993316650e-01
1.959521174430847168e-01
9.075456112623214722e-02
2.725777588784694672e-02
1.716631650924682617e-01
5.258036851882934570e-01
2.988559961318969727e+00
0.000000000000000000e+00
3.871519267559051514e-01
1.313015222549438477e-01
1.353771090507507324e-01
3.532578349113464355e-01
1.597389698028564453e+00
1.547255814075469971e-01
5.773661732673645020e-01
1.912376433610916138e-01
6.959919817745685577e-03
1.876515030860900879e+00
1.108624100685119629e+00
4.342078208923339844e+00
8.689444512128829956e-02
1.710403561592102051e+00
4.361273348331451416e-01
0.000000000000000000e+00
1.607467830181121826e-01
1.603408604860305786e-01
1.017483592033386230e+00
5.214836001396179199e-01
7.315303087234497070e-01
2.493765903636813164e-03
2.564341425895690918e-01
3.963296301662921906e-03
5.639188736677169800e-02
0.000000000000000000e+00
5.587930977344512939e-02
1.817276179790496826e-01
5.655521750450134277e-01
5.504704117774963379e-01
2.035778760910034180e+00
4.248078823089599609e+00
7.873723506927490234e-01
3.661442175507545471e-02
2.509590983390808105e-01
2.185806334018707275e-01
5.104042291641235352e-01
3.301832675933837891e-01
5.378309488296508789e-01
1.158978462219238281e+00
2.152964174747467041e-01
4.378464818000793457e-01
6.820900440216064453e-01
1.822755783796310425e-01
2.715005874633789062e-01
6.859902143478393555e-01
1.647958278656005859e+00
4.646548032760620117e-01
2.901954352855682373e-01
5.968881249427795410e-01
1.026700362563133240e-01
8.943445086479187012e-01
1.571530580520629883e+00
2.529815770685672760e-02
1.475988268852233887e+00
1.594677716493606567e-01
5.419963002204895020e-01
3.004588186740875244e-01
3.404159545898437500e-01
1.207417920231819153e-01
6.416318416595458984e-01
1.143964566290378571e-02
0.000000000000000000e+00
1.343052238225936890e-01
9.847486019134521484e-01
1.254523079842329025e-02
6.108130887150764465e-02
1.922267302870750427e-02
1.485207229852676392e-01
5.551862716674804688e-01
1.652593612670898438e+00
2.973858714103698730e-01
2.116389572620391846e-01
8.655573725700378418e-01
6.463041305541992188e-01
1.000159382820129395e-01
2.396463155746459961e+00
1.580314189195632935e-01
5.925225019454956055e-01
1.189417243003845215e+00
4.013815224170684814e-01
2.717324495315551758e+00
3.399410545825958252e-01
0.000000000000000000e+00
2.288445979356765747e-01
3.759613037109375000e-01
1.087535023689270020e+00
7.225815951824188232e-02
1.676439046859741211e+00
2.663155198097229004e-01
9.607519209384918213e-02
4.594213068485260010e-01
9.517049193382263184e-01
2.441548705101013184e-01
1.721709251403808594e+00
0.000000000000000000e+00
1.028620004653930664e-01
3.986598923802375793e-02
1.399749755859375000e+00
1.332679539918899536e-01
2.733966708183288574e-01
1.122464537620544434e+00
4.336448013782501221e-02
1.444231033325195312e+00
1.082794591784477234e-01
1.948046833276748657e-01
5.093182921409606934e-01
7.050293684005737305e-01
8.986410498619079590e-02
6.883588433265686035e-01
3.753471374511718750e-01
4.373647868633270264e-01
7.877581715583801270e-01
4.609699249267578125e-01
9.842533618211746216e-02
1.397193431854248047e+00
3.442860841751098633e-01
3.172338008880615234e+00
8.902775496244430542e-02
8.260915428400039673e-02
0.000000000000000000e+00
1.320090591907501221e-01
0.000000000000000000e+00
1.119956299662590027e-01
0.000000000000000000e+00
1.501821577548980713e-01
8.634114265441894531e-01
4.372571110725402832e-01
5.288267135620117188e-01
6.919664889574050903e-02
1.722376495599746704e-01
1.620278111658990383e-03
1.509150505065917969e+00
5.466494560241699219e-01
3.711556494235992432e-01
3.810819089412689209e-01
1.126919865608215332e+00
6.209647282958030701e-03
5.653772503137588501e-02
1.212519645690917969e+00
0.000000000000000000e+00
5.181847214698791504e-01
7.209318280220031738e-01
3.920626640319824219e-01
2.554936408996582031e-01
4.102609157562255859e-01
1.804216206073760986e-02
1.606919288635253906e+00
8.593442291021347046e-02
2.330434620380401611e-01
1.271017551422119141e+00
3.861011266708374023e-01
1.321010477840900421e-02
2.336135804653167725e-01
3.013600826263427734e+00
5.920894742012023926e-01
1.149552464485168457e+00
1.893258810043334961e+00
6.255082786083221436e-02
3.808020353317260742e-01
1.245053261518478394e-01
0.000000000000000000e+00
3.806795775890350342e-01
1.396166384220123291e-01
1.157033085823059082e+00
1.023325026035308838e-01
1.931077003479003906e+00
6.361658573150634766e-01
1.112669110298156738e+00
3.329764902591705322e-01
2.006809711456298828e+00
4.626427173614501953e+00
5.966903269290924072e-02
1.224210485816001892e-01
4.856936037540435791e-01
8.795133233070373535e-02
1.497253030538558960e-01
1.053770899772644043e+00
1.559304833412170410e+00
4.239371120929718018e-01
4.930223822593688965e-01
1.340741395950317383e+00
5.268747806549072266e-01
9.672090411186218262e-01
3.652798831462860107e-01
3.493412137031555176e-01
2.192378193140029907e-01
1.069518804550170898e+00
3.850234150886535645e-01
4.398226141929626465e-01
9.926844835281372070e-01
6.261349916458129883e-01
6.733736991882324219e-01
4.579335916787385941e-03
1.524188965559005737e-01
0.000000000000000000e+00
1.679915785789489746e-01
8.203119039535522461e-02
1.835989207029342651e-01
1.721505522727966309e-01
3.674261271953582764e-01
3.983038961887359619e-01
5.859810113906860352e-01
7.260434031486511230e-01
5.017955303192138672e-01
1.207648277282714844e+00
2.247759327292442322e-02
1.247984990477561951e-01
5.931748822331428528e-02
2.958133518695831299e-01
4.937344789505004883e-01
2.717383950948715210e-02
1.998311281204223633e-01
1.811649948358535767e-01
1.091731339693069458e-01
1.854664534330368042e-01
1.765997767448425293e+00
8.658884763717651367e-01
1.156741455197334290e-01
3.865449726581573486e-01
3.096197172999382019e-02
5.339023843407630920e-02
8.589886873960494995e-02
3.835617899894714355e-01
0.000000000000000000e+00
0.000000000000000000e+00
9.155177474021911621e-01
4.001409709453582764e-01
1.020818352699279785e+00
1.527919918298721313e-01
1.392203420400619507e-01
9.047699570655822754e-01
8.233056962490081787e-02
0.000000000000000000e+00
1.092478752136230469e+00
1.222885027527809143e-01
1.398526549339294434e+00
2.813071608543395996e-01
8.196300864219665527e-01
1.567535218782722950e-03
1.078880786895751953e+00
1.658087521791458130e-01
5.375297069549560547e-01
8.894264698028564453e-01
0.000000000000000000e+00
7.998929619789123535e-01
7.840771228075027466e-02
1.292804479598999023e-01
1.385734528303146362e-01
5.174716934561729431e-03
6.625833511352539062e-01
2.416854053735733032e-01
3.696722537279129028e-02
6.193658336997032166e-02
2.971117496490478516e-01
5.129214525222778320e-01
1.094963699579238892e-01
1.923339217901229858e-01
2.546903863549232483e-02
4.465608000755310059e-01
2.495344877243041992e+00
9.843171387910842896e-02
1.345605611801147461e+00
3.727624416351318359e-01
2.496564090251922607e-01
9.600616693496704102e-01
2.749080359935760498e-01
4.003589749336242676e-01
1.558247327804565430e+00
3.732326626777648926e-01
3.547167032957077026e-02
1.422146707773208618e-01
6.906152516603469849e-02
8.684827685356140137e-01
1.134035944938659668e+00
3.910534977912902832e-01
2.409927994012832642e-01
1.984331607818603516e+00
7.810068875551223755e-02
8.668616414070129395e-01
7.077925652265548706e-02
6.281029582023620605e-01
1.515611708164215088e-01
3.223806619644165039e-01
6.811316311359405518e-02
6.145952641963958740e-02
1.117055537179112434e-03
8.304681777954101562e-01
1.530852466821670532e-01
1.356861472129821777e+00
5.868437886238098145e-01
5.503850579261779785e-01
9.662780761718750000e-01
5.134890675544738770e-01
1.117224216461181641e+00
1.881981253623962402e+00
4.755929708480834961e-01
2.475584894418716431e-01
1.200639754533767700e-01
1.315392255783081055e-01
2.560624852776527405e-02
2.764828503131866455e-01
1.875728011131286621e+00
1.121870130300521851e-01
6.250909715890884399e-02
5.875267982482910156e-01
4.531678557395935059e-01
3.852894529700279236e-02
5.980955958366394043e-01
1.242302060127258301e+00
2.946092188358306885e-02
1.395003199577331543e-01
5.875657796859741211e-01
1.016241431236267090e+00
2.591533362865447998e-01
1.630368381738662720e-01
6.980888247489929199e-01
2.997849583625793457e-01
1.085484504699707031e+00
8.761318027973175049e-02
1.520330190658569336e+00
1.181684434413909912e-01
5.338594913482666016e-01
5.008545145392417908e-02
1.883901596069335938e+00
3.200919628143310547e-01
2.774827182292938232e-01
1.790634840726852417e-01
1.098687276244163513e-01
9.755014628171920776e-02
4.503406286239624023e-01
2.372383594512939453e+00
5.863785743713378906e-01
7.055549621582031250e-01
4.327373206615447998e-01
0.000000000000000000e+00
2.708025276660919189e-01
1.419640332460403442e-02
1.343968629837036133e+00
1.164529249072074890e-01
4.836615622043609619e-01
1.277519583702087402e+00
1.534596830606460571e-01
9.905512332916259766e-01
1.761296987533569336e-01
0.000000000000000000e+00
5.004870891571044922e-01
5.217527151107788086e-01
2.417889237403869629e-01
1.069396615028381348e+00
4.446062743663787842e-01
1.198569089174270630e-01
3.485049009323120117e-01
1.090010851621627808e-01
0.000000000000000000e+00
7.155617699027061462e-03
4.391884207725524902e-01
2.629379987716674805e+00
4.417096674442291260e-01
5.241950228810310364e-02
1.324910670518875122e-01
1.526855826377868652e+00
1.269951909780502319e-01
1.641213536262512207e+00
9.727157354354858398e-01
4.648807942867279053e-01
6.515499949455261230e-02
0.000000000000000000e+00
3.357264026999473572e-02
1.748191952705383301e+00
7.532534003257751465e-02
1.079865470528602600e-01
6.613180041313171387e-01
0.000000000000000000e+00
5.623551011085510254e-01
2.042591385543346405e-02
1.718656718730926514e-02
2.377593815326690674e-01
1.946831941604614258e-01
2.466075718402862549e-01
6.755793839693069458e-02
1.517499685287475586e+00
2.600638568401336670e-01
1.519308328628540039e+00
1.894805729389190674e-01
3.729605078697204590e-01
3.838914334774017334e-01
1.484840512275695801e+00
3.599731624126434326e-01
1.099869608879089355e+00
2.092071436345577240e-02
1.803194284439086914e+00
1.989475011825561523e+00
3.841929435729980469e-01
1.855464816093444824e+00
3.931856751441955566e-01
1.378818005323410034e-01
7.439574599266052246e-01
8.897524327039718628e-02
7.604485750198364258e-02
4.666949212551116943e-01
1.414731331169605255e-02
3.273381590843200684e-01
5.876020789146423340e-01
2.038299560546875000e+00
2.142730206251144409e-01
8.393982797861099243e-02
4.477437585592269897e-03
4.539086818695068359e-01
1.370756775140762329e-01
4.076420962810516357e-01
5.711160898208618164e-01
8.165314197540283203e-01
2.204849720001220703e+00
2.656392753124237061e-01
2.308923304080963135e-01
4.468399286270141602e-01
1.201930165290832520e+00
5.177902802824974060e-02
2.767308354377746582e-01
1.071232438087463379e+00
5.183166265487670898e-01
8.297376036643981934e-01
1.068827603012323380e-02
0.000000000000000000e+00
7.190334796905517578e-02
1.065964400768280029e-01
4.944211244583129883e-01
3.018057942390441895e-01
0.000000000000000000e+00
3.423905968666076660e-01
1.129766464233398438e+00
1.256720066070556641e+00
6.532696485519409180e-01
4.386395812034606934e-01
1.221356034278869629e+00
1.989477127790451050e-01
7.136389017105102539e-01
2.552666068077087402e-01
7.041661143302917480e-01
1.308219134807586670e-02
6.936011910438537598e-01
5.320024490356445312e-01
1.426566243171691895e+00
4.979329705238342285e-01
5.143736004829406738e-01
2.772313654422760010e-01
3.057951629161834717e-01
7.352018728852272034e-03
1.578552365303039551e+00
6.649667620658874512e-01
5.642071962356567383e-01
0.000000000000000000e+00
0.000000000000000000e+00
4.737453460693359375e-01
2.009101361036300659e-01
0.000000000000000000e+00
1.152763962745666504e-01
1.904242992401123047e+00
1.370180845260620117e+00
1.969024166464805603e-02
4.471623525023460388e-02
0.000000000000000000e+00
1.633488059043884277e+00
1.303689002990722656e+00
3.997306525707244873e-02
7.005647420883178711e-01
6.049990057945251465e-01
6.613289117813110352e-01
5.903491973876953125e-01
1.513010740280151367e+00
4.163479432463645935e-02
3.823506534099578857e-01
7.634205222129821777e-01
0.000000000000000000e+00
6.943569779396057129e-01
1.811235845088958740e-01
2.643312700092792511e-02
1.527171730995178223e-01
1.383900195360183716e-01
4.768012762069702148e-01
6.219186633825302124e-02
1.329412460327148438e-01
2.147696316242218018e-01
7.017879933118820190e-02
2.412562072277069092e-02
1.365645766258239746e+00
2.124177664518356323e-02
