2.647784709930419922e+00
1.351555287837982178e-01
2.160662889480590820e+00
0.000000000000000000e+00
7.714696526527404785e-01
3.827987313270568848e-01
1.432041451334953308e-02
1.909906975924968719e-02
7.199436891824007034e-03
0.000000000000000000e+00
5.717027559876441956e-02
7.011499404907226562e-01
1.158175058662891388e-03
7.064308524131774902e-01
1.664778232574462891e+00
5.247261002659797668e-02
0.000000000000000000e+00
6.678324341773986816e-01
2.373763918876647949e-01
0.000000000000000000e+00
1.442922353744506836e+00
4.820404946804046631e-01
1.023944735527038574e+00
5.988997817039489746e-01
4.118857905268669128e-02
1.222696378827095032e-01
2.338844239711761475e-01
2.466366253793239594e-02
1.546440601348876953e+00
5.250483285635709763e-03
0.000000000000000000e+00
1.587188392877578735e-01
1.238844871520996094e+00
0.000000000000000000e+00
6.603443622589111328e-01
1.710992678999900818e-02
1.062124729156494141e+00
4.548389911651611328e-01
4.013925325125455856e-03
7.914808392524719238e-01
1.686323434114456177e-02
5.051229000091552734e-01
4.017280578613281250e+00
1.538265403360128403e-02
1.054764270782470703e+00
2.961426079273223877e-01
1.204942986369132996e-01
8.351230621337890625e-02
2.842482030391693115e-01
2.128306478261947632e-01
1.339640915393829346e-01
9.791631251573562622e-03
0.000000000000000000e+00
4.926177561283111572e-01
4.970118403434753418e-02
0.000000000000000000e+00
1.035409644246101379e-01
9.528541937470436096e-03
0.000000000000000000e+00
0.000000000000000000e+00
0.000000000000000000e+00
2.623610571026802063e-02
6.092538591474294662e-03
4.660511389374732971e-03
1.873655766248703003e-01
1.062990445643663406e-02
0.000000000000000000e+00
7.037966251373291016e-01
2.475567460060119629e-01
3.300232887268066406e-01
7.733217626810073853e-02
1.264069080352783203e-01
1.757350325584411621e+00
0.000000000000000000e+00
1.506694126874208450e-02
2.500386163592338562e-02
3.721477687358856201e-01
0.000000000000000000e+00
1.663751125335693359e+00
5.708271861076354980e-01
2.827904652804136276e-03
4.461348056793212891e-01
1.599016599357128143e-02
0.000000000000000000e+00
4.184200987219810486e-02
2.674395143985748291e-01
1.333193480968475342e-01
2.281609028577804565e-01
2.438688993453979492e+00
1.144960522651672363e+00
4.647871851921081543e-01
3.226523160934448242e+00
2.335841953754425049e-01
2.128779590129852295e-01
0.000000000000000000e+00
3.418480232357978821e-02
1.890674233436584473e-02
2.589847743511199951e-01
7.498601675033569336e-01
3.557482659816741943e-01
6.675080060958862305e-01
6.360506415367126465e-01
0.000000000000000000e+00
2.647903442382812500e+00
5.827660560607910156e-01
1.175684630870819092e-01
8.767332136631011963e-02
1.242466717958450317e-01
1.798114925622940063e-02
0.000000000000000000e+00
2.465932130813598633e+00
2.519132792949676514e-01
1.323065022006630898e-03
0.000000000000000000e+00
0.000000000000000000e+00
1.149558901786804199e+00
9.730080366134643555e-01
1.130499720573425293e+00
3.347559273242950439e-01
0.000000000000000000e+00
6.317492723464965820e-01
7.631485164165496826e-02
7.757439613342285156e-01
1.262558996677398682e-01
3.684754371643066406e+00
8.023259043693542480e-02
0.000000000000000000e+00
8.105402439832687378e-02
1.862770915031433105e-01
1.496416702866554260e-02
4.440558552742004395e-01
4.946917295455932617e-01
0.000000000000000000e+00
1.836216822266578674e-02
0.000000000000000000e+00
9.094062447547912598e-02
8.393748104572296143e-02
1.103327035903930664e+00
6.240902934223413467e-03
1.415054202079772949e-01
1.894777297973632812e+00
4.157038033008575439e-02
4.853093624114990234e-01
1.366274952888488770e-01
4.356967285275459290e-02
6.057081371545791626e-02
1.706822514533996582e-01
2.849800884723663330e-01
5.000128969550132751e-02
1.005433559417724609e+00
1.630939364433288574e+00
3.532723486423492432e-01
7.472207397222518921e-02
1.467803955078125000e+00
8.492162227630615234e-01
1.376387476921081543e-01
2.554417960345745087e-02
9.084698557853698730e-02
6.241096928715705872e-02
6.215136647224426270e-01
1.462379693984985352e-01
0.000000000000000000e+00
0.000000000000000000e+00
5.964778363704681396e-02
6.591542959213256836e-01
2.262547612190246582e-02
1.959883570671081543e-01
1.363180577754974365e-01
3.141838610172271729e-01
2.621917228680104017e-04
8.444417268037796021e-02
2.642927467823028564e-01
0.000000000000000000e+00
4.122200012207031250e-01
3.296077623963356018e-02
1.153667196631431580e-01
7.752144336700439453e-01
5.567700862884521484e-01
8.256215453147888184e-01
1.556914150714874268e-01
2.805569469928741455e-01
0.000000000000000000e+00
2.323247432708740234e+00
2.297104746103286743e-01
5.224972963333129883e-01
2.100558578968048096e-01
1.190929785370826721e-01
9.084380865097045898e-01
6.440872699022293091e-02
0.000000000000000000e+00
3.177573904395103455e-02
8.323610760271549225e-03
5.058690533041954041e-02
3.897837130352854729e-03
0.000000000000000000e+00
0.000000000000000000e+00
1.125397205352783203e+00
1.095706105232238770e+00
9.171781539916992188e-01
2.799417078495025635e-01
1.007388949394226074e+00
2.203029692173004150e-01
2.183006286621093750e+00
3.466311097145080566e-01
9.583841264247894287e-02
5.131588503718376160e-02
1.725977420806884766e+00
1.779747158288955688e-01
0.000000000000000000e+00
1.007913827896118164e+00
1.578766405582427979e-01
0.000000000000000000e+00
3.875871747732162476e-02
6.393406391143798828e-01
1.515915896743535995e-02
9.971751272678375244e-02
1.080639362335205078e+00
3.636528849601745605e-01
2.537579536437988281e-01
6.011191755533218384e-03
2.261644974350929260e-02
1.786151677370071411e-01
6.822381913661956787e-02
7.289248704910278320e-01
5.366846174001693726e-02
3.062610626220703125e-01
1.913921117782592773e+00
6.244318932294845581e-02
0.000000000000000000e+00
7.605215162038803101e-02
2.476095221936702728e-02
1.911623775959014893e-01
2.621343433856964111e-01
1.085517555475234985e-01
0.000000000000000000e+00
0.000000000000000000e+00
5.347831919789314270e-02
9.977468848228454590e-02
0.000000000000000000e+00
7.034643292427062988e-01
9.208542108535766602e-01
7.292816638946533203e-01
6.119803525507450104e-03
0.000000000000000000e+00
0.000000000000000000e+00
1.764041662216186523e+00
1.024150729179382324e+00
1.424240469932556152e-01
2.187985420227050781e+00
6.344022750854492188e+00
0.000000000000000000e+00
3.638871610164642334e-01
3.574448823928833008e-01
1.145271398127079010e-02
1.466850280761718750e+00
9.532750844955444336e-01
0.000000000000000000e+00
3.913567662239074707e-01
0.000000000000000000e+00
1.003228966146707535e-02
1.158853247761726379e-01
2.878324128687381744e-03
0.000000000000000000e+00
2.823784351348876953e-01
1.040608167648315430e+00
4.487241059541702271e-02
0.000000000000000000e+00
0.000000000000000000e+00
0.000000000000000000e+00
3.379127383232116699e-02
1.661274954676628113e-02
3.713586628437042236e-01
5.568806082010269165e-03
1.603416539728641510e-02
0.000000000000000000e+00
1.011356040835380554e-01
5.496784299612045288e-02
2.577239573001861572e-01
4.969996213912963867e-02
9.212798438966274261e-03
6.967617869377136230e-01
6.702823191881179810e-02
3.120856881141662598e-01
0.000000000000000000e+00
0.000000000000000000e+00
5.108442902565002441e-02
3.509227186441421509e-02
7.372902035713195801e-01
5.520413517951965332e-01
8.661225438117980957e-02
0.000000000000000000e+00
1.068521756678819656e-02
1.951047778129577637e-02
9.882003068923950195e-01
4.731618799269199371e-03
6.972961872816085815e-02
1.387193799018859863e-01
0.000000000000000000e+00
3.162392079830169678e-01
4.297226965427398682e-01
0.000000000000000000e+00
7.242082357406616211e-01
9.969106316566467285e-02
9.080995619297027588e-02
0.000000000000000000e+00
4.288671016693115234e-01
2.146326564252376556e-02
1.228476502001285553e-02
0.000000000000000000e+00
1.855556845664978027e+00
4.147479310631752014e-02
5.411689877510070801e-01
5.319794416427612305e-01
9.190740436315536499e-02
1.561851948499679565e-01
6.573094129562377930e-01
6.850969791412353516e-02
0.000000000000000000e+00
7.093855738639831543e-02
0.000000000000000000e+00
1.819908618927001953e-01
3.237269520759582520e-01
1.377131789922714233e-01
0.000000000000000000e+00
0.000000000000000000e+00
3.370466530323028564e-01
5.254481732845306396e-02
2.917454205453395844e-02
1.020077764987945557e-01
1.210386276245117188e+00
0.000000000000000000e+00
0.000000000000000000e+00
0.000000000000000000e+00
3.856195807456970215e-01
7.695363461971282959e-02
4.013422876596450806e-02
5.203130468726158142e-02
1.270512491464614868e-01
3.443242013454437256e-01
6.806558370590209961e-01
1.387236714363098145e-01
9.794674515724182129e-01
1.010433025658130646e-02
0.000000000000000000e+00
6.008057668805122375e-02
0.000000000000000000e+00
1.389330774545669556e-01
4.359653219580650330e-02
5.510818362236022949e-01
0.000000000000000000e+00
1.397845864295959473e+00
0.000000000000000000e+00
2.164686173200607300e-01
3.171234577894210815e-02
0.000000000000000000e+00
1.592074632644653320e-01
4.382657408714294434e-01
5.417457818984985352e-01
0.000000000000000000e+00
1.051438041031360626e-03
4.062480628490447998e-01
1.031244620680809021e-01
4.235866367816925049e-01
1.681793294847011566e-02
2.378982603549957275e-01
4.265331327915191650e-01
3.704589605331420898e-01
1.136976182460784912e-01
1.436701297760009766e+00
6.050691604614257812e-01
6.802325369790196419e-04
3.966253623366355896e-02
4.695992544293403625e-02
0.000000000000000000e+00
0.000000000000000000e+00
5.428462028503417969e+00
1.339903026819229126e-01
3.547983467578887939e-01
8.595427870750427246e-02
2.903710603713989258e-01
5.837989225983619690e-02
0.000000000000000000e+00
4.268577694892883301e-01
0.000000000000000000e+00
4.411495104432106018e-02
1.507512331008911133e+00
2.093801647424697876e-02
2.188782393932342529e-02
1.465239673852920532e-01
2.228433042764663696e-01
3.100452721118927002e-01
1.335867047309875488e-01
2.410329282283782959e-01
1.327625592239201069e-03
9.132359623908996582e-01
2.265722513198852539e+00
3.302582800388336182e-01
7.282849401235580444e-02
8.021820187568664551e-01
5.493834614753723145e-02
1.437572836875915527e+00
5.539247393608093262e-01
0.000000000000000000e+00
1.531598865985870361e-01
7.228404283523559570e-01
1.749721169471740723e+00
1.545320302248001099e-01
3.793872147798538208e-02
0.000000000000000000e+00
4.373807430267333984e+00
1.395350992679595947e-01
5.423406958580017090e-01
0.000000000000000000e+00
0.000000000000000000e+00
1.849725544452667236e-01
1.162028387188911438e-01
0.000000000000000000e+00
0.000000000000000000e+00
4.788864776492118835e-02
4.480154514312744141e-01
6.565235089510679245e-03
3.257451057434082031e-01
9.691295027732849121e-02
1.064685106277465820e+00
3.081343472003936768e-01
4.468121752142906189e-02
7.185690104961395264e-02
4.397118687629699707e-01
5.266090855002403259e-03
0.000000000000000000e+00
8.263230323791503906e-01
9.449813514947891235e-02
5.441976827569305897e-04
9.531894326210021973e-02
1.861189752817153931e-01
4.703243821859359741e-02
1.628457307815551758e-01
0.000000000000000000e+00
7.148709148168563843e-02
1.678440123796463013e-01
5.300862193107604980e-01
8.645190298557281494e-02
5.194965004920959473e-02
9.225407838821411133e-01
1.808776855468750000e-01
2.956016920506954193e-02
1.306284189224243164e+00
3.470678627490997314e-01
3.318558931350708008e-01
5.504809617996215820e-01
7.611406445503234863e-01
4.494996368885040283e-02
2.658389806747436523e-01
2.381970733404159546e-01
9.753280878067016602e-01
6.669328808784484863e-01
6.970357298851013184e-01
0.000000000000000000e+00
4.672417938709259033e-01
1.312702894210815430e-01
3.389327973127365112e-02
1.786375880241394043e+00
6.310107707977294922e-01
9.064004570245742798e-02
2.773505151271820068e-01
2.364130318164825439e-02
1.234298944473266602e+00
1.692582845687866211e+00
4.752808809280395508e-01
1.069388985633850098e-01
1.179638981819152832e+00
5.796291306614875793e-02
0.000000000000000000e+00
2.209270477294921875e+00
0.000000000000000000e+00
8.168777823448181152e-02
2.785087563097476959e-02
0.000000000000000000e+00
1.922143809497356415e-02
2.103445082902908325e-01
1.041427180171012878e-01
8.753983303904533386e-03
3.024244606494903564e-01
8.126944303512573242e-02
2.444988349452614784e-03
2.717161178588867188e-02
6.691243648529052734e-01
0.000000000000000000e+00
2.335425019264221191e-01
9.996246099472045898e-01
3.292816281318664551e-01
1.933430582284927368e-01
0.000000000000000000e+00
3.718847781419754028e-02
1.910203695297241211e-01
5.073027685284614563e-02
3.486726284027099609e-01
2.548847794532775879e-01
6.711767315864562988e-01
0.000000000000000000e+00
1.237695664167404175e-01
6.054607033729553223e-01
5.620161294937133789e-01
0.000000000000000000e+00
2.721903026103973389e-01
2.394098415970802307e-02
3.608593940734863281e-01
3.644349053502082825e-02
6.834679096937179565e-02
4.274730384349822998e-01
0.000000000000000000e+00
2.385491281747817993e-01
4.718511104583740234e-01
1.236679926514625549e-01
2.448159642517566681e-02
2.718973457813262939e-01
0.000000000000000000e+00
1.146128997206687927e-01
0.000000000000000000e+00
5.064893960952758789e-01
8.837589994072914124e-03
1.330209374427795410e+00
1.860016465187072754e+00
0.000000000000000000e+00
1.028055250644683838e-01
1.098348665982484818e-02
4.715520888566970825e-02
2.875320240855216980e-02
1.275298297405242920e-01
2.263843417167663574e-01
0.000000000000000000e+00
0.000000000000000000e+00
1.569452732801437378e-01
0.000000000000000000e+00
2.318215072154998779e-01
1.792444735765457153e-01
1.330824255943298340e+00
0.000000000000000000e+00
1.391608417034149170e-01
0.000000000000000000e+00
2.578258216381072998e-01
9.925401536747813225e-04
1.116952896118164062e-01
2.061740159988403320e-01
3.998890146613121033e-02
2.565350532531738281e-01
0.000000000000000000e+00
5.924208760261535645e-01
1.080448865890502930e+00
5.920810252428054810e-02
7.464318722486495972e-02
6.136947274208068848e-01
1.747421105392277241e-03
2.199845016002655029e-01
3.980860710144042969e-01
0.000000000000000000e+00
0.000000000000000000e+00
7.213537096977233887e-01
1.371862739324569702e-01
6.173534393310546875e-01
6.293198466300964355e-02
0.000000000000000000e+00
6.430848240852355957e-01
8.419164419174194336e-01
0.000000000000000000e+00
5.779708623886108398e-01
8.428466916084289551e-01
2.581315636634826660e-01
1.506310552358627319e-01
4.010480344295501709e-01
0.000000000000000000e+00
4.763861000537872314e-02
1.511240005493164062e-01
1.920048594474792480e-01
2.356742322444915771e-02
5.171096697449684143e-02
1.508697867393493652e-01
3.393032029271125793e-02
2.832538604736328125e+00
2.229827046394348145e-01
5.816664546728134155e-02
3.114682734012603760e-01
0.000000000000000000e+00
3.760546445846557617e-01
1.462793469429016113e+00
0.000000000000000000e+00
1.691707670688629150e-01
2.128340303897857666e-01
1.149506807327270508e+00
2.295489981770515442e-02
0.000000000000000000e+00
1.166948795318603516e+00
1.355948597192764282e-01
4.622002840042114258e-01
3.957256376743316650e-01
7.355310488492250443e-03
8.224862813949584961e-02
1.877175867557525635e-01
7.036441564559936523e-02
1.528837997466325760e-02
8.860850706696510315e-03
1.530552357435226440e-01
8.677102625370025635e-03
0.000000000000000000e+00
9.003051370382308960e-02
7.546377927064895630e-02
3.488469421863555908e-01
1.858047991991043091e-01
2.865242481231689453e+00
3.138497769832611084e-01
9.703964926302433014e-03
1.664720058441162109e+00
1.395487904548645020e+00
3.239227533340454102e-01
1.006507575511932373e-01
0.000000000000000000e+00
1.087621212005615234e+00
1.180748715996742249e-01
0.000000000000000000e+00
9.205725789070129395e-01
9.383257031440734863e-01
3.316345214843750000e-01
0.000000000000000000e+00
1.157640218734741211e-01
2.471078187227249146e-01
2.229175120592117310e-01
1.356577992439270020e+00
3.923956453800201416e-01
2.819369733333587646e-02
4.672086536884307861e-01
1.521949917078018188e-01
4.974681138992309570e-02
1.085497215390205383e-01
6.312158703804016113e-01
2.153982222080230713e-01
2.735883712768554688e+00
1.972518861293792725e-02
1.104473948478698730e+00
0.000000000000000000e+00
1.135726049542427063e-01
9.042070508003234863e-01
5.014219880104064941e-02
5.736228227615356445e-01
9.916948527097702026e-02
1.886271238327026367e+00
3.789163827896118164e-01
2.983443737030029297e-01
4.902767762541770935e-02
2.069394290447235107e-02
1.368478871881961823e-03
1.376584768295288086e-01
0.000000000000000000e+00
1.755745150148868561e-02
6.016643717885017395e-03
4.022552073001861572e-01
5.469363927841186523e-01
3.150021284818649292e-02
1.006657004356384277e+00
1.707101613283157349e-01
3.478177487850189209e-01
0.000000000000000000e+00
1.313039302825927734e+00
1.166296750307083130e-02
2.492586076259613037e-01
1.699991345405578613e+00
0.000000000000000000e+00
4.334448277950286865e-01
1.051469240337610245e-02
5.506177991628646851e-02
9.508357048034667969e-01
2.665523588657379150e-01
2.058544307947158813e-01
0.000000000000000000e+00
1.197452470660209656e-01
5.116555467247962952e-02
3.331649117171764374e-03
2.033096402883529663e-01
3.047236427664756775e-02
7.967696338891983032e-02
2.861518971621990204e-02
5.093678832054138184e-02
4.311250209808349609e+00
5.687174201011657715e-01
9.358391761779785156e-01
1.634918570518493652e+00
1.112499833106994629e+00
7.320977002382278442e-02
1.711803376674652100e-01
9.551187753677368164e-01
2.046421915292739868e-01
1.533582657575607300e-01
9.951396845281124115e-03
8.108754158020019531e-01
0.000000000000000000e+00
1.912486910820007324e+00
1.183319017291069031e-01
0.000000000000000000e+00
2.728799125179648399e-03
2.362931370735168457e-01
2.876256108283996582e-01
1.467047482728958130e-01
2.782521955668926239e-02
1.563018918037414551e+00
0.000000000000000000e+00
0.000000000000000000e+00
8.998525142669677734e-01
2.239078521728515625e+00
1.110876679420471191e+00
1.773190349340438843e-01
5.407440289855003357e-02
1.845204234123229980e+00
1.327609568834304810e-01
1.344154715538024902e+00
8.183819651603698730e-01
2.065123021602630615e-01
8.392329216003417969e-01
2.950947917997837067e-02
6.803870946168899536e-02
9.401735663414001465e-02
4.732025042176246643e-02
5.275883898138999939e-02
1.182494282722473145e+00
1.557068228721618652e-01
4.883371591567993164e-01
6.842031478881835938e-01
1.635166108608245850e-01
3.702318966388702393e-01
0.000000000000000000e+00
1.464700847864151001e-01
0.000000000000000000e+00
6.377214193344116211e-02
1.085827243514358997e-03
2.323682010173797607e-01
8.529513329267501831e-02
1.022557839751243591e-01
0.000000000000000000e+00
0.000000000000000000e+00
1.504250976722687483e-04
2.046669367700815201e-03
2.898677194025367498e-04
0.000000000000000000e+00
7.061741352081298828e-01
1.078685186803340912e-02
4.124197959899902344e-01
4.742574393749237061e-01
4.115060567855834961e-01
2.557786554098129272e-02
5.398818254470825195e-01
1.959319114685058594e+00
1.614934802055358887e-01
0.000000000000000000e+00
0.000000000000000000e+00
3.108891248703002930e-01
5.778404474258422852e-01
3.699629008769989014e-01
0.000000000000000000e+00
8.700983524322509766e-01
4.223093390464782715e-01
0.000000000000000000e+00
3.782013058662414551e-02
3.071711063385009766e-01
2.256613522768020630e-01
8.747222274541854858e-02
5.378737580031156540e-03
1.520667523145675659e-01
7.690436393022537231e-02
7.907030582427978516e-01
0.000000000000000000e+00
2.225531488656997681e-01
1.180557370185852051e+00
2.005769312381744385e-01
3.136862218379974365e-01
1.715198397636413574e+00
1.013850676827132702e-03
0.000000000000000000e+00
1.618996709585189819e-01
2.102477848529815674e-01
3.352430760860443115e-01
1.947801001369953156e-02
3.164661526679992676e-01
0.000000000000000000e+00
3.697010278701782227e-01
1.793516576290130615e-01
4.608851671218872070e-02
0.000000000000000000e+00
3.517286539077758789e+00
2.188624143600463867e-01
6.623087525367736816e-01
2.919579267501831055e+00
4.408077001571655273e-01
1.304927915334701538e-01
0.000000000000000000e+00
1.902169547975063324e-02
5.099585652351379395e-01
3.528887778520584106e-02
1.119667887687683105e-01
0.000000000000000000e+00
0.000000000000000000e+00
0.000000000000000000e+00
1.820849180221557617e-01
6.584411114454269409e-02
2.468369245529174805e+00
1.740657687187194824e-01
2.062178999185562134e-01
1.452221870422363281e+00
2.329169988632202148e+00
9.823590517044067383e-01
1.382755488157272339e-01
6.591390818357467651e-03
1.243525743484497070e-01
1.227028146386146545e-01
4.097987338900566101e-02
1.330449245870113373e-02
1.060944795608520508e+00
1.210867539048194885e-01
1.199466083198785782e-02
9.054183959960937500e-02
0.000000000000000000e+00
9.079828858375549316e-01
6.008299067616462708e-02
2.612368017435073853e-02
7.736727595329284668e-02
8.603472113609313965e-01
1.384830009192228317e-02
3.905991017818450928e-01
4.987989086657762527e-03
2.344285994768142700e-01
2.817558646202087402e-01
8.660452067852020264e-02
1.212309449911117554e-01
0.000000000000000000e+00
9.768829345703125000e-01
9.471257030963897705e-02
4.639770686626434326e-01
9.804266691207885742e-02
8.360481858253479004e-01
1.245573997497558594e+00
4.627223908901214600e-01
0.000000000000000000e+00
2.708857655525207520e-01
7.048939913511276245e-02
1.351418793201446533e-01
3.649566471576690674e-01
4.831643104553222656e+00
0.000000000000000000e+00
9.411559998989105225e-02
2.645276188850402832e-01
1.677837222814559937e-02
4.077400639653205872e-02
9.191831946372985840e-02
5.900647863745689392e-02
3.486336767673492432e-01
2.454712152481079102e+00
0.000000000000000000e+00
2.089848816394805908e-01
1.236979603767395020e+00
3.203718364238739014e-01
4.247959703207015991e-02
2.034031003713607788e-01
5.143993496894836426e-01
7.978337234817445278e-04
3.226676955819129944e-02
6.641377508640289307e-02
5.236271768808364868e-03
4.162782430648803711e-01
1.220059674233198166e-02
2.578403651714324951e-01
3.209401294589042664e-02
7.536119315773248672e-03
8.407538384199142456e-02
2.138141691684722900e-01
1.477075368165969849e-02
2.431301176548004150e-01
2.322749793529510498e-02
1.082241892814636230e+00
0.000000000000000000e+00
1.826529204845428467e-02
2.433662176132202148e+00
2.827035188674926758e+00
1.823515817523002625e-02
0.000000000000000000e+00
2.290031015872955322e-01
4.310860857367515564e-02
3.055686652660369873e-01
1.047381162643432617e+00
6.071109771728515625e-01
4.750346839427947998e-01
2.218113988637924194e-01
1.630062423646450043e-02
0.000000000000000000e+00
1.634260825812816620e-02
0.000000000000000000e+00
1.722138077020645142e-01
0.000000000000000000e+00
4.615003243088722229e-02
1.498853564262390137e-01
1.891468092799186707e-02
2.752128839492797852e-01
7.543142437934875488e-01
0.000000000000000000e+00
1.955012321472167969e+00
2.131702303886413574e-01
0.000000000000000000e+00
0.000000000000000000e+00
3.287225365638732910e-01
7.729066908359527588e-02
6.400637328624725342e-02
7.364223152399063110e-02
0.000000000000000000e+00
0.000000000000000000e+00
3.255127072334289551e-01
3.470792174339294434e-01
2.227348834276199341e-01
2.063969969749450684e-01
1.176785230636596680e-01
0.000000000000000000e+00
6.295119524002075195e-01
3.219238296151161194e-02
1.187507271766662598e+00
1.412803679704666138e-01
9.931145608425140381e-02
2.310990728437900543e-02
2.859676443040370941e-02
0.000000000000000000e+00
9.265831708908081055e-01
0.000000000000000000e+00
0.000000000000000000e+00
2.721763448789715767e-03
0.000000000000000000e+00
1.427306700497865677e-02
4.988431334495544434e-01
1.848566345870494843e-02
1.476893387734889984e-02
7.103080153465270996e-01
0.000000000000000000e+00
8.400296568870544434e-01
2.483728528022766113e-01
5.008913278579711914e-01
3.878447294235229492e+00
2.605190128087997437e-02
3.047345876693725586e+00
3.372239351272583008e+00
9.551301598548889160e-02
1.023593265563249588e-02
5.959203839302062988e-01
2.672133408486843109e-02
1.218231081962585449e+00
7.671117782592773438e-01
1.003056913614273071e-01
0.000000000000000000e+00
6.336419582366943359e-01
1.733098179101943970e-02
4.484999775886535645e-01
1.462459117174148560e-01
9.316663257777690887e-03
2.545795142650604248e-01
1.815509051084518433e-01
2.274636477231979370e-01
1.679870039224624634e-01
0.000000000000000000e+00
4.852015525102615356e-02
2.421725355088710785e-02
0.000000000000000000e+00
1.248090192675590515e-01
3.831062316894531250e-01
8.284047991037368774e-02
1.971494220197200775e-02
0.000000000000000000e+00
8.594522625207901001e-02
1.115350350737571716e-01
1.173620447516441345e-01
6.605138629674911499e-02
8.815413713455200195e-02
4.962774515151977539e-01
0.000000000000000000e+00
9.830546379089355469e-01
9.730039536952972412e-02
0.000000000000000000e+00
8.337321281433105469e-01
5.702232718467712402e-01
4.860042631626129150e-01
8.724232017993927002e-02
0.000000000000000000e+00
6.007079780101776123e-02
0.000000000000000000e+00
0.000000000000000000e+00
7.040830254554748535e-01
1.893242299556732178e-01
1.157306432723999023e+00
8.541394025087356567e-03
2.944067865610122681e-02
1.399226933717727661e-01
1.864508092403411865e-01
1.420327305793762207e+00
0.000000000000000000e+00
0.000000000000000000e+00
0.000000000000000000e+00
3.684591948986053467e-01
0.000000000000000000e+00
0.000000000000000000e+00
2.371961809694766998e-02
0.000000000000000000e+00
2.475402653217315674e-01
3.455337136983871460e-02
3.417650982737541199e-02
0.000000000000000000e+00
5.730538368225097656e-01
2.585170045495033264e-02
1.337224543094635010e-01
0.000000000000000000e+00
1.621748805046081543e-01
2.329762935638427734e+00
3.293857350945472717e-02
3.084460040554404259e-03
1.843770593404769897e-02
9.872810542583465576e-02
0.000000000000000000e+00
0.000000000000000000e+00
2.954151853919029236e-02
0.000000000000000000e+00
5.270972847938537598e-01
0.000000000000000000e+00
4.903447255492210388e-02
7.039459794759750366e-02
7.333432435989379883e-01
5.506499409675598145e-01
8.931224048137664795e-02
6.266599893569946289e-02
0.000000000000000000e+00
4.117076396942138672e-01
6.468505132943391800e-03
0.000000000000000000e+00
2.790266089141368866e-02
1.350212562829256058e-02
1.079468369483947754e+00
3.149039298295974731e-02
2.721334062516689301e-02
3.307349681854248047e-01
7.567044347524642944e-02
1.459814757108688354e-01
2.823445247486233711e-03
2.873098373413085938e+00
4.327331781387329102e-01
6.039339900016784668e-01
6.591580063104629517e-02
2.421215772628784180e-01
7.692614570260047913e-03
3.136740997433662415e-02
0.000000000000000000e+00
6.857973933219909668e-01
1.710596799850463867e+00
0.000000000000000000e+00
1.013513565063476562e+00
1.375063657760620117e-01
1.442043185234069824e-01
3.584321141242980957e-01
0.000000000000000000e+00
2.389980554580688477e-01
1.298507601022720337e-01
0.000000000000000000e+00
3.613530471920967102e-02
1.861153095960617065e-01
0.000000000000000000e+00
0.000000000000000000e+00
9.950478374958038330e-02
1.255825459957122803e-01
9.004123508930206299e-02
3.519528359174728394e-02
0.000000000000000000e+00
1.297229677438735962e-01
1.649635843932628632e-03
7.789041996002197266e-01
2.073435336351394653e-01
2.697490453720092773e-01
3.699349761009216309e-01
1.569586247205734253e-01
8.874051570892333984e-01
4.634877443313598633e-01
0.000000000000000000e+00
3.008067011833190918e-01
1.845294833183288574e-01
8.721319958567619324e-03
0.000000000000000000e+00
1.269351691007614136e-02
1.591520607471466064e-01
6.030873656272888184e-01
1.328864991664886475e-01
6.646973639726638794e-02
3.070782311260700226e-02
1.158260583877563477e+00
5.479824170470237732e-02
4.582227468490600586e-01
1.836797744035720825e-01
1.637285798788070679e-01
0.000000000000000000e+00
1.203072592616081238e-01
1.207700818777084351e-01
7.478602230548858643e-02
1.602709889411926270e-01
2.754330039024353027e-01
4.957027733325958252e-02
2.698509395122528076e-01
1.102329850196838379e+00
1.795622408390045166e-01
2.569662220776081085e-02
2.814400382339954376e-02
2.059413045644760132e-01
0.000000000000000000e+00
3.503192663192749023e-01
1.048658847808837891e+00
1.334545016288757324e-01
2.546115517616271973e-01
1.703089624643325806e-01
1.389444828033447266e+00
1.799138426780700684e+00
1.355231285095214844e+00
0.000000000000000000e+00
2.875286713242530823e-02
0.000000000000000000e+00
5.054641366004943848e-01
0.000000000000000000e+00
9.488629177212715149e-03
3.076038062572479248e-01
5.023720264434814453e-01
2.479798905551433563e-02
0.000000000000000000e+00
4.603885412216186523e-01
2.180100232362747192e-02
3.892842829227447510e-01
3.125350177288055420e-01
3.942173346877098083e-02
2.958438824862241745e-03
0.000000000000000000e+00
8.377084732055664062e-01
1.264366060495376587e-01
4.913519918918609619e-01
1.155435085296630859e+00
2.197172194719314575e-01
3.427506387233734131e-01
5.714309215545654297e-01
4.080802798271179199e-01
2.444229274988174438e-01
8.441776633262634277e-01
1.573718070983886719e+00
7.154030799865722656e-01
1.520359069108963013e-01
0.000000000000000000e+00
9.110972285270690918e-02
1.701950579881668091e-01
3.324764966964721680e-02
6.039856001734733582e-02
5.354585126042366028e-02
2.499535679817199707e-01
1.378102228045463562e-02
1.364614367485046387e+00
0.000000000000000000e+00
9.866470098495483398e-02
6.346644163131713867e-01
2.868440747261047363e-02
4.230036258697509766e+00
5.886604264378547668e-02
5.710293650627136230e-01
1.073916703462600708e-01
0.000000000000000000e+00
1.027791053056716919e-01
5.773683637380599976e-02
1.002189040184020996e+00
6.288257986307144165e-02
2.466592937707901001e-01
5.336311459541320801e-01
7.971560955047607422e-02
1.330891609191894531e+00
2.153905481100082397e-02
2.349518388509750366e-01
2.632283866405487061e-01
3.747938573360443115e-01
3.872100263833999634e-02
1.026500761508941650e-01
1.915779709815979004e-01
0.000000000000000000e+00
4.417863190174102783e-01
1.175431132316589355e+00
2.907074987888336182e-01
5.237035453319549561e-02
3.451710939407348633e-02
2.492644637823104858e-01
1.792339086532592773e+00
4.394870400428771973e-01
7.769499719142913818e-02
4.845936968922615051e-02
1.982508786022663116e-02
0.000000000000000000e+00
3.811116516590118408e-02
3.626458644866943359e-01
4.778588935732841492e-02
1.078892499208450317e-02
4.869575798511505127e-01
9.329305589199066162e-02
5.081118345260620117e-01
2.323995679616928101e-01
8.812050223350524902e-01
3.927372023463249207e-02
2.036899141967296600e-02
5.578183755278587341e-02
9.082597494125366211e-02
5.097234845161437988e-01
2.275239944458007812e+00
2.710996381938457489e-02
0.000000000000000000e+00
6.390560865402221680e-01
7.088985294103622437e-02
2.062261104583740234e-01
1.115953326225280762e-01
0.000000000000000000e+00
4.132142663002014160e-02
6.193896532058715820e-01
1.823627273552119732e-03
7.396639883518218994e-02
1.857147924602031708e-02
0.000000000000000000e+00
7.282176017761230469e-01
2.695899486541748047e+00
0.000000000000000000e+00
2.069490402936935425e-01
0.000000000000000000e+00
1.137874722480773926e-01
3.820757269859313965e-01
8.200539350509643555e-01
3.763169050216674805e-02
1.030809804797172546e-01
0.000000000000000000e+00
0.000000000000000000e+00
1.488916724920272827e-01
2.502516508102416992e+00
4.191896915435791016e-01
5.110542774200439453e-01
2.097475528717041016e+00
4.915009737014770508e-01
0.000000000000000000e+00
9.763912111520767212e-02
4.264586791396141052e-02
8.369971513748168945e-01
4.401747137308120728e-03
3.724545538425445557e-01
4.306696653366088867e-01
7.813434302806854248e-02
2.806004881858825684e-01
9.160816669464111328e-02
0.000000000000000000e+00
0.000000000000000000e+00
0.000000000000000000e+00
3.615238368511199951e-01
5.065475106239318848e-01
1.206310186535120010e-02
1.500749737024307251e-01
0.000000000000000000e+00
1.004932284355163574e+00
0.000000000000000000e+00
8.111192584037780762e-01
5.564342141151428223e-01
7.010145187377929688e-01
3.657404482364654541e-01
4.160445928573608398e-01
1.176020279526710510e-01
0.000000000000000000e+00
2.495915412902832031e+00
1.916844844818115234e-01
0.000000000000000000e+00
9.374402165412902832e-01
3.423532098531723022e-02
5.679075047373771667e-02
3.424782305955886841e-02
1.541726887226104736e-01
4.650359749794006348e-01
3.717856407165527344e-01
5.486866831779479980e-02
1.021810054779052734e+00
1.938855648040771484e-01
3.082604333758354187e-02
0.000000000000000000e+00
8.701457381248474121e-01
3.451827540993690491e-02
1.952972561120986938e-01
0.000000000000000000e+00
0.000000000000000000e+00
1.266837865114212036e-01
5.134512186050415039e-01
1.323676556348800659e-01
1.067803129553794861e-01
5.662110447883605957e-02
3.784231185913085938e+00
0.000000000000000000e+00
1.842372268438339233e-01
1.002364531159400940e-01
0.000000000000000000e+00
4.378058016300201416e-01
0.000000000000000000e+00
3.763625025749206543e-02
1.134218424558639526e-01
6.313812732696533203e-02
3.265980780124664307e-01
2.706473469734191895e-01
7.910021543502807617e-01
2.500964887440204620e-02
6.903845071792602539e-01
4.295964539051055908e-02
3.246586918830871582e-01
1.605578541755676270e+00
1.280637085437774658e-01
3.106452822685241699e-01
1.931555196642875671e-02
5.347410589456558228e-02
1.026452302932739258e+00
0.000000000000000000e+00
0.000000000000000000e+00
6.479325294494628906e-01
0.000000000000000000e+00
4.195481538772583008e-02
4.379177391529083252e-01
1.129402160644531250e+00
3.614065945148468018e-01
3.193474933505058289e-02
4.667426645755767822e-02
1.390633463859558105e+00
4.696007817983627319e-02
0.000000000000000000e+00
0.000000000000000000e+00
8.199447393417358398e-01
1.222064346075057983e-01
0.000000000000000000e+00
3.715853691101074219e-01
1.922173351049423218e-01
4.580778479576110840e-01
4.713546633720397949e-01
7.590121775865554810e-02
1.161057874560356140e-01
3.916119933128356934e-01
5.676416680216789246e-03
3.488602489233016968e-02
5.505936685949563980e-03
3.133105754852294922e+00
0.000000000000000000e+00
0.000000000000000000e+00
0.000000000000000000e+00
7.754674553871154785e-01
1.405691611580550671e-03
2.101195156574249268e-01
4.006313905119895935e-02
0.000000000000000000e+00
0.000000000000000000e+00
5.260443314909934998e-02
7.114716172218322754e-01
8.479751646518707275e-03
2.106853723526000977e-01
1.829464673995971680e+00
1.454065740108489990e-02
0.000000000000000000e+00
3.629946336150169373e-02
9.623908251523971558e-02
3.173295557498931885e-01
8.239374160766601562e-01
1.178833320736885071e-01
1.133365869522094727e+00
3.034890890121459961e-01
0.000000000000000000e+00
1.277034640312194824e+00
6.708131730556488037e-02
0.000000000000000000e+00
9.561630897223949432e-03
0.000000000000000000e+00
3.264242708683013916e-01
3.199308514595031738e-01
2.983230948448181152e-01
3.653931021690368652e-01
8.357178419828414917e-02
1.044370889663696289e+00
2.974325232207775116e-02
0.000000000000000000e+00
5.635496973991394043e-02
1.740539908409118652e+00
5.307594314217567444e-03
1.829252958297729492e+00
1.147639393806457520e+00
0.000000000000000000e+00
2.037705108523368835e-02
1.745507121086120605e-01
5.053104367107152939e-03
5.816679000854492188e-01
2.745079398155212402e-01
8.803983218967914581e-04
0.000000000000000000e+00
4.447564780712127686e-01
8.953610062599182129e-01
1.288606971502304077e-02
6.146662831306457520e-01
5.194129347801208496e-01
0.000000000000000000e+00
6.229156851768493652e-01
0.000000000000000000e+00
3.745110750198364258e+00
1.209278032183647156e-01
0.000000000000000000e+00
2.112397365272045135e-02
0.000000000000000000e+00
1.732073910534381866e-02
1.802316159009933472e-01
1.549596339464187622e-01
0.000000000000000000e+00
6.316721439361572266e-02
0.000000000000000000e+00
4.772735238075256348e-01
9.679687023162841797e-02
2.640481293201446533e-01
1.576032042503356934e-01
7.641567587852478027e-01
5.093938708305358887e-01
3.571400642395019531e-01
0.000000000000000000e+00
6.613055616617202759e-02
4.279654026031494141e-01
2.407954633235931396e-01
4.152728021144866943e-01
0.000000000000000000e+00
0.000000000000000000e+00
7.274872809648513794e-02
8.580915629863739014e-02
1.350865811109542847e-01
1.310061477124691010e-02
1.590358912944793701e-01
5.309816598892211914e-01
1.727375090122222900e-01
0.000000000000000000e+00
1.498785465955734253e-01
1.123184561729431152e+00
1.707421839237213135e-01
2.878408320248126984e-02
1.262718796730041504e+00
4.078178852796554565e-02
9.132854640483856201e-02
1.786831766366958618e-02
5.801032781600952148e-01
3.085301816463470459e-01
2.689279317855834961e+00
9.299383312463760376e-02
1.500045210123062134e-01
3.665856719017028809e-01
0.000000000000000000e+00
4.619983732700347900e-01
0.000000000000000000e+00
5.005833134055137634e-02
0.000000000000000000e+00
6.929402053356170654e-02
0.000000000000000000e+00
3.216471150517463684e-02
0.000000000000000000e+00
1.436853688210248947e-02
0.000000000000000000e+00
0.000000000000000000e+00
0.000000000000000000e+00
3.843021690845489502e-01
5.139864049851894379e-03
0.000000000000000000e+00
1.196804717183113098e-01
0.000000000000000000e+00
2.942432761192321777e-01
0.000000000000000000e+00
5.137937888503074646e-02
4.423621296882629395e-01
5.027066469192504883e-01
9.607673436403274536e-02
4.430788103491067886e-03
7.501651048660278320e-01
0.000000000000000000e+00
1.229574605822563171e-01
3.568954765796661377e-02
4.526423290371894836e-02
6.345824599266052246e-01
1.696733713150024414e+00
0.000000000000000000e+00
5.421331524848937988e-01
0.000000000000000000e+00
1.521589159965515137e-01
1.667382195591926575e-02
9.190920740365982056e-02
8.168446272611618042e-02
4.662482440471649170e-02
5.793109303340315819e-04
0.000000000000000000e+00
1.125867515802383423e-01
5.150690674781799316e-01
6.730052232742309570e-01
0.000000000000000000e+00
1.420587208122014999e-02
3.192285075783729553e-02
0.000000000000000000e+00
1.488244533538818359e-01
0.000000000000000000e+00
3.532689511775970459e-01
2.237157523632049561e-02
5.861632525920867920e-02
3.638982772827148438e-02
1.633014678955078125e-01
1.093877077102661133e+00
3.039736151695251465e-01
1.825959533452987671e-01
8.875803090631961823e-03
2.088531665503978729e-02
4.908286966383457184e-03
1.584401011466979980e+00
2.473821043968200684e-01
7.333905994892120361e-02
3.598229646682739258e+00
4.432913780212402344e+00
9.639680385589599609e-02
8.860353380441665649e-02
2.353367090225219727e+00
1.398219615221023560e-01
4.026177152991294861e-02
4.454996287822723389e-01
8.314243704080581665e-02
3.712141990661621094e+00
1.069518029689788818e-01
3.672962486743927002e-01
4.910198971629142761e-03
8.797040581703186035e-01
0.000000000000000000e+00
0.000000000000000000e+00
0.000000000000000000e+00
2.165189012885093689e-02
9.654228389263153076e-02
2.190917730331420898e-01
4.597913846373558044e-02
2.663545906543731689e-01
0.000000000000000000e+00
3.352976441383361816e-01
1.015258207917213440e-01
2.257211208343505859e+00
3.710490763187408447e-01
4.956766963005065918e-01
2.851720452308654785e-01
3.905839100480079651e-02
0.000000000000000000e+00
6.199772655963897705e-02
1.325039193034172058e-02
4.221329092979431152e-01
0.000000000000000000e+00
2.450219690799713135e-01
6.335216164588928223e-01
1.384830325841903687e-01
1.075434312224388123e-01
0.000000000000000000e+00
1.595511317253112793e+00
1.593030393123626709e-01
1.043229028582572937e-01
1.566365361213684082e-01
0.000000000000000000e+00
0.000000000000000000e+00
1.325309634208679199e+00
1.092489995062351227e-02
8.326076716184616089e-02
0.000000000000000000e+00
2.597365140914916992e+00
1.431474369019269943e-02
1.111970376223325729e-02
8.874418139457702637e-01
5.951887369155883789e-01
0.000000000000000000e+00
4.113985598087310791e-02
4.399081692099571228e-02
1.313638221472501755e-02
0.000000000000000000e+00
6.430833041667938232e-02
3.801319003105163574e-02
1.673976927995681763e-01
1.689305186271667480e+00
1.203905791044235229e-02
1.165946125984191895e-01
2.282283008098602295e-01
4.077138006687164307e-01
1.286894530057907104e-01
0.000000000000000000e+00
1.032245084643363953e-01
2.869873866438865662e-02
0.000000000000000000e+00
2.462678670883178711e+00
3.202766552567481995e-02
1.106532454490661621e+00
1.150451302528381348e+00
3.660119324922561646e-02
8.227303028106689453e-01
0.000000000000000000e+00
1.619367361068725586e+00
3.452965021133422852e-01
1.304285880178213120e-02
1.765807569026947021e-01
7.515164613723754883e-01
7.802724093198776245e-02
6.556261181831359863e-01
0.000000000000000000e+00
2.679330296814441681e-02
4.389088600873947144e-02
4.180574119091033936e-01
2.797660790383815765e-02
7.018160074949264526e-02
0.000000000000000000e+00
3.350930809974670410e-01
1.343387365341186523e+00
1.363277435302734375e-03
1.883635222911834717e-01
4.592735171318054199e-01
3.681591898202896118e-02
1.034062743186950684e+00
0.000000000000000000e+00
6.094043143093585968e-03
0.000000000000000000e+00
1.993050798773765564e-02
0.000000000000000000e+00
3.268501162528991699e-01
2.082709074020385742e+00
2.682358920574188232e-01
3.528060615062713623e-01
0.000000000000000000e+00
9.929853677749633789e-02
0.000000000000000000e+00
0.000000000000000000e+00
0.000000000000000000e+00
1.887555360794067383e+00
0.000000000000000000e+00
6.266716718673706055e-01
1.839627981185913086e+00
1.358973979949951172e-01
1.140840575098991394e-01
3.869694471359252930e-02
0.000000000000000000e+00
3.258871734142303467e-01
1.585976719856262207e+00
3.078401982784271240e-01
0.000000000000000000e+00
1.168421842157840729e-02
2.812815010547637939e-01
2.814342081546783447e-01
1.330031275749206543e+00
1.048674583435058594e-01
5.068389582447707653e-04
3.839243203401565552e-02
6.106511950492858887e-01
4.358640313148498535e-01
1.415258552879095078e-02
1.063989520072937012e+00
5.946172028779983521e-02
1.098048910498619080e-01
4.828071594238281250e-02
1.071835160255432129e+00
0.000000000000000000e+00
5.813406705856323242e-01
5.979749187827110291e-02
0.000000000000000000e+00
0.000000000000000000e+00
6.817248463630676270e-01
7.855157367885112762e-03
0.000000000000000000e+00
1.745453357696533203e+00
5.816075205802917480e-01
8.816584348678588867e-01
1.515948325395584106e-01
8.986343741416931152e-01
3.555066585540771484e-01
4.040417671203613281e-01
1.806415617465972900e-01
0.000000000000000000e+00
4.575371146202087402e-01
0.000000000000000000e+00
2.049784213304519653e-01
0.000000000000000000e+00
3.935002908110618591e-02
3.054177165031433105e-01
7.758804559707641602e-01
5.212346911430358887e-01
2.526966035366058350e-01
3.593914210796356201e-01
4.911968410015106201e-01
7.653877139091491699e-02
1.092642903327941895e+00
0.000000000000000000e+00
1.868978291749954224e-01
1.203129347413778305e-02
2.453764528036117554e-02
0.000000000000000000e+00
3.814281523227691650e-02
6.812153458595275879e-01
1.344090253114700317e-01
0.000000000000000000e+00
4.003863811492919922e+00
0.000000000000000000e+00
1.828468404710292816e-02
9.365804493427276611e-02
8.085308670997619629e-01
1.363842189311981201e-01
3.320753946900367737e-02
1.160502731800079346e-01
2.736498355865478516e+00
1.691661238670349121e+00
1.027778908610343933e-01
1.134474128484725952e-01
1.858172267675399780e-01
1.630149006843566895e+00
5.884990096092224121e-01
7.728364784270524979e-03
1.484498977661132812e+00
7.975960522890090942e-02
3.454382419586181641e+00
6.812079548835754395e-01
0.000000000000000000e+00
2.139364331960678101e-01
2.021685242652893066e-01
3.102221526205539703e-02
0.000000000000000000e+00
0.000000000000000000e+00
9.192905575037002563e-02
7.573330998420715332e-01
5.256291031837463379e-01
0.000000000000000000e+00
8.645266890525817871e-01
2.878687381744384766e-01
6.120963953435420990e-03
8.393312245607376099e-02
2.218186669051647186e-02
2.877887487411499023e-01
5.520351529121398926e-01
3.139668405055999756e-01
4.072981178760528564e-01
5.165966749191284180e-01
4.207395315170288086e-01
0.000000000000000000e+00
5.505623221397399902e-01
2.807157933712005615e-01
6.199156865477561951e-02
4.599238038063049316e-01
1.510919779539108276e-01
1.641209423542022705e-01
4.893648438155651093e-03
1.665212512016296387e-01
1.579129993915557861e-01
1.406399488449096680e+00
6.453946232795715332e-02
2.459409297443926334e-04
9.547024220228195190e-02
1.887771010398864746e+00
3.493967652320861816e-02
5.744941532611846924e-02
1.648393720388412476e-01
1.132308021187782288e-01
3.695097267627716064e-01
2.765224874019622803e-02
0.000000000000000000e+00
2.122970297932624817e-02
0.000000000000000000e+00
0.000000000000000000e+00
6.232953444123268127e-02
1.807174533605575562e-01
5.613545179367065430e-01
4.963266551494598389e-01
1.205750703811645508e-01
4.387363195419311523e-01
0.000000000000000000e+00
0.000000000000000000e+00
1.136932015419006348e+00
1.379105746746063232e-01
5.170577168464660645e-01
6.443855911493301392e-02
7.647321224212646484e-01
2.209566161036491394e-02
3.904367685317993164e-01
9.274559468030929565e-02
3.549656867980957031e-01
0.000000000000000000e+00
3.288959339261054993e-02
1.439752243459224701e-02
0.000000000000000000e+00
3.508991096168756485e-03
1.765763461589813232e-01
0.000000000000000000e+00
1.621848225593566895e+00
1.173597812652587891e+00
1.482715755701065063e-01
1.467859148979187012e-01
5.628241896629333496e-01
2.499650418758392334e-02
1.860836893320083618e-01
1.501272916793823242e+00
6.164877414703369141e-01
1.572466343641281128e-01
1.740506291389465332e-01
3.845681902021169662e-03
1.207301300019025803e-02
1.953934282064437866e-01
2.485313653945922852e+00
4.709404408931732178e-01
3.600326180458068848e-01
2.094426304101943970e-01
1.435885071754455566e+00
3.426371216773986816e-01
1.044617407023906708e-02
1.741680204868316650e-01
8.306473493576049805e-01
0.000000000000000000e+00
3.010052144527435303e-01
8.778796195983886719e-01
1.992750912904739380e-01
8.649770915508270264e-02
6.306181196123361588e-03
4.018108248710632324e-01
0.000000000000000000e+00
2.794545173645019531e+00
5.312981829047203064e-02
7.814849615097045898e-01
2.634026706218719482e-01
2.810587175190448761e-02
0.000000000000000000e+00
0.000000000000000000e+00
5.545741915702819824e-01
9.452686458826065063e-02
1.724839061498641968e-01
3.776409197598695755e-03
8.700440078973770142e-02
1.137528102844953537e-02
0.000000000000000000e+00
1.663507334887981415e-02
0.000000000000000000e+00
0.000000000000000000e+00
3.233052194118499756e-01
4.081453010439872742e-02
2.590977191925048828e+00
1.335682123899459839e-01
3.105481341481208801e-02
4.805005714297294617e-02
1.392263650894165039e+00
6.188956499099731445e-01
0.000000000000000000e+00
5.900278687477111816e-01
4.053150117397308350e-01
2.160107612609863281e+00
3.238602578639984131e-01
5.548448488116264343e-02
2.252399921417236328e-02
7.010475993156433105e-01
7.506214082241058350e-02
2.882457673549652100e-01
1.720139570534229279e-02
3.171280324459075928e-01
1.336266517639160156e+00
0.000000000000000000e+00
1.249869540333747864e-02
4.130803979933261871e-03
1.699025332927703857e-01
5.069625377655029297e-01
1.604572534561157227e-01
1.148046016693115234e+00
6.763651371002197266e-01
0.000000000000000000e+00
0.000000000000000000e+00
6.719030439853668213e-02
1.934299319982528687e-01
6.958226673305034637e-03
6.165796425193548203e-03
3.203235626220703125e+00
1.567736625671386719e+00
5.977299213409423828e-01
8.367741852998733521e-02
3.030312359333038330e-01
5.166835188865661621e-01
2.616607351228594780e-03
0.000000000000000000e+00
1.246901154518127441e-01
8.079353719949722290e-03
5.745040625333786011e-02
2.920320928096771240e-01
0.000000000000000000e+00
1.383581459522247314e-01
7.941159605979919434e-02
3.245045617222785950e-02
0.000000000000000000e+00
2.208963222801685333e-02
5.305704846978187561e-02
0.000000000000000000e+00
5.289896726608276367e-01
9.679135680198669434e-02
6.873459219932556152e-01
1.083696354180574417e-02
1.789453983306884766e+00
3.729681372642517090e-01
4.429863765835762024e-02
2.991096735000610352e+00
5.827805399894714355e-01
2.600867033004760742e+00
4.352158606052398682e-01
8.091176152229309082e-01
2.676546275615692139e-01
4.374718070030212402e-01
2.734499931335449219e+00
3.978385031223297119e-02
1.335212141275405884e-01
3.808224573731422424e-02
3.539929538965225220e-02
3.152188360691070557e-01
4.315090551972389221e-02
2.015885524451732635e-02
5.498480983078479767e-03
8.029471337795257568e-02
3.746077418327331543e-01
1.696565747261047363e-01
8.572924137115478516e-01
4.201412200927734375e-01
1.460003703832626343e-01
4.620086774230003357e-02
8.731625974178314209e-02
1.668537966907024384e-02
2.784214973449707031e+00
0.000000000000000000e+00
2.245031893253326416e-01
1.763857603073120117e-01
0.000000000000000000e+00
1.223128736019134521e-01
4.762884601950645447e-02
0.000000000000000000e+00
2.090159207582473755e-01
0.000000000000000000e+00
6.673136949539184570e-01
3.771773725748062134e-02
2.183845965191721916e-03
3.086845636367797852e+00
2.006439268589019775e-01
1.908824145793914795e-01
1.338447183370590210e-01
8.269697427749633789e-02
3.769592940807342529e-02
1.412841796875000000e+00
7.836426794528961182e-02
1.155667304992675781e+00
8.540861308574676514e-03
1.868667006492614746e-01
1.691532015800476074e+00
0.000000000000000000e+00
2.293291687965393066e-01
2.995271608233451843e-02
1.213998813182115555e-02
1.099038720130920410e+00
2.877091169357299805e+00
0.000000000000000000e+00
0.000000000000000000e+00
2.912106812000274658e-01
5.676046013832092285e-02
1.601576805114746094e-01
0.000000000000000000e+00
0.000000000000000000e+00
1.033789888024330139e-01
2.131305262446403503e-02
7.710655331611633301e-01
2.680870294570922852e-01
1.896450296044349670e-02
4.291272759437561035e-01
0.000000000000000000e+00
0.000000000000000000e+00
1.917520046234130859e+00
1.278076171875000000e+00
0.000000000000000000e+00
2.437452971935272217e-01
6.896959245204925537e-02
0.000000000000000000e+00
1.667544692754745483e-01
4.816303253173828125e-01
4.508391767740249634e-02
1.644049026072025299e-02
1.739132553339004517e-01
6.163940429687500000e-01
3.228915482759475708e-02
1.263752698898315430e+00
3.011793596670031548e-03
2.538308314979076385e-02
3.609657287597656250e-01
0.000000000000000000e+00
1.417808055877685547e+00
0.000000000000000000e+00
1.054996252059936523e+00
1.431656926870346069e-01
1.284801028668880463e-02
3.966248929500579834e-01
2.191604852676391602e+00
3.928933441638946533e-01
1.347474098205566406e+00
1.048064306378364563e-01
2.093921229243278503e-02
6.150332838296890259e-02
0.000000000000000000e+00
1.728207468986511230e+00
3.516811728477478027e-01
0.000000000000000000e+00
1.686302423477172852e-01
7.735481113195419312e-02
7.808756232261657715e-01
0.000000000000000000e+00
1.738215535879135132e-01
2.758591668680310249e-03
1.604926705360412598e+00
0.000000000000000000e+00
5.945321545004844666e-02
0.000000000000000000e+00
0.000000000000000000e+00
2.303605228662490845e-01
3.808393776416778564e-01
5.260721445083618164e-01
1.242958568036556244e-02
0.000000000000000000e+00
4.856328368186950684e-01
1.665456891059875488e-01
3.707291483879089355e-01
0.000000000000000000e+00
8.149599656462669373e-03
8.228344321250915527e-01
3.387359678745269775e-01
6.198517978191375732e-02
1.133110642433166504e+00
1.638117805123329163e-02
9.992671757936477661e-02
1.209070254117250443e-02
0.000000000000000000e+00
0.000000000000000000e+00
1.500858813524246216e-01
1.945092380046844482e-01
1.275337040424346924e-01
1.267712414264678955e-01
0.000000000000000000e+00
5.975209921598434448e-02
3.132150173187255859e-01
7.447882741689682007e-02
0.000000000000000000e+00
0.000000000000000000e+00
2.036336660385131836e-01
7.037710398435592651e-03
1.190280392765998840e-01
6.109302863478660583e-02
1.009025692939758301e+00
0.000000000000000000e+00
9.198564887046813965e-01
7.375162676908075809e-04
1.242632150650024414e+00
1.324605941772460938e-02
2.448888719081878662e-01
