1.072617411613464355e+00
1.348497904837131500e-02
5.472707748413085938e-01
8.178774267435073853e-02
6.587876081466674805e-01
1.271454691886901855e-01
3.709109500050544739e-03
5.404569674283266068e-03
3.230948746204376221e-02
2.578024938702583313e-02
2.981398344039916992e+00
3.354228734970092773e-01
1.558563828468322754e+00
2.191082954406738281e+00
7.885579951107501984e-03
1.666301190853118896e-01
1.136316880583763123e-01
1.568989306688308716e-01
1.690320372581481934e-01
3.086847662925720215e-01
1.118151769042015076e-01
5.069514513015747070e-01
1.872982144355773926e+00
4.538927376270294189e-01
2.089362964034080505e-02
9.769617579877376556e-03
1.761349439620971680e-01
6.586476415395736694e-02
2.959814071655273438e+00
1.848674535751342773e+00
3.338016569614410400e-01
3.470434620976448059e-02
3.297556638717651367e-01
5.977610498666763306e-02
1.139923095703125000e+00
2.155655622482299805e-01
9.870424866676330566e-01
5.693166255950927734e-01
8.605681359767913818e-02
2.890895307064056396e-01
0.000000000000000000e+00
8.551350235939025879e-02
1.233730435371398926e+00
2.860582619905471802e-02
1.432304382324218750e+00
7.810156941413879395e-01
2.058787822723388672e+00
2.198403179645538330e-01
1.046259045600891113e+00
7.799015194177627563e-02
7.753857970237731934e-01
6.298828125000000000e-02
7.441797852516174316e-02
1.744385510683059692e-01
4.178135991096496582e-01
3.525996580719947815e-03
1.049958109855651855e+00
0.000000000000000000e+00
1.238100416958332062e-02
1.207354307174682617e+00
1.648823544383049011e-02
2.920137345790863037e-02
0.000000000000000000e+00
0.000000000000000000e+00
2.369688898324966431e-01
3.115456700325012207e-01
3.083880990743637085e-03
5.338894575834274292e-02
1.461558461189270020e+00
3.718602657318115234e-01
4.793645143508911133e-01
1.066392585635185242e-01
1.241523146629333496e+00
0.000000000000000000e+00
2.558454275131225586e-01
3.718278184533119202e-02
2.489381283521652222e-01
3.050908446311950684e-01
1.406011104583740234e+00
1.163749098777770996e+00
9.216092228889465332e-01
3.641924262046813965e-01
1.297046840190887451e-01
2.356764078140258789e+00
1.463814675807952881e-01
1.436396390199661255e-01
1.837331801652908325e-01
7.698926925659179688e-01
1.529264330863952637e+00
6.736575067043304443e-02
1.471199989318847656e+00
2.700184844434261322e-02
1.144599542021751404e-01
1.568563166074454784e-03
1.631942689418792725e-01
1.252926230430603027e+00
5.376716256141662598e-01
0.000000000000000000e+00
4.824200868606567383e-01
6.336238384246826172e-01
6.508483886718750000e-01
1.716859042644500732e-01
1.492056529968976974e-02
2.469529062509536743e-01
6.402976810932159424e-02
0.000000000000000000e+00
5.298606157302856445e-01
6.537944078445434570e-01
4.524374604225158691e-01
0.000000000000000000e+00
4.562015056610107422e+00
7.224990129470825195e-01
2.265044450759887695e-01
1.654612459242343903e-02
3.113409504294395447e-02
2.852230072021484375e-01
7.762067914009094238e-01
5.053523182868957520e-01
6.637583374977111816e-01
0.000000000000000000e+00
1.473560214042663574e+00
2.171786427497863770e-01
3.998870849609375000e+00
9.126474857330322266e-01
4.180536270141601562e+00
2.886345386505126953e-01
3.538867086172103882e-02
7.964968085289001465e-01
3.910618647933006287e-02
1.142611801624298096e-01
4.617088735103607178e-01
1.111408114433288574e+00
1.668678760528564453e+00
7.206140458583831787e-02
1.732896864414215088e-01
6.234880685806274414e-01
5.364584922790527344e-01
1.068853497505187988e+00
9.542795270681381226e-02
5.653411149978637695e-01
1.494750142097473145e+00
7.469063252210617065e-02
0.000000000000000000e+00
8.954223990440368652e-01
1.188763007521629333e-01
7.434554398059844971e-02
0.000000000000000000e+00
1.296259403228759766e+00
4.625890254974365234e-01
1.036291122436523438e+00
9.684125781059265137e-01
1.183428049087524414e+00
1.686466634273529053e-01
1.442006528377532959e-01
6.134254932403564453e-01
2.841631770133972168e-01
1.400017142295837402e+00
1.186970949172973633e+00
1.302010416984558105e-01
9.086815118789672852e-01
3.598593175411224365e-01
1.208563335239887238e-02
2.016098260879516602e+00
8.453945070505142212e-02
4.624957144260406494e-01
1.364630907773971558e-01
8.037428557872772217e-02
5.399859547615051270e-01
4.737644493579864502e-01
7.167921960353851318e-02
9.138400852680206299e-02
2.162148244678974152e-02
1.750350445508956909e-01
0.000000000000000000e+00
0.000000000000000000e+00
7.968875169754028320e-01
9.208965897560119629e-01
1.876196384429931641e+00
0.000000000000000000e+00
1.535881459712982178e-01
2.740746438503265381e-01
2.462506145238876343e-01
1.659301966428756714e-01
7.310549616813659668e-01
1.238490819931030273e+00
4.638963043689727783e-01
2.408280596137046814e-02
1.875310182571411133e+00
3.709148988127708435e-02
1.402399037033319473e-02
2.206896543502807617e-01
4.317334890365600586e-01
1.675471812486648560e-01
1.154365465044975281e-01
1.054921075701713562e-01
3.403059840202331543e-01
5.517944693565368652e-01
2.014889240264892578e+00
2.236492931842803955e-01
3.514512777328491211e-01
2.225318908691406250e+00
4.738409817218780518e-01
8.128003478050231934e-01
1.018826961517333984e+00
3.307773768901824951e-01
4.721021279692649841e-03
8.584309816360473633e-01
0.000000000000000000e+00
1.722536683082580566e-01
9.003766775131225586e-01
0.000000000000000000e+00
1.507727801799774170e-01
6.892675906419754028e-02
1.878766536712646484e+00
0.000000000000000000e+00
4.573257565498352051e-01
4.473249614238739014e-01
8.486506342887878418e-02
1.849660724401473999e-01
0.000000000000000000e+00
2.986491471529006958e-02
1.601517200469970703e-01
6.882088631391525269e-02
1.227252244949340820e+00
6.565720587968826294e-02
4.267905950546264648e-01
1.370077371597290039e+00
1.279830098152160645e+00
2.049708068370819092e-01
2.435801550745964050e-03
0.000000000000000000e+00
4.222453236579895020e-01
7.826930843293666840e-03
9.163109213113784790e-02
2.938517741858959198e-02
0.000000000000000000e+00
4.993110299110412598e-01
4.420201778411865234e-01
2.240438908338546753e-01
2.933176457881927490e-01
2.095203399658203125e+00
9.060598164796829224e-02
0.000000000000000000e+00
4.639632701873779297e-01
2.844638749957084656e-02
9.339817762374877930e-01
2.708073854446411133e+00
5.817890167236328125e-01
3.283176422119140625e-01
2.748980998992919922e+00
0.000000000000000000e+00
1.429399698972702026e-01
3.292875885963439941e-01
7.577430605888366699e-01
1.631172657012939453e+00
4.160718321800231934e-01
7.699777837842702866e-03
4.546873569488525391e-01
8.988516032695770264e-02
0.000000000000000000e+00
6.840720176696777344e-01
1.716883294284343719e-02
3.433544561266899109e-02
3.115491755306720734e-02
7.876136898994445801e-01
1.226332068443298340e+00
1.461648661643266678e-02
1.602888107299804688e-03
0.000000000000000000e+00
3.349730968475341797e-01
1.665403880178928375e-02
4.963265955448150635e-01
4.157373681664466858e-02
2.885636314749717712e-02
9.815689176321029663e-02
0.000000000000000000e+00
0.000000000000000000e+00
3.318743109703063965e-01
1.140130758285522461e-01
0.000000000000000000e+00
1.082563996315002441e+00
9.397414922714233398e-01
1.635666370391845703e+00
3.657647594809532166e-02
0.000000000000000000e+00
1.273530870676040649e-01
5.612440705299377441e-01
4.532113075256347656e-01
8.726686239242553711e-01
1.090117692947387695e-01
2.381422221660614014e-01
8.085934072732925415e-02
1.143222570419311523e+00
9.778469800949096680e-01
1.943899691104888916e-01
6.474967002868652344e-01
1.639191269874572754e+00
3.411253541707992554e-02
8.810255676507949829e-02
8.899805545806884766e-01
1.021494865417480469e+00
1.751349925994873047e+00
7.868690490722656250e-01
4.128883127123117447e-03
8.519347012042999268e-02
3.667902648448944092e-01
1.436492614448070526e-02
3.834895789623260498e-01
1.521388627588748932e-02
2.729367971420288086e+00
4.839787259697914124e-02
4.306732118129730225e-01
2.204617857933044434e-01
1.120312929153442383e+00
4.005026519298553467e-01
7.817189097404479980e-01
4.318367838859558105e-01
2.521470189094543457e-01
3.279123902320861816e-01
1.625812053680419922e-01
5.610522627830505371e-01
0.000000000000000000e+00
1.582464873790740967e-01
7.217083871364593506e-02
4.529197812080383301e-01
2.237316966056823730e-02
1.631980091333389282e-01
1.329975128173828125e-01
2.848964631557464600e-01
2.222928762435913086e+00
5.934697762131690979e-02
2.928281389176845551e-02
2.380763441324234009e-01
6.870546340942382812e-01
0.000000000000000000e+00
1.044656038284301758e-01
7.087419927120208740e-02
2.372463792562484741e-01
3.320823311805725098e-01
9.562289714813232422e-01
3.663804233074188232e-01
1.288955509662628174e-01
1.710729002952575684e-01
2.509556710720062256e-02
7.259069383144378662e-02
1.581297442317008972e-02
3.701553344726562500e-01
8.503345400094985962e-02
6.955999135971069336e-02
1.360866129398345947e-01
1.176623031497001648e-01
1.238762168213725090e-03
5.703420639038085938e-01
6.069113314151763916e-02
0.000000000000000000e+00
4.265228658914566040e-02
5.680883526802062988e-01
5.369938611984252930e-01
2.630107337608933449e-03
2.724266946315765381e-01
0.000000000000000000e+00
6.031310558319091797e-01
4.603536799550056458e-03
1.917943358421325684e-01
6.311535835266113281e-01
8.130234479904174805e-01
2.610216140747070312e-01
1.560350954532623291e-01
5.940830707550048828e-01
1.529752016067504883e-01
1.731939464807510376e-01
3.647393081337213516e-03
1.162848994135856628e-01
6.376404315233230591e-02
0.000000000000000000e+00
7.394805431365966797e+00
1.280065625905990601e-01
4.815527498722076416e-01
2.408538945019245148e-02
7.196739912033081055e-01
2.513509243726730347e-03
7.409983780235052109e-03
2.188965082168579102e-01
5.356075987219810486e-02
0.000000000000000000e+00
3.664651632308959961e+00
1.116759404540061951e-01
8.345718383789062500e-01
9.841918349266052246e-01
2.629123926162719727e-01
5.202760696411132812e-01
3.730026483535766602e-01
1.004991233348846436e-01
1.560386363416910172e-02
1.342261314392089844e+00
1.846999168395996094e+00
2.187787322327494621e-03
4.773171544075012207e-01
1.597973704338073730e+00
8.751494884490966797e-01
3.153991699218750000e+00
4.360393583774566650e-01
1.016771078109741211e+00
1.254585623741149902e+00
2.741161882877349854e-01
4.918929934501647949e-01
8.758364617824554443e-02
1.802780926227569580e-01
4.598279595375061035e-01
9.931636452674865723e-01
4.737346768379211426e-01
2.373270750045776367e+00
0.000000000000000000e+00
5.134051898494362831e-04
0.000000000000000000e+00
1.367830783128738403e-01
2.725023925304412842e-01
4.429082274436950684e-01
2.608690857887268066e-01
5.120904445648193359e-01
4.852436855435371399e-02
4.987249672412872314e-01
8.826879262924194336e-01
2.225059270858764648e+00
4.767138063907623291e-01
1.824138127267360687e-02
1.409821808338165283e-01
3.333892524242401123e-01
1.072805467993021011e-02
0.000000000000000000e+00
1.941180825233459473e+00
8.215031027793884277e-01
7.778391242027282715e-02
1.059820890426635742e+00
3.495625406503677368e-02
3.616131469607353210e-02
5.492818951606750488e-01
1.527871936559677124e-02
3.423669561743736267e-02
6.151790916919708252e-02
2.087182849645614624e-01
2.533304691314697266e-01
2.554004490375518799e-01
3.523133993148803711e-01
4.556966200470924377e-02
8.683834969997406006e-02
1.416444778442382812e+00
1.146720170974731445e+00
8.707427978515625000e-02
1.737170736305415630e-03
1.482052206993103027e+00
0.000000000000000000e+00
1.559950590133666992e+00
6.506097316741943359e-01
3.338139772415161133e+00
2.167083919048309326e-01
5.822873115539550781e-01
6.605052202939987183e-02
6.051275134086608887e-01
0.000000000000000000e+00
2.615381479263305664e-01
6.146924197673797607e-02
7.705503609031438828e-03
8.733322620391845703e-01
5.513986945152282715e-01
3.545121252536773682e-01
9.889513850212097168e-01
1.249115586280822754e+00
4.662147760391235352e-01
1.138977766036987305e+00
2.040052413940429688e+00
3.101105093955993652e-01
1.594896763563156128e-01
2.318035602569580078e+00
5.591839551925659180e-01
4.637040663510560989e-03
0.000000000000000000e+00
2.862061560153961182e-01
4.824978709220886230e-01
1.168800473213195801e+00
2.808172941207885742e+00
1.455178499221801758e+00
3.924935102462768555e+00
2.141832001507282257e-02
1.157042942941188812e-02
2.584681510925292969e-01
2.822101674973964691e-02
1.144056860357522964e-02
5.235588550567626953e-01
2.433656692504882812e+00
3.757905662059783936e-01
0.000000000000000000e+00
1.702728867530822754e-01
3.444148972630500793e-02
8.640965223312377930e-01
5.436581093817949295e-03
1.772988028824329376e-02
2.366145849227905273e-01
7.893909811973571777e-01
4.296285286545753479e-02
5.886742472648620605e-02
2.696423530578613281e-01
1.608842134475708008e+00
9.721470996737480164e-03
2.053097248077392578e+00
4.597267508506774902e-02
6.668059527873992920e-02
7.487193346023559570e-01
0.000000000000000000e+00
5.166260600090026855e-01
1.735781133174896240e-02
5.175834521651268005e-03
3.632617369294166565e-02
2.754114195704460144e-02
8.463513106107711792e-02
8.366661667823791504e-01
6.706312298774719238e-02
3.656618297100067139e-01
8.377023786306381226e-02
5.343977808952331543e-01
1.226270645856857300e-01
5.111702084541320801e-01
1.264931321144104004e+00
0.000000000000000000e+00
0.000000000000000000e+00
4.569435119628906250e-01
4.014493897557258606e-02
4.248073324561119080e-02
3.563598990440368652e-01
1.384877413511276245e-01
2.329103276133537292e-02
4.309131205081939697e-01
7.560058236122131348e-01
3.017719089984893799e-01
3.308409154415130615e-01
1.859248429536819458e-02
2.650030136108398438e+00
1.483106464147567749e-01
3.711742758750915527e-01
2.970237471163272858e-02
3.930499851703643799e-01
1.590798258781433105e+00
1.265950351953506470e-01
2.166063547134399414e+00
8.770649135112762451e-02
1.270305514335632324e-01
9.941996075212955475e-03
8.073249459266662598e-01
1.096802234649658203e+00
4.888832196593284607e-02
1.060856103897094727e+00
7.893460988998413086e-01
3.951192498207092285e-01
3.530034422874450684e-02
3.246822357177734375e-01
0.000000000000000000e+00
2.694678492844104767e-02
1.050573945045471191e+00
7.379661202430725098e-01
1.859953284263610840e+00
5.001106262207031250e-01
3.406079411506652832e-01
9.374143481254577637e-01
2.116241931915283203e+00
1.745376363396644592e-02
1.336981296539306641e+00
1.634712070226669312e-01
1.103066563606262207e+00
1.546751856803894043e-01
5.419242382049560547e-01
2.614561840891838074e-02
4.251439571380615234e-01
4.152219295501708984e-01
6.034721136093139648e-01
1.320759057998657227e-01
1.012736931443214417e-01
3.932432085275650024e-02
1.290780663490295410e+00
3.405853986740112305e+00
1.955248117446899414e-01
1.785813927650451660e+00
6.004079580307006836e-01
7.616500806761905551e-05
4.242554008960723877e-01
2.613652646541595459e-01
3.251739963889122009e-02
1.620172023773193359e+00
1.183763332664966583e-02
1.220795959234237671e-01
2.343215346336364746e-01
3.865429013967514038e-02
3.798480033874511719e-01
4.560416340827941895e-01
8.746467232704162598e-01
6.919937133789062500e-01
1.046071946620941162e-01
0.000000000000000000e+00
4.251594468951225281e-02
5.799193382263183594e-01
1.720936968922615051e-03
9.547702968120574951e-02
6.114812493324279785e-01
1.450144350528717041e-01
1.729262471199035645e-01
6.562067568302154541e-02
9.224383234977722168e-01
6.028235554695129395e-01
5.782124400138854980e-01
3.367935419082641602e+00
3.797719478607177734e-01
8.534969389438629150e-02
2.575206756591796875e+00
2.598861753940582275e-01
1.292892694473266602e-01
6.426332890987396240e-02
3.982076048851013184e-02
1.628903150558471680e-01
8.346720784902572632e-02
3.404995426535606384e-02
7.554659247398376465e-01
7.190084457397460938e-01
1.222302436828613281e+00
0.000000000000000000e+00
8.200504779815673828e-01
1.141741633415222168e+00
1.006220102310180664e+00
7.209978699684143066e-01
4.380625188350677490e-01
8.842648006975650787e-03
1.140176773071289062e+00
1.208111178129911423e-02
1.270572692155838013e-01
3.395874500274658203e-01
5.656200051307678223e-01
1.390391495078802109e-02
4.239665031433105469e+00
3.969214260578155518e-01
1.058760404586791992e+00
7.638919353485107422e-02
4.641761779785156250e-01
1.254646897315979004e+00
3.417292237281799316e-02
1.109786629676818848e+00
1.703609973192214966e-01
5.122074604034423828e+00
1.550005078315734863e-01
2.401419281959533691e-01
1.515526473522186279e-01
7.798801064491271973e-01
1.281113177537918091e-01
5.586009621620178223e-01
0.000000000000000000e+00
1.646216511726379395e+00
7.502998691052198410e-03
6.550230979919433594e-01
2.079642534255981445e+00
2.079923003911972046e-01
2.507477104663848877e-01
1.734957396984100342e-01
2.575345039367675781e+00
3.261500597000122070e-02
1.520719885826110840e+00
1.781831830739974976e-01
3.025809824466705322e-01
3.436503559350967407e-02
0.000000000000000000e+00
3.741728365421295166e-01
9.832379966974258423e-02
2.460628986358642578e+00
3.224534034729003906e+00
1.221677303314208984e+00
2.367280870676040649e-01
8.504427038133144379e-03
4.402757287025451660e-01
6.253506522625684738e-03
2.575871944427490234e-01
9.951890446245670319e-03
8.996165543794631958e-02
7.052058726549148560e-02
1.008470654487609863e+00
5.571670085191726685e-02
1.627210974693298340e+00
3.773050606250762939e-01
5.683346390724182129e-01
1.677670121192932129e+00
1.313016414642333984e-01
1.678015589714050293e-01
9.106450676918029785e-01
1.550306320190429688e+00
1.244136244058609009e-01
5.709414556622505188e-02
7.459712624549865723e-01
1.259538054466247559e+00
2.351415343582630157e-02
3.280391216278076172e+00
1.864375323057174683e-01
0.000000000000000000e+00
3.152698278427124023e-02
1.682206630706787109e+00
1.126065015792846680e+00
1.972001940011978149e-01
4.632892310619354248e-01
8.989797830581665039e-01
9.406064450740814209e-02
0.000000000000000000e+00
5.196247696876525879e-01
2.526700735092163086e+00
1.297534346580505371e+00
1.464823335409164429e-01
6.330914050340652466e-02
1.657538533210754395e+00
2.069366276264190674e-01
1.098384261131286621e+00
0.000000000000000000e+00
6.464787721633911133e-01
2.073590755462646484e+00
2.521867863833904266e-02
1.477876491844654083e-02
7.368364185094833374e-02
5.202701091766357422e-01
2.277998998761177063e-02
0.000000000000000000e+00
1.329363346099853516e+00
4.577049612998962402e-01
1.470826268196105957e+00
1.613819785416126251e-02
4.623500704765319824e-01
1.058479323983192444e-01
2.573083341121673584e-01
1.641602367162704468e-01
5.318720936775207520e-01
4.775680974125862122e-02
3.385719656944274902e-02
3.080109655857086182e-01
1.548221111297607422e-01
4.065490245819091797e+00
1.425277888774871826e-01
0.000000000000000000e+00
4.520151705946773291e-04
0.000000000000000000e+00
4.091255664825439453e-01
4.068016111850738525e-01
7.237276062369346619e-03
4.263726174831390381e-01
8.758703470230102539e-01
2.394922450184822083e-02
7.571438699960708618e-02
7.532091736793518066e-01
1.042988181114196777e+00
3.182524144649505615e-01
2.667571417987346649e-02
2.553891576826572418e-02
1.352112412452697754e+00
5.702542066574096680e-01
5.224773883819580078e-01
1.842470280826091766e-02
6.892311573028564453e-01
1.447502136230468750e+00
1.686169505119323730e-01
9.323139488697052002e-02
1.518989913165569305e-02
7.373672723770141602e-02
1.463659256696701050e-01
6.061188504099845886e-02
4.147352874279022217e-01
3.115741729736328125e+00
8.357031941413879395e-01
4.020053427666425705e-03
1.471522003412246704e-01
1.725366830825805664e+00
3.146157264709472656e-01
7.649819254875183105e-01
2.522618293762207031e+00
6.708019971847534180e-02
1.105983033776283264e-01
1.268332898616790771e-01
3.519050478935241699e-01
3.907074928283691406e-01
5.286234021186828613e-01
9.900361299514770508e-02
9.030935913324356079e-02
0.000000000000000000e+00
2.064539352431893349e-03
8.387890644371509552e-03
0.000000000000000000e+00
3.335454940795898438e+00
0.000000000000000000e+00
5.705286934971809387e-02
3.880235910415649414e+00
0.000000000000000000e+00
2.401258945465087891e-01
1.298902630805969238e-01
2.247127890586853027e-02
1.109667778015136719e+00
1.849487900733947754e+00
4.823665134608745575e-03
0.000000000000000000e+00
5.480225756764411926e-02
5.623621344566345215e-01
2.361219748854637146e-02
3.217721283435821533e-01
2.808128595352172852e+00
3.193338811397552490e-01
0.000000000000000000e+00
1.754908919334411621e+00
8.485015034675598145e-01
1.473265171051025391e+00
1.004981160163879395e+00
5.757856182754039764e-03
6.684794425964355469e-01
7.194755226373672485e-02
8.325604796409606934e-01
2.107143402099609375e-02
1.141762375831604004e+00
8.239338397979736328e-01
1.185855641961097717e-01
2.354921817779541016e+00
5.113685727119445801e-01
1.604011893272399902e+00
1.556498259305953979e-01
0.000000000000000000e+00
0.000000000000000000e+00
1.596289515495300293e+00
2.207542955875396729e-01
1.032894015312194824e+00
1.226593405008316040e-01
1.561873435974121094e+00
1.080447196960449219e+00
1.490097641944885254e+00
2.684344351291656494e-01
0.000000000000000000e+00
8.920038938522338867e-01
2.857857383787631989e-02
1.290096163749694824e+00
1.561396121978759766e-01
6.638237833976745605e-01
1.744616508483886719e+00
1.034290909767150879e+00
7.389283925294876099e-02
2.688284814357757568e-01
0.000000000000000000e+00
1.206534504890441895e+00
9.971503168344497681e-02
1.853899598121643066e+00
5.147293582558631897e-02
8.601142093539237976e-03
7.702990770339965820e-01
1.922045946121215820e-01
8.838181495666503906e-01
6.464210152626037598e-02
6.995905190706253052e-02
1.771613597869873047e+00
8.046433329582214355e-02
0.000000000000000000e+00
6.349826604127883911e-02
2.955939054489135742e+00
6.529086828231811523e-02
8.831005543470382690e-02
5.573299154639244080e-02
2.178120911121368408e-01
1.281108707189559937e-02
7.767486572265625000e-01
7.153963670134544373e-03
0.000000000000000000e+00
1.705136150121688843e-01
1.351523213088512421e-03
1.020843908190727234e-01
3.373128473758697510e-01
1.735537946224212646e-01
8.223148435354232788e-02
4.893126189708709717e-01
4.028000831604003906e-01
1.632338613271713257e-01
2.661825716495513916e-02
1.792743325233459473e+00
5.641359090805053711e-02
2.296774536371231079e-01
2.361007034778594971e-02
4.498195648193359375e+00
3.553541600704193115e-01
1.570027768611907959e-01
0.000000000000000000e+00
7.075849920511245728e-03
1.894688047468662262e-02
5.792760252952575684e-01
3.389444947242736816e-01
1.126816749572753906e+00
4.321608245372772217e-01
3.650435060262680054e-02
6.084142718464136124e-03
4.324990212917327881e-01
5.664154142141342163e-02
6.047365069389343262e-01
0.000000000000000000e+00
2.752679586410522461e-01
0.000000000000000000e+00
2.618588507175445557e-02
7.706159353256225586e-02
2.633722126483917236e-01
2.715373411774635315e-03
2.256690263748168945e+00
1.401848345994949341e-01
1.230778917670249939e-01
0.000000000000000000e+00
4.480505585670471191e-01
4.288618862628936768e-01
0.000000000000000000e+00
1.256183832883834839e-01
6.291779875755310059e-02
0.000000000000000000e+00
3.573185205459594727e-01
2.376619100570678711e+00
6.908144056797027588e-02
1.949303969740867615e-02
2.392717450857162476e-01
1.293411105871200562e-01
1.535097122192382812e+00
0.000000000000000000e+00
9.113457798957824707e-02
1.438447237014770508e-01
4.125817716121673584e-01
2.184900641441345215e-02
0.000000000000000000e+00
0.000000000000000000e+00
4.542144536972045898e-01
5.664028599858283997e-02
5.813385546207427979e-02
7.598954439163208008e-02
0.000000000000000000e+00
7.556559443473815918e-01
5.474287271499633789e-01
2.417119741439819336e-01
1.433066129684448242e-01
9.437024593353271484e-02
3.571602702140808105e-02
1.782624363899230957e+00
6.049718856811523438e-01
5.520154833793640137e-01
1.071894168853759766e+00
1.628698259592056274e-01
2.256878376007080078e+00
2.761722803115844727e+00
0.000000000000000000e+00
1.245984807610511780e-01
2.342333942651748657e-01
8.461766242980957031e-01
3.322360992431640625e+00
3.761099874973297119e-01
5.380478501319885254e-01
0.000000000000000000e+00
3.269421458244323730e-01
1.186656206846237183e-01
3.535936176776885986e-01
2.702201008796691895e-01
0.000000000000000000e+00
8.345842361450195312e-04
5.839592814445495605e-01
2.617949433624744415e-02
9.852136969566345215e-01
1.473089121282100677e-02
4.846022427082061768e-01
6.107461825013160706e-02
0.000000000000000000e+00
0.000000000000000000e+00
9.344081282615661621e-01
9.595423191785812378e-02
0.000000000000000000e+00
5.076401233673095703e-01
5.605530738830566406e-01
0.000000000000000000e+00
2.310416996479034424e-01
5.694355964660644531e-01
1.755511611700057983e-01
8.820859193801879883e-01
1.386574357748031616e-01
1.003544688224792480e+00
8.051755838096141815e-03
1.738176867365837097e-02
9.211899042129516602e-01
3.110419511795043945e-01
7.951468825340270996e-01
1.647196263074874878e-01
7.031060010194778442e-02
1.995161771774291992e-01
4.926907271146774292e-02
3.629576787352561951e-02
3.910688161849975586e-01
2.674808800220489502e-01
5.747450590133666992e-01
0.000000000000000000e+00
1.417600065469741821e-01
6.857243776321411133e-01
2.171467803418636322e-02
2.726440429687500000e+00
0.000000000000000000e+00
1.377959102392196655e-01
1.813112258911132812e+00
1.965522021055221558e-01
9.993726611137390137e-01
3.403328731656074524e-02
5.283604934811592102e-02
2.592336237430572510e-01
4.129124581813812256e-01
0.000000000000000000e+00
1.246267035603523254e-01
3.746334550669416785e-05
1.502912878990173340e+00
1.349823772907257080e-01
2.970340251922607422e-01
8.304746821522712708e-03
2.253745123744010925e-02
1.959754467010498047e+00
5.186365172266960144e-02
5.357583761215209961e-01
6.283339462243020535e-04
2.656164951622486115e-02
0.000000000000000000e+00
5.060744881629943848e-01
3.356152772903442383e-02
6.093828007578849792e-03
7.832765579223632812e-03
2.230288833379745483e-01
7.264824956655502319e-02
9.432573318481445312e-01
9.210972189903259277e-01
1.367964744567871094e+00
2.129797190427780151e-01
1.115855481475591660e-02
6.597791332751512527e-03
1.386055946350097656e+00
3.170125419273972511e-03
2.256385236978530884e-01
1.196396499872207642e-01
4.333177953958511353e-02
1.805272579193115234e+00
7.082812786102294922e-01
2.124747991561889648e+00
7.259634137153625488e-01
4.268947988748550415e-03
1.728806644678115845e-02
2.349344193935394287e-01
8.155377507209777832e-01
1.343006966635584831e-03
4.423113763332366943e-01
3.525148630142211914e-01
7.185814529657363892e-02
1.365937758237123489e-02
3.793662190437316895e-01
7.836699485778808594e-01
4.601335227489471436e-01
1.049153804779052734e+00
3.537380397319793701e-01
1.636828184127807617e-01
2.809338569641113281e-01
1.927846908569335938e+00
6.635625362396240234e-01
0.000000000000000000e+00
4.033652245998382568e-01
5.658615827560424805e-01
0.000000000000000000e+00
6.773592531681060791e-02
2.794830203056335449e-01
7.121686935424804688e-01
1.378003414720296860e-02
4.457611441612243652e-01
1.856229305267333984e-01
2.180272191762924194e-01
5.959077924489974976e-02
5.093714594841003418e-02
4.996668100357055664e-01
2.091866545379161835e-02
8.068122863769531250e-01
1.300709843635559082e+00
6.977560371160507202e-02
1.003612577915191650e-01
8.668231219053268433e-02
5.848401784896850586e-01
7.634333968162536621e-01
7.695517688989639282e-02
6.331097483634948730e-01
0.000000000000000000e+00
6.928309798240661621e-02
2.726904451847076416e-01
1.990247517824172974e-02
1.030916199088096619e-01
1.778573542833328247e-01
6.073916330933570862e-02
1.871001124382019043e-01
9.528493136167526245e-02
4.052968621253967285e-01
3.284260928630828857e-01
1.127545088529586792e-01
7.281786948442459106e-02
3.252137303352355957e-01
9.589558839797973633e-02
7.413637638092041016e-01
7.389198541641235352e-01
0.000000000000000000e+00
1.056562781333923340e+00
1.176806330680847168e+00
2.009404078125953674e-02
1.030550718307495117e+00
1.986760973930358887e+00
0.000000000000000000e+00
1.832770466804504395e+00
0.000000000000000000e+00
2.231785506010055542e-01
0.000000000000000000e+00
1.232635378837585449e+00
2.437614679336547852e+00
6.914286613464355469e-01
1.063824892044067383e+00
4.114707112312316895e-01
1.202036142349243164e+00
1.798823475837707520e+00
1.748736977577209473e+00
1.570674479007720947e-01
7.895942032337188721e-02
3.692142665386199951e-02
2.532053887844085693e-01
2.500757947564125061e-02
5.863659381866455078e-01
0.000000000000000000e+00
1.598895907402038574e+00
3.481741249561309814e-02
1.506905187852680683e-03
7.719058394432067871e-01
4.614139795303344727e-01
4.995671212673187256e-01
3.947888910770416260e-01
1.052186563611030579e-01
9.739966131746768951e-03
5.180013924837112427e-02
9.013160467147827148e-01
3.346612751483917236e-01
9.242554754018783569e-02
1.360341310501098633e+00
1.318454891443252563e-01
4.313190281391143799e-01
1.944508790969848633e+00
3.874129150062799454e-03
2.199775695800781250e+00
7.528659105300903320e-01
6.438781738281250000e+00
6.020544052124023438e+00
2.514629065990447998e-01
0.000000000000000000e+00
0.000000000000000000e+00
2.709664702415466309e-01
5.818941071629524231e-02
6.247146129608154297e-01
9.783904254436492920e-02
1.248737215995788574e+00
4.500926733016967773e-01
2.475477218627929688e+00
1.318238973617553711e-01
2.836121022701263428e-01
2.017105340957641602e+00
3.817979246377944946e-03
1.142923593521118164e+00
6.012852489948272705e-02
5.067018866539001465e-01
4.420336186885833740e-01
5.720271542668342590e-02
6.720914244651794434e-01
4.683930054306983948e-02
3.221505641937255859e+00
4.557980895042419434e-01
1.308506965637207031e+00
1.338849902153015137e+00
1.557031925767660141e-02
7.544392347335815430e-01
7.398078441619873047e-01
1.882923692464828491e-01
9.859675168991088867e-02
1.000814437866210938e+00
5.761218443512916565e-02
2.082827091217041016e-01
9.615643620491027832e-01
1.291864216327667236e-01
7.692967057228088379e-01
1.193684101104736328e+00
3.548333942890167236e-01
9.031366109848022461e-01
4.016570374369621277e-02
2.208684012293815613e-02
9.186971187591552734e-01
1.535267680883407593e-01
9.299763441085815430e-01
6.239700913429260254e-01
1.368192024528980255e-02
8.751915097236633301e-01
2.863727807998657227e-01
1.159836873412132263e-01
1.215496063232421875e+00
1.206297874450683594e-01
1.293039768934249878e-01
7.205711007118225098e-01
3.047549128532409668e-01
0.000000000000000000e+00
1.705761790275573730e+00
2.226362228393554688e-01
4.643470942974090576e-01
1.867116838693618774e-01
1.318375766277313232e-01
2.800313234329223633e+00
2.089854001998901367e+00
0.000000000000000000e+00
7.863637991249561310e-03
5.035614967346191406e-01
8.418513461947441101e-03
1.560489296913146973e+00
1.165140653029084206e-03
1.218578368425369263e-01
1.982162594795227051e-01
1.124042153358459473e+00
4.311744123697280884e-03
1.452042818069458008e+00
0.000000000000000000e+00
1.231585517525672913e-01
9.602332115173339844e-01
2.764611482620239258e+00
2.618038654327392578e-01
1.972349524497985840e+00
1.839992031455039978e-02
2.634982764720916748e-02
9.014534354209899902e-01
1.108603402972221375e-01
0.000000000000000000e+00
4.041711390018463135e-01
1.717446148395538330e-01
2.145328521728515625e-01
7.442499399185180664e-01
2.282343864440917969e+00
7.929799705743789673e-02
5.807845592498779297e-01
4.801995456218719482e-01
1.847922205924987793e+00
1.529216021299362183e-01
6.562542170286178589e-02
0.000000000000000000e+00
1.223847508430480957e+00
6.203944981098175049e-02
8.838101029396057129e-01
2.043147385120391846e-01
9.872171794995665550e-04
7.917513251304626465e-01
3.464973568916320801e-01
6.500580310821533203e-01
4.625786468386650085e-02
3.716437518596649170e-02
1.070560216903686523e+00
7.728534340858459473e-01
3.911493122577667236e-01
3.732499778270721436e-01
0.000000000000000000e+00
1.657265543937683105e+00
2.113372087478637695e-01
1.872746229171752930e+00
1.507667541503906250e+00
9.583398699760437012e-01
5.406066402792930603e-02
9.144765138626098633e-01
8.216895461082458496e-01
0.000000000000000000e+00
8.982440233230590820e-01
8.356483578681945801e-01
2.478543817996978760e-01
2.061708569526672363e-01
2.040968537330627441e-01
1.116557121276855469e-01
9.422613680362701416e-02
6.572911888360977173e-02
7.955947518348693848e-02
6.516560912132263184e-02
1.685899198055267334e-01
1.305559754371643066e+00
9.752790629863739014e-02
0.000000000000000000e+00
1.365724056959152222e-01
7.153156995773315430e-01
6.888717412948608398e-02
1.935396939516067505e-01
2.114032208919525146e-01
0.000000000000000000e+00
2.106150835752487183e-01
5.656848475337028503e-02
0.000000000000000000e+00
2.958114743232727051e-01
6.229672208428382874e-02
1.526468276977539062e+00
0.000000000000000000e+00
1.129778847098350525e-01
6.628869771957397461e-01
0.000000000000000000e+00
8.409021049737930298e-02
2.853111028671264648e-01
1.372235417366027832e-01
0.000000000000000000e+00
6.049668192863464355e-01
1.344184428453445435e-01
0.000000000000000000e+00
8.834403753280639648e-01
1.025342270731925964e-01
1.013337612152099609e+00
3.920698761940002441e-01
3.039653003215789795e-01
3.050167798995971680e+00
6.228096783161163330e-02
1.140279054641723633e+00
2.114729024469852448e-03
1.005678892135620117e+00
9.402199387550354004e-01
1.160605326294898987e-01
0.000000000000000000e+00
7.693030834197998047e-01
0.000000000000000000e+00
3.310365974903106689e-02
1.750007867813110352e-01
2.611748874187469482e-01
2.479843795299530029e-01
3.656551614403724670e-02
5.600166320800781250e-01
1.134961128234863281e+00
4.463815987110137939e-01
2.789551019668579102e-01
5.481901019811630249e-02
3.586553335189819336e-01
6.229880452156066895e-01
9.330681525170803070e-03
8.186564445495605469e-01
9.355354905128479004e-01
1.118804693222045898e+00
4.723421484231948853e-02
9.149278998374938965e-01
8.172226697206497192e-02
9.030621051788330078e-01
4.394513741135597229e-02
1.000416353344917297e-01
8.525501191616058350e-02
4.618701457977294922e+00
2.552886307239532471e-01
8.372192978858947754e-01
6.985189858824014664e-03
2.202888965606689453e+00
3.017101064324378967e-02
2.508540749549865723e-01
2.835150063037872314e-01
0.000000000000000000e+00
0.000000000000000000e+00
2.148175984621047974e-01
1.383676528930664062e+00
5.010857582092285156e-01
1.931157410144805908e-01
2.090174198150634766e+00
3.374340012669563293e-02
5.942200496792793274e-02
4.548366740345954895e-02
6.320673972368240356e-02
4.970304071903228760e-01
3.350371122360229492e-01
3.003682196140289307e-01
1.106030464172363281e+00
3.888264894485473633e-01
0.000000000000000000e+00
2.100315093994140625e+00
0.000000000000000000e+00
8.577504754066467285e-02
3.317718952894210815e-02
0.000000000000000000e+00
1.681037396192550659e-01
1.944510936737060547e+00
3.849278688430786133e-01
5.660446286201477051e-01
1.155398964881896973e+00
1.129596307873725891e-01
4.809214174747467041e-02
1.806552521884441376e-02
3.326832130551338196e-02
1.037145853042602539e+00
1.971116513013839722e-01
2.445558786392211914e+00
9.333592653274536133e-01
0.000000000000000000e+00
7.755364179611206055e-01
9.011535905301570892e-03
8.051311969757080078e-02
9.556567668914794922e-02
2.447981983423233032e-01
7.054349035024642944e-02
4.120776429772377014e-02
3.265927731990814209e-01
5.376108884811401367e-01
4.854998737573623657e-02
3.818908333778381348e-01
4.464410543441772461e-01
4.093181714415550232e-02
4.973202943801879883e-01
0.000000000000000000e+00
1.989495277404785156e+00
3.367030248045921326e-02
7.748547941446304321e-03
2.605512738227844238e-02
0.000000000000000000e+00
3.764393031597137451e-01
1.296185771934688091e-03
5.275867506861686707e-02
1.244853287935256958e-01
0.000000000000000000e+00
3.446308374404907227e-01
3.118694759905338287e-02
1.590150296688079834e-01
6.661884486675262451e-03
3.347654938697814941e-01
1.760066747665405273e+00
1.201082915067672729e-01
4.776038974523544312e-02
1.924432754516601562e+00
6.962140649557113647e-02
1.853256702423095703e+00
6.945624947547912598e-01
2.287898957729339600e-01
0.000000000000000000e+00
0.000000000000000000e+00
2.645769715309143066e-01
7.234601676464080811e-02
7.096085697412490845e-02
1.437485337257385254e+00
3.576206043362617493e-02
1.528669834136962891e+00
2.130165100097656250e-01
2.694712392985820770e-02
0.000000000000000000e+00
8.023748397827148438e-01
1.305479049682617188e+00
1.925207376480102539e-01
6.678955554962158203e-01
3.871023654937744141e-01
1.043899878859519958e-01
7.180675864219665527e-01
4.386289119720458984e-01
6.568285822868347168e-01
3.463664770126342773e+00
2.437384426593780518e-01
1.165597662329673767e-01
2.326364994049072266e+00
5.817230418324470520e-02
5.316594243049621582e-01
0.000000000000000000e+00
7.323799133300781250e-01
8.952792286872863770e-01
3.983115434646606445e+00
7.168418169021606445e-02
2.960185147821903229e-02
1.644941419363021851e-01
1.232317835092544556e-01
9.938815981149673462e-02
3.610919117927551270e-01
0.000000000000000000e+00
1.270942538976669312e-01
1.058097004890441895e+00
0.000000000000000000e+00
1.351380050182342529e-01
0.000000000000000000e+00
6.445787101984024048e-02
0.000000000000000000e+00
2.819687724113464355e-01
2.176393419504165649e-01
2.741759538650512695e+00
2.446357607841491699e-01
0.000000000000000000e+00
7.992385029792785645e-01
6.658262014389038086e-02
3.290709257125854492e-01
1.522005200386047363e+00
2.622491121292114258e-01
1.124035239219665527e+00
5.595201253890991211e-01
1.189575552940368652e+00
5.727862715721130371e-01
0.000000000000000000e+00
6.485323309898376465e-01
1.616163998842239380e-01
5.934566855430603027e-01
1.370350420475006104e-01
2.024042159318923950e-01
5.276853442192077637e-01
6.180193740874528885e-03
7.511736154556274414e-01
5.486972630023956299e-03
0.000000000000000000e+00
8.952022343873977661e-02
0.000000000000000000e+00
6.603565812110900879e-02
4.787942394614219666e-02
4.328937828540802002e-01
0.000000000000000000e+00
2.280754894018173218e-01
5.272964015603065491e-03
4.205103814601898193e-01
6.652297973632812500e-01
3.403499424457550049e-01
8.382052779197692871e-01
9.438574910163879395e-01
0.000000000000000000e+00
2.756798453629016876e-02
2.519231103360652924e-02
1.919593960046768188e-01
1.481907069683074951e-01
4.982890784740447998e-01
1.694669604301452637e+00
2.021581411361694336e+00
1.423409342765808105e+00
6.346628814935684204e-02
6.396421194076538086e-01
1.010571360588073730e+00
4.985834658145904541e-02
0.000000000000000000e+00
2.024607509374618530e-01
3.336897850036621094e+00
1.963236331939697266e+00
1.299395808018743992e-03
5.801184475421905518e-02
1.197358518838882446e-01
9.397152662277221680e-01
2.308152616024017334e-02
2.729500643908977509e-02
8.403571248054504395e-01
3.094101091846823692e-03
5.260540638118982315e-03
1.704057604074478149e-01
1.455553770065307617e-01
6.653249859809875488e-01
4.059756398200988770e-01
2.561162114143371582e-01
1.810467839241027832e-01
2.806352853775024414e+00
5.295318365097045898e-01
1.103135585784912109e+00
2.156830549240112305e+00
0.000000000000000000e+00
0.000000000000000000e+00
4.393372684717178345e-02
4.364248737692832947e-02
5.174765586853027344e-01
5.662801265716552734e-01
2.183159738779067993e-01
5.884547233581542969e-01
0.000000000000000000e+00
1.372705578804016113e+00
7.256484590470790863e-03
4.252298176288604736e-01
3.690548241138458252e-01
2.813728526234626770e-03
2.869417145848274231e-02
0.000000000000000000e+00
1.853515207767486572e-01
1.124404430389404297e+00
2.445189356803894043e-01
3.656818270683288574e-01
1.382886245846748352e-02
3.753493309020996094e+00
1.712948530912399292e-01
1.644507497549057007e-01
1.973911747336387634e-02
6.179688572883605957e-01
7.532920222729444504e-03
2.174760773777961731e-02
7.944069802761077881e-02
4.978560283780097961e-02
5.950014293193817139e-02
1.457854807376861572e-01
1.529440097510814667e-02
9.148967266082763672e-02
9.527072310447692871e-01
7.495483383536338806e-03
0.000000000000000000e+00
3.298568725585937500e-01
1.130941271781921387e+00
1.687206864356994629e+00
8.845366537570953369e-03
2.160033732652664185e-01
1.095528826117515564e-01
0.000000000000000000e+00
2.519276618957519531e+00
3.173001110553741455e-02
2.132151842117309570e+00
1.588140249252319336e+00
4.955506324768066406e-02
8.010208606719970703e-01
0.000000000000000000e+00
2.105957716703414917e-01
4.660249948501586914e-01
1.018536239862442017e-01
6.772483587265014648e-01
3.449655175209045410e-01
1.547345966100692749e-01
3.071649000048637390e-02
2.412720471620559692e-01
4.236062057316303253e-03
9.409266524016857147e-03
1.827139139175415039e+00
5.963588356971740723e-01
6.359474062919616699e-01
1.689485311508178711e-01
2.444712966680526733e-01
2.827734470367431641e+00
3.802000284194946289e-01
1.811592876911163330e-01
5.698480606079101562e-01
3.716692626476287842e-01
8.789627552032470703e-01
0.000000000000000000e+00
9.640967100858688354e-02
2.813884615898132324e-01
1.591459512710571289e-01
0.000000000000000000e+00
2.442564517259597778e-01
2.037941932678222656e+00
1.046892181038856506e-01
4.398083686828613281e-01
2.170872390270233154e-01
0.000000000000000000e+00
0.000000000000000000e+00
1.396548002958297729e-02
1.924015767872333527e-02
1.335036396980285645e+00
3.362531065940856934e-01
1.068600654602050781e+00
2.570667028427124023e+00
2.965430729091167450e-03
2.276737987995147705e-01
3.349689841270446777e-01
8.918596804141998291e-02
3.502010405063629150e-01
2.321313619613647461e+00
3.178830146789550781e-01
0.000000000000000000e+00
2.922166585922241211e-01
5.006220936775207520e-01
1.590816676616668701e-01
8.695594668388366699e-01
2.729239165782928467e-01
3.505886197090148926e-01
2.122834697365760803e-02
1.027399063110351562e+00
3.123405277729034424e-01
2.313668578863143921e-01
9.780683517456054688e-01
3.581738770008087158e-01
2.979205846786499023e-01
7.560240477323532104e-02
5.532121658325195312e-01
1.231077220290899277e-02
1.182711124420166016e+00
0.000000000000000000e+00
7.473821751773357391e-03
2.454660236835479736e-01
1.430559754371643066e+00
0.000000000000000000e+00
0.000000000000000000e+00
3.697080850601196289e+00
1.244277000427246094e+00
3.370770514011383057e-01
0.000000000000000000e+00
1.037798643112182617e+00
3.677910864353179932e-01
1.224036693572998047e+00
2.736901342868804932e-01
4.272789508104324341e-02
1.489694565534591675e-01
0.000000000000000000e+00
1.792562484741210938e+00
0.000000000000000000e+00
2.679873406887054443e-01
3.934980928897857666e-01
1.070800870656967163e-01
1.730212807655334473e+00
3.393717408180236816e-01
2.515874058008193970e-02
8.292509317398071289e-01
0.000000000000000000e+00
7.080151438713073730e-01
4.734053462743759155e-02
1.055966019630432129e-01
7.765820622444152832e-02
9.136842563748359680e-03
0.000000000000000000e+00
1.054125070571899414e+00
1.459519267082214355e+00
2.760928571224212646e-01
7.467994093894958496e-01
2.230506658554077148e+00
1.153390035033226013e-01
4.612502753734588623e-01
2.056948542594909668e-01
6.782533228397369385e-02
2.957323491573333740e-01
6.603317707777023315e-02
1.217012107372283936e-01
3.052863836288452148e+00
3.124625682830810547e+00
3.722444772720336914e-01
5.215662121772766113e-01
5.707473680377006531e-02
1.294483780860900879e+00
2.131516933441162109e-01
8.551416397094726562e-01
1.270839095115661621e+00
9.826923161745071411e-02
1.306064844131469727e+00
2.220777750015258789e+00
0.000000000000000000e+00
7.504836320877075195e-01
6.389391422271728516e-01
2.262316495180130005e-01
5.144425034523010254e-01
8.407721295952796936e-03
8.317903429269790649e-02
0.000000000000000000e+00
2.514517009258270264e-01
1.735789477825164795e-01
1.594858884811401367e+00
5.538160800933837891e-01
1.448107808828353882e-01
7.883712649345397949e-01
5.808019042015075684e-01
2.622076272964477539e-01
2.695012837648391724e-02
1.411293894052505493e-01
1.756304502487182617e+00
4.094570502638816833e-02
3.862869143486022949e-01
7.364819943904876709e-02
1.844326376914978027e+00
2.761481404304504395e-01
4.579050540924072266e-01
1.651252061128616333e-01
5.302126407623291016e-01
0.000000000000000000e+00
1.561145186424255371e-01
1.695361584424972534e-01
7.121077179908752441e-02
8.521546125411987305e-01
8.195719718933105469e-01
5.821064114570617676e-02
6.716439127922058105e-01
2.496871948242187500e+00
0.000000000000000000e+00
4.983714595437049866e-02
2.465849965810775757e-01
3.739540576934814453e-01
1.828266121447086334e-02
2.341250628232955933e-01
1.761236339807510376e-01
3.828744292259216309e-01
6.151103973388671875e-02
3.849971294403076172e-01
9.269997477531433105e-01
1.652641415596008301e+00
2.523807287216186523e-01
7.537629008293151855e-01
3.422681093215942383e-01
9.169886708259582520e-01
4.195539280772209167e-03
0.000000000000000000e+00
1.594843417406082153e-01
1.984708569943904877e-02
5.688849687576293945e-01
1.592615693807601929e-01
9.015671014785766602e-01
1.154014348983764648e+00
2.679846525192260742e+00
2.620295524597167969e+00
7.260291576385498047e-01
0.000000000000000000e+00
6.264444440603256226e-02
1.178439736366271973e+00
2.775437757372856140e-02
1.683108508586883545e-02
3.072027489542961121e-02
1.163864210247993469e-01
4.295710325241088867e-01
6.465855836868286133e-01
3.751585260033607483e-02
3.202879428863525391e-01
3.554970920085906982e-01
0.000000000000000000e+00
8.638856559991836548e-02
1.300584912300109863e+00
4.117857515811920166e-01
2.385207626502960920e-04
1.608505994081497192e-01
7.436202373355627060e-03
6.942725926637649536e-02
7.581602334976196289e-01
2.874132394790649414e+00
4.210560917854309082e-01
3.158338135108351707e-03
2.126709818840026855e-01
1.053211450576782227e+00
1.811207532882690430e+00
6.899811327457427979e-02
7.185809016227722168e-01
6.319629549980163574e-01
2.307193167507648468e-02
3.467982411384582520e-01
2.486703395843505859e+00
6.193760037422180176e-01
6.255596876144409180e-01
6.238738298416137695e-01
2.769968509674072266e-01
0.000000000000000000e+00
2.045211553573608398e+00
1.510068625211715698e-01
6.458111405372619629e-01
2.476037293672561646e-01
1.440873648971319199e-02
5.651283264160156250e-02
7.131389528512954712e-02
2.970978319644927979e-01
3.489643931388854980e-01
0.000000000000000000e+00
8.001655340194702148e-02
2.179594486951828003e-01
5.314175486564636230e-01
0.000000000000000000e+00
3.773885965347290039e-02
2.918773293495178223e-01
7.865296304225921631e-02
5.621704459190368652e-01
0.000000000000000000e+00
3.344972610473632812e+00
1.115847826004028320e-01
1.935445070266723633e+00
2.658975720405578613e-01
3.077482938766479492e+00
1.960328817367553711e+00
2.827463746070861816e-01
4.314521551132202148e-01
2.455790787935256958e-01
2.965698003768920898e+00
1.097985804080963135e-01
8.954211138188838959e-03
1.033430173993110657e-01
3.612877726554870605e-01
3.106668218970298767e-02
3.169038519263267517e-02
6.592015922069549561e-02
4.938732981681823730e-01
1.985545516014099121e+00
4.237074777483940125e-02
9.010694921016693115e-03
0.000000000000000000e+00
5.557214096188545227e-02
4.270029664039611816e-01
1.122679039835929871e-01
3.066056370735168457e-01
1.292762637138366699e+00
2.128670364618301392e-01
0.000000000000000000e+00
1.836262494325637817e-01
0.000000000000000000e+00
8.554907888174057007e-02
9.189917147159576416e-02
5.643204212188720703e+00
9.215715527534484863e-01
2.769837975502014160e-01
7.842478156089782715e-01
2.004939876496791840e-02
6.116245985031127930e-01
0.000000000000000000e+00
1.145120768342167139e-04
0.000000000000000000e+00
3.297148644924163818e-02
4.318253397941589355e-01
2.923778295516967773e-01
1.918504014611244202e-02
7.893194258213043213e-02
7.675755620002746582e-01
2.277806401252746582e-01
0.000000000000000000e+00
1.810755372047424316e+00
2.525190114974975586e-01
3.459587991237640381e-01
7.718991041183471680e-01
4.170091450214385986e-01
9.001183509826660156e-01
4.154004901647567749e-02
8.585408926010131836e-01
3.363902866840362549e-01
4.292619414627552032e-03
1.650317430496215820e+00
1.368527173995971680e+00
1.779250264167785645e+00
6.627357006072998047e-02
6.659256219863891602e-01
5.286240577697753906e-01
6.150091290473937988e-01
1.879404544830322266e+00
3.011577129364013672e-01
4.397857189178466797e-01
1.140713572502136230e+00
1.033950805664062500e+00
1.085389375686645508e+00
5.199618935585021973e-01
4.489348828792572021e-02
5.098380893468856812e-02
1.563484966754913330e-01
4.279331117868423462e-02
4.788747057318687439e-02
4.231309592723846436e-01
1.411061525344848633e+00
6.106528639793395996e-02
6.419764161109924316e-01
7.943286299705505371e-01
8.530772477388381958e-02
1.879892468452453613e+00
0.000000000000000000e+00
3.094607498496770859e-03
1.096767559647560120e-02
1.546648442745208740e-01
1.795030012726783752e-02
5.871341228485107422e-01
1.729715913534164429e-01
8.135597705841064453e-01
9.409782476723194122e-03
1.395154446363449097e-01
2.821610495448112488e-02
4.990704655647277832e-01
6.619541645050048828e-01
7.261362075805664062e-01
3.863638639450073242e-01
9.615082740783691406e-01
4.121396224945783615e-03
8.954139798879623413e-02
1.695333957672119141e+00
0.000000000000000000e+00
2.822298526763916016e+00
3.140855431556701660e-01
5.659189224243164062e-01
1.305260896682739258e+00
1.004761364310979843e-02
6.740036606788635254e-01
4.463701695203781128e-02
5.990155786275863647e-02
9.938029050827026367e-01
2.098582029342651367e+00
2.323891818523406982e-01
5.162715315818786621e-01
5.251614451408386230e-01
1.897477954626083374e-01
1.130778342485427856e-01
0.000000000000000000e+00
6.329565495252609253e-02
2.020322345197200775e-02
8.072607219219207764e-02
1.005862355232238770e+00
7.879453897476196289e-02
1.514883279800415039e+00
5.383908152580261230e-01
0.000000000000000000e+00
0.000000000000000000e+00
7.738372683525085449e-01
1.681927084922790527e+00
4.927978664636611938e-02
2.556161880493164062e-01
4.769616127014160156e-01
0.000000000000000000e+00
4.297501593828201294e-02
4.114155173301696777e-01
1.145236566662788391e-01
3.618256449699401855e-01
2.685711979866027832e-01
8.962910771369934082e-01
2.719651348888874054e-02
1.859723091125488281e+00
6.145444139838218689e-02
6.685290932655334473e-01
1.760541319847106934e+00
9.798747301101684570e-01
2.573330402374267578e+00
0.000000000000000000e+00
4.154394194483757019e-02
4.830758273601531982e-02
1.552969068288803101e-01
6.003024578094482422e-01
3.666707277297973633e-01
2.044792413711547852e+00
1.755105137825012207e+00
1.961549222469329834e-01
5.563762411475181580e-02
1.576734036207199097e-01
5.875208973884582520e-02
1.067784667015075684e+00
1.927481293678283691e-01
5.612934753298759460e-02
1.194747239351272583e-01
0.000000000000000000e+00
1.128343224525451660e+00
1.609960794448852539e-01
3.474669158458709717e-01
4.823914170265197754e-02
1.964238643646240234e+00
6.942410953342914581e-03
9.919187426567077637e-01
6.043543294072151184e-02
2.230942994356155396e-02
2.015537209808826447e-02
0.000000000000000000e+00
2.417807877063751221e-01
7.892208695411682129e-01
3.446125239133834839e-02
0.000000000000000000e+00
9.515689015388488770e-01
1.854788303375244141e+00
0.000000000000000000e+00
3.390000462532043457e-01
0.000000000000000000e+00
9.442846477031707764e-02
3.063281439244747162e-02
1.434579610824584961e+00
1.101728975772857666e-01
0.000000000000000000e+00
1.206091642379760742e+00
7.009109482169151306e-03
4.515994340181350708e-02
0.000000000000000000e+00
2.792175114154815674e-01
3.263894021511077881e-01
4.806364327669143677e-02
0.000000000000000000e+00
4.580245912075042725e-01
9.788299202919006348e-01
2.270626276731491089e-02
7.628934085369110107e-02
5.108856596052646637e-03
4.359519481658935547e-01
3.375731408596038818e-01
8.068653196096420288e-02
2.242199182510375977e-01
3.522616922855377197e-01
5.626185238361358643e-02
1.361260533332824707e+00
5.493110418319702148e-01
3.170860767364501953e+00
2.688919305801391602e-01
1.981798931956291199e-02
