1.836167089641094208e-02
3.566541433334350586e+00
1.607917696237564087e-01
6.705479621887207031e-01
9.474730491638183594e-01
1.398687601089477539e+00
6.207948178052902222e-02
7.640953660011291504e-01
4.096626043319702148e-01
2.216585397720336914e+00
3.495258390903472900e-01
7.378056049346923828e-01
1.984276250004768372e-02
0.000000000000000000e+00
4.140702784061431885e-01
2.091509103775024414e-01
1.502884645015001297e-02
6.926720142364501953e-01
4.758867621421813965e-01
5.056026950478553772e-02
3.318248987197875977e-01
2.312692850828170776e-01
2.403576970100402832e-01
2.409604489803314209e-01
0.000000000000000000e+00
3.486935794353485107e-02
1.684513092041015625e-01
5.221479535102844238e-01
8.101266622543334961e-02
2.370209395885467529e-01
5.105018615722656250e-02
7.435034960508346558e-02
2.239522784948348999e-01
3.363171359524130821e-03
6.105854511260986328e-01
2.357676029205322266e+00
3.844511806964874268e-01
6.978864548727869987e-04
3.066133260726928711e-01
4.998280405998229980e-01
9.127652645111083984e-01
8.536989092826843262e-01
0.000000000000000000e+00
0.000000000000000000e+00
2.115387767553329468e-01
0.000000000000000000e+00
7.388646900653839111e-02
2.356450073421001434e-03
0.000000000000000000e+00
9.393215924501419067e-02
2.964659631252288818e-01
1.718083620071411133e+00
1.299304962158203125e+00
4.650778472423553467e-01
1.123466789722442627e-01
4.602190479636192322e-02
1.509989798069000244e-02
5.286009907722473145e-01
4.977928400039672852e-01
7.708467245101928711e-01
3.146864175796508789e-01
1.223573461174964905e-01
1.238867759704589844e+00
2.680345997214317322e-02
1.611134856939315796e-01
3.384796977043151855e-01
0.000000000000000000e+00
2.900944054126739502e-01
1.365412473678588867e-01
9.414845705032348633e-02
1.158830523490905762e-01
3.120765089988708496e-01
1.036728639155626297e-02
0.000000000000000000e+00
0.000000000000000000e+00
2.620107829570770264e-01
6.309925112873315811e-03
1.656714975833892822e-01
4.475599825382232666e-01
2.572687864303588867e-01
1.621309041976928711e+00
1.592459231615066528e-01
9.552126750349998474e-03
2.551580406725406647e-02
0.000000000000000000e+00
1.784709095954895020e-01
1.134514063596725464e-01
1.067032106220722198e-02
0.000000000000000000e+00
1.113815000280737877e-03
1.124360203742980957e+00
4.551931843161582947e-02
7.336280494928359985e-02
1.110581979155540466e-01
8.734367438592016697e-04
0.000000000000000000e+00
2.322454452514648438e-01
2.650006860494613647e-02
1.089060544967651367e+00
8.726330399513244629e-01
1.047711014747619629e+00
3.866618275642395020e-01
2.087151259183883667e-02
2.274948120117187500e+00
7.855733633041381836e-01
5.257493853569030762e-01
4.200471565127372742e-02
1.598621718585491180e-02
2.244341850280761719e+00
3.670509159564971924e-01
4.893968403339385986e-01
6.928959488868713379e-02
8.173791766166687012e-01
6.862542778253555298e-02
0.000000000000000000e+00
2.311768978834152222e-01
9.471725225448608398e-01
9.875416755676269531e-03
6.398932076990604401e-03
1.404195278882980347e-01
1.521262049674987793e+00
5.790077447891235352e-01
0.000000000000000000e+00
0.000000000000000000e+00
5.688002109527587891e+00
4.324689041823148727e-03
2.003569342195987701e-02
1.808447539806365967e-01
0.000000000000000000e+00
8.141774684190750122e-02
2.440048456192016602e-01
1.491184085607528687e-01
4.274867102503776550e-02
8.051092922687530518e-02
3.141867928206920624e-03
4.388772696256637573e-02
6.201891303062438965e-01
1.973932608962059021e-02
8.985399603843688965e-01
0.000000000000000000e+00
7.981685996055603027e-01
2.882432043552398682e-01
1.029952466487884521e-01
2.097622632980346680e+00
1.191871523857116699e+00
4.806183874607086182e-01
0.000000000000000000e+00
4.339063912630081177e-02
2.008013427257537842e-02
0.000000000000000000e+00
1.619551539421081543e+00
8.649963140487670898e-01
3.326988220214843750e-01
6.483035534620285034e-02
4.821802675724029541e-02
0.000000000000000000e+00
3.293594121932983398e+00
1.996836066246032715e-02
0.000000000000000000e+00
3.878456354141235352e-02
0.000000000000000000e+00
0.000000000000000000e+00
3.853667154908180237e-02
3.762921392917633057e-01
3.751660287380218506e-01
3.980718612670898438e+00
2.300715893507003784e-01
4.972076788544654846e-02
3.459095954895019531e-02
8.379004597663879395e-01
9.083951711654663086e-01
1.012022607028484344e-02
3.915144875645637512e-02
6.241986155509948730e-02
0.000000000000000000e+00
3.197455778717994690e-02
1.365438252687454224e-01
1.243311241269111633e-01
1.141413807868957520e+00
3.671927154064178467e-01
3.401757404208183289e-02
2.190537750720977783e-02
2.687213122844696045e-01
1.164482474327087402e+00
5.932717323303222656e-01
2.770322002470493317e-02
0.000000000000000000e+00
8.148673772811889648e-01
5.784450843930244446e-02
0.000000000000000000e+00
1.290576815605163574e+00
3.195430934429168701e-01
6.940674036741256714e-02
3.963999450206756592e-02
4.504081606864929199e-02
7.679017633199691772e-02
1.290125608444213867e+00
2.489540874958038330e-01
2.039600908756256104e-01
1.440677344799041748e-01
4.415747225284576416e-01
2.038178741931915283e-01
2.016946077346801758e-01
3.352146148681640625e-01
5.850979089736938477e-01
1.535293757915496826e-01
1.252636164426803589e-01
3.786778450012207031e-01
8.740896731615066528e-02
8.383880257606506348e-01
7.540164887905120850e-02
4.628182947635650635e-02
4.061377644538879395e-01
6.691304966807365417e-03
2.526997923851013184e-01
0.000000000000000000e+00
7.942634224891662598e-01
2.978467941284179688e-02
1.049767509102821350e-01
7.240936905145645142e-02
7.015819102525711060e-02
3.877895772457122803e-01
3.118799924850463867e-01
1.969881914556026459e-02
0.000000000000000000e+00
9.514716863632202148e-01
2.218991070985794067e-01
8.240127563476562500e-01
6.961169838905334473e-02
1.189213395118713379e-01
7.504454255104064941e-02
2.096976488828659058e-01
1.261957883834838867e-01
3.448448479175567627e-01
6.845291703939437866e-02
4.172339141368865967e-01
0.000000000000000000e+00
3.821654245257377625e-02
0.000000000000000000e+00
0.000000000000000000e+00
2.581715583801269531e-02
3.423164188861846924e-01
1.531795412302017212e-01
5.907973274588584900e-03
9.454451501369476318e-02
5.165656208992004395e-01
3.110608577728271484e+00
8.558931201696395874e-02
9.900371730327606201e-02
0.000000000000000000e+00
1.359616816043853760e-01
4.163911342620849609e-01
3.360848501324653625e-02
3.846672549843788147e-02
8.899762630462646484e-01
7.043451070785522461e-02
1.971394270658493042e-01
0.000000000000000000e+00
3.531252741813659668e-01
1.274480074644088745e-01
1.795128732919692993e-01
1.973780542612075806e-01
2.649148702621459961e-01
0.000000000000000000e+00
6.959290504455566406e-01
8.779095858335494995e-02
2.437200397253036499e-01
4.524207487702369690e-02
1.957646757364273071e-01
0.000000000000000000e+00
6.044220328330993652e-01
1.013996154069900513e-01
1.022001449018716812e-02
1.461706310510635376e-01
2.458205819129943848e-02
0.000000000000000000e+00
0.000000000000000000e+00
1.310772746801376343e-01
2.325037121772766113e-01
6.131166815757751465e-01
3.107772767543792725e-01
2.828329429030418396e-02
8.226373791694641113e-01
1.722506284713745117e-01
0.000000000000000000e+00
6.280574202537536621e-01
0.000000000000000000e+00
1.020300984382629395e+00
3.713397502899169922e+00
5.390515923500061035e-01
1.233512535691261292e-01
3.504246845841407776e-02
3.810646012425422668e-02
2.521458864212036133e-01
2.928146719932556152e-01
1.622818112373352051e-01
4.460517317056655884e-03
3.460426032543182373e-01
2.135877460241317749e-01
0.000000000000000000e+00
7.581406971439719200e-04
0.000000000000000000e+00
8.069640994071960449e-01
3.423874378204345703e-01
0.000000000000000000e+00
7.193700224161148071e-02
7.110028862953186035e-01
8.975359611213207245e-03
2.489383220672607422e-01
9.579502977430820465e-03
6.852371692657470703e-01
0.000000000000000000e+00
0.000000000000000000e+00
7.446485161781311035e-01
8.425110578536987305e-02
3.380196988582611084e-01
1.677609086036682129e-01
2.340628951787948608e-02
7.795639634132385254e-01
4.497547633945941925e-03
9.799572825431823730e-02
4.085700511932373047e-01
5.533471107482910156e-01
2.345647960901260376e-01
9.519725106656551361e-03
8.811977691948413849e-03
0.000000000000000000e+00
1.546710848808288574e+00
7.149609271436929703e-03
0.000000000000000000e+00
2.382791601121425629e-02
6.638032793998718262e-01
2.469549030065536499e-01
8.524684309959411621e-01
1.105811633169651031e-02
3.311858773231506348e-01
7.184811681509017944e-02
8.396055549383163452e-02
3.088326379656791687e-02
6.147009506821632385e-02
0.000000000000000000e+00
6.860611494630575180e-03
5.313277244567871094e-01
1.609390825033187866e-01
2.432327903807163239e-02
1.215435713529586792e-01
6.860152482986450195e-01
1.232044845819473267e-01
3.207735251635313034e-03
1.233882009983062744e-01
3.534752130508422852e-01
3.833036124706268311e-01
4.169256985187530518e-02
1.015121191740036011e-01
4.288827180862426758e-01
9.426241368055343628e-02
4.811169505119323730e-01
1.315198689699172974e-01
4.123570863157510757e-03
0.000000000000000000e+00
5.041713267564773560e-02
0.000000000000000000e+00
2.931714989244937897e-02
4.766140282154083252e-01
3.274622187018394470e-02
1.046986222267150879e+00
2.202521711587905884e-01
0.000000000000000000e+00
8.724851533770561218e-03
1.674340516328811646e-01
5.672730803489685059e-01
2.815308794379234314e-02
0.000000000000000000e+00
3.579283475875854492e+00
2.246455289423465729e-02
0.000000000000000000e+00
0.000000000000000000e+00
6.374862790107727051e-02
6.407150626182556152e-02
0.000000000000000000e+00
6.079084277153015137e-01
3.140896558761596680e+00
2.155626416206359863e-01
0.000000000000000000e+00
6.949340105056762695e-01
4.700710996985435486e-02
8.098175525665283203e-01
0.000000000000000000e+00
1.761152893304824829e-01
1.097263991832733154e-01
2.564654052257537842e-01
8.517256379127502441e-02
0.000000000000000000e+00
2.531926333904266357e-01
5.428223609924316406e-01
1.893720030784606934e-01
8.116649836301803589e-02
1.370650291442871094e+00
0.000000000000000000e+00
1.290051639080047607e-01
6.523981094360351562e-01
0.000000000000000000e+00
1.616798527538776398e-02
4.675035178661346436e-01
1.761653065681457520e+00
8.131127804517745972e-02
1.198273420333862305e+00
3.122680122032761574e-03
2.830028235912322998e-01
6.132432818412780762e-02
7.048699259757995605e-01
7.610760331153869629e-01
1.223859190940856934e-01
1.160863861441612244e-01
5.332173779606819153e-02
1.250528823584318161e-02
7.269813213497400284e-03
3.040227591991424561e-01
8.388165235519409180e-01
8.721014112234115601e-02
4.382079094648361206e-02
1.017196774482727051e-01
0.000000000000000000e+00
1.719520539045333862e-01
9.282435476779937744e-02
1.406141184270381927e-02
1.821927785873413086e+00
7.792886495590209961e-01
2.649507820606231689e-01
8.362527005374431610e-03
6.127078533172607422e+00
0.000000000000000000e+00
4.022216498851776123e-01
1.193701010197401047e-02
1.052529588341712952e-01
1.360668063163757324e+00
7.609227895736694336e-01
4.434982240200042725e-01
2.444333583116531372e-01
6.458913683891296387e-01
0.000000000000000000e+00
5.688048526644706726e-02
1.696977168321609497e-01
7.205260396003723145e-01
0.000000000000000000e+00
1.578774899244308472e-01
0.000000000000000000e+00
5.588158965110778809e-02
2.199349179863929749e-02
4.032980650663375854e-02
8.530767261981964111e-02
1.694588363170623779e-02
2.203930616378784180e-01
0.000000000000000000e+00
1.795919299125671387e+00
7.351860404014587402e-01
1.265770196914672852e-01
2.107297927141189575e-01
2.145050168037414551e-01
7.849106788635253906e-01
1.806477755308151245e-01
1.151556223630905151e-01
1.430302113294601440e-01
3.626677393913269043e-02
4.505661502480506897e-02
2.794228494167327881e-01
0.000000000000000000e+00
1.074199900031089783e-01
5.506020784378051758e-02
3.028303384780883789e-01
5.463121458888053894e-02
2.401277571916580200e-01
4.325044341385364532e-03
1.162542819976806641e+00
1.560497730970382690e-01
6.237076520919799805e-01
5.090796947479248047e-01
0.000000000000000000e+00
8.695023506879806519e-02
1.054885610938072205e-01
1.045799851417541504e+00
3.819715678691864014e-01
0.000000000000000000e+00
0.000000000000000000e+00
1.880949139595031738e-01
5.048924684524536133e-02
4.638351872563362122e-02
6.067520976066589355e-01
1.413640260696411133e+00
7.154070734977722168e-01
1.140080690383911133e+00
2.103285789489746094e+00
1.095325127243995667e-01
4.207898676395416260e-02
2.399216443300247192e-01
1.881580427289009094e-02
4.127438664436340332e-01
3.267757594585418701e-02
1.279632449150085449e-01
0.000000000000000000e+00
8.215732872486114502e-02
0.000000000000000000e+00
2.151824999600648880e-03
7.813268899917602539e-01
5.477174520492553711e-01
0.000000000000000000e+00
3.439979553222656250e-01
2.698192894458770752e-01
4.865061342716217041e-01
5.981190502643585205e-02
9.084395132958889008e-03
1.216482743620872498e-01
2.766730263829231262e-02
1.360070407390594482e-01
6.598932296037673950e-02
1.913456767797470093e-01
2.914793193340301514e-01
9.661301374435424805e-01
7.647193968296051025e-02
6.206671893596649170e-02
8.238333463668823242e-02
3.678575754165649414e-01
4.073378145694732666e-01
5.482027307152748108e-02
3.646737337112426758e-01
1.029549539089202881e-01
8.205772191286087036e-02
2.080617189407348633e+00
1.408890247344970703e+00
4.859673604369163513e-02
5.835972428321838379e-01
3.484201133251190186e-01
6.375389546155929565e-02
2.543071508407592773e-01
1.049618646502494812e-01
3.618630468845367432e-01
1.245441079139709473e+00
1.441123008728027344e+00
2.278304249048233032e-01
2.097057253122329712e-01
3.600904643535614014e-01
6.397479772567749023e-02
1.722274869680404663e-01
0.000000000000000000e+00
7.271429300308227539e-01
6.210370361804962158e-02
4.199583232402801514e-01
3.935907185077667236e-01
0.000000000000000000e+00
0.000000000000000000e+00
2.119655162096023560e-01
1.865881830453872681e-01
1.720865666866302490e-01
3.954404499381780624e-03
0.000000000000000000e+00
0.000000000000000000e+00
0.000000000000000000e+00
8.466859906911849976e-02
5.481262505054473877e-02
2.319879978895187378e-01
2.100122421979904175e-01
2.663867361843585968e-02
1.457500100135803223e+00
5.037946105003356934e-01
4.762255586683750153e-03
0.000000000000000000e+00
2.224883794784545898e+00
3.087282776832580566e-01
8.285698294639587402e-02
5.141977071762084961e-01
2.041462510824203491e-01
4.067234098911285400e-01
7.133751511573791504e-01
7.659218788146972656e+00
1.241124749183654785e+00
5.226294398307800293e-01
0.000000000000000000e+00
1.430750936269760132e-01
7.635548710823059082e-02
2.776721715927124023e-01
7.537256479263305664e-01
5.915306136012077332e-02
5.130594968795776367e-01
5.359927415847778320e-01
1.812898926436901093e-02
2.714806795120239258e-01
2.438271977007389069e-02
6.130316257476806641e-01
1.853907853364944458e-01
1.802551895380020142e-01
1.345510780811309814e-01
1.274580880999565125e-02
3.516719862818717957e-02
2.412150613963603973e-02
2.274994403123855591e-01
0.000000000000000000e+00
5.936347842216491699e-01
1.677561253309249878e-01
4.917440712451934814e-01
7.785984873771667480e-02
2.456303089857101440e-01
1.394722461700439453e+00
3.365786671638488770e-01
1.151578873395919800e-01
1.712866276502609253e-01
4.351288974285125732e-01
8.452149480581283569e-02
1.977071315050125122e-01
8.839029073715209961e-01
0.000000000000000000e+00
0.000000000000000000e+00
1.678850799798965454e-01
8.981116116046905518e-03
4.070029128342866898e-03
1.655047237873077393e-01
2.192154377698898315e-01
0.000000000000000000e+00
3.738603293895721436e-01
4.055573940277099609e-01
7.063567638397216797e-02
3.494897624477744102e-03
1.402389109134674072e-01
9.025650024414062500e-01
7.389073967933654785e-01
2.481429278850555420e-01
2.842445850372314453e+00
1.164754480123519897e-01
1.088711738586425781e+00
3.212604671716690063e-02
0.000000000000000000e+00
7.599180936813354492e-02
4.298227652907371521e-02
0.000000000000000000e+00
1.097621560096740723e+00
0.000000000000000000e+00
1.713867783546447754e-01
5.389844775199890137e-01
2.711056768894195557e-01
5.391616225242614746e-01
3.967328667640686035e-01
1.035058856010437012e+00
4.403942078351974487e-02
8.533949851989746094e-01
5.080773234367370605e-01
2.836947917938232422e+00
1.516157388687133789e+00
5.312319993972778320e-01
7.394658029079437256e-02
0.000000000000000000e+00
0.000000000000000000e+00
3.798053562641143799e-01
1.612796336412429810e-01
6.649316754192113876e-03
1.688725650310516357e-01
2.505832672119140625e+00
1.123426437377929688e+00
1.506572216749191284e-01
1.311138272285461426e+00
1.182810869067907333e-02
4.855829238891601562e+00
4.357981383800506592e-01
0.000000000000000000e+00
2.733825892210006714e-02
4.788503050804138184e-02
6.486528515815734863e-01
4.149412155151367188e+00
1.240239813923835754e-01
1.166361495852470398e-01
2.917154729366302490e-01
2.052326500415802002e-02
5.922861024737358093e-02
2.679212391376495361e-02
6.071000825613737106e-03
0.000000000000000000e+00
6.882706657052040100e-04
3.760154843330383301e-01
2.346523284912109375e+00
2.370572805404663086e+00
9.589855372905731201e-02
1.735862255096435547e+00
2.201649622293189168e-04
3.476735651493072510e-01
0.000000000000000000e+00
5.089551210403442383e-01
1.195743158459663391e-01
0.000000000000000000e+00
1.355003356933593750e+00
5.340843927115201950e-04
2.515020668506622314e-01
2.114739641547203064e-02
3.083422482013702393e-01
1.380931884050369263e-01
0.000000000000000000e+00
0.000000000000000000e+00
3.692249059677124023e-01
1.041348092257976532e-02
1.415858715772628784e-01
2.099575847387313843e-01
0.000000000000000000e+00
1.677510440349578857e-01
2.952780425548553467e-01
1.684636622667312622e-01
1.295728206634521484e+00
0.000000000000000000e+00
1.838454604148864746e-01
2.327873408794403076e-01
8.139845132827758789e-01
3.563908860087394714e-02
5.439294129610061646e-02
3.507985472679138184e-01
2.732069194316864014e-01
1.657243818044662476e-01
3.254952654242515564e-02
6.282476425170898438e+00
3.860788643360137939e-01
8.207579143345355988e-03
5.419608354568481445e-01
4.575895071029663086e-01
6.490525007247924805e-01
1.845532804727554321e-01
1.048339247703552246e+00
2.210364304482936859e-02
0.000000000000000000e+00
4.977690801024436951e-02
8.599300980567932129e-01
0.000000000000000000e+00
2.219078093767166138e-01
0.000000000000000000e+00
2.981333434581756592e-02
1.909364610910415649e-01
0.000000000000000000e+00
1.933121122419834137e-02
0.000000000000000000e+00
1.091032251715660095e-01
1.002168416976928711e+00
5.347444415092468262e-01
1.183001399040222168e-01
8.651609718799591064e-02
1.902325451374053955e-01
1.372151821851730347e-01
1.902160644531250000e-01
2.428116500377655029e-01
3.099327385425567627e-01
0.000000000000000000e+00
4.383064508438110352e-01
5.265926122665405273e-01
4.607398808002471924e-01
2.400657162070274353e-02
2.905082702636718750e-01
6.483245640993118286e-02
6.093172356486320496e-03
2.039932459592819214e-01
3.670248389244079590e-01
4.103163480758666992e-01
7.525304704904556274e-02
3.462487459182739258e-02
6.270865797996520996e-01
1.243072897195816040e-01
5.296981334686279297e-01
1.433662623167037964e-01
8.633354306221008301e-01
2.003412097692489624e-01
7.218109071254730225e-02
4.072388708591461182e-01
1.841901987791061401e-02
0.000000000000000000e+00
1.193154603242874146e-01
4.422038793563842773e-02
6.424422860145568848e-01
3.347231745719909668e-01
2.748775184154510498e-01
4.283221065998077393e-02
9.004651904106140137e-01
4.888434335589408875e-02
1.135979667305946350e-01
0.000000000000000000e+00
0.000000000000000000e+00
0.000000000000000000e+00
6.702744364738464355e-01
3.335421085357666016e-01
1.514008522033691406e+00
7.303453683853149414e-01
6.097259521484375000e-01
6.463221311569213867e-01
3.572190925478935242e-02
2.557266503572463989e-02
4.856072738766670227e-02
2.514623403549194336e-01
1.715472042560577393e-01
1.794792152941226959e-02
5.420508608222007751e-02
0.000000000000000000e+00
3.259130418300628662e-01
4.906086325645446777e-01
3.456607758998870850e-01
0.000000000000000000e+00
0.000000000000000000e+00
1.144914552569389343e-01
8.292042613029479980e-01
1.082516312599182129e+00
7.985042035579681396e-02
3.072350025177001953e-01
3.514201939105987549e-01
0.000000000000000000e+00
1.909995228052139282e-01
0.000000000000000000e+00
6.024708505719900131e-03
3.664114475250244141e-01
2.090122252702713013e-01
6.364517658948898315e-02
5.063295364379882812e-02
1.117041334509849548e-01
0.000000000000000000e+00
3.415277600288391113e-02
5.095338225364685059e-01
1.176715940237045288e-01
1.265182346105575562e-02
1.949427425861358643e-01
2.938199639320373535e-01
5.314459800720214844e-01
1.326366215944290161e-01
0.000000000000000000e+00
7.484430819749832153e-02
1.370959728956222534e-01
3.152072429656982422e+00
5.782787501811981201e-02
1.697332620620727539e+00
0.000000000000000000e+00
1.128117203712463379e+00
1.201475737616419792e-03
4.419514536857604980e-02
2.396090328693389893e-01
1.073640212416648865e-02
1.309541940689086914e+00
2.434052713215351105e-02
1.570646166801452637e-01
0.000000000000000000e+00
1.387129165232181549e-02
0.000000000000000000e+00
3.401607275009155273e-01
0.000000000000000000e+00
8.308993577957153320e-01
4.739408381283283234e-03
3.518251776695251465e-01
3.115434385836124420e-02
7.337344288825988770e-01
1.085836440324783325e-01
9.861878305673599243e-02
2.345999181270599365e-01
4.725463986396789551e-01
1.576748937368392944e-01
3.307044133543968201e-02
5.391209721565246582e-01
2.323981933295726776e-02
5.665973760187625885e-03
1.279674172401428223e+00
1.507821865379810333e-02
7.082116007804870605e-01
8.593956939876079559e-03
2.059352844953536987e-01
7.218900718726217747e-04
0.000000000000000000e+00
6.715043634176254272e-02
9.386628866195678711e-02
1.100164413452148438e+00
0.000000000000000000e+00
2.431346511002629995e-04
0.000000000000000000e+00
3.201980516314506531e-02
6.304783374071121216e-02
6.125974655151367188e-01
7.242736220359802246e-02
5.507216453552246094e-01
1.125235483050346375e-01
3.460855185985565186e-01
2.731791436672210693e-01
4.955649375915527344e-02
1.027775276452302933e-02
1.040347814559936523e+00
5.739090219140052795e-02
1.873479634523391724e-01
2.554531097412109375e-01
4.645017385482788086e-01
4.884073734283447266e-01
7.355445027351379395e-01
4.451788589358329773e-02
7.474713027477264404e-02
4.507802128791809082e-01
1.850882023572921753e-01
3.285803273320198059e-02
8.220532536506652832e-01
0.000000000000000000e+00
1.409748941659927368e-01
4.420068562030792236e-01
3.617225885391235352e-01
3.303526341915130615e-02
4.549489617347717285e-01
1.541176289319992065e-01
8.349265456199645996e-01
2.116316370666027069e-02
6.781211495399475098e-01
1.037784457206726074e+00
1.006923913955688477e-01
8.654939942061901093e-03
7.311646640300750732e-02
6.839330494403839111e-02
5.121120810508728027e-01
4.456504061818122864e-02
0.000000000000000000e+00
0.000000000000000000e+00
4.845356941223144531e-02
5.243885144591331482e-02
1.378310006111860275e-02
8.592003583908081055e-02
1.451756805181503296e-02
1.379903685301542282e-02
0.000000000000000000e+00
0.000000000000000000e+00
1.982285976409912109e+00
2.239730209112167358e-02
1.183565035462379456e-01
5.627203732728958130e-03
0.000000000000000000e+00
0.000000000000000000e+00
2.637794017791748047e-01
0.000000000000000000e+00
1.869270503520965576e-01
4.249416291713714600e-01
6.772113591432571411e-02
0.000000000000000000e+00
0.000000000000000000e+00
5.779704079031944275e-04
1.779532134532928467e-01
0.000000000000000000e+00
5.574023351073265076e-02
5.857087969779968262e-01
9.647712707519531250e-01
0.000000000000000000e+00
3.422867506742477417e-02
1.143815740942955017e-01
1.644336991012096405e-02
1.226589560508728027e+00
9.430148452520370483e-02
9.058462828397750854e-02
2.917595207691192627e-01
1.286222189664840698e-01
2.624087929725646973e-01
1.402723491191864014e-01
2.498280256986618042e-01
6.689271330833435059e-02
7.511967420578002930e-01
0.000000000000000000e+00
0.000000000000000000e+00
2.034295350313186646e-01
4.515760242938995361e-01
2.138532400131225586e+00
0.000000000000000000e+00
1.289773732423782349e-02
1.299955416470766068e-02
4.670709073543548584e-01
1.593177765607833862e-01
3.969408869743347168e-01
6.654355525970458984e-01
0.000000000000000000e+00
3.737776353955268860e-02
8.171297609806060791e-02
1.746922582387924194e-01
8.369373679161071777e-01
1.327257901430130005e-01
3.706420660018920898e-01
1.198855414986610413e-01
2.248736284673213959e-02
1.439056247472763062e-01
1.174418568611145020e+00
1.418785192072391510e-02
9.414839558303356171e-03
3.376784920692443848e-01
2.363927103579044342e-02
0.000000000000000000e+00
6.657771766185760498e-02
9.992474317550659180e-02
6.879954934120178223e-01
1.122273355722427368e-01
2.254292964935302734e-01
3.310620039701461792e-02
4.050392508506774902e-01
4.186471104621887207e-01
5.751291513442993164e-01
1.769489236176013947e-02
1.824573613703250885e-02
1.306172609329223633e-01
0.000000000000000000e+00
3.377098441123962402e-01
0.000000000000000000e+00
5.813560485839843750e+00
1.974681392312049866e-02
5.926802754402160645e-02
4.691458344459533691e-01
0.000000000000000000e+00
9.824025630950927734e-02
1.021134331822395325e-01
1.385519187897443771e-02
5.528353527188301086e-02
2.325596660375595093e-01
7.188794761896133423e-02
1.035747528076171875e-01
8.706988096237182617e-01
6.169212050735950470e-03
2.501369416713714600e-01
1.807620823383331299e-01
2.578300237655639648e-01
7.056483626365661621e-02
0.000000000000000000e+00
1.812808364629745483e-01
3.068554997444152832e-01
0.000000000000000000e+00
1.127330884337425232e-01
9.808537364006042480e-02
2.623504400253295898e+00
1.264664530754089355e-01
1.135534867644309998e-01
0.000000000000000000e+00
1.067519187927246094e-01
7.476837635040283203e-01
1.235293149948120117e+00
1.830561459064483643e-01
3.420722112059593201e-02
3.375711292028427124e-02
2.232158631086349487e-01
2.736393362283706665e-02
6.616602540016174316e-01
3.921129275113344193e-03
4.118409454822540283e-01
2.932190708816051483e-02
0.000000000000000000e+00
8.464068770408630371e-01
3.399225473403930664e-01
1.036339998245239258e-02
8.957151323556900024e-02
4.007994011044502258e-02
0.000000000000000000e+00
1.090418338775634766e+00
5.883225202560424805e-01
1.985840313136577606e-02
0.000000000000000000e+00
0.000000000000000000e+00
0.000000000000000000e+00
1.536871790885925293e+00
0.000000000000000000e+00
0.000000000000000000e+00
3.319382667541503906e-03
5.843147039413452148e-01
6.930992007255554199e-01
0.000000000000000000e+00
1.315831858664751053e-02
1.469991058111190796e-01
0.000000000000000000e+00
1.107963442802429199e+00
0.000000000000000000e+00
4.839846491813659668e-01
6.746936440467834473e-01
5.459004044532775879e-01
1.551170716993510723e-03
3.022935092449188232e-01
9.613813459873199463e-02
7.318815588951110840e-02
2.907459437847137451e-02
9.575338661670684814e-02
0.000000000000000000e+00
0.000000000000000000e+00
9.496915154159069061e-03
8.455609530210494995e-02
5.295984148979187012e-01
1.825316697359085083e-01
1.593752950429916382e-01
2.553307712078094482e-01
2.579538151621818542e-03
4.892151951789855957e-01
1.363218069076538086e+00
1.387781620025634766e+00
1.746901422739028931e-01
2.264852672815322876e-01
6.140184402465820312e-01
3.134633600711822510e-01
0.000000000000000000e+00
3.430899232625961304e-02
6.280960142612457275e-02
8.649211525917053223e-01
1.297611117362976074e+00
2.480049580335617065e-01
7.007837295532226562e-03
1.287915468215942383e+00
3.375801146030426025e-01
0.000000000000000000e+00
3.874750435352325439e-01
4.274377226829528809e-02
8.975254893302917480e-01
2.989982962608337402e-01
8.413297533988952637e-01
7.584218978881835938e-01
3.393090143799781799e-02
4.137844312936067581e-03
5.054694414138793945e-01
3.574474453926086426e-01
1.511267870664596558e-01
3.949168696999549866e-02
2.520158886909484863e-01
0.000000000000000000e+00
6.126213669776916504e-01
4.553853720426559448e-02
7.769345641136169434e-01
1.254359334707260132e-01
3.860457241535186768e-01
4.215855896472930908e-01
7.744030356407165527e-01
1.381752640008926392e-01
1.692738533020019531e+00
5.146813765168190002e-02
3.131047189235687256e-01
4.290116727352142334e-01
4.499651789665222168e-01
1.075433641672134399e-01
2.855845093727111816e-01
2.653148770332336426e-01
2.114483714103698730e-02
2.074488103389739990e-01
2.430821508169174194e-01
3.328797221183776855e-01
2.063053846359252930e-01
1.233797147870063782e-02
1.774953329004347324e-03
0.000000000000000000e+00
5.804154396057128906e+00
1.139580039307475090e-03
3.208365440368652344e-01
3.394731506705284119e-02
4.670632362365722656e+00
3.549232482910156250e-01
0.000000000000000000e+00
4.864799976348876953e-01
7.315333932638168335e-03
6.423879861831665039e-01
4.873700141906738281e-01
1.651971936225891113e-01
3.635013103485107422e-01
8.210624009370803833e-02
5.976115539669990540e-02
6.741899847984313965e-01
1.501541882753372192e-01
0.000000000000000000e+00
3.439898490905761719e+00
1.293720901012420654e-01
2.221900224685668945e+00
2.091958045959472656e+00
9.768027812242507935e-02
5.920434370636940002e-02
6.857990473508834839e-02
1.985530257225036621e-01
3.797151520848274231e-02
5.147749185562133789e-02
8.484398126602172852e-01
0.000000000000000000e+00
5.353834629058837891e+00
2.413254417479038239e-02
3.675470650196075439e-01
1.438444495201110840e+00
3.771542012691497803e-01
4.900283366441726685e-02
4.307141527533531189e-03
5.269731627777218819e-04
2.988587319850921631e-01
0.000000000000000000e+00
5.314351916313171387e-01
1.622192859649658203e-01
2.976947836577892303e-02
9.109313786029815674e-02
3.524580970406532288e-02
1.006898954510688782e-01
4.673346132040023804e-02
1.320631504058837891e-01
7.069416344165802002e-02
3.704771697521209717e-01
2.938190698623657227e-01
3.844114392995834351e-02
0.000000000000000000e+00
0.000000000000000000e+00
2.180088907480239868e-01
1.100855246186256409e-01
6.928797066211700439e-02
1.662055492401123047e+00
1.511344909667968750e+00
9.144426882266998291e-02
1.516262590885162354e-01
9.671509265899658203e-02
2.358962535858154297e+00
7.156882435083389282e-02
2.099773883819580078e+00
7.323525100946426392e-02
7.067700847983360291e-03
8.124122023582458496e-02
0.000000000000000000e+00
3.419257700443267822e-01
5.603386554867029190e-03
3.461169451475143433e-02
3.550729155540466309e-02
7.685468345880508423e-02
3.353403508663177490e-01
5.088322982192039490e-02
4.846147075295448303e-02
3.988608950749039650e-04
2.049169689416885376e-01
4.761515259742736816e-01
2.001714259386062622e-01
2.133265584707260132e-01
1.586091704666614532e-03
1.832589954137802124e-01
0.000000000000000000e+00
0.000000000000000000e+00
4.084715843200683594e-01
0.000000000000000000e+00
8.653872013092041016e-01
7.541104406118392944e-02
4.502613246440887451e-01
1.621563911437988281e+00
2.585323750972747803e-01
0.000000000000000000e+00
7.993181049823760986e-02
1.317069381475448608e-01
4.413739964365959167e-02
5.249772686511278152e-03
0.000000000000000000e+00
7.455799579620361328e-01
1.049825083464384079e-02
1.527737975120544434e-01
9.511186480522155762e-01
1.681413054466247559e-01
1.519443750381469727e+00
1.698791533708572388e-01
2.860476374626159668e-01
1.788339763879776001e-02
1.586593687534332275e-01
1.407649755477905273e+00
0.000000000000000000e+00
1.443510204553604126e-01
2.691819369792938232e-01
0.000000000000000000e+00
5.315270647406578064e-02
4.148338735103607178e-01
1.931180804967880249e-02
1.896702051162719727e-01
2.022739201784133911e-01
6.479791551828384399e-02
1.434888690710067749e-01
2.484757080674171448e-02
1.030975952744483948e-02
6.504313945770263672e-01
4.301939904689788818e-01
4.300734102725982666e-01
0.000000000000000000e+00
1.201048269867897034e-01
5.182295441627502441e-01
1.593037396669387817e-01
2.382483184337615967e-01
1.154081597924232483e-01
8.058399707078933716e-02
6.288104504346847534e-02
1.040361881256103516e+00
7.505109906196594238e-01
1.330379724502563477e+00
1.060278937220573425e-01
1.913108825683593750e-01
0.000000000000000000e+00
2.757381200790405273e+00
2.312369197607040405e-01
0.000000000000000000e+00
7.658609151840209961e-01
1.545441508293151855e+00
0.000000000000000000e+00
2.772558927536010742e-01
8.740125298500061035e-01
2.239397168159484863e-01
0.000000000000000000e+00
0.000000000000000000e+00
6.172171831130981445e-01
3.467032015323638916e-01
7.286665588617324829e-02
2.455222606658935547e-01
1.636338472366333008e+00
1.181881576776504517e-01
4.746007919311523438e-02
1.419839709997177124e-01
2.656119177117943764e-03
0.000000000000000000e+00
4.398919641971588135e-01
1.081708371639251709e-01
2.944051027297973633e+00
0.000000000000000000e+00
1.664333045482635498e-02
0.000000000000000000e+00
6.691725552082061768e-02
7.917192578315734863e-01
6.949476897716522217e-03
5.082347989082336426e-02
4.768164455890655518e-01
4.864477813243865967e-01
6.126540899276733398e-02
6.961123347282409668e-01
0.000000000000000000e+00
1.489288806915283203e-01
9.893220663070678711e-02
2.095843702554702759e-01
4.399594664573669434e-01
7.519439458847045898e-01
1.056435629725456238e-01
6.050860881805419922e-01
1.898367404937744141e-01
5.496667623519897461e-01
3.395974934101104736e-01
1.791013479232788086e+00
9.035411477088928223e-02
1.166616678237915039e+00
2.443955466151237488e-02
0.000000000000000000e+00
1.096958041191101074e+00
2.612024918198585510e-02
6.842696666717529297e-02
5.177565850317478180e-03
4.099896550178527832e-02
7.773005366325378418e-01
0.000000000000000000e+00
1.384938955307006836e-01
2.070836871862411499e-01
6.620276719331741333e-02
0.000000000000000000e+00
1.807037830352783203e+00
3.200424462556838989e-02
6.969791650772094727e-02
4.374276474118232727e-02
4.172941744327545166e-01
1.559036374092102051e-01
1.061972022056579590e+00
3.055773079395294189e-01
9.574913978576660156e-01
1.221369028091430664e+00
3.695144653320312500e-01
4.032971858978271484e-01
2.014347016811370850e-01
0.000000000000000000e+00
5.705684423446655273e-02
4.510198831558227539e-01
3.426861763000488281e-01
6.589602679014205933e-02
2.472558319568634033e-01
4.384273290634155273e-02
1.365329511463642120e-02
4.440203309059143066e-02
0.000000000000000000e+00
5.711717903614044189e-02
2.127627730369567871e-01
6.021227836608886719e-01
4.098062217235565186e-02
0.000000000000000000e+00
8.085418939590454102e-01
2.626231610774993896e-01
4.681040346622467041e-02
1.784612089395523071e-01
2.930750139057636261e-02
4.936489462852478027e-02
9.624688327312469482e-02
5.598883628845214844e-01
0.000000000000000000e+00
1.280073165893554688e+00
4.164069145917892456e-02
9.172010421752929688e-02
1.051343977451324463e-01
2.278293855488300323e-02
1.580638438463211060e-01
7.281529158353805542e-02
1.155130267143249512e-01
4.335851594805717468e-02
4.792169034481048584e-01
0.000000000000000000e+00
1.532337367534637451e-01
1.573559013195335865e-03
2.677071690559387207e-01
5.590587854385375977e-02
4.495070874691009521e-02
5.358409881591796875e-01
1.396968364715576172e-01
0.000000000000000000e+00
3.505274653434753418e-02
1.923106908798217773e-01
0.000000000000000000e+00
0.000000000000000000e+00
8.050356805324554443e-02
3.696009889245033264e-02
1.418146342039108276e-01
2.670194208621978760e-01
9.138914942741394043e-02
1.445459853857755661e-02
3.058269061148166656e-02
1.071353927254676819e-01
4.913679789751768112e-03
0.000000000000000000e+00
1.491107791662216187e-01
2.430556342005729675e-02
2.410545498132705688e-01
9.880502521991729736e-02
2.316807769238948822e-02
1.432652026414871216e-01
7.940872758626937866e-02
4.601563850883394480e-04
5.468469858169555664e-02
3.659824430942535400e-01
7.926343679428100586e-01
5.881211161613464355e-01
3.729894384741783142e-02
0.000000000000000000e+00
1.877999119460582733e-02
3.630505084991455078e+00
2.026183716952800751e-02
1.079602986574172974e-01
0.000000000000000000e+00
4.957000538706779480e-02
0.000000000000000000e+00
3.371491432189941406e-01
1.283206641674041748e-01
2.645951509475708008e-01
1.179357897490262985e-02
6.354532837867736816e-01
1.429149322211742401e-02
1.373001635074615479e-01
2.863666974008083344e-02
1.129848003387451172e+00
3.049852326512336731e-02
6.105435267090797424e-02
6.414397060871124268e-02
2.616995573043823242e-01
3.760178685188293457e-01
1.083432510495185852e-01
0.000000000000000000e+00
0.000000000000000000e+00
2.188366889953613281e+00
0.000000000000000000e+00
2.408720925450325012e-02
0.000000000000000000e+00
2.237644419074058533e-02
0.000000000000000000e+00
7.807792723178863525e-02
2.316444367170333862e-01
1.233539208769798279e-01
0.000000000000000000e+00
0.000000000000000000e+00
2.593641355633735657e-02
1.398784518241882324e+00
1.244983434677124023e+00
2.617381513118743896e-02
1.361570786684751511e-03
1.283041834831237793e-01
4.795566201210021973e-01
2.936447560787200928e-01
5.385942384600639343e-02
4.033075869083404541e-01
1.484553515911102295e-01
4.482448399066925049e-01
1.647068113088607788e-01
7.900262251496315002e-03
5.081253051757812500e-01
4.875468313694000244e-01
1.600113809108734131e-01
3.967609405517578125e-01
5.098733305931091309e-01
2.471063584089279175e-01
1.395065784454345703e-01
1.241730153560638428e-02
2.458743602037429810e-01
4.754148796200752258e-02
1.185444712638854980e+00
7.082131225615739822e-03
6.574773192405700684e-01
1.659895479679107666e-01
0.000000000000000000e+00
1.605177968740463257e-01
2.800331078469753265e-02
0.000000000000000000e+00
1.954270154237747192e-01
1.973081380128860474e-02
3.933680057525634766e-01
3.102865070104598999e-02
1.025149002671241760e-01
4.107285439968109131e-01
9.330370426177978516e-01
4.786680638790130615e-01
1.275188848376274109e-02
4.175128638744354248e-01
0.000000000000000000e+00
4.456034302711486816e-02
7.366443276405334473e-01
1.095706105232238770e+00
4.083035048097372055e-03
4.604521095752716064e-01
1.620270609855651855e+00
2.016147673130035400e-01
1.223453640937805176e+00
7.281649112701416016e-01
0.000000000000000000e+00
1.425854414701461792e-01
3.314905613660812378e-02
0.000000000000000000e+00
5.182639956474304199e-01
1.412855982780456543e-01
1.668978780508041382e-01
1.042879104614257812e+00
1.725517511367797852e-01
2.043527364730834961e+00
4.045886993408203125e-01
7.929862141609191895e-01
1.825870156288146973e+00
5.598424673080444336e-01
6.103078648447990417e-02
1.120060831308364868e-01
9.019644558429718018e-02
2.619033455848693848e-01
5.150078609585762024e-02
7.055766582489013672e-01
3.280517086386680603e-02
9.499359875917434692e-03
8.469088375568389893e-02
2.176956981420516968e-01
6.290032267570495605e-01
0.000000000000000000e+00
0.000000000000000000e+00
4.364375770092010498e-01
1.654129385948181152e+00
0.000000000000000000e+00
3.470044732093811035e-01
8.257375955581665039e-01
1.062968373298645020e+00
3.056697733700275421e-02
3.084239065647125244e-01
6.407866720110177994e-03
2.252052724361419678e-02
4.565599262714385986e-01
6.076606363058090210e-02
2.008046954870223999e-01
6.574487686157226562e-01
1.453968137502670288e-01
1.235802844166755676e-02
1.089618578553199768e-01
4.328477680683135986e-01
2.949390113353729248e-01
5.363219380378723145e-01
1.796042323112487793e-01
1.252142310142517090e+00
0.000000000000000000e+00
5.283747911453247070e-01
6.117589655332267284e-04
1.265184640884399414e+00
1.064415499567985535e-01
4.611048474907875061e-02
3.958276212215423584e-01
2.661178588867187500e+00
0.000000000000000000e+00
1.159924492239952087e-01
0.000000000000000000e+00
5.720384716987609863e-01
3.553261756896972656e-01
3.576657548546791077e-02
1.423089858144521713e-02
1.842862963676452637e-01
5.020725727081298828e-01
1.428343176841735840e+00
1.428753789514303207e-02
0.000000000000000000e+00
0.000000000000000000e+00
1.794181019067764282e-02
1.255282044410705566e+00
3.176311850547790527e-01
6.293377876281738281e-01
1.174828529357910156e+00
7.418090011924505234e-03
0.000000000000000000e+00
8.482650853693485260e-03
1.227094680070877075e-01
7.671512663364410400e-02
4.420088827610015869e-01
2.542841434478759766e-02
1.733406037092208862e-01
2.083003818988800049e-01
0.000000000000000000e+00
2.510153949260711670e-01
6.110633537173271179e-02
6.458926200866699219e-01
2.378714829683303833e-01
4.254032373428344727e-01
7.848237454891204834e-02
3.075079321861267090e-01
1.402341872453689575e-01
1.539507061243057251e-01
2.426600903272628784e-01
3.944228887557983398e-01
0.000000000000000000e+00
1.211034178733825684e+00
8.113202452659606934e-01
1.006311085075139999e-02
2.338095568120479584e-02
7.240335345268249512e-01
3.686285912990570068e-01
7.858836092054843903e-03
7.746973633766174316e-01
0.000000000000000000e+00
3.702972233295440674e-01
2.274132817983627319e-01
1.414088159799575806e-01
7.366592884063720703e-01
3.372531831264495850e-01
0.000000000000000000e+00
1.745382100343704224e-01
1.441021304344758391e-04
3.057589381933212280e-02
1.191644310951232910e+00
5.963441729545593262e-01
8.772195316851139069e-03
2.235175110399723053e-02
8.879282474517822266e-01
3.038787096738815308e-02
6.459775567054748535e-02
0.000000000000000000e+00
7.714996337890625000e-01
0.000000000000000000e+00
4.901327788829803467e-01
7.651263475418090820e-02
3.412197828292846680e+00
1.381903886795043945e-01
4.735805690288543701e-01
1.469850093126296997e-01
1.700856685638427734e-01
0.000000000000000000e+00
5.938270315527915955e-02
2.791859805583953857e-01
6.424603611230850220e-02
1.435581445693969727e+00
2.579067051410675049e-01
8.587732166051864624e-02
9.206570982933044434e-01
5.205565690994262695e-01
4.430690780282020569e-03
0.000000000000000000e+00
6.063278913497924805e-01
3.467969968914985657e-02
8.540179580450057983e-02
4.881173670291900635e-01
0.000000000000000000e+00
1.895143091678619385e-01
2.798700034618377686e-01
6.560854613780975342e-03
2.453178353607654572e-02
1.293604448437690735e-02
1.367487758398056030e-01
1.521174311637878418e-01
0.000000000000000000e+00
3.090806305408477783e-01
5.970081090927124023e-01
6.947603076696395874e-02
0.000000000000000000e+00
2.001240730285644531e+00
3.107835352420806885e-01
0.000000000000000000e+00
2.083841860294342041e-01
6.647913902997970581e-02
1.406724303960800171e-01
9.254694730043411255e-02
4.196597933769226074e-01
0.000000000000000000e+00
6.204473227262496948e-02
8.354823291301727295e-02
6.016280874609947205e-02
2.907944440841674805e+00
0.000000000000000000e+00
4.360592067241668701e-01
4.926036670804023743e-02
0.000000000000000000e+00
3.455843627452850342e-01
0.000000000000000000e+00
2.261109650135040283e-02
1.096599847078323364e-01
5.762265622615814209e-02
2.996130883693695068e-01
7.739261984825134277e-01
1.881037831306457520e+00
0.000000000000000000e+00
8.033861406147480011e-03
3.123473934829235077e-02
1.821341991424560547e+00
2.385596781969070435e-01
9.007328189909458160e-03
2.783221006393432617e-01
4.861389100551605225e-01
5.417308211326599121e-01
0.000000000000000000e+00
9.086266160011291504e-01
1.568795680999755859e+00
9.053687565028667450e-03
0.000000000000000000e+00
6.577262878417968750e-01
4.431146085262298584e-01
0.000000000000000000e+00
3.633816838264465332e-01
1.751857437193393707e-02
2.798409759998321533e-01
1.308059692382812500e-01
1.137416601181030273e+00
9.906591475009918213e-02
7.540488243103027344e-02
3.246107101440429688e+00
5.707046762108802795e-02
6.604499220848083496e-01
5.393946915864944458e-02
4.531681165099143982e-02
1.712667047977447510e-01
3.094556331634521484e-01
1.507478654384613037e-01
0.000000000000000000e+00
4.749992489814758301e-02
0.000000000000000000e+00
3.394930124282836914e+00
3.387655019760131836e-01
2.755143940448760986e-01
1.758358031511306763e-01
4.381349384784698486e-01
6.578824520111083984e-01
3.068696260452270508e-01
0.000000000000000000e+00
2.742896974086761475e-02
4.228040203452110291e-02
1.257763653993606567e-01
1.690255403518676758e-01
7.783089280128479004e-01
0.000000000000000000e+00
2.093186136335134506e-03
3.965239226818084717e-01
3.967694342136383057e-01
1.047827303409576416e-02
1.073080021888017654e-02
2.349967323243618011e-02
0.000000000000000000e+00
0.000000000000000000e+00
0.000000000000000000e+00
3.378123939037322998e-01
5.112707614898681641e-01
1.968638420104980469e+00
6.834838390350341797e-01
1.542300581932067871e-01
1.110765337944030762e-01
1.461346894502639771e-01
1.016105294227600098e+00
6.953580379486083984e-01
4.898903369903564453e-01
1.293888330459594727e+00
7.416887283325195312e-01
0.000000000000000000e+00
0.000000000000000000e+00
7.294809818267822266e-01
1.195174604654312134e-01
7.348157814703881741e-04
2.266906434670090675e-03
1.274505704641342163e-01
3.987120836973190308e-02
6.720811724662780762e-01
0.000000000000000000e+00
2.227944284677505493e-01
0.000000000000000000e+00
1.385490447282791138e-01
0.000000000000000000e+00
3.238432109355926514e-01
6.685048341751098633e-02
2.351008951663970947e-01
0.000000000000000000e+00
2.292843721807003021e-02
3.471564352512359619e-01
1.512993812561035156e+00
6.138627976179122925e-02
1.592173814773559570e+00
5.598411560058593750e-01
7.441176474094390869e-02
5.756248831748962402e-01
0.000000000000000000e+00
6.115203499794006348e-01
5.222170799970626831e-02
2.774837613105773926e-01
6.869616452604532242e-03
5.413089320063591003e-02
2.720060050487518311e-01
4.419161677360534668e-01
0.000000000000000000e+00
5.244890451431274414e-01
3.640944957733154297e-01
0.000000000000000000e+00
1.229206845164299011e-02
1.231991723179817200e-01
6.344046592712402344e-01
8.064640760421752930e-01
2.229866199195384979e-02
0.000000000000000000e+00
4.959599971771240234e-01
8.304771035909652710e-02
9.139757752418518066e-01
1.670204401016235352e-01
8.291174173355102539e-01
6.366495490074157715e-01
2.285091280937194824e-01
2.646713554859161377e-01
1.962917158380150795e-03
1.497565209865570068e-01
5.781305432319641113e-01
1.920728236436843872e-01
0.000000000000000000e+00
0.000000000000000000e+00
9.856932610273361206e-02
8.079236000776290894e-02
1.185107901692390442e-01
0.000000000000000000e+00
3.007778339087963104e-02
1.615835167467594147e-02
1.214290931820869446e-01
3.467984795570373535e-01
2.808819524943828583e-02
1.161856343969702721e-03
1.565191522240638733e-02
9.698967337608337402e-01
0.000000000000000000e+00
0.000000000000000000e+00
7.697787880897521973e-01
1.400082945823669434e+00
6.848971545696258545e-02
2.639749944210052490e-01
2.641785144805908203e-01
1.171366691589355469e+00
5.894408747553825378e-02
1.279233098030090332e-01
4.641331359744071960e-02
1.208610653877258301e+00
2.479417771100997925e-01
0.000000000000000000e+00
3.136734664440155029e-02
5.604483187198638916e-02
1.685222089290618896e-01
9.284245222806930542e-02
3.177892863750457764e-01
0.000000000000000000e+00
9.251043945550918579e-02
2.046143412590026855e-01
4.313489198684692383e-01
8.968657255172729492e-02
0.000000000000000000e+00
1.277938932180404663e-01
7.079766597598791122e-03
1.261923909187316895e+00
1.257961839437484741e-01
1.374184191226959229e-01
2.384647959843277931e-03
6.731788814067840576e-02
1.765829175710678101e-01
9.504637122154235840e-02
1.347036212682723999e-01
5.545149371027946472e-02
3.946734964847564697e-01
0.000000000000000000e+00
3.121157169342041016e+00
2.184033691883087158e-01
4.269921481609344482e-01
6.080500036478042603e-02
2.023904919624328613e-01
0.000000000000000000e+00
1.304148882627487183e-02
3.557498455047607422e-01
3.248716592788696289e-01
3.747908174991607666e-01
1.528509054332971573e-02
5.012497678399085999e-02
0.000000000000000000e+00
4.566289484500885010e-01
0.000000000000000000e+00
4.564051702618598938e-02
2.685909532010555267e-02
5.591333657503128052e-02
4.482465088367462158e-01
8.085273504257202148e-01
2.959932982921600342e-01
9.160960316658020020e-01
1.734262257814407349e-01
2.874155938625335693e-01
1.677396535873413086e+00
2.930658161640167236e-01
2.006610184907913208e-01
7.904031127691268921e-02
1.850430816411972046e-01
2.523595690727233887e-01
8.052024990320205688e-02
1.721521317958831787e-01
5.263717174530029297e-01
8.170646429061889648e-02
0.000000000000000000e+00
0.000000000000000000e+00
3.351943939924240112e-02
4.715905711054801941e-02
0.000000000000000000e+00
1.297167688608169556e-01
0.000000000000000000e+00
1.090008735656738281e+00
5.553189516067504883e-01
8.187627792358398438e-01
3.460083246231079102e+00
9.774431586265563965e-02
4.661013185977935791e-01
5.394965410232543945e-02
3.987109288573265076e-02
6.000841036438941956e-02
0.000000000000000000e+00
1.485823541879653931e-01
1.682926416397094727e-01
0.000000000000000000e+00
8.556936383247375488e-01
2.090681314468383789e+00
4.309712648391723633e-01
2.097938209772109985e-02
4.601130262017250061e-02
1.836380176246166229e-02
9.556081146001815796e-02
2.678712606430053711e-01
3.526074588298797607e-01
6.769530773162841797e-01
0.000000000000000000e+00
0.000000000000000000e+00
9.462913125753402710e-02
3.044059034436941147e-03
5.030631422996520996e-01
4.786096215248107910e-01
3.493587970733642578e-01
0.000000000000000000e+00
7.949455976486206055e-01
4.079073667526245117e-02
1.255832426249980927e-02
0.000000000000000000e+00
0.000000000000000000e+00
4.117138087749481201e-01
1.529795229434967041e-01
4.469454884529113770e-01
1.722332239151000977e-01
2.141441553831100464e-01
1.777920126914978027e-02
5.762691423296928406e-02
0.000000000000000000e+00
1.872762143611907959e-01
7.951222658157348633e-01
1.821552589535713196e-02
2.469981461763381958e-01
2.331340909004211426e-01
0.000000000000000000e+00
2.488405257463455200e-01
1.196631863713264465e-01
9.726383537054061890e-02
8.545052260160446167e-02
9.246332645416259766e-01
8.070543408393859863e-01
6.205039024353027344e-01
1.199112012982368469e-01
1.146764084696769714e-01
4.568312466144561768e-01
7.101380825042724609e-02
3.953767195343971252e-02
9.751629829406738281e-01
2.883946001529693604e-01
0.000000000000000000e+00
1.297737360000610352e+00
2.492578327655792236e-01
1.529187083244323730e+00
0.000000000000000000e+00
4.732658565044403076e-01
1.162297248840332031e+00
4.674036055803298950e-02
5.082224607467651367e-01
0.000000000000000000e+00
7.763595581054687500e-01
1.425605416297912598e+00
1.641987562179565430e-01
4.727461561560630798e-02
1.426902651786804199e+00
3.573556244373321533e-02
3.030229806900024414e-01
3.407388031482696533e-01
0.000000000000000000e+00
7.979170083999633789e-01
2.382624447345733643e-01
0.000000000000000000e+00
1.582280039787292480e+00
3.280483484268188477e-01
0.000000000000000000e+00
0.000000000000000000e+00
1.302785396575927734e+00
9.730921685695648193e-02
7.243913412094116211e-01
7.106124162673950195e-01
3.739251196384429932e-01
1.142620801925659180e+00
2.104538306593894958e-02
1.017054170370101929e-01
5.547649413347244263e-02
4.687434807419776917e-02
1.119913682341575623e-01
1.034042015671730042e-01
8.236728608608245850e-02
1.887642574729397893e-04
5.274723842740058899e-02
4.121000766754150391e-01
3.980150818824768066e-02
1.166848912835121155e-01
2.530274093151092529e-01
1.757896542549133301e-01
2.017102986574172974e-01
1.230668276548385620e-01
1.256406903266906738e-01
2.159048803150653839e-02
1.542795598506927490e-01
2.542574107646942139e-01
4.881051927804946899e-02
1.980814486742019653e-01
0.000000000000000000e+00
0.000000000000000000e+00
7.113169878721237183e-02
0.000000000000000000e+00
2.801577746868133545e-02
0.000000000000000000e+00
5.675026893615722656e+00
1.558917611837387085e-01
2.595380246639251709e-01
3.216786980628967285e-01
4.855441749095916748e-01
2.928585112094879150e-01
3.177256509661674500e-02
2.013680696487426758e+00
2.538741566240787506e-02
1.472586095333099365e-01
0.000000000000000000e+00
2.785125970840454102e-01
5.958027243614196777e-01
1.550776213407516479e-01
1.874277710914611816e+00
