1.058203577995300293e-01
2.023201704025268555e+00
7.171520590782165527e-01
5.755034685134887695e-01
3.611345589160919189e-02
5.994687601923942566e-02
1.127054095268249512e-01
4.514131695032119751e-02
1.219072565436363220e-01
4.773549437522888184e-01
1.843918710947036743e-01
5.013978481292724609e-01
9.578038007020950317e-02
0.000000000000000000e+00
5.131454467773437500e-01
0.000000000000000000e+00
6.704352330416440964e-03
0.000000000000000000e+00
2.452715337276458740e-01
0.000000000000000000e+00
2.518263757228851318e-01
1.286990493535995483e-01
0.000000000000000000e+00
1.911253184080123901e-01
7.467690110206604004e-02
9.412723034620285034e-02
6.842768788337707520e-01
0.000000000000000000e+00
9.171968698501586914e-02
7.681292016059160233e-03
2.565449714660644531e+00
8.600156009197235107e-02
1.589814722537994385e-01
4.184171557426452637e-02
1.014313846826553345e-02
1.172474741935729980e+00
1.686842367053031921e-02
0.000000000000000000e+00
1.797506511211395264e-01
1.125102758407592773e+00
1.193291783332824707e+00
1.464889407157897949e+00
8.003645576536655426e-03
9.786839038133621216e-02
6.455474495887756348e-01
0.000000000000000000e+00
0.000000000000000000e+00
2.676545642316341400e-02
0.000000000000000000e+00
1.042527675628662109e+00
3.049623966217041016e-01
1.135469317436218262e+00
5.359748601913452148e-01
1.295401930809020996e+00
1.504061698913574219e+00
4.364999234676361084e-01
9.786716848611831665e-02
1.275883316993713379e-01
8.570685386657714844e-01
7.399137020111083984e-01
2.869543433189392090e-01
2.131110802292823792e-02
7.630560994148254395e-01
2.596924602985382080e-01
2.054019868373870850e-01
3.282301500439643860e-02
0.000000000000000000e+00
9.774474501609802246e-01
5.338119864463806152e-01
0.000000000000000000e+00
4.052570462226867676e-01
1.023329049348831177e-02
0.000000000000000000e+00
8.277186155319213867e-01
2.987605333328247070e-01
7.528758049011230469e-02
2.542875111103057861e-01
0.000000000000000000e+00
2.621725797653198242e+00
1.397015992552042007e-02
1.848025560379028320e+00
9.435354471206665039e-01
7.302922662347555161e-03
5.689674988389015198e-02
0.000000000000000000e+00
2.814144611358642578e+00
1.013388484716415405e-02
1.371477358043193817e-02
3.030395135283470154e-03
4.784228280186653137e-03
2.687077783048152924e-02
5.179868936538696289e-01
9.840532438829541206e-04
1.625883392989635468e-03
0.000000000000000000e+00
1.883976012468338013e-01
2.650087475776672363e-01
0.000000000000000000e+00
1.792072653770446777e+00
6.279606223106384277e-01
2.589645147323608398e+00
9.030848741531372070e-01
0.000000000000000000e+00
3.287661075592041016e+00
1.459577560424804688e+00
1.018240377306938171e-01
8.681511878967285156e-01
0.000000000000000000e+00
2.520283699035644531e+00
1.871113777160644531e+00
1.198027580976486206e-01
2.790284343063831329e-03
4.349524080753326416e-01
4.652683138847351074e-01
6.032538041472434998e-02
1.751853823661804199e-01
1.538529992103576660e+00
4.636399447917938232e-02
8.380929008126258850e-03
3.248856589198112488e-02
5.612573623657226562e-01
3.905255198478698730e-01
0.000000000000000000e+00
2.035542726516723633e-01
5.767158508300781250e+00
0.000000000000000000e+00
0.000000000000000000e+00
2.368604183197021484e+00
0.000000000000000000e+00
3.552665710449218750e-01
7.789954543113708496e-01
4.753081302624195814e-04
0.000000000000000000e+00
1.501048952341079712e-01
1.676390171051025391e-01
0.000000000000000000e+00
7.373941540718078613e-01
3.149718791246414185e-02
2.634342610836029053e-01
0.000000000000000000e+00
2.858714461326599121e-01
8.128954172134399414e-01
3.296059090644121170e-03
1.196109414100646973e+00
3.751832544803619385e-01
8.518607169389724731e-02
5.861873030662536621e-01
0.000000000000000000e+00
0.000000000000000000e+00
7.205877304077148438e-01
3.451284408569335938e+00
1.044390439987182617e+00
2.705722581595182419e-04
2.192796766757965088e-01
1.787570118904113770e-01
5.069671273231506348e-01
1.530472993850708008e+00
0.000000000000000000e+00
9.393311291933059692e-02
7.837727665901184082e-02
2.413391135632991791e-02
4.614516161382198334e-03
1.597618567757308483e-03
2.419138997793197632e-01
4.062225818634033203e-01
2.416875839233398438e+00
1.989445239305496216e-01
8.826632052659988403e-02
1.116956397891044617e-01
4.789968132972717285e-01
7.782108783721923828e-01
2.270824015140533447e-01
0.000000000000000000e+00
0.000000000000000000e+00
0.000000000000000000e+00
2.032985091209411621e-01
2.477813661098480225e-01
6.793975830078125000e-03
3.612777888774871826e-01
5.349422097206115723e-01
2.555561661720275879e-01
5.872029811143875122e-02
6.034942269325256348e-01
7.061798572540283203e-01
5.616569519042968750e-01
1.586488932371139526e-01
1.790504008531570435e-01
1.448586940765380859e+00
9.655424207448959351e-02
0.000000000000000000e+00
7.025911211967468262e-01
1.041801050305366516e-01
4.859524071216583252e-01
5.339231491088867188e-01
0.000000000000000000e+00
7.350418251007795334e-03
1.243981242179870605e+00
0.000000000000000000e+00
2.945937216281890869e-01
1.286278516054153442e-01
2.966966927051544189e-01
0.000000000000000000e+00
2.707999348640441895e-01
0.000000000000000000e+00
1.097300171852111816e+00
4.365706071257591248e-02
7.469807267189025879e-01
2.055122144520282745e-02
2.822425067424774170e-01
0.000000000000000000e+00
3.481197059154510498e-01
0.000000000000000000e+00
2.022233754396438599e-01
0.000000000000000000e+00
6.667416542768478394e-02
0.000000000000000000e+00
1.463002115488052368e-01
7.701552822254598141e-04
1.582705974578857422e-01
9.719735383987426758e-02
1.623943448066711426e-01
2.471991628408432007e-01
1.736808121204376221e-01
0.000000000000000000e+00
1.803927682340145111e-02
1.765224814414978027e+00
7.944438457489013672e-01
6.960579007863998413e-02
1.090643182396888733e-01
3.228406608104705811e-01
1.784772723913192749e-01
0.000000000000000000e+00
4.368121176958084106e-02
6.869048476219177246e-01
0.000000000000000000e+00
0.000000000000000000e+00
0.000000000000000000e+00
4.267212748527526855e-02
8.628345280885696411e-02
1.576488614082336426e-01
6.116145253181457520e-01
2.815608121454715729e-02
1.575456410646438599e-01
0.000000000000000000e+00
2.308511137962341309e-01
1.408091634511947632e-01
7.327646482735872269e-03
2.561965724453330040e-03
2.716060876846313477e-01
2.186033176258206367e-03
4.837816953659057617e-01
3.079343819990754128e-03
8.706711232662200928e-03
3.145718201994895935e-02
1.958358883857727051e-01
3.880966305732727051e-01
5.091588199138641357e-02
2.284769155085086823e-02
1.038931682705879211e-02
1.594981998205184937e-01
7.270309925079345703e-01
1.970783807337284088e-02
7.243009209632873535e-01
1.146480999886989594e-02
2.892221212387084961e-01
2.256265655159950256e-02
3.457068204879760742e-01
1.381279081106185913e-01
4.840810969471931458e-02
0.000000000000000000e+00
9.286444783210754395e-01
0.000000000000000000e+00
7.731184829026460648e-03
5.573968291282653809e-01
1.136409044265747070e-01
3.117553889751434326e-01
5.147222056984901428e-02
5.442892909049987793e-01
4.952479153871536255e-03
7.891484498977661133e-01
2.461473941802978516e-01
2.168644778430461884e-02
8.821241259574890137e-01
6.336850672960281372e-02
1.434727311134338379e-01
2.113308012485504150e-01
2.821164764463901520e-02
5.362299084663391113e-01
8.461848258972167969e+00
5.131113901734352112e-02
3.130922317504882812e-01
2.202176451683044434e-01
1.189889907836914062e-01
4.601627960801124573e-02
8.515526056289672852e-01
1.168107017874717712e-01
8.439031429588794708e-03
6.022446602582931519e-02
1.569820009171962738e-02
5.600331723690032959e-02
0.000000000000000000e+00
2.950743772089481354e-02
6.021878719329833984e-01
0.000000000000000000e+00
5.840695812366902828e-04
0.000000000000000000e+00
2.118147313594818115e-01
4.485486447811126709e-02
0.000000000000000000e+00
7.557125687599182129e-01
1.211181208491325378e-01
5.964899063110351562e-01
2.032681927084922791e-02
3.689066469669342041e-01
2.891956269741058350e-02
5.706108212471008301e-01
1.839869767427444458e-01
2.410466969013214111e-01
2.011411786079406738e-01
3.786590648815035820e-03
0.000000000000000000e+00
2.987011969089508057e-01
2.278221696615219116e-01
1.405105739831924438e-01
0.000000000000000000e+00
0.000000000000000000e+00
0.000000000000000000e+00
9.070694446563720703e-01
3.910251259803771973e-01
3.707003593444824219e-02
4.519946873188018799e-01
1.064304932951927185e-01
7.482582926750183105e-01
6.072627380490303040e-02
5.659445524215698242e-01
8.847218751907348633e-01
1.268897484987974167e-02
3.783456981182098389e-02
1.336787343025207520e-01
1.094662249088287354e-01
0.000000000000000000e+00
1.021513342857360840e-01
2.075768075883388519e-02
0.000000000000000000e+00
3.760093450546264648e-01
0.000000000000000000e+00
0.000000000000000000e+00
1.410190761089324951e-01
1.512591481208801270e+00
3.601998984813690186e-01
1.972438991069793701e-01
5.011333227157592773e-01
2.700432762503623962e-02
3.034060895442962646e-01
1.724496856331825256e-02
3.475197255611419678e-01
1.899994760751724243e-01
4.103617668151855469e-01
0.000000000000000000e+00
0.000000000000000000e+00
9.724544882774353027e-01
3.845819234848022461e-01
6.455683112144470215e-01
3.491789102554321289e-02
2.548776865005493164e-01
9.428938031196594238e-01
4.663001000881195068e-01
2.894635498523712158e-01
7.015975713729858398e-01
0.000000000000000000e+00
1.413292344659566879e-02
7.322448492050170898e-01
0.000000000000000000e+00
3.907141923904418945e+00
5.850471854209899902e-01
2.351641356945037842e-01
1.242743618786334991e-02
1.030581593513488770e-01
0.000000000000000000e+00
1.655404567718505859e-01
2.968883216381072998e-01
2.127535343170166016e+00
3.320530056953430176e-01
8.054063469171524048e-02
5.240886807441711426e-01
2.005031332373619080e-02
1.436025500297546387e-01
3.950936496257781982e-01
7.533810287714004517e-02
0.000000000000000000e+00
4.540049470961093903e-03
3.029234409332275391e-01
4.389322549104690552e-02
0.000000000000000000e+00
1.776438236236572266e+00
3.559204339981079102e-01
4.252084493637084961e-01
1.337304830551147461e+00
2.008797228336334229e-01
3.273989558219909668e-01
9.859855473041534424e-02
1.357986778020858765e-01
6.105419248342514038e-02
6.649577617645263672e-02
2.140864372253417969e+00
5.671117305755615234e-01
0.000000000000000000e+00
0.000000000000000000e+00
1.615320146083831787e-01
4.922883212566375732e-01
3.233976066112518311e-01
7.852845191955566406e-01
7.624193094670772552e-03
5.656262040138244629e-01
1.131180748343467712e-01
5.928610637784004211e-02
0.000000000000000000e+00
1.232284400612115860e-02
0.000000000000000000e+00
8.040630258619785309e-03
0.000000000000000000e+00
1.471899449825286865e-01
6.473307032138109207e-03
5.132763385772705078e-01
2.360046803951263428e-01
0.000000000000000000e+00
2.683441162109375000e+00
2.895405292510986328e-01
0.000000000000000000e+00
2.252095222473144531e+00
5.610880374908447266e+00
0.000000000000000000e+00
2.791941165924072266e+00
0.000000000000000000e+00
1.642646454274654388e-02
5.701865196228027344e+00
3.354585170745849609e-01
0.000000000000000000e+00
9.451378881931304932e-02
9.506915509700775146e-02
0.000000000000000000e+00
0.000000000000000000e+00
1.406834833323955536e-02
6.121148467063903809e-01
0.000000000000000000e+00
3.330467641353607178e-01
0.000000000000000000e+00
2.391300350427627563e-01
2.888578772544860840e-01
5.140781030058860779e-02
2.309635728597640991e-01
0.000000000000000000e+00
7.575345635414123535e-01
0.000000000000000000e+00
1.311666727066040039e+00
5.958424806594848633e-01
1.417849771678447723e-02
8.689577877521514893e-02
6.261513233184814453e-01
1.862685084342956543e-01
6.988087892532348633e-01
6.042590141296386719e-01
7.016079425811767578e-01
0.000000000000000000e+00
0.000000000000000000e+00
1.617380976676940918e-01
1.187374144792556763e-01
4.485325887799263000e-02
3.871107101440429688e-02
8.926363661885261536e-03
3.054184317588806152e-01
8.636800050735473633e-01
6.847246736288070679e-02
9.407700300216674805e-01
2.605429477989673615e-02
3.159048408269882202e-02
6.968960165977478027e-01
6.795936077833175659e-02
4.689272120594978333e-02
3.101995289325714111e-01
8.364158868789672852e-01
9.894628077745437622e-02
2.518799304962158203e-01
0.000000000000000000e+00
2.178698927164077759e-01
1.781249493360519409e-01
6.392258405685424805e-01
7.317882031202316284e-02
1.543441414833068848e+00
1.435169391334056854e-02
1.742824673652648926e+00
1.929005861282348633e+00
7.969151437282562256e-02
3.267170786857604980e-01
1.254174560308456421e-01
4.378037452697753906e-01
0.000000000000000000e+00
1.558931767940521240e-01
8.925317525863647461e-01
0.000000000000000000e+00
0.000000000000000000e+00
1.618889532983303070e-02
4.847723841667175293e-01
0.000000000000000000e+00
5.758460164070129395e-01
6.739251315593719482e-02
7.052958011627197266e-01
0.000000000000000000e+00
3.626205027103424072e-01
7.236881554126739502e-02
0.000000000000000000e+00
8.379744738340377808e-02
8.093873038887977600e-04
6.686926633119583130e-02
0.000000000000000000e+00
1.501351222395896912e-02
9.990387409925460815e-02
1.128465414047241211e+00
0.000000000000000000e+00
2.409438602626323700e-03
1.695954918861389160e+00
9.287409186363220215e-01
3.428382799029350281e-02
1.085331756621599197e-02
1.861650496721267700e-01
3.109892308712005615e-01
0.000000000000000000e+00
6.673253774642944336e-01
7.979388833045959473e-01
2.789978981018066406e-01
2.193463742733001709e-01
6.386473029851913452e-02
3.130869269371032715e-01
3.112313896417617798e-02
7.133975159376859665e-03
1.398194134235382080e-01
6.989551186561584473e-01
4.473057687282562256e-01
8.100125193595886230e-02
1.152700185775756836e-01
6.354532837867736816e-01
2.783505618572235107e-02
3.372494578361511230e-01
4.431654512882232666e-02
6.130337119102478027e-01
1.299055576324462891e+00
7.948561012744903564e-02
4.618795588612556458e-02
3.800190612673759460e-02
4.087126255035400391e-01
2.397773787379264832e-02
4.818634130060672760e-03
3.270556330680847168e-01
6.063068285584449768e-02
1.074222475290298462e-01
0.000000000000000000e+00
4.017589986324310303e-01
0.000000000000000000e+00
3.456129729747772217e-01
0.000000000000000000e+00
1.389968544244766235e-01
9.309578686952590942e-02
9.380450248718261719e-01
1.044029593467712402e+00
2.932525612413883209e-02
0.000000000000000000e+00
7.285073995590209961e-01
3.561059534549713135e-01
8.311843872070312500e-02
0.000000000000000000e+00
1.676745116710662842e-01
2.642341852188110352e-01
3.956191241741180420e-03
4.977100372314453125e+00
3.635306358337402344e-01
6.639337539672851562e-01
0.000000000000000000e+00
5.744696855545043945e-01
1.139945864677429199e+00
2.215732634067535400e-01
4.445612430572509766e-01
3.478845814242959023e-03
8.351860642433166504e-01
1.826599985361099243e-01
1.814692914485931396e-01
1.591814123094081879e-02
4.129754379391670227e-02
6.918241381645202637e-01
9.908035993576049805e-01
4.331785738468170166e-01
9.011502861976623535e-01
0.000000000000000000e+00
2.306682765483856201e-01
3.442782163619995117e-01
4.466840066015720367e-03
0.000000000000000000e+00
0.000000000000000000e+00
2.924537658691406250e-01
2.386166155338287354e-01
0.000000000000000000e+00
1.829303801059722900e-01
1.163493990898132324e+00
4.197700917720794678e-01
7.055224478244781494e-02
1.230548601597547531e-02
7.577527165412902832e-01
9.810912422835826874e-03
7.544368971139192581e-03
1.029792428016662598e+00
2.705562114715576172e-02
3.984901588410139084e-03
1.944108307361602783e-02
1.178039833903312683e-01
0.000000000000000000e+00
2.343387007713317871e-01
1.830046437680721283e-02
3.600489720702171326e-02
1.751518696546554565e-01
0.000000000000000000e+00
3.553619980812072754e-02
0.000000000000000000e+00
0.000000000000000000e+00
5.209116935729980469e-01
3.694699704647064209e-01
4.228133708238601685e-02
9.789230346679687500e+00
1.263854205608367920e-01
2.973648071289062500e+00
4.916234016418457031e-01
4.867565259337425232e-02
5.858984217047691345e-02
5.555701851844787598e-01
0.000000000000000000e+00
1.377092599868774414e+00
1.241105142980813980e-02
2.526856362819671631e-01
7.379967137239873409e-04
3.754141032695770264e-01
9.689843654632568359e-02
0.000000000000000000e+00
2.347438573837280273e+00
0.000000000000000000e+00
1.128876566886901855e+00
7.284638285636901855e-01
1.121058225631713867e+00
1.363845348358154297e+00
3.422493934631347656e-01
3.207841217517852783e-01
1.831953413784503937e-02
8.285000175237655640e-02
1.584205031394958496e-01
0.000000000000000000e+00
0.000000000000000000e+00
3.580753505229949951e-02
3.203717231750488281e+00
2.304256439208984375e+00
0.000000000000000000e+00
1.425273299217224121e+00
1.525699794292449951e-01
2.745852947235107422e+00
1.988123543560504913e-02
1.076698303222656250e-01
0.000000000000000000e+00
0.000000000000000000e+00
2.143559902906417847e-01
2.225952386856079102e+00
1.817032098770141602e-01
0.000000000000000000e+00
1.271728277206420898e-01
2.622548490762710571e-03
0.000000000000000000e+00
1.880136430263519287e-01
1.417675334960222244e-02
1.934371143579483032e-01
0.000000000000000000e+00
4.292716085910797119e-01
9.022855162620544434e-01
1.645919799804687500e+00
0.000000000000000000e+00
3.168649435043334961e+00
2.273156121373176575e-02
7.265498042106628418e-01
3.938464447855949402e-03
8.716642260551452637e-01
2.543013393878936768e-01
9.741225838661193848e-02
6.826275587081909180e-01
3.549311775714159012e-03
0.000000000000000000e+00
2.750454246997833252e-01
7.402374744415283203e-01
5.136716738343238831e-02
0.000000000000000000e+00
0.000000000000000000e+00
2.327816188335418701e-01
8.406482636928558350e-02
1.516133248805999756e-01
1.392318308353424072e-01
6.471755448728799820e-03
1.645914316177368164e-01
4.359197914600372314e-01
4.459338635206222534e-02
1.265678167343139648e+00
0.000000000000000000e+00
3.264738991856575012e-02
2.694504559040069580e-01
1.722063302993774414e+00
4.356559813022613525e-01
4.947318881750106812e-02
0.000000000000000000e+00
2.138509273529052734e+00
8.304607868194580078e-02
1.521707326173782349e-02
3.778583049774169922e+00
1.999115049839019775e-01
2.188621759414672852e-01
8.974279165267944336e-01
2.289590090513229370e-01
5.254999399185180664e-01
1.279275894165039062e+00
1.017655491828918457e+00
2.757359470706433058e-04
1.257386058568954468e-01
2.606748342514038086e-01
4.925598502159118652e-01
1.403733156621456146e-03
1.190113902091979980e+00
0.000000000000000000e+00
0.000000000000000000e+00
0.000000000000000000e+00
6.944219022989273071e-02
6.232066079974174500e-02
0.000000000000000000e+00
1.004948973655700684e+00
1.075608968734741211e+00
3.457590565085411072e-02
5.693761706352233887e-01
0.000000000000000000e+00
1.216627750545740128e-02
2.668317407369613647e-02
2.188784927129745483e-01
2.477909922599792480e-01
2.584774196147918701e-01
0.000000000000000000e+00
0.000000000000000000e+00
1.787489652633666992e-01
2.374461889266967773e-01
8.620005100965499878e-02
4.545167386531829834e-01
5.351248383522033691e-02
5.530395358800888062e-02
4.678769707679748535e-01
1.853840500116348267e-01
2.435906603932380676e-02
0.000000000000000000e+00
1.911187916994094849e-02
4.790189266204833984e-01
0.000000000000000000e+00
6.326268911361694336e-01
7.497316598892211914e-01
2.745092213153839111e-01
3.263845741748809814e-01
2.051178514957427979e-01
4.039979539811611176e-03
9.090156294405460358e-03
5.785655230283737183e-03
1.677186228334903717e-02
4.819402936846017838e-03
9.672536700963973999e-02
3.820622563362121582e-01
2.150414511561393738e-02
6.327088922262191772e-02
1.630615442991256714e-01
1.014799773693084717e-01
5.121555551886558533e-02
8.187551051378250122e-03
7.138087153434753418e-01
0.000000000000000000e+00
1.461712002754211426e+00
2.503772675991058350e-01
1.268324255943298340e+00
8.225964903831481934e-01
3.071992993354797363e-01
0.000000000000000000e+00
4.503718763589859009e-02
7.467950135469436646e-02
6.838680058717727661e-02
0.000000000000000000e+00
3.024972677230834961e-01
2.114460170269012451e-01
0.000000000000000000e+00
6.688162684440612793e-02
2.320256233215332031e+00
4.919190891087055206e-03
3.793179616332054138e-02
0.000000000000000000e+00
0.000000000000000000e+00
3.499357029795646667e-02
6.667839735746383667e-02
1.090090751647949219e+00
1.659972360357642174e-03
1.387984633445739746e+00
7.948826998472213745e-02
8.011810481548309326e-03
6.781691908836364746e-01
1.806560754776000977e-01
1.339709907770156860e-01
5.527081489562988281e-01
2.353878878057003021e-02
0.000000000000000000e+00
2.754786983132362366e-02
6.518095731735229492e-02
4.977302253246307373e-02
2.707865536212921143e-01
8.051290512084960938e-01
1.684564054012298584e-01
2.067705690860748291e-01
3.149185776710510254e-01
3.829804360866546631e-01
1.876620650291442871e-01
0.000000000000000000e+00
0.000000000000000000e+00
4.541205465793609619e-01
6.869788765907287598e-01
3.952183961868286133e+00
0.000000000000000000e+00
7.110489606857299805e-01
0.000000000000000000e+00
6.673344373703002930e-01
1.971868574619293213e-01
3.373192250728607178e-01
1.047973632812500000e-01
0.000000000000000000e+00
5.276669859886169434e-01
9.565645596012473106e-04
0.000000000000000000e+00
3.524577245116233826e-02
5.794577673077583313e-02
5.928379297256469727e-02
0.000000000000000000e+00
0.000000000000000000e+00
2.369102388620376587e-01
6.239980459213256836e-02
4.824469685554504395e-01
1.126690804958343506e-01
3.827894628047943115e-01
3.775284811854362488e-02
1.838304847478866577e-02
2.567013740539550781e+00
3.627283871173858643e-01
7.228555679321289062e-01
4.583145380020141602e-01
7.611145973205566406e-01
6.644826848059892654e-03
1.928949505090713501e-01
4.960542917251586914e-01
4.050416499376296997e-02
1.420107334852218628e-01
2.172663807868957520e-02
7.055706381797790527e-01
1.462060809135437012e-01
5.831370130181312561e-02
7.835430651903152466e-02
7.286464795470237732e-03
1.037996727973222733e-02
0.000000000000000000e+00
0.000000000000000000e+00
2.259489148855209351e-02
3.069922327995300293e-03
3.460040688514709473e-02
1.207810789346694946e-01
3.427830338478088379e-02
2.157016657292842865e-02
4.571597278118133545e-02
8.874213695526123047e-02
0.000000000000000000e+00
2.241110429167747498e-03
3.189230263233184814e-01
3.417400717735290527e-01
1.918977200984954834e-01
1.739374101161956787e-01
1.102115884423255920e-01
4.545698761940002441e-01
2.339275553822517395e-03
1.347760677337646484e+00
1.034201413858681917e-04
8.212916553020477295e-03
6.688280105590820312e-01
0.000000000000000000e+00
0.000000000000000000e+00
2.096868276596069336e+00
0.000000000000000000e+00
5.006794929504394531e-01
1.772372424602508545e-02
1.210585311055183411e-01
1.042935028672218323e-01
3.202849328517913818e-01
1.439447849988937378e-01
2.590772628784179688e+00
0.000000000000000000e+00
3.601545989513397217e-01
7.171126604080200195e-01
3.841476738452911377e-01
0.000000000000000000e+00
0.000000000000000000e+00
0.000000000000000000e+00
2.210364863276481628e-02
1.450742930173873901e-01
0.000000000000000000e+00
4.584647342562675476e-02
0.000000000000000000e+00
1.237372984178364277e-03
4.635234177112579346e-02
9.584549665451049805e-01
0.000000000000000000e+00
1.879288232885301113e-03
6.596258282661437988e-01
1.105991378426551819e-01
1.868738174438476562e+00
2.641426920890808105e-01
2.340169250965118408e-01
3.197923004627227783e-01
2.011396456509828568e-03
8.118597418069839478e-02
3.794789612293243408e-01
8.820891380310058594e-03
1.704124510288238525e-01
3.856455087661743164e-01
2.648884057998657227e-01
0.000000000000000000e+00
5.432896614074707031e-01
1.481674984097480774e-02
3.625632822513580322e-01
2.095808275043964386e-02
1.997405197471380234e-03
1.975843787193298340e+00
3.095315992832183838e-01
0.000000000000000000e+00
0.000000000000000000e+00
4.559685289859771729e-02
9.313237667083740234e-01
1.249671339988708496e+00
1.999026685953140259e-01
6.357654929161071777e-01
1.756817400455474854e-01
0.000000000000000000e+00
2.838192880153656006e-01
4.731769114732742310e-02
5.235061049461364746e-02
3.664413690567016602e-01
8.896245062351226807e-02
2.011839002370834351e-01
1.633192300796508789e-01
3.435183465480804443e-01
1.079420745372772217e-01
2.456460237503051758e+00
4.924890398979187012e-02
0.000000000000000000e+00
4.899378120899200439e-01
2.260348051786422729e-01
1.037956357002258301e+00
7.708937674760818481e-02
7.851062715053558350e-02
2.819759538397192955e-03
1.357932202517986298e-02
2.010011672973632812e-02
8.995176106691360474e-02
1.261172771453857422e+00
9.778923541307449341e-02
0.000000000000000000e+00
6.767141632735729218e-03
1.128514334559440613e-01
7.325614094734191895e-01
9.975395798683166504e-01
1.400718837976455688e-02
2.822625935077667236e-01
1.170876175165176392e-01
3.449209630489349365e-01
0.000000000000000000e+00
0.000000000000000000e+00
1.712807863950729370e-01
3.971100747585296631e-01
0.000000000000000000e+00
4.152166545391082764e-01
3.365802019834518433e-02
2.168996781110763550e-01
9.810866415500640869e-02
4.254156649112701416e-01
6.722598671913146973e-01
3.524983301758766174e-02
1.713300794363021851e-01
2.395630814135074615e-02
1.944674737751483917e-02
1.167407333850860596e-01
3.185768842697143555e+00
1.857824772596359253e-01
3.062914824113249779e-03
2.579570412635803223e-01
0.000000000000000000e+00
0.000000000000000000e+00
1.604501157999038696e-02
0.000000000000000000e+00
3.557495772838592529e-02
1.665978729724884033e-01
0.000000000000000000e+00
1.736421952955424786e-03
7.270881533622741699e-02
4.981514066457748413e-02
3.972522318363189697e-01
0.000000000000000000e+00
1.770817935466766357e-01
8.800712972879409790e-02
2.373028779402375221e-03
6.464856117963790894e-02
4.348020851612091064e-01
0.000000000000000000e+00
0.000000000000000000e+00
0.000000000000000000e+00
1.624219655990600586e+00
1.840973943471908569e-01
1.254029750823974609e+00
9.985717386007308960e-02
3.092692792415618896e-02
2.179949283599853516e+00
6.433789134025573730e-01
2.690033018589019775e-01
1.681483536958694458e-01
1.466432064771652222e-01
7.934697717428207397e-02
5.691690370440483093e-02
2.287932485342025757e-01
6.651820242404937744e-02
5.000962018966674805e-01
1.752797327935695648e-02
0.000000000000000000e+00
9.353371262550354004e-01
2.666047215461730957e-01
4.314388707280158997e-02
3.082098439335823059e-02
4.518850743770599365e-01
2.891651690006256104e-01
1.132725715637207031e+00
1.337859749794006348e+00
2.848999202251434326e-01
0.000000000000000000e+00
1.169928982853889465e-01
1.451322250068187714e-02
6.822301149368286133e-01
1.491349842399358749e-02
1.017668982967734337e-03
4.768338426947593689e-02
2.581406617537140846e-03
8.073435425758361816e-01
2.335885353386402130e-02
0.000000000000000000e+00
0.000000000000000000e+00
0.000000000000000000e+00
4.100767374038696289e-01
0.000000000000000000e+00
1.727340519428253174e-01
3.487956821918487549e-01
1.325290322303771973e+00
5.403888821601867676e-01
2.092171693220734596e-03
8.644378185272216797e-02
1.670675426721572876e-01
7.137067615985870361e-02
1.733911037445068359e-01
1.254452951252460480e-02
1.757485559210181236e-03
0.000000000000000000e+00
3.932778239250183105e-01
1.167061328887939453e+00
0.000000000000000000e+00
1.725100874900817871e-01
2.238502502441406250e-01
1.569643616676330566e-02
1.066232681274414062e+00
2.624997310340404510e-02
4.100456535816192627e-01
4.007405042648315430e-02
0.000000000000000000e+00
3.233946859836578369e-01
1.202116906642913818e-02
0.000000000000000000e+00
1.891971528530120850e-01
2.279310375452041626e-01
2.231830805540084839e-01
2.647620737552642822e-01
1.787723749876022339e-01
1.967185549437999725e-02
7.986671328544616699e-01
1.279926449060440063e-01
1.709965243935585022e-02
2.193737477064132690e-01
1.009651832282543182e-02
1.039691090583801270e+00
1.847066283226013184e-01
1.582816243171691895e-01
5.507888793945312500e-01
1.032743677496910095e-01
0.000000000000000000e+00
1.573550581932067871e+00
3.503372669219970703e-01
2.707753777503967285e-01
1.360541209578514099e-02
3.733469406142830849e-03
0.000000000000000000e+00
5.667462944984436035e-02
1.352599705569446087e-03
5.647832751274108887e-01
3.841639682650566101e-02
3.832447230815887451e-01
1.994435861706733704e-02
3.483525514602661133e-01
3.431503176689147949e-01
2.996077835559844971e-01
1.877029612660408020e-02
1.382867433130741119e-02
1.792531758546829224e-01
1.090925112366676331e-01
2.055079787969589233e-01
9.855834245681762695e-01
2.076234966516494751e-01
6.623139381408691406e-01
4.899122714996337891e-01
2.812659740447998047e-02
9.481247067451477051e-01
1.013912439346313477e+00
0.000000000000000000e+00
0.000000000000000000e+00
0.000000000000000000e+00
2.663415908813476562e+00
4.651885107159614563e-02
0.000000000000000000e+00
0.000000000000000000e+00
3.563079833984375000e+00
1.331669092178344727e-01
6.157500320114195347e-04
6.490104794502258301e-01
7.400441914796829224e-02
5.288568884134292603e-02
4.643508791923522949e-01
1.781868636608123779e-01
1.424060702323913574e+00
1.499143391847610474e-01
1.006889268755912781e-01
1.812890648841857910e+00
6.290586590766906738e-01
3.289324790239334106e-02
5.473334312438964844e+00
0.000000000000000000e+00
2.167140007019042969e+00
5.611696839332580566e-01
2.769405841827392578e-01
0.000000000000000000e+00
1.461744755506515503e-01
0.000000000000000000e+00
2.141961902379989624e-01
1.371619105339050293e-01
2.626441977918148041e-02
3.359571993350982666e-01
4.084752082824707031e+00
3.054166212677955627e-03
4.150635898113250732e-01
7.303200364112854004e-01
2.300157994031906128e-01
0.000000000000000000e+00
0.000000000000000000e+00
1.548796892166137695e-01
1.139911040663719177e-01
2.161204218864440918e-01
1.104556694626808167e-01
1.165866628289222717e-01
8.227196335792541504e-01
2.600042149424552917e-03
1.385646909475326538e-01
4.156681522727012634e-02
1.387338399887084961e+00
3.725717365741729736e-01
6.870099902153015137e-01
8.327478170394897461e-01
6.440410017967224121e-01
9.833471849560737610e-03
1.420274563133716583e-02
0.000000000000000000e+00
2.769440114498138428e-01
1.931476593017578125e-01
6.928954720497131348e-01
2.913309633731842041e-01
3.618870675563812256e-01
7.614902853965759277e-01
2.127299010753631592e-01
3.128561750054359436e-02
4.450182914733886719e-01
1.147326268255710602e-02
1.084310889244079590e+00
1.111042033880949020e-02
4.517360776662826538e-02
1.298567205667495728e-01
1.154620647430419922e+00
2.070087380707263947e-02
1.840780489146709442e-02
9.461434930562973022e-02
8.541730046272277832e-02
0.000000000000000000e+00
6.430702209472656250e-01
0.000000000000000000e+00
1.114697754383087158e-01
6.123895943164825439e-02
1.771056652069091797e-02
1.506067812442779541e-01
0.000000000000000000e+00
4.027277827262878418e-01
2.444554567337036133e-01
1.113040804862976074e+00
0.000000000000000000e+00
7.399551570415496826e-03
2.844364047050476074e-01
0.000000000000000000e+00
1.224825143814086914e+00
1.177665710449218750e+00
6.256378889083862305e-01
9.411562979221343994e-02
2.618811652064323425e-02
0.000000000000000000e+00
2.141703516244888306e-01
6.086601614952087402e-01
0.000000000000000000e+00
9.717956930398941040e-02
1.727338135242462158e-01
9.004679918289184570e-01
1.823746226727962494e-02
0.000000000000000000e+00
6.843544840812683105e-01
3.952749073505401611e-02
3.677150726318359375e+00
1.283946275711059570e+00
6.847462058067321777e-02
7.018934190273284912e-02
6.687020882964134216e-03
1.462840676307678223e+00
0.000000000000000000e+00
5.717523694038391113e-01
0.000000000000000000e+00
0.000000000000000000e+00
7.414430379867553711e-02
2.696585096418857574e-02
2.084203511476516724e-01
2.556348405778408051e-02
0.000000000000000000e+00
1.463560461997985840e-01
1.174766663461923599e-02
2.463088557124137878e-02
0.000000000000000000e+00
1.769129872322082520e+00
3.246934711933135986e-02
1.271870851516723633e+00
0.000000000000000000e+00
0.000000000000000000e+00
5.223072133958339691e-03
6.999033689498901367e-02
4.452335461974143982e-02
2.643930196762084961e+00
7.691369950771331787e-02
3.067749440670013428e-01
7.672024518251419067e-02
0.000000000000000000e+00
7.906394004821777344e-01
2.599914073944091797e-01
0.000000000000000000e+00
1.070309616625308990e-02
9.613167643547058105e-01
7.828425616025924683e-02
0.000000000000000000e+00
1.087012812495231628e-01
4.256372153759002686e-01
1.211630087345838547e-02
7.508168816566467285e-01
6.202883720397949219e-01
9.724062681198120117e-01
2.102281749248504639e-01
8.962856233119964600e-02
3.080076873302459717e-01
4.664236307144165039e-01
1.692006550729274750e-02
2.915612757205963135e-01
8.871085643768310547e-01
2.012120336294174194e-01
3.513507544994354248e-01
1.856950670480728149e-01
2.140226960182189941e-02
2.630034228786826134e-03
6.158951520919799805e-01
5.881121754646301270e-02
2.883789062500000000e+00
4.358890950679779053e-01
1.066813431680202484e-02
6.415555626153945923e-02
5.455850958824157715e-01
2.683139741420745850e-01
0.000000000000000000e+00
1.053509354591369629e+00
3.851078450679779053e-01
4.549511522054672241e-02
0.000000000000000000e+00
9.633945301175117493e-03
0.000000000000000000e+00
1.306817978620529175e-01
8.862472772598266602e-01
0.000000000000000000e+00
5.184464156627655029e-02
4.711110889911651611e-01
1.170322522521018982e-01
7.414742112159729004e-01
1.069882750511169434e+00
8.817168325185775757e-02
1.195251867175102234e-01
8.604743480682373047e-01
6.766032427549362183e-03
1.501474976539611816e+00
0.000000000000000000e+00
0.000000000000000000e+00
1.909053087234497070e+00
8.100186474621295929e-03
3.263091668486595154e-03
1.318032667040824890e-02
0.000000000000000000e+00
1.016183614730834961e+00
3.535062074661254883e-02
3.979415893554687500e-01
0.000000000000000000e+00
2.949089370667934418e-02
0.000000000000000000e+00
1.946160793304443359e+00
2.507942030206322670e-03
3.357205688953399658e-01
4.183687567710876465e-01
8.682762086391448975e-02
1.537624597549438477e-01
5.423485636711120605e-01
6.272204518318176270e-01
3.582929849624633789e+00
3.571504354476928711e-01
3.471821248531341553e-01
1.594782024621963501e-01
1.020377993583679199e+00
0.000000000000000000e+00
1.317321658134460449e-01
4.840501248836517334e-01
9.330347180366516113e-01
0.000000000000000000e+00
3.745467960834503174e-01
3.739342465996742249e-02
4.457427188754081726e-02
1.697827428579330444e-01
7.861389219760894775e-02
6.586112976074218750e-01
7.324184775352478027e-01
2.434446364641189575e-01
6.121760606765747070e-02
2.146142162382602692e-02
3.175128996372222900e-01
0.000000000000000000e+00
9.976616129279136658e-03
0.000000000000000000e+00
1.981579512357711792e-01
6.693672388792037964e-02
6.172105297446250916e-02
0.000000000000000000e+00
2.189313061535358429e-02
3.360945284366607666e-01
1.195606589317321777e-01
1.951776593923568726e-01
2.201705472543835640e-03
2.302758544683456421e-01
1.869236230850219727e-01
2.132241427898406982e-01
2.937707424163818359e+00
4.146043211221694946e-02
1.323870182037353516e+00
6.767961382865905762e-01
0.000000000000000000e+00
1.092911139130592346e-01
6.920074224472045898e-01
4.390867054462432861e-02
2.141140587627887726e-02
3.427500426769256592e-01
1.151138320565223694e-01
1.206773519515991211e-02
0.000000000000000000e+00
3.577144816517829895e-02
0.000000000000000000e+00
3.565325140953063965e-01
1.215275526046752930e-01
2.710959017276763916e-01
4.718510434031486511e-02
2.169855833053588867e-01
3.228828543797135353e-03
6.357865333557128906e-01
5.678946375846862793e-01
0.000000000000000000e+00
0.000000000000000000e+00
0.000000000000000000e+00
0.000000000000000000e+00
8.442596346139907837e-02
5.140649080276489258e-01
6.671610474586486816e-02
8.205411583185195923e-02
9.565312266349792480e-01
9.022781252861022949e-01
0.000000000000000000e+00
8.665153980255126953e-01
1.338640600442886353e-01
1.303593873977661133e+00
8.049315214157104492e-02
3.606804460287094116e-02
7.795265992172062397e-04
1.070657074451446533e-01
4.153530120849609375e+00
4.216247051954269409e-02
7.212390005588531494e-02
0.000000000000000000e+00
0.000000000000000000e+00
1.557997986674308777e-02
3.702540099620819092e-01
6.444009542465209961e-01
1.867744028568267822e-01
7.148757111281156540e-03
0.000000000000000000e+00
1.991073787212371826e-02
0.000000000000000000e+00
4.498319327831268311e-02
1.064257860183715820e+00
2.563111186027526855e-01
1.848353631794452667e-02
7.815217226743698120e-02
1.804749295115470886e-02
3.737690150737762451e-01
4.975974857807159424e-01
0.000000000000000000e+00
0.000000000000000000e+00
1.829294204711914062e+00
4.019739925861358643e-01
4.945033695548772812e-03
2.139783948659896851e-01
0.000000000000000000e+00
2.939772009849548340e-01
2.118327915668487549e-01
4.211145937442779541e-01
2.479733824729919434e-01
0.000000000000000000e+00
0.000000000000000000e+00
4.931888729333877563e-02
1.831981062889099121e+00
6.427211165428161621e-01
0.000000000000000000e+00
1.582156717777252197e-01
1.725018210709095001e-02
2.937513217329978943e-02
1.600270569324493408e-01
0.000000000000000000e+00
3.774540731683373451e-03
7.220891118049621582e-02
1.067128479480743408e-01
2.492276430130004883e-01
1.317732152529060841e-03
1.391748189926147461e+00
4.882602691650390625e-01
3.089591860771179199e-01
2.689356505870819092e-01
6.303870677947998047e-01
5.083328485488891602e-01
6.092246621847152710e-02
1.033911108970642090e-01
0.000000000000000000e+00
5.341502428054809570e-01
6.296009570360183716e-02
4.594088196754455566e-01
7.165638804435729980e-01
2.277945131063461304e-01
4.887720942497253418e-01
1.513735651969909668e-01
1.487809419631958008e-01
2.584465406835079193e-02
7.608485221862792969e-01
2.363809496164321899e-01
2.110075056552886963e-01
2.845196425914764404e-02
1.449953079223632812e+00
4.729365408420562744e-01
1.480908393859863281e+00
3.167507648468017578e-01
0.000000000000000000e+00
0.000000000000000000e+00
9.466635435819625854e-02
2.072241343557834625e-02
1.914231181144714355e-01
1.793536186218261719e+00
0.000000000000000000e+00
3.496631681919097900e-01
1.514021635055541992e+00
5.035369396209716797e-01
1.983712434768676758e+00
1.372465133666992188e+00
4.748447239398956299e-02
4.033691585063934326e-01
1.193443089723587036e-01
6.455579996109008789e-01
7.744628787040710449e-01
4.773825407028198242e-02
6.936256289482116699e-01
1.125625729560852051e+00
1.132245421409606934e+00
1.287930250167846680e+00
2.084358215332031250e+00
1.184995412826538086e+00
6.610522270202636719e-01
1.404123157262802124e-01
0.000000000000000000e+00
1.525185465812683105e+00
5.129368603229522705e-02
3.959206044673919678e-01
4.666400328278541565e-02
2.797130644321441650e-01
0.000000000000000000e+00
7.220691535621881485e-03
0.000000000000000000e+00
3.122153580188751221e-01
9.242423623800277710e-02
6.998238712549209595e-02
0.000000000000000000e+00
3.296403288841247559e-01
4.112957417964935303e-01
1.260605407878756523e-03
4.420944452285766602e-01
1.246608138084411621e+00
2.092656344175338745e-01
4.958524834364652634e-03
3.692086637020111084e-01
4.055273719131946564e-03
0.000000000000000000e+00
9.676598310470581055e-01
5.382407456636428833e-02
8.626399040222167969e-01
0.000000000000000000e+00
1.558380484580993652e+00
8.652544766664505005e-02
7.862097769975662231e-02
1.055919472128152847e-02
5.574011802673339844e-02
4.125616848468780518e-01
0.000000000000000000e+00
2.046338468790054321e-01
3.181344270706176758e-02
1.206204369664192200e-01
4.515526350587606430e-03
2.347532749176025391e+00
2.933351695537567139e-02
6.319420039653778076e-02
1.790421128273010254e+00
1.531200170516967773e+00
0.000000000000000000e+00
0.000000000000000000e+00
5.430971384048461914e-01
3.793588876724243164e-01
8.620102703571319580e-02
2.394299395382404327e-02
0.000000000000000000e+00
6.529347598552703857e-02
3.728028833866119385e-01
7.167833298444747925e-02
4.446682035923004150e-01
1.031495351344347000e-02
1.850381121039390564e-02
1.593415997922420502e-02
1.155342757701873779e-01
4.689843058586120605e-01
1.162815764546394348e-01
5.082126855850219727e-01
0.000000000000000000e+00
0.000000000000000000e+00
5.064322147518396378e-03
0.000000000000000000e+00
1.576583981513977051e-01
2.990677356719970703e-01
1.325347721576690674e-01
2.661144174635410309e-02
4.817841649055480957e-01
0.000000000000000000e+00
0.000000000000000000e+00
0.000000000000000000e+00
5.436567664146423340e-01
2.910397350788116455e-01
2.645286619663238525e-01
9.458490647375583649e-03
5.897349715232849121e-01
1.074773192405700684e+00
1.848714351654052734e-01
1.138521693064831197e-04
5.717147141695022583e-02
0.000000000000000000e+00
0.000000000000000000e+00
0.000000000000000000e+00
0.000000000000000000e+00
0.000000000000000000e+00
1.386560201644897461e+00
5.364148616790771484e-01
0.000000000000000000e+00
9.357630014419555664e-01
0.000000000000000000e+00
3.985008001327514648e-01
9.859883040189743042e-02
0.000000000000000000e+00
1.190909668803215027e-01
8.647124767303466797e-01
5.159153416752815247e-02
3.275965452194213867e-01
2.845615446567535400e-01
3.789106151089072227e-03
1.793386816978454590e+00
0.000000000000000000e+00
0.000000000000000000e+00
0.000000000000000000e+00
2.162748426198959351e-01
1.965493112802505493e-01
4.806509613990783691e-02
9.298032522201538086e-02
4.383300617337226868e-02
4.596266150474548340e-02
4.066418707370758057e-01
5.281365476548671722e-03
0.000000000000000000e+00
1.736041456460952759e-01
2.261876344680786133e+00
1.550130367279052734e+00
3.937435448169708252e-01
9.586859960108995438e-04
1.757354126311838627e-03
2.486019581556320190e-01
5.585828050971031189e-02
1.136040329933166504e+00
6.093971729278564453e-01
4.417969379574060440e-03
2.098146378993988037e-01
1.005397677421569824e+00
8.985051512718200684e-02
6.520862691104412079e-03
2.280700802803039551e-01
3.941104710102081299e-01
5.780497938394546509e-02
4.055562317371368408e-01
3.858956992626190186e-01
7.851476967334747314e-02
4.153736531734466553e-01
2.229644805192947388e-01
0.000000000000000000e+00
3.808395564556121826e-02
2.326499074697494507e-01
0.000000000000000000e+00
6.339908391237258911e-02
0.000000000000000000e+00
1.265856921672821045e-01
2.156295068562030792e-02
0.000000000000000000e+00
1.119137644767761230e+00
3.139406442642211914e-01
0.000000000000000000e+00
1.402930736541748047e+00
1.790075778961181641e+00
7.778263837099075317e-02
4.219520092010498047e-01
8.934471011161804199e-01
4.814753308892250061e-02
1.383059378713369370e-02
2.966712117195129395e-01
1.387218534946441650e-01
5.136919498443603516e+00
2.936606481671333313e-02
9.566681087017059326e-02
0.000000000000000000e+00
0.000000000000000000e+00
1.816657334566116333e-01
0.000000000000000000e+00
0.000000000000000000e+00
5.039162561297416687e-02
6.647214293479919434e-02
3.203516602516174316e-01
4.481421113014221191e-01
6.255619525909423828e-01
3.523471299558877945e-03
1.737925782799720764e-02
1.519319713115692139e-01
1.551447153091430664e+00
0.000000000000000000e+00
0.000000000000000000e+00
4.814474284648895264e-01
1.389787673950195312e+00
4.440435022115707397e-02
0.000000000000000000e+00
5.747701525688171387e-01
1.012453794479370117e+00
2.936020493507385254e-01
7.532217353582382202e-02
2.807219699025154114e-02
9.681928753852844238e-01
2.493816893547773361e-03
3.950307369232177734e-01
4.530562162399291992e-01
5.686156749725341797e-01
1.248700693249702454e-01
2.591040372848510742e+00
2.858113348484039307e-01
0.000000000000000000e+00
5.912997722625732422e+00
7.992220669984817505e-02
1.811537891626358032e-01
1.220244988799095154e-01
2.226739423349499702e-03
3.234968483448028564e-01
5.720981955528259277e-01
1.541126705706119537e-02
2.737263217568397522e-02
0.000000000000000000e+00
0.000000000000000000e+00
1.777469754219055176e+00
5.455519556999206543e-01
8.446910381317138672e-01
1.029511243104934692e-01
0.000000000000000000e+00
3.100187301635742188e+00
2.111799083650112152e-02
5.610025487840175629e-03
3.184285759925842285e-02
7.092685252428054810e-02
6.643071770668029785e-01
1.551862359046936035e-01
3.575125038623809814e-01
1.225190162658691406e-01
0.000000000000000000e+00
0.000000000000000000e+00
1.146005317568778992e-01
7.312657684087753296e-02
9.801477193832397461e-01
9.882610291242599487e-03
1.447189599275588989e-02
0.000000000000000000e+00
8.831559680402278900e-04
2.444073855876922607e-01
1.333194132894277573e-02
1.483557820320129395e+00
7.521673440933227539e-01
1.345373034477233887e+00
2.743866993114352226e-03
1.233546018600463867e+00
2.174824178218841553e-01
2.384310215711593628e-01
3.279601633548736572e-01
6.229446530342102051e-01
1.061928495764732361e-01
1.043091528117656708e-02
4.019242227077484131e-01
5.587357521057128906e+00
2.296945005655288696e-01
4.409615695476531982e-02
2.500076079741120338e-03
2.606475651264190674e-01
3.054671883583068848e-01
1.382496714591979980e+00
1.689470186829566956e-02
7.467818260192871094e-01
9.440354071557521820e-03
4.058801755309104919e-02
5.771018192172050476e-02
2.082675695419311523e-01
0.000000000000000000e+00
5.109393596649169922e-01
3.345298767089843750e-01
0.000000000000000000e+00
3.929527103900909424e-02
1.810879945755004883e+00
1.926435679197311401e-01
7.156548500061035156e-01
3.527469933032989502e-01
1.067904680967330933e-01
5.046183466911315918e-01
0.000000000000000000e+00
5.477924942970275879e-01
4.700126498937606812e-02
6.763460040092468262e-01
2.848340272903442383e-01
3.366164863109588623e-02
0.000000000000000000e+00
1.128026936203241348e-02
0.000000000000000000e+00
1.927217602729797363e+00
1.471656441688537598e+00
0.000000000000000000e+00
2.276425808668136597e-01
1.871304772794246674e-02
1.785291671752929688e+00
0.000000000000000000e+00
1.532555092126131058e-02
8.333749771118164062e-01
5.594820380210876465e-01
9.734459519386291504e-01
4.649845957756042480e-01
4.818786978721618652e-01
3.198741078376770020e-01
4.919152259826660156e-01
0.000000000000000000e+00
8.727102726697921753e-02
1.015613786876201630e-02
3.566644489765167236e-01
8.359429240226745605e-01
2.344648912549018860e-02
1.393650174140930176e-01
1.422310364432632923e-03
4.848950356245040894e-02
3.556374087929725647e-02
4.491760134696960449e-01
2.960198819637298584e-01
2.825488150119781494e-01
0.000000000000000000e+00
3.273273408412933350e-01
3.245522975921630859e-01
0.000000000000000000e+00
4.140654951333999634e-02
0.000000000000000000e+00
7.777341008186340332e-01
0.000000000000000000e+00
8.732163161039352417e-02
1.551423817873001099e-01
9.917819499969482422e-02
1.133664548397064209e-01
1.850166767835617065e-01
2.246508747339248657e-01
4.818430244922637939e-01
3.116926364600658417e-02
7.271137833595275879e-02
0.000000000000000000e+00
7.239131629467010498e-02
5.421286821365356445e-01
6.542332470417022705e-03
0.000000000000000000e+00
3.012544848024845123e-02
6.629998981952667236e-02
1.095079332590103149e-01
4.717011377215385437e-02
0.000000000000000000e+00
0.000000000000000000e+00
2.770044840872287750e-02
4.013158977031707764e-01
0.000000000000000000e+00
3.471491113305091858e-02
3.175341486930847168e-01
7.954222708940505981e-02
1.405586838722229004e+00
0.000000000000000000e+00
0.000000000000000000e+00
3.749857190996408463e-03
4.638038277626037598e-01
0.000000000000000000e+00
0.000000000000000000e+00
3.514978662133216858e-02
2.817357182502746582e-01
4.608989953994750977e-01
6.014841422438621521e-02
4.800243854522705078e+00
3.702752590179443359e-01
2.557761734351515770e-03
0.000000000000000000e+00
2.190712094306945801e-01
6.536729633808135986e-02
4.662914201617240906e-02
1.079822182655334473e-01
3.397847115993499756e-01
1.118916794657707214e-01
1.677371382713317871e+00
1.132593676447868347e-01
0.000000000000000000e+00
1.898562535643577576e-02
1.262181997299194336e-01
3.144723474979400635e-01
5.918133072555065155e-03
1.753616333007812500e-02
4.296942651271820068e-01
3.859996795654296875e-01
1.271465301513671875e+00
1.722486376762390137e+00
3.988438546657562256e-01
1.428833901882171631e-01
1.273288846015930176e+00
1.226503401994705200e-01
5.743229389190673828e-01
3.418663144111633301e-01
1.355673551559448242e+00
1.556837260723114014e-01
1.918526291847229004e-01
0.000000000000000000e+00
3.260344862937927246e-01
0.000000000000000000e+00
1.067668665200471878e-02
0.000000000000000000e+00
3.545033335685729980e-01
0.000000000000000000e+00
0.000000000000000000e+00
7.005856931209564209e-02
1.024403199553489685e-01
1.147972494363784790e-01
5.778844952583312988e-01
1.359724998474121094e+00
6.947690248489379883e-01
1.104798354208469391e-02
3.637351095676422119e-02
0.000000000000000000e+00
2.611120939254760742e-01
4.494987130165100098e-01
0.000000000000000000e+00
3.209203109145164490e-02
3.015267550945281982e-01
2.844732105731964111e-01
3.249971270561218262e-01
8.379096388816833496e-01
1.025312393903732300e-01
2.245937846601009369e-02
0.000000000000000000e+00
3.617171049118041992e-01
9.229769110679626465e-01
1.367820054292678833e-01
2.251296043395996094e+00
1.288550138473510742e+00
2.305271662771701813e-02
5.075382590293884277e-01
9.789507836103439331e-03
0.000000000000000000e+00
6.674815416336059570e-01
6.996444612741470337e-02
4.509041011333465576e-01
1.324632018804550171e-02
5.589625239372253418e-01
4.009504020214080811e-01
1.884395815432071686e-02
0.000000000000000000e+00
0.000000000000000000e+00
6.043782234191894531e-01
5.874106660485267639e-03
5.604355335235595703e-01
2.322991788387298584e-01
9.720481187105178833e-02
0.000000000000000000e+00
1.274107813835144043e+00
0.000000000000000000e+00
8.241153508424758911e-02
3.179673433303833008e+00
3.336038291454315186e-01
3.096588328480720520e-02
5.620607137680053711e-01
3.107337094843387604e-02
1.982327550649642944e-01
3.884568512439727783e-01
5.330525711178779602e-02
3.584337537176907063e-04
1.615355491638183594e+00
1.395016074180603027e+00
1.565482467412948608e-01
9.471151977777481079e-03
0.000000000000000000e+00
8.562006354331970215e-01
1.573269665241241455e-01
0.000000000000000000e+00
1.512629538774490356e-01
1.216897368431091309e-01
7.990667968988418579e-02
1.694585084915161133e-01
0.000000000000000000e+00
4.741044342517852783e-01
0.000000000000000000e+00
4.522677063941955566e-01
1.350728511810302734e+00
0.000000000000000000e+00
5.621867179870605469e-01
0.000000000000000000e+00
1.255708456039428711e+00
3.754754364490509033e-01
4.065285623073577881e-01
1.278000324964523315e-01
2.780192375183105469e+00
5.058223009109497070e-02
1.901402026414871216e-01
8.355452120304107666e-02
0.000000000000000000e+00
1.644288301467895508e-01
2.775620520114898682e-01
0.000000000000000000e+00
1.492604613304138184e+00
1.103798970580101013e-01
0.000000000000000000e+00
8.323545625898987055e-05
1.488959044218063354e-01
2.731220051646232605e-02
2.103958129882812500e-01
8.934713006019592285e-01
4.872933924198150635e-01
1.918769001960754395e+00
5.186594650149345398e-02
1.180082261562347412e-01
0.000000000000000000e+00
5.555493235588073730e-01
7.661330699920654297e-02
7.374776899814605713e-02
1.681019961833953857e-01
2.588815428316593170e-02
5.801081657409667969e-03
9.483724087476730347e-02
3.587216734886169434e-01
9.811903536319732666e-02
8.552148193120956421e-02
0.000000000000000000e+00
2.827268540859222412e-01
0.000000000000000000e+00
0.000000000000000000e+00
4.839149117469787598e-01
1.965392380952835083e-02
3.531746625900268555e+00
1.088678762316703796e-01
0.000000000000000000e+00
8.161493577063083649e-03
7.955521345138549805e-02
1.155663514509797096e-03
6.198756694793701172e-01
1.925295777618885040e-02
2.387114614248275757e-02
4.524181365966796875e+00
2.915904819965362549e-01
0.000000000000000000e+00
0.000000000000000000e+00
3.557872772216796875e-01
0.000000000000000000e+00
5.038622301071882248e-03
1.146522045135498047e+00
1.745062507688999176e-02
3.638895601034164429e-02
1.228406932204961777e-02
1.366504430770874023e-01
1.694016575813293457e+00
7.327920794486999512e-01
1.374781847000122070e+00
