4.768764600157737732e-03
2.172993659973144531e+00
1.461863666772842407e-01
1.208115816116333008e+00
6.549422442913055420e-02
4.156827628612518311e-01
1.060656666755676270e+00
0.000000000000000000e+00
1.018416404724121094e+00
3.620364665985107422e+00
4.666514992713928223e-01
1.051776051521301270e+00
6.546509265899658203e-02
0.000000000000000000e+00
7.706659436225891113e-01
3.229364752769470215e-02
8.241873979568481445e-02
9.754390120506286621e-01
1.921979710459709167e-03
2.172884643077850342e-01
3.466439619660377502e-02
1.428279131650924683e-01
0.000000000000000000e+00
1.914523541927337646e-01
4.898511245846748352e-02
0.000000000000000000e+00
1.329764962196350098e+00
9.810695424675941467e-03
2.117463201284408569e-01
1.028711050748825073e-01
8.664864301681518555e-02
0.000000000000000000e+00
7.868191599845886230e-02
0.000000000000000000e+00
0.000000000000000000e+00
1.178299784660339355e+00
7.348218560218811035e-01
0.000000000000000000e+00
1.471124440431594849e-01
6.973133683204650879e-01
3.151059746742248535e-01
2.547771334648132324e-01
9.292536228895187378e-02
8.510200679302215576e-02
1.124325320124626160e-01
4.493115544319152832e-01
0.000000000000000000e+00
0.000000000000000000e+00
0.000000000000000000e+00
2.853969335556030273e-01
6.884597539901733398e-01
2.074144601821899414e+00
0.000000000000000000e+00
4.970341622829437256e-01
4.693072140216827393e-01
2.329047769308090210e-03
0.000000000000000000e+00
1.324247360229492188e+00
1.106996774673461914e+00
1.814021706581115723e+00
2.775374054908752441e-01
1.237028360366821289e+00
2.763179540634155273e-01
0.000000000000000000e+00
5.207578539848327637e-01
1.939153075218200684e-01
0.000000000000000000e+00
3.241801977157592773e+00
4.419716000556945801e-01
0.000000000000000000e+00
7.659739255905151367e-01
8.449559211730957031e-01
0.000000000000000000e+00
1.133619621396064758e-01
1.743930131196975708e-01
1.632105410099029541e-01
3.181193172931671143e-01
3.328676149249076843e-02
2.166590213775634766e+00
3.756719827651977539e-01
2.287482500076293945e+00
1.321931838989257812e+00
0.000000000000000000e+00
2.231654971837997437e-01
4.254500195384025574e-02
4.134052276611328125e+00
5.893669649958610535e-02
0.000000000000000000e+00
1.604919880628585815e-01
6.157949566841125488e-02
2.442820370197296143e-02
0.000000000000000000e+00
0.000000000000000000e+00
1.852089762687683105e-01
9.118181467056274414e-02
1.767506450414657593e-01
1.811270415782928467e-01
0.000000000000000000e+00
1.405582785606384277e+00
3.290651142597198486e-01
1.696009993553161621e+00
6.280624270439147949e-01
5.854473263025283813e-02
5.533439636230468750e+00
2.085207402706146240e-01
4.370355904102325439e-01
4.638908803462982178e-02
2.401925921440124512e-01
1.881262660026550293e+00
3.695805072784423828e-01
1.504568010568618774e-01
3.515770286321640015e-02
3.425735533237457275e-01
6.284732818603515625e-01
5.223597884178161621e-01
1.344480067491531372e-01
5.527775287628173828e-01
6.684751063585281372e-02
4.060393571853637695e-02
2.245313487946987152e-02
7.733387947082519531e-01
1.553156673908233643e-01
2.728860639035701752e-02
4.004790186882019043e-01
6.396421909332275391e+00
0.000000000000000000e+00
3.632776066660881042e-02
2.042759418487548828e+00
0.000000000000000000e+00
4.194537103176116943e-01
1.308149218559265137e+00
1.645875275135040283e-01
4.867485549766570330e-04
0.000000000000000000e+00
4.952400922775268555e-02
0.000000000000000000e+00
1.175125360488891602e+00
2.985772192478179932e-01
6.947342157363891602e-01
2.931572198867797852e-01
1.417413949966430664e-01
9.025169014930725098e-01
0.000000000000000000e+00
2.719315528869628906e+00
6.553736329078674316e-01
4.652936458587646484e-01
0.000000000000000000e+00
1.161942780017852783e-01
2.686992473900318146e-02
3.482598066329956055e-02
5.620888710021972656e+00
1.644079387187957764e-02
7.975155115127563477e-02
9.255672991275787354e-02
0.000000000000000000e+00
3.724623098969459534e-02
1.632302284240722656e+00
1.430413406342267990e-02
1.458902697777375579e-04
8.309241384267807007e-02
7.909742183983325958e-03
0.000000000000000000e+00
2.841931954026222229e-02
3.227238655090332031e-01
1.621804684400558472e-01
3.385855197906494141e+00
3.412959724664688110e-02
2.217368930578231812e-01
4.475053027272224426e-02
4.832753539085388184e-01
1.470664795488119125e-02
1.196464523673057556e-01
1.742486804723739624e-01
1.700471043586730957e-01
0.000000000000000000e+00
1.013739109039306641e+00
0.000000000000000000e+00
3.345502316951751709e-01
7.699532061815261841e-02
1.146641135215759277e+00
6.045414805412292480e-01
7.059019207954406738e-01
2.456508763134479523e-02
1.258815675973892212e-01
3.497643768787384033e-02
1.220094412565231323e-02
1.829551011323928833e-01
1.274010837078094482e-01
2.145025692880153656e-02
1.707481779158115387e-02
4.667755216360092163e-02
7.237140089273452759e-02
7.711973190307617188e-01
7.629634439945220947e-02
0.000000000000000000e+00
2.645199559628963470e-02
3.409382998943328857e-01
8.064804673194885254e-01
2.322618849575519562e-02
3.013970255851745605e-01
0.000000000000000000e+00
0.000000000000000000e+00
1.998837709426879883e+00
0.000000000000000000e+00
6.358149647712707520e-01
1.662638736888766289e-03
3.440958261489868164e-01
2.086255252361297607e-01
2.043232768774032593e-01
1.492003351449966431e-01
2.714613378047943115e-01
1.825723052024841309e-01
0.000000000000000000e+00
9.547603130340576172e-02
7.075090706348419189e-02
0.000000000000000000e+00
1.541914701461791992e+00
6.442037820816040039e-01
1.108436360955238342e-01
2.428120523691177368e-01
0.000000000000000000e+00
2.039726823568344116e-03
1.362484842538833618e-01
0.000000000000000000e+00
0.000000000000000000e+00
8.425213694572448730e-01
3.285397216677665710e-02
5.761433765292167664e-02
1.463970094919204712e-01
3.531256616115570068e-01
1.487004309892654419e-01
0.000000000000000000e+00
4.615915119647979736e-01
8.035698533058166504e-01
2.007892429828643799e-01
1.121423006057739258e+00
8.151895552873611450e-02
9.394750744104385376e-02
0.000000000000000000e+00
6.158770993351936340e-02
8.432947099208831787e-02
0.000000000000000000e+00
9.936943650245666504e-02
6.196038424968719482e-02
8.466660976409912109e-02
2.642712593078613281e+00
1.378156065940856934e+00
9.506812691688537598e-02
3.351761102676391602e-01
2.356295138597488403e-01
9.433927386999130249e-02
0.000000000000000000e+00
3.912853822112083435e-02
0.000000000000000000e+00
0.000000000000000000e+00
7.927568554878234863e-01
1.716989278793334961e-01
5.092306993901729584e-03
1.082063615322113037e-01
7.891630753874778748e-03
1.029946088790893555e+00
0.000000000000000000e+00
2.369701303541660309e-02
0.000000000000000000e+00
0.000000000000000000e+00
6.423965841531753540e-02
8.645750284194946289e-01
2.293300814926624298e-02
5.410981178283691406e-02
2.342146355658769608e-03
4.488889276981353760e-01
0.000000000000000000e+00
4.388769567012786865e-01
3.360100090503692627e-02
0.000000000000000000e+00
1.356489062309265137e-01
2.334786504507064819e-01
0.000000000000000000e+00
4.700251221656799316e-01
1.186056613922119141e+00
0.000000000000000000e+00
4.934886470437049866e-02
1.216346621513366699e-01
1.525634378194808960e-01
3.390959799289703369e-01
7.220865488052368164e-01
0.000000000000000000e+00
1.517953515052795410e+00
5.850018024444580078e+00
1.750280857086181641e-01
1.985657401382923126e-02
8.560757152736186981e-03
1.176501996815204620e-02
2.091174870729446411e-01
3.895436525344848633e-01
1.771538890898227692e-02
2.405582694336771965e-03
0.000000000000000000e+00
5.105003714561462402e-02
1.022318750619888306e-02
1.350269168615341187e-01
2.798061072826385498e-02
5.029430240392684937e-02
0.000000000000000000e+00
3.481277525424957275e-01
2.859872765839099884e-02
0.000000000000000000e+00
8.576503396034240723e-02
1.178312525153160095e-01
8.333479166030883789e-01
8.213397115468978882e-02
2.040866315364837646e-01
7.640286535024642944e-02
1.283984631299972534e-01
0.000000000000000000e+00
1.321170091629028320e+00
0.000000000000000000e+00
2.224555462598800659e-01
2.086673825979232788e-01
1.719906926155090332e-01
6.875468045473098755e-02
1.195830345153808594e+00
2.805227339267730713e-01
9.137081503868103027e-01
3.063046140596270561e-03
2.413504868745803833e-01
0.000000000000000000e+00
5.770743489265441895e-01
8.575890213251113892e-02
3.152361214160919189e-01
9.859876334667205811e-02
5.499690175056457520e-01
9.143716692924499512e-01
1.609135627746582031e+00
2.841708064079284668e-01
9.519682079553604126e-02
3.336056768894195557e-01
4.129870980978012085e-02
9.950091242790222168e-01
2.576886303722858429e-02
1.282541751861572266e-01
4.759636223316192627e-01
2.934642434120178223e-01
1.241132766008377075e-01
3.983081784099340439e-03
5.006206338293850422e-04
0.000000000000000000e+00
6.049904823303222656e-01
1.676681935787200928e-01
4.758680239319801331e-02
3.911507129669189453e-01
1.148738265037536621e+00
0.000000000000000000e+00
3.374055624008178711e-01
4.950114525854587555e-03
1.294249892234802246e+00
7.871347665786743164e-02
2.333960682153701782e-01
3.512402065098285675e-03
5.518803372979164124e-02
2.043369859457015991e-01
2.116429805755615234e-01
1.381167918443679810e-01
1.135535240173339844e-01
3.749221563339233398e-01
5.820223093032836914e-01
7.368293404579162598e-02
1.244641914963722229e-01
0.000000000000000000e+00
9.930138476192951202e-03
5.201028287410736084e-02
0.000000000000000000e+00
6.589733064174652100e-02
1.877922177314758301e+00
1.007122099399566650e-01
0.000000000000000000e+00
5.888465419411659241e-02
4.700336754322052002e-01
0.000000000000000000e+00
7.525467127561569214e-02
3.996534943580627441e-01
2.130933284759521484e+00
4.167182743549346924e-01
0.000000000000000000e+00
1.612245798110961914e+00
1.809583753347396851e-01
6.536266952753067017e-02
3.286664783954620361e-01
1.034089326858520508e-01
3.363972902297973633e-02
2.126612514257431030e-01
2.526114881038665771e-01
3.480596840381622314e-01
0.000000000000000000e+00
2.501447498798370361e-01
8.404663205146789551e-01
2.440309524536132812e-01
1.039255142211914062e+00
8.768181204795837402e-01
2.032852917909622192e-01
8.629305958747863770e-01
3.287549495697021484e+00
1.614787578582763672e-01
0.000000000000000000e+00
6.151928901672363281e-01
8.391406536102294922e-01
1.240717917680740356e-01
0.000000000000000000e+00
3.410812467336654663e-02
9.796220064163208008e-02
3.448250293731689453e-01
0.000000000000000000e+00
1.743891984224319458e-01
1.116255857050418854e-02
4.582376182079315186e-01
1.110887806862592697e-02
1.327693462371826172e-01
1.718370467424392700e-01
3.589668124914169312e-02
1.140710804611444473e-02
7.037546951323747635e-03
1.004126444458961487e-01
0.000000000000000000e+00
2.331754565238952637e-01
8.942651748657226562e-01
4.173686802387237549e-01
3.320024967193603516e+00
2.115403264760971069e-01
1.261963993310928345e-01
0.000000000000000000e+00
9.857763290405273438e+00
0.000000000000000000e+00
1.711505532264709473e+00
1.592527925968170166e-01
1.618670672178268433e-01
9.359026551246643066e-01
1.043230295181274414e+00
0.000000000000000000e+00
7.112671136856079102e-01
3.283834829926490784e-02
1.065327413380146027e-02
0.000000000000000000e+00
0.000000000000000000e+00
1.714444875717163086e+00
2.662015259265899658e-01
8.218932896852493286e-02
2.014704793691635132e-01
7.414670586585998535e-01
3.833723813295364380e-02
8.715457469224929810e-02
1.982366919517517090e+00
2.329998835921287537e-02
3.507354483008384705e-02
1.657423004508018494e-02
3.246691942214965820e+00
1.308469653129577637e+00
2.349431216716766357e-01
0.000000000000000000e+00
2.263063639402389526e-01
1.464368104934692383e-01
4.640682600438594818e-03
2.812513113021850586e-01
1.886708438396453857e-01
0.000000000000000000e+00
0.000000000000000000e+00
9.634203463792800903e-02
2.724184989929199219e-01
4.829626679420471191e-01
2.198655344545841217e-02
1.183248460292816162e-01
1.897940877825021744e-03
3.297120034694671631e-01
8.983544073998928070e-03
4.807405173778533936e-01
6.851597875356674194e-02
7.266687601804733276e-02
8.598912954330444336e-01
4.041885733604431152e-01
1.433763206005096436e-01
1.174182295799255371e+00
2.113596796989440918e-01
7.911003232002258301e-01
1.294153183698654175e-01
7.040790468454360962e-02
0.000000000000000000e+00
4.694006871432065964e-03
1.501911133527755737e-01
1.289597272872924805e+00
8.856596946716308594e-01
2.410135865211486816e-01
6.620630025863647461e-01
3.518821239471435547e+00
1.713072694838047028e-02
9.337349236011505127e-02
1.224211975932121277e-01
1.823773086071014404e-01
3.061472624540328979e-02
3.075717715546488762e-03
9.807615540921688080e-03
2.576493620872497559e-01
3.650725260376930237e-02
0.000000000000000000e+00
1.073749303817749023e+00
1.668612807989120483e-01
6.948235034942626953e-01
0.000000000000000000e+00
1.307874917984008789e+00
0.000000000000000000e+00
8.359235525131225586e-02
9.497568607330322266e-01
1.674832850694656372e-01
6.068230271339416504e-01
2.478538274765014648e+00
2.704797387123107910e-01
8.018739521503448486e-03
2.015520632266998291e-01
3.847464323043823242e-01
6.364195048809051514e-02
2.764761634171009064e-02
1.332490984350442886e-02
1.534063696861267090e+00
3.242195546627044678e-01
0.000000000000000000e+00
4.292009770870208740e-01
3.545476198196411133e-01
3.202278614044189453e-01
3.260687366127967834e-02
4.791573584079742432e-01
2.252372503280639648e+00
3.867320716381072998e-01
3.068132698535919189e-01
0.000000000000000000e+00
1.075378991663455963e-02
6.086969748139381409e-03
6.908826529979705811e-02
4.967818502336740494e-03
1.211575388908386230e+00
4.095259010791778564e-01
9.863332845270633698e-03
0.000000000000000000e+00
4.804010689258575439e-02
1.240336298942565918e-01
2.027614355087280273e+00
0.000000000000000000e+00
1.139550089836120605e+00
2.704948782920837402e-01
1.240826964378356934e+00
2.003459185361862183e-01
2.275396697223186493e-02
1.189411282539367676e-01
4.367023408412933350e-01
2.160982042551040649e-02
5.963805317878723145e-01
3.273418918251991272e-02
2.144873701035976410e-02
1.530542820692062378e-01
3.136842697858810425e-02
1.331305783241987228e-02
4.661300778388977051e-01
0.000000000000000000e+00
2.178119868040084839e-01
3.478153049945831299e-01
2.335455656051635742e+00
2.967487573623657227e-01
1.776857525110244751e-01
1.800834834575653076e-01
4.663098603487014771e-02
9.870707988739013672e-02
9.870751202106475830e-02
1.379471365362405777e-02
1.835611760616302490e-01
3.048029914498329163e-02
7.537301629781723022e-02
3.378700017929077148e+00
6.489462256431579590e-01
3.659047484397888184e-01
0.000000000000000000e+00
5.429837107658386230e-01
2.185692787170410156e+00
1.013422980904579163e-01
1.042830348014831543e+00
0.000000000000000000e+00
0.000000000000000000e+00
5.866399407386779785e-01
1.913399338722229004e+00
1.037042215466499329e-01
2.506038844585418701e-01
9.983760118484497070e-01
7.457093000411987305e-01
0.000000000000000000e+00
9.214639663696289062e-03
2.622145712375640869e-01
1.104495763778686523e+00
3.234232366085052490e-01
0.000000000000000000e+00
0.000000000000000000e+00
4.172514751553535461e-02
4.817142486572265625e-01
7.418086528778076172e-01
1.431294996291399002e-02
4.058982729911804199e-01
6.406779289245605469e-01
1.465755999088287354e-01
2.927801311016082764e-01
2.392997965216636658e-02
8.212625980377197266e-01
1.834266483783721924e-01
8.263497613370418549e-03
2.578459978103637695e+00
4.027331247925758362e-03
3.335934877395629883e-02
3.082598559558391571e-02
7.879057526588439941e-02
4.381363093852996826e-01
1.202234476804733276e-01
2.077366352081298828e+00
2.944466769695281982e-01
1.604240417480468750e+00
5.365038523450493813e-04
1.771519780158996582e-01
3.939579129219055176e-01
2.706395089626312256e-02
2.763487771153450012e-02
2.534594833850860596e-01
1.936029642820358276e-01
4.241179943084716797e+00
3.763375338166952133e-03
4.552299499511718750e+00
2.196586132049560547e-01
7.348591089248657227e-02
4.667614772915840149e-02
0.000000000000000000e+00
6.692606955766677856e-02
1.090298295021057129e+00
0.000000000000000000e+00
1.983854323625564575e-01
9.731943607330322266e-01
1.302682042121887207e+00
2.371517419815063477e-01
4.461152553558349609e-01
3.033252656459808350e-01
0.000000000000000000e+00
1.982966065406799316e+00
1.593719482421875000e+00
2.006110429763793945e+00
1.024784207344055176e+00
5.516979098320007324e-02
7.299429923295974731e-02
3.081613779067993164e-01
0.000000000000000000e+00
3.519955575466156006e-01
4.006474092602729797e-02
4.086833447217941284e-02
9.605614095926284790e-02
3.709707975387573242e+00
1.979582667350769043e+00
0.000000000000000000e+00
3.982834100723266602e+00
7.295242697000503540e-02
5.564676761627197266e+00
0.000000000000000000e+00
2.576247751712799072e-01
1.432907879352569580e-01
0.000000000000000000e+00
3.847788572311401367e-01
3.004373073577880859e+00
1.999429821968078613e+00
0.000000000000000000e+00
8.544879555702209473e-01
0.000000000000000000e+00
4.457919299602508545e-02
2.330245524644851685e-01
0.000000000000000000e+00
2.652216851711273193e-01
2.675399184226989746e-01
3.116340935230255127e-01
2.704263210296630859e+00
1.391814231872558594e+00
7.100353483110666275e-03
1.246784567832946777e+00
3.110329806804656982e-02
4.034559428691864014e-01
0.000000000000000000e+00
9.277585744857788086e-01
2.611239254474639893e-02
2.312331460416316986e-02
1.734421133995056152e+00
1.732913733576424420e-05
1.538825333118438721e-01
7.982227206230163574e-02
3.814159154891967773e+00
0.000000000000000000e+00
4.607329610735177994e-03
1.066450215876102448e-02
6.231837272644042969e-01
8.413118124008178711e-02
3.791996836662292480e-02
0.000000000000000000e+00
1.348554342985153198e-01
1.829932332038879395e+00
6.243769526481628418e-01
7.241630554199218750e-01
2.860785007476806641e+00
2.128590494394302368e-01
2.534408867359161377e-01
5.888977050781250000e-01
3.445628285408020020e-01
1.021003946661949158e-01
5.901138111948966980e-02
1.710902303457260132e-01
3.650213778018951416e-01
4.360556304454803467e-01
8.792168647050857544e-02
2.456970930099487305e+00
3.718353509902954102e-01
7.697907835245132446e-02
1.570589065551757812e+00
8.296190947294235229e-02
3.277515470981597900e-01
1.480009220540523529e-02
0.000000000000000000e+00
1.628968166187405586e-03
0.000000000000000000e+00
2.239943295717239380e-02
0.000000000000000000e+00
2.687943875789642334e-01
5.400677919387817383e-01
4.573166742920875549e-02
2.592793293297290802e-02
0.000000000000000000e+00
1.285055041313171387e+00
4.854846373200416565e-02
1.100685819983482361e-01
3.935446977615356445e+00
3.837312161922454834e-01
3.578618168830871582e-02
3.722646236419677734e-01
0.000000000000000000e+00
4.899245202541351318e-01
2.891482412815093994e-01
2.138056278228759766e+00
2.451849728822708130e-02
4.577060043811798096e-02
0.000000000000000000e+00
2.400417625904083252e-02
2.054668366909027100e-01
6.378659009933471680e-01
2.553017735481262207e-01
1.869170069694519043e-01
5.318956822156906128e-02
5.905554890632629395e-01
3.182577490806579590e-01
9.301216602325439453e-01
1.767568406648933887e-03
1.813961565494537354e-02
2.048452347517013550e-01
1.574943959712982178e-01
4.637107998132705688e-02
4.296061396598815918e-01
9.338287264108657837e-02
1.435137540102005005e-01
6.068475842475891113e-01
1.888022175990045071e-03
4.334883764386177063e-02
3.362923488020896912e-02
1.375045329332351685e-01
0.000000000000000000e+00
1.409246027469635010e-01
1.128847122192382812e+00
7.200247049331665039e-01
1.504942774772644043e-01
1.138829886913299561e-01
2.774084508419036865e-01
0.000000000000000000e+00
3.171545267105102539e-01
0.000000000000000000e+00
6.731198430061340332e-01
1.479997873306274414e+00
1.022173643112182617e+00
1.812439560890197754e-01
3.792855143547058105e-01
6.908232718706130981e-02
1.648139208555221558e-01
6.512139737606048584e-02
0.000000000000000000e+00
1.125784888863563538e-01
1.605073511600494385e-01
9.537655860185623169e-02
7.861627936363220215e-01
2.387683987617492676e-01
1.141476109623908997e-01
3.293294608592987061e-01
1.017465114593505859e+00
2.017878741025924683e-01
5.575866997241973877e-02
0.000000000000000000e+00
0.000000000000000000e+00
3.441744148731231689e-01
9.331006556749343872e-02
1.772504568099975586e+00
9.710294008255004883e-02
1.367750406265258789e+00
1.302541941404342651e-01
2.255537211894989014e-01
4.814960062503814697e-01
8.818385750055313110e-02
7.999099045991897583e-02
1.932702958583831787e-01
1.104976087808609009e-01
1.062537804245948792e-01
5.388974025845527649e-02
7.871673256158828735e-02
6.273434758186340332e-01
3.040324337780475616e-02
7.220471501350402832e-01
2.961392402648925781e-01
0.000000000000000000e+00
9.804917126893997192e-02
1.860622167587280273e+00
5.660771131515502930e-01
0.000000000000000000e+00
2.660900354385375977e-01
1.533814799040555954e-02
6.335939168930053711e-01
2.160711765289306641e+00
0.000000000000000000e+00
5.781672596931457520e-01
6.307139396667480469e-01
6.715443134307861328e-01
3.376243412494659424e-01
8.740315213799476624e-03
0.000000000000000000e+00
8.277259767055511475e-02
6.923945993185043335e-02
0.000000000000000000e+00
1.127603575587272644e-01
5.781701207160949707e-01
8.917090296745300293e-02
0.000000000000000000e+00
1.022156421095132828e-02
3.460378348827362061e-01
2.852366492152214050e-02
0.000000000000000000e+00
1.021389886736869812e-01
4.843705520033836365e-02
2.772099673748016357e-01
2.390690706670284271e-02
3.007684461772441864e-02
4.921803474426269531e-01
2.158093303442001343e-01
1.206605911254882812e+00
1.371129751205444336e-01
1.031978204846382141e-01
0.000000000000000000e+00
2.356814146041870117e-01
1.392222523689270020e+00
0.000000000000000000e+00
2.435247898101806641e-01
0.000000000000000000e+00
3.422721847891807556e-02
6.342510133981704712e-02
0.000000000000000000e+00
1.216655135154724121e+00
2.384287714958190918e-01
2.591014504432678223e-01
3.650813549757003784e-02
0.000000000000000000e+00
3.473483771085739136e-02
6.724081933498382568e-02
2.916149795055389404e-01
0.000000000000000000e+00
0.000000000000000000e+00
1.196216791868209839e-02
3.455183506011962891e-01
4.311248660087585449e-01
3.194636106491088867e-02
3.180206194519996643e-02
1.043591722846031189e-01
7.422886788845062256e-02
2.973639070987701416e-01
4.725046455860137939e-02
0.000000000000000000e+00
1.581958889961242676e+00
6.364109367132186890e-02
1.420308470726013184e+00
1.596328467130661011e-01
9.660834819078445435e-02
9.679049253463745117e-01
1.296613924205303192e-02
4.911555442959070206e-03
7.930063009262084961e-01
0.000000000000000000e+00
9.742160886526107788e-02
0.000000000000000000e+00
1.672434329986572266e+00
0.000000000000000000e+00
7.168426513671875000e-01
2.318670600652694702e-02
3.713521480560302734e+00
1.373363882303237915e-01
6.854109764099121094e-01
6.871056556701660156e-01
4.070368781685829163e-02
0.000000000000000000e+00
1.394282579421997070e-01
0.000000000000000000e+00
0.000000000000000000e+00
1.478656649589538574e+00
6.979299336671829224e-02
0.000000000000000000e+00
4.781031310558319092e-01
3.163796961307525635e-01
3.542672842741012573e-02
2.824224531650543213e-01
0.000000000000000000e+00
5.062375683337450027e-03
0.000000000000000000e+00
3.106962740421295166e-01
7.744048833847045898e-01
2.435998059809207916e-03
5.849599242210388184e-01
2.231339365243911743e-01
2.928742580115795135e-02
8.528970181941986084e-03
1.189857006072998047e+00
1.174498796463012695e-01
3.376013785600662231e-02
2.024561762809753418e-01
9.297030419111251831e-02
8.091481029987335205e-02
6.539052724838256836e-01
5.561451315879821777e-01
5.038682818412780762e-01
6.306925788521766663e-03
3.964023292064666748e-02
1.058262884616851807e-01
1.687307715415954590e+00
0.000000000000000000e+00
0.000000000000000000e+00
9.258918464183807373e-02
8.628487586975097656e-01
2.508481442928314209e-01
2.569215605035424232e-03
1.505879033356904984e-02
2.320518344640731812e-02
2.223933674395084381e-02
1.018382459878921509e-01
0.000000000000000000e+00
3.642928972840309143e-02
1.202023386955261230e+00
1.933355927467346191e-01
0.000000000000000000e+00
0.000000000000000000e+00
3.699243962764739990e-01
8.942688703536987305e-01
4.644170761108398438e+00
3.732584789395332336e-02
0.000000000000000000e+00
2.089718282222747803e-01
7.268984913825988770e-01
1.796881198883056641e+00
7.529865950345993042e-02
1.528389099985361099e-02
1.881200075149536133e-01
4.810559563338756561e-03
0.000000000000000000e+00
6.722488254308700562e-02
1.689734578132629395e+00
6.999412178993225098e-01
3.886635303497314453e-01
1.025797147303819656e-02
4.280550479888916016e-01
1.595632284879684448e-01
1.165534019470214844e+00
1.252176463603973389e-01
3.689624369144439697e-01
4.218490123748779297e-01
0.000000000000000000e+00
2.571250796318054199e-01
4.801550507545471191e-02
3.729591891169548035e-02
4.424431324005126953e-01
6.097025796771049500e-02
9.531190991401672363e-01
0.000000000000000000e+00
4.261283576488494873e-02
8.323053121566772461e-01
6.364571452140808105e-01
9.345251321792602539e-01
1.490838527679443359e-01
3.577063679695129395e-01
7.735210936516523361e-03
7.178893089294433594e-01
5.696162581443786621e-01
3.731112003326416016e+00
1.126091852784156799e-01
4.466518759727478027e-02
1.790580391883850098e+00
0.000000000000000000e+00
0.000000000000000000e+00
3.957195580005645752e-01
2.438178211450576782e-01
3.791503980755805969e-02
0.000000000000000000e+00
0.000000000000000000e+00
4.711965471506118774e-02
5.488451719284057617e-01
3.993409872055053711e-02
3.696923553943634033e-01
3.258050680160522461e-01
1.057550832629203796e-01
2.378993481397628784e-01
0.000000000000000000e+00
2.032899707555770874e-01
7.268559932708740234e-01
1.464465737342834473e+00
6.096384953707456589e-03
0.000000000000000000e+00
2.487043619155883789e+00
5.619985461235046387e-01
1.163998961448669434e+00
8.608833700418472290e-02
5.968599393963813782e-02
1.170870542526245117e+00
1.235271692276000977e+00
9.230842590332031250e-01
2.363015413284301758e-01
2.251240238547325134e-02
9.929150342941284180e-02
2.179896533489227295e-01
1.882117986679077148e-01
3.798579052090644836e-02
1.110607743263244629e+00
1.151788115501403809e+00
5.289182066917419434e-01
3.716774284839630127e-01
4.187400937080383301e-01
3.609298542141914368e-02
3.883151710033416748e-01
2.206945419311523438e-02
8.910045027732849121e-03
2.156008720397949219e+00
2.646630704402923584e-01
3.910624086856842041e-01
0.000000000000000000e+00
7.654621452093124390e-02
1.367403268814086914e-01
2.265404939651489258e+00
0.000000000000000000e+00
5.371620133519172668e-02
0.000000000000000000e+00
3.017846941947937012e-01
1.269842267036437988e+00
1.409686207771301270e-01
0.000000000000000000e+00
4.062910005450248718e-02
5.014901049435138702e-03
5.611016973853111267e-02
1.264829784631729126e-01
6.737937033176422119e-02
1.260982632637023926e+00
2.658877372741699219e+00
0.000000000000000000e+00
1.580457985401153564e-01
3.587957099080085754e-02
3.065176308155059814e-01
3.393567726016044617e-02
1.736197173595428467e-01
5.048368573188781738e-01
0.000000000000000000e+00
0.000000000000000000e+00
6.543219685554504395e-01
3.711842596530914307e-01
5.367945879697799683e-03
1.528723239898681641e+00
7.028867602348327637e-01
1.685562171041965485e-02
1.335531711578369141e+00
1.575820326805114746e+00
2.102092057466506958e-01
0.000000000000000000e+00
3.322095796465873718e-02
8.479554057121276855e-01
0.000000000000000000e+00
8.636130392551422119e-02
6.597953438758850098e-01
1.042662382125854492e+00
1.100646138191223145e+00
2.813860893249511719e+00
7.391653060913085938e-01
1.095782890915870667e-01
1.165246486663818359e+00
5.238674581050872803e-02
0.000000000000000000e+00
7.363872230052947998e-02
8.890738245099782944e-04
8.456232547760009766e-01
2.348768711090087891e-02
1.435113430023193359e+00
6.252340078353881836e-01
1.233360990881919861e-01
1.839146912097930908e-01
1.275813817977905273e+00
3.477656245231628418e-01
0.000000000000000000e+00
0.000000000000000000e+00
3.770199045538902283e-02
0.000000000000000000e+00
7.669010758399963379e-01
0.000000000000000000e+00
1.964081972837448120e-01
3.612473979592323303e-02
8.960838615894317627e-02
1.171194761991500854e-01
1.190800666809082031e-01
8.155973628163337708e-03
8.467494249343872070e-01
1.028471738100051880e-01
0.000000000000000000e+00
1.100948899984359741e-01
4.392515867948532104e-02
0.000000000000000000e+00
4.224574565887451172e-01
3.749661445617675781e-01
1.291704643517732620e-02
1.036669969558715820e+00
1.026120185852050781e-01
4.360244870185852051e-01
1.281200256198644638e-02
0.000000000000000000e+00
4.100713133811950684e-02
8.559202542528510094e-04
2.000888109207153320e+00
3.726506233215332031e-02
5.388346314430236816e-02
0.000000000000000000e+00
2.722391128540039062e+00
8.940144777297973633e-01
4.218502901494503021e-03
1.324316382408142090e+00
1.900441013276576996e-02
1.435511000454425812e-02
8.023918271064758301e-01
2.990657389163970947e-01
2.476426124572753906e+00
6.696762982755899429e-03
0.000000000000000000e+00
3.078326225280761719e+00
1.395388506352901459e-02
2.645430862903594971e-01
5.382056236267089844e+00
3.775662481784820557e-01
1.120816707611083984e+00
1.622006893157958984e+00
4.104885458946228027e-02
1.276138871908187866e-01
1.358211934566497803e-01
3.994956146925687790e-03
3.369194269180297852e-01
1.931855082511901855e-02
2.708184123039245605e-01
1.802586436271667480e+00
2.455661773681640625e+00
6.160941347479820251e-02
1.063771724700927734e+00
3.368372917175292969e-01
8.200175762176513672e-01
0.000000000000000000e+00
0.000000000000000000e+00
1.369039155542850494e-02
2.093388438224792480e-01
2.589601874351501465e-01
3.358467295765876770e-02
4.722445011138916016e-01
3.559716939926147461e-01
6.013649050146341324e-03
8.977041244506835938e-01
4.104487001895904541e-01
8.098309636116027832e-01
8.718736767768859863e-01
1.258553266525268555e-01
0.000000000000000000e+00
7.720837593078613281e-01
1.075979843735694885e-01
2.811866626143455505e-02
1.105433795601129532e-02
1.742828190326690674e-01
1.049813151359558105e+00
5.801849961280822754e-01
2.811485230922698975e-01
1.582725524902343750e+00
4.300555884838104248e-01
3.609339296817779541e-01
4.542004764080047607e-01
2.829070687294006348e-01
3.763625621795654297e-01
1.543640196323394775e-01
4.621703028678894043e-01
0.000000000000000000e+00
1.682515442371368408e-02
4.471099674701690674e-01
6.301255524158477783e-02
3.171616420149803162e-02
9.260860085487365723e-02
4.189192354679107666e-01
1.561364680528640747e-01
1.926949769258499146e-01
0.000000000000000000e+00
2.218333035707473755e-01
1.640207250602543354e-03
1.499936264008283615e-02
5.916576981544494629e-01
2.952507883310317993e-02
0.000000000000000000e+00
1.683461517095565796e-01
3.323361873626708984e-01
2.928546443581581116e-02
2.783551216125488281e-01
1.127020791172981262e-01
4.478126764297485352e-01
1.451247334480285645e+00
2.783215045928955078e+00
1.287760257720947266e+00
0.000000000000000000e+00
1.171900108456611633e-01
1.822202466428279877e-02
3.360917568206787109e-01
5.767174363136291504e-01
3.457186818122863770e-01
1.548834681510925293e+00
0.000000000000000000e+00
8.524786233901977539e-01
5.983831826597452164e-03
1.143580526113510132e-01
1.133810520172119141e+00
0.000000000000000000e+00
2.752893447875976562e+00
1.373635381460189819e-01
3.005056083202362061e-01
5.845492705702781677e-02
0.000000000000000000e+00
3.918364048004150391e-01
3.896698728203773499e-02
2.613264136016368866e-02
6.743296980857849121e-02
0.000000000000000000e+00
1.599664092063903809e-01
2.197622507810592651e-01
8.555904775857925415e-02
4.289141297340393066e-02
5.630495548248291016e-01
7.318344116210937500e-01
3.974480926990509033e-01
3.099505789577960968e-02
4.523824155330657959e-01
9.091281890869140625e-02
8.704747073352336884e-03
1.383708119392395020e+00
0.000000000000000000e+00
2.274537459015846252e-03
1.569732785224914551e+00
1.090389043092727661e-01
1.249216720461845398e-01
1.584407687187194824e+00
4.587140083312988281e-01
2.493219822645187378e-01
0.000000000000000000e+00
4.892210476100444794e-03
6.182559132575988770e-01
7.419917583465576172e-01
0.000000000000000000e+00
9.825173020362854004e-02
1.575948596000671387e+00
1.133537515997886658e-01
1.644749939441680908e-01
9.809003472328186035e-01
3.154955804347991943e-01
0.000000000000000000e+00
1.175147593021392822e-01
1.461055278778076172e-01
5.573464035987854004e-01
4.091391265392303467e-01
0.000000000000000000e+00
0.000000000000000000e+00
6.140363961458206177e-02
2.863438129425048828e-01
4.643561244010925293e-01
6.793677806854248047e-02
1.504666917026042938e-02
8.352054953575134277e-01
1.228334456682205200e-01
0.000000000000000000e+00
1.511426717042922974e-01
7.209743838757276535e-03
2.708291113376617432e-01
6.337807655334472656e+00
0.000000000000000000e+00
0.000000000000000000e+00
3.588366135954856873e-02
0.000000000000000000e+00
6.032114624977111816e-01
1.405676547437906265e-02
1.582924649119377136e-02
0.000000000000000000e+00
1.164264559745788574e+00
0.000000000000000000e+00
4.480710625648498535e-01
7.553105242550373077e-03
2.253969013690948486e-02
2.485656887292861938e-01
1.321784108877182007e-01
1.013735681772232056e-01
1.557659804821014404e-01
2.482029795646667480e-01
5.156776309013366699e-01
4.508715271949768066e-01
4.650338590145111084e-01
6.009702086448669434e-01
2.230097055435180664e-01
4.286795854568481445e-02
8.805808424949645996e-01
2.866775169968605042e-02
1.036168485879898071e-01
2.486986637115478516e+00
0.000000000000000000e+00
5.854843184351921082e-02
0.000000000000000000e+00
1.128197237849235535e-01
7.705219984054565430e-01
0.000000000000000000e+00
3.980144113302230835e-02
6.558511406183242798e-02
6.562699079513549805e-01
1.639530658721923828e-01
1.818508356809616089e-01
6.714361906051635742e-02
1.251951158046722412e-01
4.902521371841430664e-01
6.441111117601394653e-02
4.712242186069488525e-01
5.859018564224243164e-01
3.138365149497985840e-01
1.265441536903381348e+00
2.640275716781616211e+00
3.824359476566314697e-01
2.232758402824401855e-01
6.304944157600402832e-01
0.000000000000000000e+00
9.349949657917022705e-02
1.771563477814197540e-02
7.781845051795244217e-03
1.153236329555511475e-01
2.394727617502212524e-01
3.420475125312805176e-02
0.000000000000000000e+00
3.310921788215637207e-02
4.294600710272789001e-02
3.323845148086547852e+00
2.205978482961654663e-01
9.112598896026611328e-01
2.667310714721679688e+00
2.091490477323532104e-01
6.552734971046447754e-01
3.375229611992835999e-02
1.974946074187755585e-02
2.364165894687175751e-02
2.168507277965545654e-01
0.000000000000000000e+00
1.442851871252059937e-01
1.483664214611053467e-01
3.285375237464904785e-01
4.449809342622756958e-02
8.271707892417907715e-01
1.425454735755920410e+00
7.942327260971069336e-01
2.283212170004844666e-02
2.251960337162017822e-01
8.395671099424362183e-02
3.680874824523925781e+00
8.938093185424804688e-01
8.979026675224304199e-01
5.332783460617065430e-01
1.633936613798141479e-01
8.015508204698562622e-02
6.686589717864990234e-01
1.095947325229644775e-01
1.046926379203796387e-01
2.506389141082763672e+00
5.041293501853942871e-01
2.334324643015861511e-02
0.000000000000000000e+00
2.807682938873767853e-02
0.000000000000000000e+00
1.987788528203964233e-01
9.410483390092849731e-02
5.435279756784439087e-02
0.000000000000000000e+00
6.217187643051147461e-01
1.122690178453922272e-02
3.927995264530181885e-01
7.600893974304199219e-01
0.000000000000000000e+00
2.855028212070465088e-02
1.131271347403526306e-01
4.847937729209661484e-03
1.572138309478759766e+00
7.785944938659667969e-01
4.607271850109100342e-01
5.293657183647155762e-01
4.648681879043579102e-01
3.614638373255729675e-02
1.632718928158283234e-02
7.525809109210968018e-02
1.206553131341934204e-01
4.215175807476043701e-01
1.048431079834699631e-02
3.442045450210571289e-01
0.000000000000000000e+00
6.775028887204825878e-04
6.196557998657226562e+00
4.180582240223884583e-03
4.632087051868438721e-02
0.000000000000000000e+00
4.953364282846450806e-02
1.876558526419103146e-03
5.110029131174087524e-02
2.624862670898437500e+00
5.132088661193847656e-01
1.173817589879035950e-01
4.375945925712585449e-01
2.343836426734924316e-02
4.712225124239921570e-02
3.816303014755249023e-01
1.007309462875127792e-02
1.634596288204193115e-01
8.352069556713104248e-02
3.351515159010887146e-02
2.930020987987518311e-01
2.434874624013900757e-01
4.157572519034147263e-03
2.758377417922019958e-02
2.750253379344940186e-01
2.355631828308105469e+00
1.164774298667907715e+00
0.000000000000000000e+00
3.410334140062332153e-02
1.775768160820007324e+00
4.190231487154960632e-02
8.503494411706924438e-02
1.646344512701034546e-01
0.000000000000000000e+00
0.000000000000000000e+00
2.887063100934028625e-02
5.232003703713417053e-02
2.042575120925903320e+00
5.369024276733398438e-01
0.000000000000000000e+00
8.775717020034790039e-01
2.948855459690093994e-01
5.792889595031738281e-01
1.543210446834564209e-02
4.504900425672531128e-02
4.309794306755065918e-01
8.071872591972351074e-02
2.553936094045639038e-03
0.000000000000000000e+00
4.292669892311096191e-02
7.903476357460021973e-01
3.717277646064758301e-01
8.650546520948410034e-02
3.712590336799621582e-01
5.571528673171997070e-01
0.000000000000000000e+00
0.000000000000000000e+00
7.510305941104888916e-02
2.391905337572097778e-01
2.072095312178134918e-02
3.147228062152862549e-02
3.270668387413024902e-01
2.296432554721832275e-01
1.793732762336730957e+00
4.124133884906768799e-01
1.196896284818649292e-01
2.486288845539093018e-01
5.631799995899200439e-02
0.000000000000000000e+00
8.168909698724746704e-02
3.520406782627105713e-02
0.000000000000000000e+00
1.833807080984115601e-01
2.032965421676635742e-01
1.382231473922729492e+00
7.100914716720581055e-01
0.000000000000000000e+00
6.728606671094894409e-02
0.000000000000000000e+00
2.196750603616237640e-02
2.749450271949172020e-03
1.445265054702758789e+00
0.000000000000000000e+00
1.818075329065322876e-01
2.715120792388916016e+00
6.658796072006225586e-01
1.131637096405029297e+00
5.516682267189025879e-01
4.462749138474464417e-02
7.150635719299316406e-01
0.000000000000000000e+00
1.377835720777511597e-01
2.178423479199409485e-02
0.000000000000000000e+00
6.881613284349441528e-02
6.175431251525878906e+00
2.048945873975753784e-01
0.000000000000000000e+00
3.655528783798217773e+00
1.364498972892761230e+00
8.426364064216613770e-01
8.358597755432128906e-01
4.493979513645172119e-01
1.764457225799560547e-01
4.943452179431915283e-01
2.171185910701751709e-01
1.482158154249191284e-01
1.644700169563293457e-01
1.840186864137649536e-02
6.129800155758857727e-02
6.602712906897068024e-03
3.225271701812744141e-01
5.422326922416687012e-01
3.504716558381915092e-03
1.427172422409057617e-01
4.290916621685028076e-01
1.745585799217224121e+00
1.508052833378314972e-02
5.022164434194564819e-02
4.859715700149536133e-01
3.567914664745330811e-01
0.000000000000000000e+00
3.992111682891845703e-01
1.581248641014099121e-02
2.845574356615543365e-02
3.976455330848693848e-01
1.756546199321746826e-01
9.411432594060897827e-02
4.151113033294677734e-01
5.237457156181335449e-01
5.900961160659790039e-02
4.980948287993669510e-03
1.572412550449371338e-01
9.661535024642944336e-01
3.687587678432464600e-01
5.856395885348320007e-02
2.770795524120330811e-01
8.558594435453414917e-02
2.751598358154296875e-01
0.000000000000000000e+00
2.863725900650024414e+00
8.600746393203735352e-01
0.000000000000000000e+00
7.272792458534240723e-01
1.279299974441528320e+00
1.352480985224246979e-02
3.303184360265731812e-02
3.699423074722290039e-01
1.004648804664611816e-01
2.803513526916503906e+00
5.264454483985900879e-01
0.000000000000000000e+00
5.253352597355842590e-02
5.745321273803710938e+00
1.290902376174926758e+00
4.142884314060211182e-01
0.000000000000000000e+00
0.000000000000000000e+00
0.000000000000000000e+00
1.683908551931381226e-01
1.675982773303985596e-01
3.676269054412841797e-01
1.216476798057556152e+00
0.000000000000000000e+00
0.000000000000000000e+00
2.892401814460754395e-01
6.156510710716247559e-01
0.000000000000000000e+00
1.036573387682437897e-02
6.823483705520629883e-01
3.805434703826904297e-02
8.329657912254333496e-01
6.173952221870422363e-01
7.332178950309753418e-02
0.000000000000000000e+00
1.181375861167907715e+00
5.795828700065612793e-01
6.869396567344665527e-01
2.800264954566955566e-02
2.984015643596649170e-02
2.725526392459869385e-01
0.000000000000000000e+00
0.000000000000000000e+00
0.000000000000000000e+00
3.931397944688796997e-02
5.640783533453941345e-02
5.769407376646995544e-02
2.180706523358821869e-02
3.403888940811157227e-01
1.761263489723205566e+00
7.535550594329833984e-01
2.365211695432662964e-01
6.585498452186584473e-01
1.509290099143981934e+00
2.222401618957519531e+00
3.253022432327270508e-01
0.000000000000000000e+00
3.003751039505004883e-01
2.394823789596557617e+00
1.329251676797866821e-01
4.569915533065795898e-01
4.191839396953582764e-01
0.000000000000000000e+00
1.313386082649230957e+00
4.923600703477859497e-02
0.000000000000000000e+00
0.000000000000000000e+00
1.244086772203445435e-02
8.121117949485778809e-02
6.130310893058776855e-01
3.128829598426818848e-02
4.393914341926574707e-01
6.465109065175056458e-03
6.919923305511474609e+00
9.834800660610198975e-02
1.065182447433471680e+00
4.973504319787025452e-02
9.438784122467041016e-01
4.297707080841064453e-01
3.090255558490753174e-01
0.000000000000000000e+00
2.734357025474309921e-03
7.278942465782165527e-01
3.013951517641544342e-02
1.688920408487319946e-01
2.340388745069503784e-01
2.411949448287487030e-03
2.264882065355777740e-02
9.534478187561035156e-01
0.000000000000000000e+00
1.192925684154033661e-02
2.366333752870559692e-01
4.097567200660705566e-01
4.020534828305244446e-02
5.146367549896240234e-01
1.475008279085159302e-01
1.421335805207490921e-02
1.425255775451660156e+00
2.163416743278503418e-01
1.358705852180719376e-02
0.000000000000000000e+00
0.000000000000000000e+00
2.820080891251564026e-02
0.000000000000000000e+00
1.020439416170120239e-01
1.959157548844814301e-02
0.000000000000000000e+00
0.000000000000000000e+00
1.935111165046691895e+00
3.876308351755142212e-02
0.000000000000000000e+00
4.010246098041534424e-01
6.174548715353012085e-02
1.310490518808364868e-01
6.425601243972778320e-02
1.627885401248931885e-01
5.018410831689834595e-02
9.082372486591339111e-02
2.251497805118560791e-01
7.573905587196350098e-01
2.758812189102172852e+00
7.750686407089233398e-01
2.434689849615097046e-01
1.739377379417419434e-01
7.012894749641418457e-02
1.158284068107604980e+00
2.989910356700420380e-02
5.730741843581199646e-02
6.758589297533035278e-02
1.034220755100250244e-01
1.013761281967163086e+00
3.064724206924438477e-01
1.032163381576538086e+00
8.880557119846343994e-02
0.000000000000000000e+00
1.023413687944412231e-01
1.377124071121215820e+00
1.930311918258666992e-01
1.104819998145103455e-01
2.016857713460922241e-01
9.674138426780700684e-01
3.484007716178894043e-01
1.829377259127795696e-03
3.756571561098098755e-02
1.589494198560714722e-01
3.063822723925113678e-02
7.310684323310852051e-01
1.914558857679367065e-01
6.569126844406127930e-01
0.000000000000000000e+00
3.141870722174644470e-02
1.049569398164749146e-01
0.000000000000000000e+00
7.736414670944213867e-01
9.702665209770202637e-01
5.300727486610412598e-01
1.520003844052553177e-02
5.177892208099365234e+00
5.241922289133071899e-02
1.980621218681335449e-01
3.447946161031723022e-02
0.000000000000000000e+00
0.000000000000000000e+00
1.855119764804840088e-01
1.618817597627639771e-01
2.226169966161251068e-02
1.909738630056381226e-01
1.627061329782009125e-02
2.940659284591674805e+00
2.124175548553466797e+00
7.350970059633255005e-03
3.430475294589996338e-02
1.139124929904937744e-01
1.837413012981414795e-01
2.111542969942092896e-02
0.000000000000000000e+00
0.000000000000000000e+00
3.240144252777099609e-02
2.258618548512458801e-02
2.246137857437133789e-01
1.676518619060516357e-01
2.594184316694736481e-02
1.156747564673423767e-01
2.308592759072780609e-02
1.846349239349365234e-01
0.000000000000000000e+00
2.108474224805831909e-01
3.101199492812156677e-02
2.183883078396320343e-02
0.000000000000000000e+00
7.556731700897216797e-01
8.475920557975769043e-02
1.216565519571304321e-01
5.063616633415222168e-01
6.096976995468139648e-01
2.743372917175292969e+00
4.888077266514301300e-03
1.416166126728057861e-01
4.105898141860961914e-01
2.311660349369049072e-02
1.129136756062507629e-01
2.553867399692535400e-01
1.319687254726886749e-02
0.000000000000000000e+00
0.000000000000000000e+00
1.478006482124328613e+00
2.179240621626377106e-02
1.005738899111747742e-01
1.256422698497772217e-02
3.462149575352668762e-02
0.000000000000000000e+00
8.175992220640182495e-02
7.398189902305603027e-01
3.517981469631195068e-01
8.543320000171661377e-02
7.289066165685653687e-02
2.406790852546691895e-02
7.238601893186569214e-02
1.701822876930236816e-02
1.107855364680290222e-01
0.000000000000000000e+00
3.887625783681869507e-02
2.713439613580703735e-02
1.848993897438049316e+00
3.992461040616035461e-02
5.562158226966857910e-01
1.107262820005416870e-01
2.952289283275604248e-01
3.187960684299468994e-01
4.066536128520965576e-01
1.032493352890014648e+00
5.439959093928337097e-02
1.767187595367431641e+00
1.035739853978157043e-02
2.020786404609680176e-01
1.977293789386749268e-01
1.499457750469446182e-02
4.640275612473487854e-02
3.391100764274597168e-01
2.078098535537719727e+00
1.820727437734603882e-01
7.624441385269165039e-01
5.076244845986366272e-02
2.791557312011718750e-01
1.628992795944213867e+00
1.379188299179077148e-01
1.398328691720962524e-01
0.000000000000000000e+00
6.247184053063392639e-02
1.431315064430236816e+00
1.428906321525573730e-01
2.612573280930519104e-02
1.795312166213989258e-01
2.402547597885131836e-01
4.852788150310516357e-01
6.788041908293962479e-03
1.038676738739013672e+00
3.790585994720458984e-01
3.785989284515380859e-01
3.482127562165260315e-03
8.486502617597579956e-02
1.637849658727645874e-01
0.000000000000000000e+00
7.337290644645690918e-01
2.761885225772857666e-01
2.827850878238677979e-01
0.000000000000000000e+00
5.264745950698852539e-01
1.103043913841247559e+00
0.000000000000000000e+00
4.948437958955764771e-02
2.654361724853515625e-01
1.463526636362075806e-01
1.634660959243774414e-01
0.000000000000000000e+00
2.176260761916637421e-02
1.653281331062316895e+00
1.348926186561584473e+00
3.645627200603485107e-02
3.568965494632720947e-01
0.000000000000000000e+00
4.589031264185905457e-02
0.000000000000000000e+00
4.913003742694854736e-01
4.554292857646942139e-01
2.848722934722900391e-01
1.615784317255020142e-01
2.759653516113758087e-02
5.916418042033910751e-03
9.559455513954162598e-02
7.471350580453872681e-02
3.290061652660369873e-02
0.000000000000000000e+00
6.523647904396057129e-01
8.279652334749698639e-03
1.229881644248962402e+00
0.000000000000000000e+00
2.174256369471549988e-02
0.000000000000000000e+00
7.416842579841613770e-01
1.619184851646423340e+00
5.226253066211938858e-03
6.772536039352416992e-02
0.000000000000000000e+00
6.405233144760131836e-01
5.844415351748466492e-02
1.057056244462728500e-02
2.289076894521713257e-01
5.155323073267936707e-02
9.137234091758728027e-01
0.000000000000000000e+00
2.211117982864379883e+00
5.500512123107910156e+00
1.363361924886703491e-01
0.000000000000000000e+00
1.627437919378280640e-01
1.625119475647807121e-03
0.000000000000000000e+00
1.343376338481903076e-01
1.473909854888916016e+00
5.979167819023132324e-01
3.621618449687957764e-01
2.150038480758666992e-01
9.644674137234687805e-03
2.159793972969055176e-01
1.335574663244187832e-03
1.557717770338058472e-01
2.599254548549652100e-01
0.000000000000000000e+00
7.857886552810668945e-01
8.756721615791320801e-01
4.204551875591278076e-01
1.037833929061889648e+00
1.041860505938529968e-01
2.136239781975746155e-02
5.001009106636047363e-01
0.000000000000000000e+00
1.907574236392974854e-01
5.738039016723632812e-01
1.677384674549102783e-01
1.643438339233398438e-01
6.155635789036750793e-02
0.000000000000000000e+00
0.000000000000000000e+00
1.181554123759269714e-01
7.905830442905426025e-02
9.661772847175598145e-02
5.507829412817955017e-02
0.000000000000000000e+00
0.000000000000000000e+00
4.868172705173492432e-01
1.096333116292953491e-01
9.987737536430358887e-01
1.658689975738525391e-01
8.248726725578308105e-01
1.969080686569213867e+00
1.364010423421859741e-01
1.544447392225265503e-01
0.000000000000000000e+00
1.174995675683021545e-01
1.315756738185882568e-01
0.000000000000000000e+00
4.323004186153411865e-01
0.000000000000000000e+00
5.401179790496826172e-01
8.332521319389343262e-01
1.667757987976074219e+00
1.586444973945617676e-01
9.164516627788543701e-02
2.788886129856109619e-01
2.249452173709869385e-01
7.521103620529174805e-01
1.507880259305238724e-02
2.881594300270080566e-01
1.696358203887939453e+00
1.468978375196456909e-01
1.373415440320968628e-01
0.000000000000000000e+00
6.044616550207138062e-02
2.775712907314300537e-01
9.721444845199584961e-01
3.104453682899475098e-01
0.000000000000000000e+00
1.883520036935806274e-01
0.000000000000000000e+00
0.000000000000000000e+00
5.735665094107389450e-03
8.983576297760009766e-02
4.703170657157897949e-01
1.400862634181976318e-02
5.586159825325012207e-01
2.409815341234207153e-01
2.521328032016754150e-01
2.710540406405925751e-02
8.806588500738143921e-02
1.588692307472229004e+00
2.997817099094390869e-01
3.753863275051116943e-01
2.226520776748657227e-01
2.623103372752666473e-02
7.876763343811035156e-01
0.000000000000000000e+00
0.000000000000000000e+00
2.961677908897399902e-01
7.908857613801956177e-02
5.009246245026588440e-02
4.629837512969970703e+00
2.209827899932861328e+00
1.337605476379394531e+00
1.611973196268081665e-01
2.074585407972335815e-01
1.199298620223999023e+00
3.334623575210571289e-01
0.000000000000000000e+00
2.205449640750885010e-01
6.827772722317604348e-06
0.000000000000000000e+00
6.032741442322731018e-02
6.229797005653381348e-02
1.364985823631286621e+00
8.430992066860198975e-02
4.642701148986816406e-01
1.019331932067871094e+00
2.034758329391479492e-01
6.290283799171447754e-02
2.500304952263832092e-02
1.191450655460357666e-01
2.038792133331298828e+00
4.427617043256759644e-02
4.190683364868164062e-03
7.389307767152786255e-02
1.570608913898468018e-01
3.645399585366249084e-02
6.538752000778913498e-03
1.494196355342864990e-01
6.733083724975585938e-02
2.453324049711227417e-01
5.744607001543045044e-02
5.596508383750915527e-01
3.686676323413848877e-01
1.293367985635995865e-02
0.000000000000000000e+00
8.330660313367843628e-02
1.137781664729118347e-01
8.842439651489257812e-01
1.622691899538040161e-01
0.000000000000000000e+00
4.379818141460418701e-01
1.836815923452377319e-01
8.523482680320739746e-01
6.631755083799362183e-02
1.434678286314010620e-01
1.159183606505393982e-01
3.768959268927574158e-02
1.261860225349664688e-02
0.000000000000000000e+00
5.481587052345275879e-01
1.250761151313781738e-01
3.022892773151397705e-01
8.094933629035949707e-02
4.103266596794128418e-01
5.844905599951744080e-02
2.591529674828052521e-02
2.134339809417724609e-01
1.811847686767578125e-01
9.500678628683090210e-03
3.504032194614410400e-01
7.250167131423950195e-01
6.169714406132698059e-02
2.525848150253295898e-01
0.000000000000000000e+00
1.172384619712829590e-01
0.000000000000000000e+00
3.811020255088806152e-01
0.000000000000000000e+00
0.000000000000000000e+00
3.008053779602050781e+00
4.087960124015808105e-01
0.000000000000000000e+00
3.094072639942169189e-02
7.974722981452941895e-01
4.329535644501447678e-03
2.666708528995513916e-01
1.116485238075256348e+00
2.011046707630157471e-01
0.000000000000000000e+00
6.440554559230804443e-02
1.311538517475128174e-01
1.253348708152770996e+00
6.646281480789184570e-02
7.508740425109863281e-01
