2.032473385334014893e-01
3.566320419311523438e+00
4.923448264598846436e-01
8.441532850265502930e-01
1.231078982353210449e+00
7.147335410118103027e-01
4.578679203987121582e-01
2.224216461181640625e-01
1.027404665946960449e-01
3.942639827728271484e-01
2.224318236112594604e-01
8.751268386840820312e-01
6.510709971189498901e-02
1.695161312818527222e-01
6.797714829444885254e-01
3.704395145177841187e-02
2.718367278575897217e-01
7.781004905700683594e-01
6.440963745117187500e-01
5.975278019905090332e-01
1.057494163513183594e+00
1.458363831043243408e-01
4.225493371486663818e-01
3.507865220308303833e-02
1.530995685607194901e-02
2.179656744003295898e+00
2.644630670547485352e-01
2.157710939645767212e-01
7.967529892921447754e-01
6.483270972967147827e-02
1.729029178619384766e+00
3.543529033660888672e+00
1.354104995727539062e+00
2.737875878810882568e-01
4.053837954998016357e-01
1.349894046783447266e+00
8.839485794305801392e-02
1.009559035301208496e-01
1.121399924159049988e-01
1.986839175224304199e+00
2.015264511108398438e+00
6.070465445518493652e-01
1.291826963424682617e-01
3.179787695407867432e-01
3.142827153205871582e-01
1.263456791639328003e-01
1.123009771108627319e-01
0.000000000000000000e+00
2.784988284111022949e-01
5.813940167427062988e-01
5.441235303878784180e-01
3.032259643077850342e-01
1.551134586334228516e+00
1.237639188766479492e+00
5.695670843124389648e-02
3.529456853866577148e-01
1.714436411857604980e+00
1.319267302751541138e-01
1.645856142044067383e+00
1.868739277124404907e-01
4.561527669429779053e-01
1.203422546386718750e-01
1.133611574769020081e-01
1.761091351509094238e-01
3.705060780048370361e-01
1.541611552238464355e+00
3.108695149421691895e-01
1.160086393356323242e+00
4.794847965240478516e-01
6.025049090385437012e-01
1.690889447927474976e-01
9.497141465544700623e-03
4.270821064710617065e-02
8.897399529814720154e-03
9.281643629074096680e-01
8.247983455657958984e-02
3.973186314105987549e-01
4.332395195960998535e-01
9.480829238891601562e-01
5.239227414131164551e-01
1.027688264846801758e+00
7.200358510017395020e-01
1.248497724533081055e+00
5.496794581413269043e-01
1.390825808048248291e-01
7.315338850021362305e-01
0.000000000000000000e+00
6.837893277406692505e-02
6.745125651359558105e-01
1.285202622413635254e+00
1.822753906250000000e+00
1.400822848081588745e-01
3.558237552642822266e-01
6.448255479335784912e-02
1.107316813431680202e-03
2.116593066602945328e-03
2.674664556980133057e-01
1.853324174880981445e-01
2.064708232879638672e+00
1.373753547668457031e+00
8.957580924034118652e-01
5.919975042343139648e-01
2.632958889007568359e-01
3.360983133316040039e+00
2.207470417022705078e+00
5.352981090545654297e-01
1.830456137657165527e+00
1.062603592872619629e-01
2.743143796920776367e+00
3.098263032734394073e-02
6.824399232864379883e-01
1.216576248407363892e-01
2.356410980224609375e+00
6.811230778694152832e-01
1.241601631045341492e-01
5.896247029304504395e-01
1.563168525695800781e+00
5.470016598701477051e-01
1.762506514787673950e-01
2.522084712982177734e-01
3.865075707435607910e-01
2.162048220634460449e-01
3.046486079692840576e-01
4.153474271297454834e-01
6.933775424957275391e+00
6.924219131469726562e-01
2.127638608217239380e-01
3.469559431076049805e+00
0.000000000000000000e+00
1.122246962040662766e-02
7.501353025436401367e-01
0.000000000000000000e+00
8.004446029663085938e-01
4.688163399696350098e-01
1.019663587212562561e-01
4.615519568324089050e-02
8.742930889129638672e-01
5.995607934892177582e-03
2.945573329925537109e-01
1.621928811073303223e-01
5.306048989295959473e-01
1.779728978872299194e-01
2.207397967576980591e-01
1.592313647270202637e+00
4.137015938758850098e-01
5.084509849548339844e-01
4.157246556133031845e-03
7.413525134325027466e-02
5.907896533608436584e-02
4.489525035023689270e-02
2.496773719787597656e+00
1.143139123916625977e+00
1.903160661458969116e-02
8.801748603582382202e-02
1.568936556577682495e-01
3.030469715595245361e-01
2.815704584121704102e+00
1.460837572813034058e-01
1.369846612215042114e-01
1.998198777437210083e-01
3.443091409280896187e-03
0.000000000000000000e+00
2.463796585798263550e-01
1.742027401924133301e-01
1.507790684700012207e+00
5.040085315704345703e+00
4.427309334278106689e-01
9.158706665039062500e-02
2.817421592772006989e-02
2.618983387947082520e-01
1.214207053184509277e+00
3.171415627002716064e-01
0.000000000000000000e+00
3.460851907730102539e-01
0.000000000000000000e+00
1.370248198509216309e-01
8.089561015367507935e-02
8.600332587957382202e-02
8.661857843399047852e-01
1.247861757874488831e-01
2.983176410198211670e-01
7.432018220424652100e-02
1.650250434875488281e+00
2.946909904479980469e+00
1.662488728761672974e-01
2.865212969481945038e-02
3.999494910240173340e-01
1.257326841354370117e+00
9.328079223632812500e-01
0.000000000000000000e+00
1.001926958560943604e-01
4.488221704959869385e-01
8.698760271072387695e-01
4.726052582263946533e-01
4.516161605715751648e-02
1.580918729305267334e-01
1.722101211547851562e+00
0.000000000000000000e+00
6.193132400512695312e-01
2.772377990186214447e-02
6.407129168510437012e-01
2.463134527206420898e-01
7.407754659652709961e-01
2.782165110111236572e-01
3.953272700309753418e-01
4.544907510280609131e-01
9.965302795171737671e-02
1.411116123199462891e-01
2.296188473701477051e-01
2.922725975513458252e-01
2.938032746315002441e-01
1.799732148647308350e-01
6.175955012440681458e-02
2.265162207186222076e-02
1.949677318334579468e-01
8.442357182502746582e-02
0.000000000000000000e+00
5.489538311958312988e-01
3.175414726138114929e-02
1.684858679771423340e+00
1.153334006667137146e-01
8.240936994552612305e-01
1.566836088895797729e-01
4.311983585357666016e-01
3.113109059631824493e-02
1.232254743576049805e+00
1.760417103767395020e+00
3.019100241363048553e-02
1.694537699222564697e-01
2.228671163320541382e-01
0.000000000000000000e+00
2.621636986732482910e-01
5.601153373718261719e-01
4.423531591892242432e-01
1.485532056540250778e-02
0.000000000000000000e+00
0.000000000000000000e+00
1.235446427017450333e-02
1.061288267374038696e-01
7.560086995363235474e-02
2.634139657020568848e-01
1.716002583503723145e+00
7.930551469326019287e-02
0.000000000000000000e+00
6.377955675125122070e-01
4.431087374687194824e-01
1.740957736968994141e+00
4.332454875111579895e-02
6.018538475036621094e-01
6.788331270217895508e-02
6.280219554901123047e-01
1.194750741124153137e-01
2.553275108337402344e+00
0.000000000000000000e+00
4.788688719272613525e-01
1.225957199931144714e-01
1.421380490064620972e-01
3.785735070705413818e-01
7.499890327453613281e-01
6.857334971427917480e-01
2.829791605472564697e-01
1.909195212647318840e-03
1.433133840560913086e+00
4.945326969027519226e-02
1.775441467761993408e-01
7.462221980094909668e-01
2.957166433334350586e+00
2.080795913934707642e-01
7.310070991516113281e-01
0.000000000000000000e+00
8.022929430007934570e-01
8.617535233497619629e-02
1.097617894411087036e-01
6.337503790855407715e-01
3.513215482234954834e-01
1.984413266181945801e-01
1.864898204803466797e-01
7.355959713459014893e-02
2.745413482189178467e-01
4.104503989219665527e-01
6.548209190368652344e-01
2.367911487817764282e-01
7.682955861091613770e-01
4.141490757465362549e-01
0.000000000000000000e+00
4.262460470199584961e-01
2.503612041473388672e-01
5.428268909454345703e-01
4.435239315032958984e+00
4.285883903503417969e-01
4.123806357383728027e-01
9.249636530876159668e-02
0.000000000000000000e+00
5.329703092575073242e-01
8.499934524297714233e-02
7.186421155929565430e-01
3.882985115051269531e-01
0.000000000000000000e+00
3.342583402991294861e-02
6.731973588466644287e-02
3.501553833484649658e-01
2.651085704565048218e-02
6.626120805740356445e-01
4.456002116203308105e-01
1.004281938076019287e-01
7.692117691040039062e-01
1.409084677696228027e+00
9.456235170364379883e-02
1.913284361362457275e-01
1.146440878510475159e-01
9.550598859786987305e-01
2.966395914554595947e-01
5.168443918228149414e-01
4.382760822772979736e-01
2.744181156158447266e-01
7.967445850372314453e-01
6.044240593910217285e-01
6.696973927319049835e-03
1.326479554176330566e+00
8.108741044998168945e-02
3.467987477779388428e-01
2.036460936069488525e-01
4.357439875602722168e-01
1.901935902424156666e-03
0.000000000000000000e+00
1.715506762266159058e-01
0.000000000000000000e+00
2.857605695724487305e+00
4.695126414299011230e-02
1.109782606363296509e-01
2.196553349494934082e-01
1.276138067245483398e+00
1.151955485343933105e+00
2.120124399662017822e-01
4.101839363574981689e-01
2.815837562084197998e-01
7.395521551370620728e-02
3.138862922787666321e-02
1.674960404634475708e-01
5.889412760734558105e-02
3.039857558906078339e-02
9.115843772888183594e-01
2.064560502767562866e-01
2.439706772565841675e-01
6.747761368751525879e-02
3.476971983909606934e-01
2.598545327782630920e-02
4.713900089263916016e-01
0.000000000000000000e+00
8.470562845468521118e-02
1.462942957878112793e-01
2.649990797042846680e+00
8.806543797254562378e-02
8.772413432598114014e-02
4.465482234954833984e-01
3.822779059410095215e-01
1.324697017669677734e+00
1.045143082737922668e-01
9.248188734054565430e-01
4.601089283823966980e-02
5.085257440805435181e-02
2.111666500568389893e-01
3.076740773394703865e-03
2.699791193008422852e-01
1.552496403455734253e-01
2.754308283329010010e-01
3.221598565578460693e-01
2.760017216205596924e-01
1.289253830909729004e-01
4.642207622528076172e-01
0.000000000000000000e+00
5.118699073791503906e-01
0.000000000000000000e+00
1.499607801437377930e+00
8.736819028854370117e-01
3.621930778026580811e-01
4.012505412101745605e-01
7.335817813873291016e-02
3.439998254179954529e-02
3.712964653968811035e-01
2.889893017709255219e-02
3.381547033786773682e-01
1.300448536872863770e+00
1.274507343769073486e-01
1.003945946693420410e+00
6.612185835838317871e-01
1.178990840911865234e+00
2.014714479446411133e-01
1.958996430039405823e-02
2.909287512302398682e-01
6.164037808775901794e-02
7.221522331237792969e-01
4.793209135532379150e-01
1.358715444803237915e-01
1.883997917175292969e+00
2.521851956844329834e-01
1.291077025234699249e-02
7.008448839187622070e-01
1.360117495059967041e-01
5.497996136546134949e-02
3.769119679927825928e-01
7.269426435232162476e-02
3.878897130489349365e-01
1.988647580146789551e-01
9.635933041572570801e-01
1.049999833106994629e+00
2.626151561737060547e+00
2.001245878636837006e-02
2.031285464763641357e-01
7.203670591115951538e-02
2.048606157302856445e+00
6.372484564781188965e-01
2.825690805912017822e-01
3.622063249349594116e-02
2.815632224082946777e-01
2.452419698238372803e-01
5.578133836388587952e-02
2.314035892486572266e-01
8.881259560585021973e-01
9.213823080062866211e-02
5.230795145034790039e-01
1.005056649446487427e-01
2.167008444666862488e-02
2.873475849628448486e-01
4.277306050062179565e-02
1.170166675001382828e-02
1.656363248825073242e+00
6.402716636657714844e-01
1.117302253842353821e-01
0.000000000000000000e+00
2.915314674377441406e+00
0.000000000000000000e+00
5.482508659362792969e+00
7.258128374814987183e-02
3.859606385231018066e-02
2.330932855606079102e+00
6.172145009040832520e-01
3.431629538536071777e-01
3.056766092777252197e-01
0.000000000000000000e+00
0.000000000000000000e+00
6.132833659648895264e-03
1.100458670407533646e-02
2.320171147584915161e-01
0.000000000000000000e+00
3.125852346420288086e-01
5.039933919906616211e-01
1.051812469959259033e-01
6.118949502706527710e-02
2.581088617444038391e-02
2.862350642681121826e-01
3.785364562645554543e-03
2.976670563220977783e-01
8.524430915713310242e-03
1.541927218437194824e+00
2.111823558807373047e+00
4.634749144315719604e-02
2.827703766524791718e-02
5.636998638510704041e-02
1.721961140632629395e+00
6.428621411323547363e-01
1.666538834571838379e+00
1.657805591821670532e-01
6.417344212532043457e-01
0.000000000000000000e+00
4.794517159461975098e-01
2.374610751867294312e-01
9.828678518533706665e-02
4.090728703886270523e-03
1.476468332111835480e-02
6.451725214719772339e-02
1.070556323975324631e-02
6.054260302335023880e-03
4.307562410831451416e-01
4.628313332796096802e-02
0.000000000000000000e+00
1.317337036132812500e+00
6.232705712318420410e-02
5.433689951896667480e-01
7.138577103614807129e-01
8.224790096282958984e-01
3.397607430815696716e-02
3.736999630928039551e-02
6.109675168991088867e-01
5.901220440864562988e-01
1.024832502007484436e-01
3.762553036212921143e-01
1.057916786521673203e-03
1.277138710021972656e+00
1.160326302051544189e-01
4.026460945606231689e-01
1.372410416603088379e+00
1.139506578445434570e+00
2.505342662334442139e-01
9.784488379955291748e-02
3.723325133323669434e-01
2.147651165723800659e-01
1.379369616508483887e+00
1.308699011802673340e+00
5.722991749644279480e-02
6.506718695163726807e-02
3.252503811381757259e-04
3.920615091919898987e-02
3.023139536380767822e-01
1.327334493398666382e-01
0.000000000000000000e+00
2.268290966749191284e-01
2.472932785749435425e-01
3.007822632789611816e-01
2.505249977111816406e-01
0.000000000000000000e+00
2.736015617847442627e-01
6.283223628997802734e-01
5.352193117141723633e-01
1.540691498667001724e-02
2.189239561557769775e-01
5.351880788803100586e-01
3.162586390972137451e-01
0.000000000000000000e+00
1.148579493165016174e-01
2.097010761499404907e-01
3.611210361123085022e-02
7.014005184173583984e-01
2.596144564449787140e-02
3.016078472137451172e-02
9.149401783943176270e-01
1.235134378075599670e-01
8.256225585937500000e-01
1.149503231048583984e+00
7.356503009796142578e-01
1.088585019111633301e+00
3.477918207645416260e-01
1.171363331377506256e-02
1.609941571950912476e-01
4.107755422592163086e-01
1.158194303512573242e+00
1.873606204986572266e+00
3.713491678237915039e+00
1.123864278197288513e-01
7.977012395858764648e-01
7.595874071121215820e-01
0.000000000000000000e+00
1.277142524719238281e+00
1.186578497290611267e-01
6.331622600555419922e-01
2.599804103374481201e-01
2.712143361568450928e-01
0.000000000000000000e+00
5.357197485864162445e-03
1.023189187049865723e+00
1.101652160286903381e-01
1.824792101979255676e-02
1.583421230316162109e+00
1.357298046350479126e-01
1.893003843724727631e-02
5.082352831959724426e-02
0.000000000000000000e+00
2.317652404308319092e-01
1.344124674797058105e+00
8.745406270027160645e-01
2.753321081399917603e-02
8.969321846961975098e-02
2.212339639663696289e+00
3.883630037307739258e-01
2.900520339608192444e-02
8.656328916549682617e-02
1.250060319900512695e+00
8.327723294496536255e-02
1.465872973203659058e-01
7.242980003356933594e-01
2.956037223339080811e-01
6.687268614768981934e-01
5.475125908851623535e-01
6.566700935363769531e+00
1.639642357826232910e+00
1.448095560073852539e+00
1.180778592824935913e-01
1.441348791122436523e+00
1.520202606916427612e-01
7.741792798042297363e-01
3.088697195053100586e-01
2.012718766927719116e-01
5.437427163124084473e-01
1.311507701873779297e+00
9.455630779266357422e-01
1.387350559234619141e-01
1.102693900465965271e-01
2.545972108840942383e+00
1.155573368072509766e+00
7.528883963823318481e-02
1.260537561029195786e-02
0.000000000000000000e+00
2.357546389102935791e-01
1.527942568063735962e-01
3.881275355815887451e-01
0.000000000000000000e+00
1.326438307762145996e+00
4.454664587974548340e-01
4.745875895023345947e-01
1.405424252152442932e-02
3.150736987590789795e-01
1.298898458480834961e+00
1.734847068786621094e+00
1.151895746588706970e-01
4.447597563266754150e-01
5.147868990898132324e-01
5.027264356613159180e-01
1.578581035137176514e-01
2.272879779338836670e-01
3.940981253981590271e-02
1.592445373535156250e-01
6.670470833778381348e-01
1.414667218923568726e-01
3.452221751213073730e-01
1.134728342294692993e-01
6.446934342384338379e-01
1.337458342313766479e-01
1.313315868377685547e+00
2.451749742031097412e-01
8.261813521385192871e-01
0.000000000000000000e+00
8.223661035299301147e-02
2.324742794036865234e+00
4.864755272865295410e-02
2.999899983406066895e-01
2.387767791748046875e+00
7.693840861320495605e-01
4.608092784881591797e+00
4.032340645790100098e-01
2.850944735109806061e-02
3.413101285696029663e-02
3.257785737514495850e-01
5.211522802710533142e-02
4.323064386844635010e-01
0.000000000000000000e+00
2.118468433618545532e-01
4.992685914039611816e-01
7.113848924636840820e-01
7.005349546670913696e-02
8.630987405776977539e-01
4.893720149993896484e-01
5.187478065490722656e-01
6.485250592231750488e-01
3.305256366729736328e-01
1.360486030578613281e+00
1.474705696105957031e+00
8.968368172645568848e-01
3.598893880844116211e-01
2.225653231143951416e-01
6.470867432653903961e-03
9.508527070283889771e-02
0.000000000000000000e+00
2.925058901309967041e-01
0.000000000000000000e+00
3.220184087753295898e+00
8.090296983718872070e-01
4.204053804278373718e-02
6.852234005928039551e-01
0.000000000000000000e+00
6.765953063964843750e+00
2.926424741744995117e-01
3.923204261809587479e-03
1.198311219923198223e-03
1.647157520055770874e-01
2.998332679271697998e-01
9.421820640563964844e-01
0.000000000000000000e+00
7.333258166909217834e-03
1.202605664730072021e-01
1.030961036682128906e+00
6.296011209487915039e-01
7.741881161928176880e-02
0.000000000000000000e+00
0.000000000000000000e+00
2.341609820723533630e-02
8.384827524423599243e-02
1.146636843681335449e+00
2.218389987945556641e+00
1.156274080276489258e-01
1.613660097122192383e+00
1.800767183303833008e-01
5.330892801284790039e-01
1.184953674674034119e-01
3.353559076786041260e-01
2.049435824155807495e-01
3.368159234523773193e-01
2.251626849174499512e-01
7.175286114215850830e-02
2.873916923999786377e-01
2.140131546184420586e-03
6.397976875305175781e-01
1.466436237096786499e-01
4.723028540611267090e-01
0.000000000000000000e+00
3.497124016284942627e-01
2.719489857554435730e-03
6.836481094360351562e-01
3.260254263877868652e-01
9.582003951072692871e-02
0.000000000000000000e+00
1.723515093326568604e-01
5.723767876625061035e-01
1.220337510108947754e+00
1.388306468725204468e-01
8.691995404660701752e-03
1.427898764610290527e+00
1.251276582479476929e-01
5.286061763763427734e-01
3.243678212165832520e-01
2.209281474351882935e-01
4.062511920928955078e+00
4.312694445252418518e-02
4.384781718254089355e-01
4.054299354553222656e+00
3.595105409622192383e-01
0.000000000000000000e+00
8.224253654479980469e-01
3.914501368999481201e-01
1.200461506843566895e+00
1.598385214805603027e+00
1.215075254440307617e+00
3.923565521836280823e-02
0.000000000000000000e+00
4.544371664524078369e-01
4.941439330577850342e-01
5.579007416963577271e-02
8.709691464900970459e-02
1.169923692941665649e-01
0.000000000000000000e+00
3.471025228500366211e-01
6.104168891906738281e-01
3.791216611862182617e-01
1.464781910181045532e-01
3.447109162807464600e-01
5.037333369255065918e-01
8.702186942100524902e-01
3.668769598007202148e-01
1.521099507808685303e-01
1.065586566925048828e+00
5.960000753402709961e-01
3.521111607551574707e-02
3.208133578300476074e-01
3.300747871398925781e-01
6.730908900499343872e-02
2.832476794719696045e-01
1.206190139055252075e-01
2.569889128208160400e-01
3.339861631393432617e-01
1.423845052719116211e+00
1.521942913532257080e-01
2.207368239760398865e-02
1.396089196205139160e+00
1.056628942489624023e+00
1.492517348378896713e-02
2.111349105834960938e-01
1.231739670038223267e-02
4.287255704402923584e-01
0.000000000000000000e+00
7.491837143898010254e-01
6.611366868019104004e-01
1.075666904449462891e+00
3.832431733608245850e-01
1.734404414892196655e-01
1.044362932443618774e-01
0.000000000000000000e+00
4.679088294506072998e-01
9.469892829656600952e-02
2.217118442058563232e-01
9.561920762062072754e-01
4.226066768169403076e-01
2.035856805741786957e-02
0.000000000000000000e+00
2.062857449054718018e-01
3.193697631359100342e-01
4.032081365585327148e-02
3.753051757812500000e-01
5.290549993515014648e-01
2.031307667493820190e-01
3.834239840507507324e-01
7.895467877388000488e-01
7.362788319587707520e-01
1.268581748008728027e-01
8.028404712677001953e-01
8.826301246881484985e-02
8.350487053394317627e-02
0.000000000000000000e+00
1.632447540760040283e-02
1.122860983014106750e-01
9.808316826820373535e-01
6.552813053131103516e-01
1.259427517652511597e-01
2.828179567586630583e-04
4.095124304294586182e-01
3.360884785652160645e-01
1.437267214059829712e-01
0.000000000000000000e+00
2.123350799083709717e-01
1.019740700721740723e+00
3.561788797378540039e-01
1.908218741416931152e+00
1.697668135166168213e-01
1.144863247871398926e+00
2.848635427653789520e-02
6.144670844078063965e-01
5.506364703178405762e-01
1.108121871948242188e+00
1.078747391700744629e+00
1.317632555961608887e+00
3.278306126594543457e-01
7.535712420940399170e-02
0.000000000000000000e+00
6.692032516002655029e-02
2.511398680508136749e-02
2.930989861488342285e-01
1.147805452346801758e+00
3.219271600246429443e-01
8.300687670707702637e-01
1.721575736999511719e+00
6.425774097442626953e-01
5.049036145210266113e-01
8.979555964469909668e-02
5.285401940345764160e-01
6.552596092224121094e-01
3.288826346397399902e-01
2.030748605728149414e+00
2.993666380643844604e-02
3.040183335542678833e-02
4.011933803558349609e-01
3.497748076915740967e-01
1.456316709518432617e-01
1.220000684261322021e-01
1.552066951990127563e-02
1.235400419682264328e-02
5.923121571540832520e-01
1.348726302385330200e-01
7.637906670570373535e-01
1.091459859162569046e-02
1.097317114472389221e-01
4.988093674182891846e-02
1.147330272942781448e-02
4.098516702651977539e-02
1.774190366268157959e-02
2.218320071697235107e-01
9.516232460737228394e-02
8.922109752893447876e-02
2.269213087856769562e-02
3.903480172157287598e-01
1.567589044570922852e-01
1.283734083175659180e+00
8.718642592430114746e-01
6.859747692942619324e-03
9.809936285018920898e-01
4.058020710945129395e-01
1.220125794410705566e+00
1.037359714508056641e+00
3.464808225631713867e+00
2.954193204641342163e-02
1.429592221975326538e-01
5.288403630256652832e-01
5.863167345523834229e-02
4.478157162666320801e-01
1.494947969913482666e-01
6.103185415267944336e-01
1.482968479394912720e-01
7.451570630073547363e-01
2.765135839581489563e-02
6.924677640199661255e-02
0.000000000000000000e+00
1.240119687281548977e-03
1.653964817523956299e-01
1.566443324089050293e+00
6.439122557640075684e-02
6.633832454681396484e-01
9.025341868400573730e-01
1.093548774719238281e+00
2.462239712476730347e-01
1.199900582432746887e-01
9.657722115516662598e-01
7.708091735839843750e-01
1.035419940948486328e+00
8.155065029859542847e-02
1.708017885684967041e-01
7.833261787891387939e-02
8.201389014720916748e-02
1.283342123031616211e+00
4.377522692084312439e-02
6.269159913063049316e-02
8.484359383583068848e-01
9.004551917314529419e-03
3.458816111087799072e-01
5.047225356101989746e-01
0.000000000000000000e+00
1.611882448196411133e+00
9.628598392009735107e-02
1.690161041915416718e-02
5.583685040473937988e-01
5.615100860595703125e-01
5.369132012128829956e-02
2.579851627349853516e+00
1.207231804728507996e-01
4.013198241591453552e-02
1.101776063442230225e-01
5.057404562830924988e-02
1.798625141382217407e-01
2.408284544944763184e-01
2.138819843530654907e-01
5.189561843872070312e-01
1.474436759948730469e+00
2.190615981817245483e-02
1.998001337051391602e-01
5.017077922821044922e-01
0.000000000000000000e+00
1.768138632178306580e-02
8.047721982002258301e-01
6.051543951034545898e-01
7.113049030303955078e-01
5.379462838172912598e-01
3.374231979250907898e-02
1.206513047218322754e+00
3.077794015407562256e-01
2.765009403228759766e-01
2.000015377998352051e-01
2.314714528620243073e-02
3.089765310287475586e-01
9.247850179672241211e-01
4.135874807834625244e-01
1.971672475337982178e-01
5.354509949684143066e-01
2.237713523209095001e-02
2.605615556240081787e-02
5.194487571716308594e-01
1.338328123092651367e-01
7.837053537368774414e-01
0.000000000000000000e+00
1.139115244150161743e-01
6.886153817176818848e-01
2.059238433837890625e+00
0.000000000000000000e+00
1.415252536535263062e-01
0.000000000000000000e+00
3.476426899433135986e-01
4.551769196987152100e-01
0.000000000000000000e+00
6.013624072074890137e-01
9.886793047189712524e-02
0.000000000000000000e+00
5.357849597930908203e-01
7.017978280782699585e-02
7.914284467697143555e-01
6.081350445747375488e-01
8.723846673965454102e-01
3.341043367981910706e-02
0.000000000000000000e+00
1.632885813713073730e+00
9.750702977180480957e-02
2.811484098434448242e+00
2.988346293568611145e-02
1.801632493734359741e-01
5.179689452052116394e-02
7.147402316331863403e-02
2.308818846940994263e-01
3.059136271476745605e-01
4.816182255744934082e-01
1.054569929838180542e-01
4.663403034210205078e-01
1.036413073539733887e+00
1.899131894111633301e+00
6.466268748044967651e-02
5.702627450227737427e-02
8.098126947879791260e-02
2.523179352283477783e-01
5.152549128979444504e-03
5.868018418550491333e-02
8.254356980323791504e-01
1.679575629532337189e-02
9.789822995662689209e-02
1.565759778022766113e-01
1.065723061561584473e+00
1.060477018356323242e+00
0.000000000000000000e+00
3.044159114360809326e-01
8.419586718082427979e-02
5.125526785850524902e-01
4.809211492538452148e-01
0.000000000000000000e+00
3.235655650496482849e-02
2.183457612991333008e+00
7.478545308113098145e-01
1.606796860694885254e+00
1.270336806774139404e-01
2.032658755779266357e-01
9.792917966842651367e-01
1.917308568954467773e-01
0.000000000000000000e+00
4.064930915832519531e+00
5.374916195869445801e-01
7.153850793838500977e-02
3.639830052852630615e-01
9.786738455295562744e-02
1.603380143642425537e-01
4.261221364140510559e-02
1.568234898149967194e-02
0.000000000000000000e+00
2.171723693609237671e-01
3.270657733082771301e-02
1.456733793020248413e-01
2.618821859359741211e-01
3.654414117336273193e-01
2.957201600074768066e-01
1.106555387377738953e-02
8.325394988059997559e-02
9.839625954627990723e-01
7.087354548275470734e-03
1.667791604995727539e-01
6.296718120574951172e-02
4.812026396393775940e-03
0.000000000000000000e+00
2.874557077884674072e-01
3.235161066055297852e+00
1.406589150428771973e+00
1.194472074508666992e+00
4.871881306171417236e-01
6.046762317419052124e-02
1.476431250572204590e+00
1.712912440299987793e+00
1.424100637435913086e+00
1.107131503522396088e-02
1.171933561563491821e-01
6.350762248039245605e-01
3.989103808999061584e-02
1.129502177238464355e+00
1.966873854398727417e-01
1.237800359725952148e+00
3.862893581390380859e-01
7.197425961494445801e-01
2.539133429527282715e-01
4.209142923355102539e-01
6.062085628509521484e-01
5.878579989075660706e-02
0.000000000000000000e+00
8.527544885873794556e-02
2.435537129640579224e-01
3.208313584327697754e-01
3.837983906269073486e-01
0.000000000000000000e+00
3.999771475791931152e-01
5.798098444938659668e-01
3.947567045688629150e-01
4.097481258213520050e-03
2.555182902142405510e-03
5.388091206550598145e-01
7.975035905838012695e-01
2.229692041873931885e-01
3.253535181283950806e-02
3.022883553057909012e-03
1.113582253456115723e+00
7.496705651283264160e-02
4.535471275448799133e-02
4.326506257057189941e-01
3.727737069129943848e-02
2.480416186153888702e-02
5.536609888076782227e-01
5.020954608917236328e-01
4.049219787120819092e-01
8.461473137140274048e-02
3.602418005466461182e-01
9.166539460420608521e-02
2.716092765331268311e-01
1.619446575641632080e-01
7.131170481443405151e-03
3.601384535431861877e-02
4.254280924797058105e-01
1.188111186027526855e+00
2.028528898954391479e-01
6.670700311660766602e-01
1.457445621490478516e+00
6.484401412308216095e-03
5.116426348686218262e-01
5.954800248146057129e-01
1.126131534576416016e+00
2.009775191545486450e-01
7.990112528204917908e-03
5.722925066947937012e-01
2.179976105690002441e-01
1.255474518984556198e-02
6.498009562492370605e-01
1.117267012596130371e-01
1.317865610122680664e+00
1.914544343948364258e+00
2.002493739128112793e-01
9.286530315876007080e-02
3.640920817852020264e-01
3.623592555522918701e-01
5.569037795066833496e-01
2.968915700912475586e-01
1.583510264754295349e-02
4.566413462162017822e-01
1.592499732971191406e+00
3.410573303699493408e-01
1.133386373519897461e+00
4.372830390930175781e-01
2.783991862088441849e-03
1.487728834152221680e+00
3.263373672962188721e-01
1.307256460189819336e+00
6.103775277733802795e-02
6.869061589241027832e-01
6.540590431541204453e-03
1.363934397697448730e+00
1.159244552254676819e-01
1.726766824722290039e+00
7.376528345048427582e-03
1.024034023284912109e+00
9.160007834434509277e-01
1.103700876235961914e+00
2.898445129394531250e-01
2.694859802722930908e-01
4.117973148822784424e-01
8.547700196504592896e-02
3.487159013748168945e+00
1.382596492767333984e-01
0.000000000000000000e+00
2.775851190090179443e-01
5.689077451825141907e-02
1.868263334035873413e-01
8.624499440193176270e-01
7.741290610283613205e-03
1.160631895065307617e+00
1.099426984786987305e+00
2.244327664375305176e-01
2.568567357957363129e-02
9.774100780487060547e-02
3.133323907852172852e+00
1.751783192157745361e-01
1.588027738034725189e-02
0.000000000000000000e+00
2.695947170257568359e+00
2.401861995458602905e-01
7.205218672752380371e-01
6.655184030532836914e-01
1.413046568632125854e-01
6.602269411087036133e-01
3.733323812484741211e-01
5.557756498456001282e-02
3.142980098724365234e+00
0.000000000000000000e+00
1.526865512132644653e-01
3.013952732086181641e+00
5.958987399935722351e-02
4.753021299839019775e-01
3.807064533233642578e+00
4.085582494735717773e-02
4.653168678283691406e+00
2.657636642456054688e+00
5.373707413673400879e-02
4.107883200049400330e-02
2.272756025195121765e-02
2.859419956803321838e-02
4.788700044155120850e-01
2.296978142112493515e-03
2.347625792026519775e-01
1.340839359909296036e-02
4.701134681701660156e+00
4.113666117191314697e-01
5.861788988113403320e-01
2.568864583969116211e+00
9.303258657455444336e-01
1.723526865243911743e-01
2.996639311313629150e-01
7.420720458030700684e-01
2.207589447498321533e-01
2.116225063800811768e-01
1.743124574422836304e-01
2.512539923191070557e-01
5.247717723250389099e-03
1.185407876968383789e+00
4.798979461193084717e-01
3.451316952705383301e-01
8.427045345306396484e-01
1.111098766326904297e+00
6.178303360939025879e-01
8.069008588790893555e-01
3.718762695789337158e-01
4.167813062667846680e-02
1.160365790128707886e-01
3.021322377026081085e-02
4.026011228561401367e-01
8.831643313169479370e-02
1.801991909742355347e-01
2.414754778146743774e-01
1.776635169982910156e+00
9.338797628879547119e-02
6.741300225257873535e-01
0.000000000000000000e+00
1.036762595176696777e+00
3.431594967842102051e-01
4.833173155784606934e-01
4.492976889014244080e-02
1.836968660354614258e-01
1.032736778259277344e+00
4.946675896644592285e-01
0.000000000000000000e+00
0.000000000000000000e+00
3.149551153182983398e-02
6.144229695200920105e-02
0.000000000000000000e+00
1.131227970123291016e+00
5.125488638877868652e-01
1.229250920005142689e-03
5.179114937782287598e-01
1.586906313896179199e+00
8.498720079660415649e-02
0.000000000000000000e+00
1.682103611528873444e-02
4.511721432209014893e-03
4.243842884898185730e-02
1.956017874181270599e-02
0.000000000000000000e+00
2.226923704147338867e-01
1.713298074901103973e-02
1.310947835445404053e-01
3.368885219097137451e-01
4.940092265605926514e-01
2.635356485843658447e-01
1.509596407413482666e-01
1.039570663124322891e-03
3.128177225589752197e-01
1.403732448816299438e-01
5.242446064949035645e-02
1.135261133313179016e-01
7.155068963766098022e-02
1.081303119659423828e+00
1.626469492912292480e-01
4.961104094982147217e-01
1.301318526268005371e+00
0.000000000000000000e+00
5.891810894012451172e+00
3.933118283748626709e-01
8.742938637733459473e-01
0.000000000000000000e+00
1.150464639067649841e-01
2.119011431932449341e-01
1.262434840202331543e+00
4.574188590049743652e-01
1.658628880977630615e-01
0.000000000000000000e+00
8.336870372295379639e-02
4.927107393741607666e-01
7.761297374963760376e-02
1.377748232334852219e-02
7.122815847396850586e-01
4.928996041417121887e-02
1.159585937857627869e-01
4.603941738605499268e-02
2.666627764701843262e-01
4.659499168395996094e+00
8.528431653976440430e-01
1.371485352516174316e+00
0.000000000000000000e+00
5.529093556106090546e-03
6.696955859661102295e-02
2.015658828895539045e-04
3.525769114494323730e-01
2.085745573043823242e+00
4.086611866950988770e-01
4.940798878669738770e-01
5.586574077606201172e-01
1.200110558420419693e-02
1.362533450126647949e+00
1.157964020967483521e-01
2.345439791679382324e-01
3.301710635423660278e-02
1.550396680831909180e+00
6.226258352398872375e-02
1.150208432227373123e-02
1.778321146965026855e+00
1.145155549049377441e+00
3.295438736677169800e-02
9.717893600463867188e-01
9.790367484092712402e-01
2.474670261144638062e-01
1.539583057165145874e-01
0.000000000000000000e+00
1.065708696842193604e-01
2.700444757938385010e-01
5.735656619071960449e-02
8.523173928260803223e-01
2.485912084579467773e+00
7.308969497680664062e-01
2.221738576889038086e+00
2.078391164541244507e-01
1.239180341362953186e-01
1.646538148634135723e-03
3.369548544287681580e-02
1.174531877040863037e-01
3.079081535339355469e+00
0.000000000000000000e+00
1.337433606386184692e-02
2.928071618080139160e-01
2.972954213619232178e-01
2.473235428333282471e-01
0.000000000000000000e+00
4.048956334590911865e-01
2.980468869209289551e-01
1.030325368046760559e-01
0.000000000000000000e+00
2.915192842483520508e-01
3.598910942673683167e-02
5.375861525535583496e-01
5.817943215370178223e-01
2.475654035806655884e-01
7.836611866950988770e-01
3.274387419223785400e-01
5.521356314420700073e-02
6.377716064453125000e-01
1.797232404351234436e-02
4.329575002193450928e-01
5.114182233810424805e-01
2.724785566329956055e+00
5.400214791297912598e-01
5.463762283325195312e-01
1.311862319707870483e-01
2.199523299932479858e-01
3.058013916015625000e+00
0.000000000000000000e+00
6.752624511718750000e-01
3.338570892810821533e-02
1.507532130926847458e-02
1.335758119821548462e-01
5.845419131219387054e-03
1.175633147358894348e-01
6.953902542591094971e-02
1.916911453008651733e-01
1.097912415862083435e-01
1.211118817329406738e+00
7.365652918815612793e-02
5.388639569282531738e-01
3.229695260524749756e-01
1.028386905090883374e-04
2.991449646651744843e-02
1.681247472763061523e+00
9.412938356399536133e-01
2.578887462615966797e+00
9.270644187927246094e-01
1.393599510192871094e+00
1.414043307304382324e-01
1.593460738658905029e-01
1.367805153131484985e-01
3.381998240947723389e-01
5.930080637335777283e-02
1.146536350250244141e+00
1.646572798490524292e-01
5.604879260063171387e-01
5.079193040728569031e-02
2.937661409378051758e-01
0.000000000000000000e+00
4.065967500209808350e-01
2.059274435043334961e+00
8.018496036529541016e-01
3.815691471099853516e-01
7.395260930061340332e-01
1.492670085281133652e-02
6.794805526733398438e-01
6.014994978904724121e-01
8.234223350882530212e-03
0.000000000000000000e+00
2.974783442914485931e-02
7.457493543624877930e-01
7.704766094684600830e-02
1.897452585399150848e-02
7.940013706684112549e-02
1.648576974868774414e+00
1.476335048675537109e+00
9.281191229820251465e-01
8.731862306594848633e-01
1.004360914230346680e+00
3.755135834217071533e-01
3.078010380268096924e-01
6.114239096641540527e-01
4.770013988018035889e-01
3.080848455429077148e+00
6.852144002914428711e-01
3.806211054325103760e-01
0.000000000000000000e+00
1.173771172761917114e-01
5.613046884536743164e-02
5.699585676193237305e-01
6.697801351547241211e-01
2.613629698753356934e-01
5.066061392426490784e-02
3.158536255359649658e-01
3.347050547599792480e-01
4.413842260837554932e-01
0.000000000000000000e+00
3.595034182071685791e-01
1.306408643722534180e+00
1.072371006011962891e-02
4.158675968647003174e-01
3.047525882720947266e-01
1.228737235069274902e-01
1.287131309509277344e-01
4.105097055435180664e-01
3.254970908164978027e-02
9.368079155683517456e-02
5.218340158462524414e-01
2.522825002670288086e-01
1.235718131065368652e+00
1.006644010543823242e+00
7.613809406757354736e-02
3.379107117652893066e-01
9.426506161689758301e-01
0.000000000000000000e+00
4.476251304149627686e-01
9.152450561523437500e-01
2.055161952972412109e+00
1.002017140388488770e+00
6.262466311454772949e-01
0.000000000000000000e+00
2.085250169038772583e-01
4.043475151062011719e+00
1.055278703570365906e-01
1.613854765892028809e-01
1.136865988373756409e-01
1.729578822851181030e-01
0.000000000000000000e+00
1.455745577812194824e+00
5.183296203613281250e-01
7.992540299892425537e-02
3.249113857746124268e-01
3.007615804672241211e-01
7.287177443504333496e-02
1.892506480216979980e-01
4.931831359863281250e-01
2.882371544837951660e-01
1.041354387998580933e-01
1.973895281553268433e-01
6.490931510925292969e-01
0.000000000000000000e+00
5.796922445297241211e-01
1.823838949203491211e-01
2.392347306013107300e-01
1.419865339994430542e-01
1.390855431556701660e+00
2.611544681712985039e-03
7.485679537057876587e-02
7.309228777885437012e-01
2.614098787307739258e-01
0.000000000000000000e+00
2.958741784095764160e-01
2.818464636802673340e-01
2.441797107458114624e-01
0.000000000000000000e+00
0.000000000000000000e+00
0.000000000000000000e+00
6.258089840412139893e-02
2.729019880294799805e+00
1.005460992455482483e-01
2.428300142288208008e+00
3.728221058845520020e-01
3.626082837581634521e-02
5.755385160446166992e-01
5.169696211814880371e-01
6.316652297973632812e-01
1.619837284088134766e-01
1.208467006683349609e+00
3.144005239009857178e-01
1.741681993007659912e-02
2.719861567020416260e-01
6.073940992355346680e-01
1.055283918976783752e-01
3.199749886989593506e-01
1.759952753782272339e-01
9.795967936515808105e-01
1.346672534942626953e+00
3.653355687856674194e-02
0.000000000000000000e+00
2.399508357048034668e-01
6.442812085151672363e-01
1.686848104000091553e-01
3.648982644081115723e-01
2.843858003616333008e-01
1.162841841578483582e-01
9.313140809535980225e-02
0.000000000000000000e+00
1.345054432749748230e-02
1.401231139898300171e-01
4.669167697429656982e-01
1.145487092435359955e-02
1.965813785791397095e-01
0.000000000000000000e+00
9.889025241136550903e-02
1.950129151344299316e+00
4.711089730262756348e-01
4.737512767314910889e-02
3.481304347515106201e-01
6.912579294294118881e-03
6.636210680007934570e-01
4.336817860603332520e-01
1.793666005134582520e+00
2.684232965111732483e-02
4.811714217066764832e-02
9.774534106254577637e-01
1.408311605453491211e+00
2.652987003326416016e+00
5.999159812927246094e-01
6.979286670684814453e-02
3.913166467100381851e-03
1.861048489809036255e-01
1.559362839907407761e-02
8.488468527793884277e-01
1.045571118593215942e-01
1.175629720091819763e-01
2.604022264480590820e+00
2.362215071916580200e-01
9.332241117954254150e-02
1.246723651885986328e+00
1.980019450187683105e+00
1.372417211532592773e+00
3.370769917964935303e-01
2.250894159078598022e-02
3.432421088218688965e-01
6.438019126653671265e-02
8.884988725185394287e-02
0.000000000000000000e+00
1.405400633811950684e-01
6.954476982355117798e-02
5.207414738833904266e-03
2.826030133292078972e-03
3.944290056824684143e-02
8.127074241638183594e-01
6.623915582895278931e-02
2.520556449890136719e-01
4.339026510715484619e-01
1.289924263954162598e+00
1.288354992866516113e-01
2.205332368612289429e-01
2.728648900985717773e+00
5.169168710708618164e-01
1.339759230613708496e-01
5.395863652229309082e-01
1.868259310722351074e-01
7.826107740402221680e-02
2.059880793094635010e-01
2.812383770942687988e-01
4.525055885314941406e-01
1.125395894050598145e+00
8.819130063056945801e-01
1.103182911872863770e+00
6.090310811996459961e-01
1.216480374336242676e+00
6.797489523887634277e-01
8.907390236854553223e-01
9.930692613124847412e-02
6.731332540512084961e-01
3.365718526765704155e-03
2.343632876873016357e-01
3.929571509361267090e-01
1.526454687118530273e+00
4.425895512104034424e-01
1.847413927316665649e-01
2.278059005737304688e+00
3.796928882598876953e+00
0.000000000000000000e+00
0.000000000000000000e+00
7.728919386863708496e-01
2.680194377899169922e-01
4.382488131523132324e-01
1.984048187732696533e-01
0.000000000000000000e+00
9.188031554222106934e-01
4.147410392761230469e-01
7.360544521361589432e-03
3.966068103909492493e-02
5.323626399040222168e-01
2.827415764331817627e-01
1.903398633003234863e-01
1.187079429626464844e+00
1.717196851968765259e-01
3.374602198600769043e-01
2.462256550788879395e-01
0.000000000000000000e+00
2.640582970343530178e-04
7.307551056146621704e-02
0.000000000000000000e+00
0.000000000000000000e+00
1.208742521703243256e-02
8.529695868492126465e-02
1.408520638942718506e-01
3.680548369884490967e-01
8.105082511901855469e-01
4.385749623179435730e-02
0.000000000000000000e+00
5.548023581504821777e-01
4.227311611175537109e-01
4.339745938777923584e-01
1.078858971595764160e-01
5.947271585464477539e-01
1.470624208450317383e-01
0.000000000000000000e+00
9.425764530897140503e-02
4.248421192169189453e-01
2.054205164313316345e-02
1.907725334167480469e+00
1.462787240743637085e-01
1.405072659254074097e-01
8.932042121887207031e-01
4.702406823635101318e-01
4.919490516185760498e-01
2.317064255475997925e-01
6.529108285903930664e-01
1.021544784307479858e-01
8.828547000885009766e-01
3.034773468971252441e-01
1.284550130367279053e-01
5.148257017135620117e-01
1.261047720909118652e+00
4.354730248451232910e-01
1.759047210216522217e-01
1.683765500783920288e-01
3.913999721407890320e-02
1.424941539764404297e+00
3.878543674945831299e-01
2.530895173549652100e-02
1.270493268966674805e-01
2.962029874324798584e-01
7.201132923364639282e-02
5.220159292221069336e-01
5.770605057477951050e-02
0.000000000000000000e+00
2.679126560688018799e-01
9.606714248657226562e-01
3.315334022045135498e-01
5.293233692646026611e-02
1.698428764939308167e-02
7.533362507820129395e-01
5.512224435806274414e-01
5.420778393745422363e-01
2.245710790157318115e-01
3.893756866455078125e-02
2.051712870597839355e-01
1.984059214591979980e-01
2.710430622100830078e+00
9.793179631233215332e-01
6.507447361946105957e-02
1.484949588775634766e-01
7.335308790206909180e-01
7.856134325265884399e-02
3.718225285410881042e-02
2.357234954833984375e-01
1.209890395402908325e-01
2.619941234588623047e-01
3.175230324268341064e-01
1.125689029693603516e+00
1.828032918274402618e-02
1.065838575363159180e+00
2.135754078626632690e-01
4.448036104440689087e-02
1.242981553077697754e+00
3.199782967567443848e-01
3.602875629439949989e-03
0.000000000000000000e+00
1.108895689249038696e-01
5.196461826562881470e-02
1.797660827636718750e+00
0.000000000000000000e+00
8.512374162673950195e-01
4.329134523868560791e-01
7.160337567329406738e-01
1.447915732860565186e-01
9.210789948701858521e-02
1.540792174637317657e-03
8.014832437038421631e-02
5.294997096061706543e-01
9.553025010973215103e-04
2.749379873275756836e-01
1.466228514909744263e-01
3.607382252812385559e-02
3.279239654541015625e+00
0.000000000000000000e+00
2.674761712551116943e-01
2.867943644523620605e-01
0.000000000000000000e+00
1.786785244941711426e+00
1.111455075442790985e-02
7.768090069293975830e-02
1.232514902949333191e-01
3.559772297739982605e-02
3.014044463634490967e-01
2.355341434478759766e+00
2.325229644775390625e+00
0.000000000000000000e+00
5.609561204910278320e-01
6.545017957687377930e-01
1.562494754791259766e+00
9.518496517557650805e-05
1.448717666789889336e-03
1.538767337799072266e+00
3.550986349582672119e-01
2.134193480014801025e-01
1.307129114866256714e-01
6.504156440496444702e-02
1.426532626152038574e+00
4.233764111995697021e-02
1.037426292896270752e-01
1.967110782861709595e-01
2.490128129720687866e-01
1.041126530617475510e-02
5.343552827835083008e-01
6.363706290721893311e-02
3.483971953392028809e-02
3.458258137106895447e-02
1.004408121109008789e+00
3.499239683151245117e-02
5.161622762680053711e-01
4.052014827728271484e+00
5.070596933364868164e-02
2.925503849983215332e-01
3.731581568717956543e-01
0.000000000000000000e+00
0.000000000000000000e+00
7.437463849782943726e-02
5.433967113494873047e-01
2.128988318145275116e-02
2.455046176910400391e-01
4.895540699362754822e-02
1.669369935989379883e+00
5.073530077934265137e-01
9.728831648826599121e-01
2.196912020444869995e-01
7.193212509155273438e-01
1.953375525772571564e-02
2.936818599700927734e+00
6.739300489425659180e-02
1.592229753732681274e-01
2.932064235210418701e-02
7.623967528343200684e-01
6.413700431585311890e-02
3.884132578969001770e-02
0.000000000000000000e+00
5.488407239317893982e-02
9.520546346902847290e-02
3.718289732933044434e-01
8.447925746440887451e-02
1.707637123763561249e-02
3.921556845307350159e-02
0.000000000000000000e+00
1.201786100864410400e-01
4.875207245349884033e-01
3.580204248428344727e-01
8.102673888206481934e-01
4.491628170013427734e+00
4.854931235313415527e-01
1.617290258407592773e+00
1.476159393787384033e-01
1.078909397125244141e+00
8.619997650384902954e-02
1.093657612800598145e-01
3.060176223516464233e-02
1.158742904663085938e+00
1.714340969920158386e-02
4.737031832337379456e-02
2.013547718524932861e-01
2.331805944442749023e+00
2.496502920985221863e-02
4.772672895342111588e-03
2.356627769768238068e-02
3.810813724994659424e-01
3.828305602073669434e-01
3.769370019435882568e-01
7.878712564706802368e-02
2.224269062280654907e-01
0.000000000000000000e+00
1.828011751174926758e+00
0.000000000000000000e+00
3.116331398487091064e-01
0.000000000000000000e+00
9.976596571505069733e-03
4.220637083053588867e-01
1.221076771616935730e-02
1.892471164464950562e-01
1.289768934249877930e+00
6.056087464094161987e-02
2.756079912185668945e+00
6.617817878723144531e-01
3.469361960887908936e-01
2.158459275960922241e-01
8.860799483954906464e-03
3.344345986843109131e-01
1.957058347761631012e-02
1.417168825864791870e-01
1.400914043188095093e-01
5.472435951232910156e-01
4.311579465866088867e-01
0.000000000000000000e+00
3.521502390503883362e-02
1.377288341522216797e+00
4.065657556056976318e-01
6.594696640968322754e-02
2.567151561379432678e-02
7.294582575559616089e-02
1.193524122238159180e+00
1.806566677987575531e-02
6.347768008708953857e-02
2.716033220291137695e+00
5.825281143188476562e-01
1.192737817764282227e-01
1.438654541969299316e+00
7.844703793525695801e-01
1.367521136999130249e-01
4.244772493839263916e-01
7.225497364997863770e-01
6.444230079650878906e-01
0.000000000000000000e+00
2.896426618099212646e-01
1.672347262501716614e-02
8.342082500457763672e-01
3.477308452129364014e-01
1.619984395802021027e-02
0.000000000000000000e+00
4.274991899728775024e-02
3.207794427871704102e-01
0.000000000000000000e+00
7.893633097410202026e-02
1.106690987944602966e-01
1.041632652282714844e+00
2.548046350479125977e+00
8.429313311353325844e-04
0.000000000000000000e+00
6.986440625041723251e-03
1.393171697854995728e-01
1.445214748382568359e-01
2.807707488536834717e-01
2.102511823177337646e-01
1.990028500556945801e+00
3.865696787834167480e-01
1.800194382667541504e-01
1.874438524246215820e-01
1.688573718070983887e+00
2.638499140739440918e-01
1.890670806169509888e-01
1.112775057554244995e-01
1.514769315719604492e+00
1.022380471229553223e+00
0.000000000000000000e+00
2.676336765289306641e-01
0.000000000000000000e+00
0.000000000000000000e+00
1.315772533416748047e-02
6.308057904243469238e-02
3.194645941257476807e-01
3.984382003545761108e-02
2.648252248764038086e-01
7.690650820732116699e-01
1.842353194952011108e-01
1.342212855815887451e-01
9.704452753067016602e-01
5.353468284010887146e-02
1.716314196586608887e+00
6.196955218911170959e-03
1.640402525663375854e-01
1.866640746593475342e-01
2.019681334495544434e-01
5.347020030021667480e-01
1.216403394937515259e-01
9.291660785675048828e-02
1.096992790699005127e-01
7.625801563262939453e-01
9.957737289369106293e-03
1.040584921836853027e+00
1.466639041900634766e-01
3.948264718055725098e-01
3.134629428386688232e-01
5.187154933810234070e-02
5.992223024368286133e-01
9.208717942237854004e-01
2.609498612582683563e-02
1.634041786193847656e+00
6.986489295959472656e-01
8.756118416786193848e-01
3.943969607353210449e-01
5.669614672660827637e-01
1.005412116646766663e-01
2.565658688545227051e-01
4.090846180915832520e-01
6.252166628837585449e-02
7.393185496330261230e-01
1.965999789535999298e-02
6.161722540855407715e-02
7.385517954826354980e-01
7.652372121810913086e-01
1.759165763854980469e+00
8.630039542913436890e-02
7.895506024360656738e-01
2.059188485145568848e-02
4.185081124305725098e-01
1.464716345071792603e-01
3.239552080631256104e-01
5.585323572158813477e-01
0.000000000000000000e+00
7.762797176837921143e-02
2.228823661804199219e+00
2.341179996728897095e-01
2.014675550162792206e-02
4.296638667583465576e-01
3.376989662647247314e-01
8.923197165131568909e-03
2.099339962005615234e-01
6.847811341285705566e-01
3.557381778955459595e-02
9.751222282648086548e-02
1.218286991119384766e+00
8.925934433937072754e-01
9.255649894475936890e-02
5.443472862243652344e-01
1.197388529777526855e+00
3.535408526659011841e-02
9.575760364532470703e-01
8.996188640594482422e-01
1.458539515733718872e-01
1.884514093399047852e-01
6.295155286788940430e-01
4.052571356296539307e-01
1.808219909667968750e+00
1.390047073364257812e+00
8.056080341339111328e-02
3.370343446731567383e-01
1.530317403376102448e-02
3.768649324774742126e-02
3.021910429000854492e+00
2.456261962652206421e-01
2.923841238021850586e+00
6.267578899860382080e-02
9.214573539793491364e-03
1.456398367881774902e-01
4.270153492689132690e-02
1.034208387136459351e-01
1.175852566957473755e-01
1.275724917650222778e-01
4.436513185501098633e-01
0.000000000000000000e+00
1.771513342857360840e+00
2.414868175983428955e-01
4.388690367341041565e-02
0.000000000000000000e+00
4.093619808554649353e-02
1.227464452385902405e-01
2.217456698417663574e-01
5.147926330566406250e+00
0.000000000000000000e+00
9.019511342048645020e-01
0.000000000000000000e+00
2.343709945678710938e+00
1.165051162242889404e-01
1.449423551559448242e+00
3.733885765075683594e+00
1.347979456186294556e-01
2.463360279798507690e-01
6.058507561683654785e-01
7.908708415925502777e-03
4.348354339599609375e-01
1.118188127875328064e-01
5.425376892089843750e-01
0.000000000000000000e+00
4.874632358551025391e-01
1.126199662685394287e-01
4.671058356761932373e-01
5.800575613975524902e-01
5.196234956383705139e-02
2.256351709365844727e-01
6.274684071540832520e-01
0.000000000000000000e+00
2.234041452407836914e+00
6.586726307868957520e-01
1.010165691375732422e+00
3.309861719608306885e-01
3.107126057147979736e-01
2.077290058135986328e+00
8.906433731317520142e-02
6.134300827980041504e-01
3.262879371643066406e+00
3.096831142902374268e-01
6.541038155555725098e-01
0.000000000000000000e+00
3.103535175323486328e-01
1.644526481628417969e+00
3.849328458309173584e-01
8.383680135011672974e-02
2.343122005462646484e+00
3.771105548366904259e-03
2.061496526002883911e-01
1.259898394346237183e-01
6.472791731357574463e-02
8.483389019966125488e-01
1.106202125549316406e+00
1.901749521493911743e-01
1.111192226409912109e+00
1.293312907218933105e+00
2.867465652525424957e-02
3.315205499529838562e-02
2.352176666259765625e+00
1.395833864808082581e-02
3.249565839767456055e+00
1.120674490928649902e+00
5.230232477188110352e-01
8.396046757698059082e-01
1.875519603490829468e-01
1.196441352367401123e-01
2.038143277168273926e-01
6.269727349281311035e-01
9.927278757095336914e-01
7.996656298637390137e-01
1.683002561330795288e-01
1.731615327298641205e-02
1.651051193475723267e-01
0.000000000000000000e+00
4.974863529205322266e-01
5.700544118881225586e-01
9.399751424789428711e-01
2.410515248775482178e-01
4.779598116874694824e-01
7.580802440643310547e-01
1.055138826370239258e+00
1.361565738916397095e-01
3.237615823745727539e-01
1.752348780632019043e+00
1.380402296781539917e-01
3.233508020639419556e-02
6.520527601242065430e-01
1.428110059350728989e-02
5.870126485824584961e-01
2.139247208833694458e-01
4.380870461463928223e-01
2.227124124765396118e-01
3.284349203109741211e+00
1.189935673028230667e-02
5.538276433944702148e-01
2.884670905768871307e-02
1.175528526306152344e+00
2.778298920020461082e-03
1.167435571551322937e-01
7.610263228416442871e-01
3.344873338937759399e-02
1.070209503173828125e+00
1.191307306289672852e-01
5.019452571868896484e-01
2.181981801986694336e-01
8.284522891044616699e-01
1.439356803894042969e+00
