3.035892918705940247e-02
2.748779535293579102e+00
8.684306144714355469e-01
4.428767859935760498e-01
1.151353836059570312e+00
1.235516428947448730e+00
2.559001184999942780e-02
6.728108525276184082e-01
9.632470458745956421e-02
2.646043598651885986e-01
1.240468695759773254e-01
5.416290089488029480e-02
0.000000000000000000e+00
0.000000000000000000e+00
1.016446232795715332e+00
1.359677076339721680e+00
2.989695072174072266e-01
7.394038438796997070e-01
4.707050025463104248e-01
3.712721914052963257e-02
2.567885443568229675e-02
1.287653148174285889e-01
1.479030251502990723e-01
1.818785220384597778e-01
0.000000000000000000e+00
9.858160018920898438e-01
2.409076690673828125e-01
7.777185738086700439e-02
2.090363800525665283e-01
1.618928760290145874e-01
2.833678126335144043e-01
1.489859580993652344e+00
1.420544266700744629e+00
5.890421941876411438e-02
0.000000000000000000e+00
3.063592195510864258e+00
5.739586949348449707e-01
7.798508740961551666e-03
4.625047370791435242e-02
1.520721077919006348e+00
1.078052282333374023e+00
9.888305664062500000e-01
6.613420695066452026e-02
1.325391530990600586e-01
5.889606475830078125e-01
1.119565665721893311e-01
8.055084384977817535e-03
7.619660813361406326e-03
5.977976694703102112e-02
9.264942258596420288e-02
1.597630828619003296e-01
1.260064840316772461e+00
7.061021924018859863e-01
1.300822347402572632e-01
1.013398051261901855e+00
3.530205460265278816e-03
1.049715280532836914e+00
1.435168683528900146e-01
1.023933649063110352e+00
4.864918589591979980e-01
6.403801380656659603e-04
6.223354861140251160e-02
2.019654810428619385e-01
1.010137572884559631e-01
1.877943724393844604e-01
8.000144362449645996e-01
9.756784886121749878e-02
7.801170349121093750e-01
3.180472254753112793e-01
2.623044550418853760e-01
7.164449691772460938e-01
7.832118123769760132e-02
1.768659567460417747e-03
1.068681597709655762e+00
9.637196362018585205e-02
2.147171795368194580e-01
5.131589993834495544e-02
9.775859117507934570e-01
1.188729524612426758e+00
3.287689993157982826e-03
2.173441648483276367e+00
8.273173123598098755e-03
1.803242564201354980e-01
8.265298604965209961e-01
1.814128011465072632e-01
2.859073579311370850e-01
1.277276431210339069e-03
2.091978676617145538e-02
4.716852009296417236e-01
1.109376922249794006e-01
8.630719780921936035e-01
4.777535051107406616e-02
3.274221122264862061e-01
5.843289941549301147e-02
1.556652486324310303e-01
1.109760850667953491e-01
3.819536566734313965e-01
2.004804611206054688e-01
1.341655850410461426e+00
8.257189989089965820e-01
1.002549648284912109e+00
1.273388385772705078e+00
2.634457945823669434e-01
1.074428200721740723e+00
8.969195932149887085e-02
4.038431644439697266e-01
6.204406172037124634e-02
7.048932313919067383e-01
1.572364926338195801e+00
1.757890568114817142e-03
1.106523200869560242e-01
4.644913971424102783e-01
1.546034216880798340e+00
9.890363216400146484e-01
3.776425421237945557e-01
8.760198354721069336e-01
8.069562315940856934e-01
1.073889136314392090e-01
3.176677525043487549e-01
0.000000000000000000e+00
1.108683347702026367e+00
2.816882729530334473e-01
8.740130066871643066e-01
2.098392397165298462e-01
7.147222995758056641e+00
4.415350034832954407e-02
6.651932597160339355e-01
3.295285403728485107e-01
0.000000000000000000e+00
9.457261115312576294e-02
4.320214688777923584e-01
0.000000000000000000e+00
9.071639776229858398e-01
0.000000000000000000e+00
6.301330327987670898e-01
8.592355251312255859e-02
3.588275611400604248e-02
0.000000000000000000e+00
9.202451109886169434e-01
1.663174927234649658e-01
8.855914473533630371e-01
3.529680073261260986e-01
2.553201317787170410e-01
9.901446700096130371e-01
6.595454812049865723e-01
4.400591552257537842e-01
0.000000000000000000e+00
5.544215440750122070e-01
0.000000000000000000e+00
0.000000000000000000e+00
7.081810832023620605e-01
0.000000000000000000e+00
2.804850973188877106e-02
0.000000000000000000e+00
4.130207896232604980e-01
0.000000000000000000e+00
3.435818195343017578e+00
1.638765454292297363e+00
4.040151089429855347e-02
1.258803345263004303e-02
4.566491395235061646e-02
1.541086100041866302e-02
1.950445324182510376e-01
8.629509061574935913e-02
9.531545639038085938e-01
3.653894424438476562e+00
1.120645925402641296e-01
3.649188578128814697e-02
1.962309330701828003e-01
1.375978291034698486e-01
1.017797440290451050e-01
9.006833285093307495e-02
1.389240324497222900e-01
0.000000000000000000e+00
1.444453746080398560e-01
8.278552293777465820e-01
6.259903777390718460e-03
9.387875199317932129e-01
7.115780711174011230e-01
1.710834652185440063e-01
7.325174808502197266e-01
2.200253754854202271e-01
1.680687308311462402e+00
1.014487624168395996e+00
3.628023862838745117e-01
0.000000000000000000e+00
9.362393617630004883e-02
6.648299694061279297e-01
6.174530461430549622e-02
1.347813056781888008e-03
2.771721482276916504e-01
2.365807443857192993e-02
5.502470135688781738e-01
1.779882609844207764e-01
1.474402844905853271e-02
3.469240851700305939e-03
8.636425733566284180e-01
4.607245028018951416e-01
1.143758371472358704e-01
4.784992896020412445e-03
9.275922924280166626e-02
0.000000000000000000e+00
2.310851588845252991e-02
1.059655006974935532e-02
8.964105844497680664e-01
1.259647756814956665e-01
7.115283608436584473e-01
9.270200878381729126e-02
2.859919369220733643e-01
3.940709233283996582e-01
7.711950540542602539e-01
2.713861688971519470e-02
4.661089926958084106e-02
2.150691859424114227e-02
9.343152046203613281e-01
8.994532376527786255e-02
3.642284274101257324e-01
1.086883917450904846e-01
0.000000000000000000e+00
1.400597840547561646e-01
5.179992318153381348e-01
2.138034701347351074e-01
7.512035220861434937e-02
2.475307881832122803e-01
1.538095623254776001e-01
8.402978777885437012e-01
5.477172136306762695e-01
7.474703192710876465e-01
0.000000000000000000e+00
3.622511923313140869e-01
0.000000000000000000e+00
6.987032294273376465e-02
8.565307408571243286e-02
4.493039250373840332e-01
8.968129158020019531e-01
6.399327516555786133e-01
0.000000000000000000e+00
1.310214959084987640e-02
0.000000000000000000e+00
0.000000000000000000e+00
3.819290399551391602e-01
6.824228763580322266e-01
4.318405985832214355e-01
0.000000000000000000e+00
1.845137476921081543e-01
1.808591783046722412e-01
1.767844080924987793e+00
3.080237656831741333e-02
6.177709903568029404e-03
2.385898828506469727e-01
1.393259614706039429e-01
7.915848493576049805e-01
1.546355247497558594e+00
0.000000000000000000e+00
2.852934896945953369e-01
0.000000000000000000e+00
8.107966929674148560e-02
1.439659111201763153e-02
1.356001734733581543e+00
4.689975678920745850e-01
9.793373346328735352e-01
1.383141614496707916e-02
1.627215743064880371e+00
6.920724641531705856e-03
2.588391602039337158e-01
0.000000000000000000e+00
2.221599966287612915e-02
3.713364005088806152e-01
0.000000000000000000e+00
0.000000000000000000e+00
9.611093401908874512e-01
4.936591982841491699e-01
1.974001526832580566e-01
8.096945285797119141e-02
1.064484007656574249e-02
4.290797710418701172e-01
3.555172681808471680e-02
0.000000000000000000e+00
1.427472382783889771e-01
1.190497994422912598e+00
2.271045148372650146e-01
3.837133646011352539e-01
2.290280461311340332e-01
7.378496229648590088e-02
6.082186475396156311e-02
2.233529835939407349e-01
1.525096036493778229e-02
4.503986537456512451e-01
5.171476840972900391e+00
3.416253328323364258e-01
1.324233561754226685e-01
6.664412561804056168e-03
5.403904616832733154e-02
1.833730638027191162e-01
8.176810294389724731e-02
3.850164636969566345e-02
4.651849716901779175e-02
3.640257194638252258e-02
2.610987722873687744e-01
0.000000000000000000e+00
5.987048149108886719e-01
3.274610340595245361e-01
2.174352109432220459e-01
1.785848289728164673e-02
0.000000000000000000e+00
7.194295525550842285e-02
4.372807443141937256e-01
1.469060871750116348e-02
2.414564937353134155e-01
4.067574162036180496e-03
9.836950153112411499e-02
2.823062241077423096e-01
0.000000000000000000e+00
5.665138959884643555e-01
3.369341138750314713e-03
6.697020530700683594e-01
1.735574007034301758e-01
1.124589294195175171e-01
0.000000000000000000e+00
1.706941798329353333e-02
2.513297200202941895e-01
1.678555130958557129e+00
5.958046913146972656e-01
9.442114084959030151e-02
2.237671241164207458e-02
3.516786918044090271e-02
0.000000000000000000e+00
2.839174747467041016e+00
1.338876038789749146e-02
1.145804002881050110e-01
5.705534219741821289e-01
5.973679423332214355e-01
1.007989346981048584e-01
2.580169774591922760e-02
4.280459284782409668e-01
3.646580576896667480e-01
7.663741707801818848e-01
2.075714757665991783e-03
0.000000000000000000e+00
3.047683835029602051e-01
0.000000000000000000e+00
0.000000000000000000e+00
2.904317378997802734e-01
4.450513049960136414e-02
1.236364338546991348e-02
1.901973038911819458e-01
4.623516499996185303e-01
2.186055630445480347e-01
4.521940276026725769e-02
1.535775959491729736e-01
3.324317038059234619e-01
1.100016385316848755e-01
6.800930202007293701e-02
8.262501657009124756e-02
5.826615095138549805e-01
5.006472766399383545e-02
9.255386590957641602e-01
1.258286833763122559e-01
2.204565107822418213e-01
8.561460673809051514e-02
3.036097437143325806e-02
3.948864936828613281e-01
4.660126566886901855e-01
4.307124298065900803e-03
4.651438817381858826e-02
3.437673151493072510e-01
4.604561328887939453e-01
3.178584873676300049e-01
2.068936526775360107e-01
6.380353569984436035e-01
1.985358446836471558e-01
4.502274692058563232e-01
0.000000000000000000e+00
2.347674846649169922e+00
2.215263620018959045e-02
1.902586407959461212e-02
1.521970182657241821e-01
1.976689323782920837e-02
1.608563065528869629e-01
2.968212217092514038e-02
5.951689556241035461e-02
5.679923295974731445e-01
6.364929080009460449e-01
2.238040119409561157e-01
9.077059626579284668e-01
3.270701505243778229e-03
2.741508483886718750e-01
2.910896539688110352e-01
2.308009415864944458e-01
0.000000000000000000e+00
0.000000000000000000e+00
2.008514553308486938e-01
1.853312849998474121e-01
1.912276446819305420e-01
1.025408744812011719e+00
8.791117072105407715e-01
6.572978943586349487e-02
8.081476092338562012e-01
0.000000000000000000e+00
2.078516483306884766e-01
9.944931417703628540e-02
5.235778689384460449e-01
9.302464723587036133e-01
2.001437395811080933e-01
5.768483281135559082e-01
8.607727289199829102e-01
9.177379012107849121e-01
1.546447165310382843e-02
4.319641590118408203e-01
2.733381092548370361e-01
1.231534928083419800e-01
1.190122604370117188e+00
4.799916744232177734e-01
2.685630507767200470e-02
7.327418327331542969e-01
2.719411551952362061e-01
2.511950135231018066e-01
5.117312073707580566e-02
1.700265258550643921e-01
5.703473091125488281e-02
5.044567584991455078e-01
3.214890062808990479e-01
3.989770114421844482e-01
1.077152937650680542e-01
1.729493886232376099e-01
2.389355152845382690e-01
2.071687698364257812e+00
6.176217794418334961e-01
4.806892015039920807e-03
1.893367036245763302e-03
3.910307884216308594e+00
0.000000000000000000e+00
3.774440288543701172e+00
1.906780153512954712e-01
3.636903464794158936e-01
1.089236855506896973e+00
2.502831518650054932e-01
2.716119959950447083e-02
1.053380370140075684e+00
1.689019650220870972e-01
0.000000000000000000e+00
7.474741339683532715e-02
2.816358208656311035e-01
8.819308876991271973e-01
5.480356514453887939e-02
1.011422276496887207e+00
6.685271393507719040e-03
1.261033117771148682e-01
0.000000000000000000e+00
0.000000000000000000e+00
1.470550894737243652e+00
6.989057362079620361e-02
1.172711104154586792e-01
8.713221177458763123e-03
1.134007334709167480e+00
1.038175582885742188e+00
2.087969928979873657e-01
9.134171903133392334e-02
8.238413929939270020e-01
2.559409737586975098e-01
4.187324643135070801e-01
1.042755991220474243e-01
8.905156701803207397e-02
3.451397418975830078e-01
3.501158207654953003e-02
4.774873256683349609e-01
1.421698182821273804e-01
4.360775053501129150e-01
3.603208437561988831e-02
1.698662340641021729e-02
8.381792902946472168e-01
2.649850547313690186e-01
1.131080314517021179e-01
7.033515572547912598e-01
8.122991770505905151e-02
1.838586479425430298e-02
7.167128920555114746e-01
2.111388295888900757e-01
1.919589340686798096e-01
9.714449048042297363e-01
1.051557064056396484e+00
1.994362622499465942e-01
3.056778907775878906e-01
5.780164152383804321e-02
1.152641996741294861e-01
2.161036282777786255e-01
3.846501708030700684e-01
4.460692107677459717e-01
7.244952321052551270e-01
8.655716776847839355e-01
2.447977304458618164e+00
5.042323470115661621e-01
0.000000000000000000e+00
6.243866682052612305e-01
1.299240160733461380e-02
1.740227341651916504e-01
7.350820302963256836e-02
6.006525754928588867e-01
3.538414239883422852e-01
0.000000000000000000e+00
1.220133528113365173e-01
1.080323848873376846e-02
2.929629199206829071e-02
6.648878008127212524e-02
8.029440790414810181e-02
3.913631197065114975e-03
1.109840050339698792e-01
1.038130186498165131e-02
6.342906355857849121e-01
2.455364167690277100e-01
1.591735926922410727e-04
0.000000000000000000e+00
2.184736430644989014e-01
2.139670848846435547e-01
1.973035396076738834e-04
3.757372125983238220e-02
3.226051852107048035e-02
2.523119747638702393e-01
7.007353007793426514e-03
2.045641988515853882e-01
1.356602758169174194e-01
1.580115854740142822e-01
6.082652211189270020e-01
4.702583700418472290e-02
3.631570041179656982e-01
7.893687486648559570e-02
8.615766651928424835e-03
6.429854035377502441e-02
3.632929921150207520e-01
1.201698035001754761e-01
1.117247790098190308e-01
8.232914656400680542e-02
4.956758320331573486e-01
2.458743304014205933e-01
7.081975694745779037e-03
8.134444355964660645e-01
3.463062345981597900e-01
7.578453421592712402e-01
2.138817459344863892e-01
1.450906991958618164e-01
9.800013303756713867e-01
1.689346879720687866e-01
2.536196112632751465e-01
2.384549193084239960e-02
3.640184998512268066e-01
8.810449391603469849e-02
2.730030417442321777e-01
2.586611807346343994e-01
2.852195203304290771e-01
9.998983144760131836e-01
3.016643524169921875e-01
1.579146087169647217e-01
5.613834857940673828e-01
3.580099642276763916e-01
1.421379577368497849e-02
3.248586133122444153e-02
9.448058903217315674e-03
6.686658412218093872e-02
3.137060999870300293e-01
5.128591880202293396e-02
1.087628006935119629e-01
1.872560083866119385e-01
7.192362546920776367e-01
1.484338998794555664e+00
7.555083371698856354e-03
2.162559702992439270e-02
1.561953902244567871e+00
4.315380752086639404e-02
0.000000000000000000e+00
1.840898543596267700e-01
1.478950530290603638e-01
1.508095383644104004e+00
1.683297038078308105e+00
7.667098522186279297e+00
7.106779217720031738e-01
1.080784559249877930e+00
8.993216603994369507e-02
7.247238755226135254e-01
9.479974508285522461e-01
5.035627484321594238e-01
2.067481756210327148e+00
0.000000000000000000e+00
6.115593314170837402e-01
1.582328528165817261e-01
2.732067108154296875e-01
2.330886423587799072e-01
1.311653256416320801e-01
3.545786619186401367e+00
7.817497849464416504e-01
1.409889012575149536e-01
0.000000000000000000e+00
0.000000000000000000e+00
0.000000000000000000e+00
9.423164278268814087e-02
4.098843932151794434e-01
0.000000000000000000e+00
5.793370604515075684e-01
8.746508359909057617e-01
1.364143013954162598e+00
1.593672297894954681e-02
5.020235776901245117e-01
2.073229551315307617e+00
8.216869831085205078e-02
3.278893828392028809e-01
0.000000000000000000e+00
1.590720750391483307e-02
9.369436651468276978e-03
4.773846864700317383e-01
6.079815030097961426e-01
2.485044673085212708e-02
2.344679832458496094e-02
5.608652234077453613e-01
2.966861426830291748e-01
1.422936618328094482e-01
4.033304452896118164e-01
4.094412550330162048e-02
1.221754670143127441e+00
0.000000000000000000e+00
9.589640796184539795e-02
3.094719052314758301e-01
1.290782839059829712e-01
1.493499577045440674e-01
1.445185899734497070e+00
1.065547987818717957e-01
4.536960422992706299e-01
1.234147787094116211e+00
1.583423912525177002e-01
1.585169076919555664e+00
1.938694342970848083e-02
2.245384454727172852e-01
0.000000000000000000e+00
3.584301471710205078e-01
1.929830014705657959e-01
3.591624796390533447e-01
4.677176475524902344e-03
0.000000000000000000e+00
3.224169090390205383e-02
1.386545300483703613e+00
4.416708946228027344e-01
2.346995025873184204e-01
3.698356747627258301e-01
6.266370415687561035e-01
7.781281471252441406e-01
6.607673168182373047e-01
2.867128849029541016e+00
1.035535097122192383e+00
4.919200539588928223e-01
7.619286328554153442e-02
3.072702884674072266e-01
0.000000000000000000e+00
2.601764500141143799e-01
3.140485584735870361e-01
5.163929462432861328e-01
6.763792783021926880e-02
3.617426633834838867e+00
1.624211788177490234e+00
1.691568642854690552e-02
5.029250383377075195e-01
0.000000000000000000e+00
4.713090419769287109e+00
6.691092252731323242e-02
7.616297900676727295e-02
1.291854679584503174e-01
6.797328591346740723e-02
3.611938953399658203e-01
3.448641300201416016e+00
1.007400602102279663e-01
1.151122674345970154e-01
4.004461690783500671e-02
3.644987940788269043e-02
4.566927552223205566e-01
5.959115177392959595e-02
3.068106481805443764e-03
1.205736175179481506e-01
2.928798319771885872e-03
1.245409399271011353e-01
2.202288866043090820e+00
2.732986450195312500e+00
1.291936039924621582e-01
4.132501602172851562e+00
3.701403364539146423e-02
2.305685169994831085e-02
0.000000000000000000e+00
2.553113400936126709e-01
2.092042714357376099e-01
3.782780468463897705e-02
2.670351862907409668e-01
0.000000000000000000e+00
0.000000000000000000e+00
2.201352268457412720e-02
5.911747813224792480e-01
3.099744021892547607e-01
4.771055877208709717e-01
0.000000000000000000e+00
8.511590957641601562e-01
3.661730885505676270e-02
1.507834196090698242e-01
4.204252660274505615e-01
6.950512528419494629e-02
0.000000000000000000e+00
3.045206964015960693e-01
3.472278639674186707e-02
2.228155285120010376e-01
4.675421863794326782e-02
5.221751332283020020e-02
5.897905230522155762e-01
4.053084254264831543e-01
2.111266553401947021e-02
1.304483115673065186e-01
1.053153872489929199e-01
1.213512539863586426e+00
1.901502609252929688e-01
4.062656462192535400e-01
6.487398147583007812e+00
2.190816104412078857e-01
7.971111685037612915e-03
2.150707840919494629e-01
1.082500219345092773e-01
6.768325567245483398e-01
6.508170366287231445e-01
7.300941348075866699e-01
0.000000000000000000e+00
6.710638105869293213e-02
2.348099797964096069e-01
3.852488398551940918e-01
2.185378223657608032e-01
9.801980108022689819e-02
3.046756424009799957e-02
4.467380344867706299e-01
2.347052246332168579e-01
2.447090744972229004e-01
1.083952635526657104e-01
3.328176587820053101e-02
7.475196123123168945e-01
1.012993574142456055e+00
2.665020227432250977e-01
5.602915957570075989e-02
3.373786807060241699e-02
2.085419297218322754e-01
5.725464969873428345e-02
4.348389059305191040e-02
4.914278984069824219e-01
3.550299108028411865e-01
0.000000000000000000e+00
2.422742843627929688e-01
1.489907801151275635e-01
3.435859978199005127e-01
4.403578341007232666e-01
9.481029957532882690e-02
8.903814554214477539e-01
5.940303206443786621e-02
9.303978085517883301e-01
1.312610268592834473e+00
0.000000000000000000e+00
1.343923062086105347e-01
3.152719140052795410e-01
6.099551320075988770e-01
6.947249919176101685e-02
1.314823985099792480e+00
6.895246505737304688e-01
1.016901969909667969e+00
0.000000000000000000e+00
1.192017123103141785e-01
6.185773611068725586e-01
4.288838803768157959e-01
4.139859974384307861e-02
9.350916743278503418e-02
1.008874326944351196e-01
1.477108120918273926e+00
6.456305980682373047e-01
5.060887336730957031e-01
8.505388395860791206e-04
6.159638166427612305e-01
3.028388321399688721e-01
6.604591012001037598e-02
2.530049979686737061e-01
4.935362637042999268e-01
1.401450783014297485e-01
1.047713875770568848e+00
3.956484198570251465e-01
1.137186765670776367e+00
7.728190422058105469e-01
2.000601589679718018e-01
4.061507061123847961e-02
2.936208993196487427e-02
1.066082809120416641e-02
3.407099843025207520e-01
6.213383674621582031e-01
4.031109064817428589e-02
5.435196161270141602e-01
4.487683251500129700e-02
5.063703060150146484e-01
6.204565167427062988e-01
5.505063533782958984e-01
3.488882780075073242e-01
2.607744634151458740e-01
0.000000000000000000e+00
8.572680354118347168e-01
8.940490335226058960e-02
2.408683538436889648e+00
1.006970405578613281e-01
8.921765089035034180e-01
0.000000000000000000e+00
4.150084555149078369e-01
1.283847242593765259e-01
2.685513719916343689e-02
1.626791507005691528e-01
1.086875081062316895e+00
9.832496196031570435e-02
4.101754128932952881e-01
0.000000000000000000e+00
5.741486325860023499e-02
7.699104398488998413e-02
6.582687795162200928e-02
1.291199684143066406e+00
2.644160985946655273e-01
1.839692592620849609e-01
5.404778122901916504e-01
7.133646607398986816e-01
4.046630859375000000e-01
9.369749575853347778e-02
1.810752898454666138e-01
0.000000000000000000e+00
5.894205346703529358e-02
1.774160861968994141e+00
3.775876462459564209e-01
8.350948691368103027e-01
3.708656430244445801e-01
1.777808547019958496e+00
4.508064389228820801e-01
4.242482185363769531e-01
6.518648862838745117e-01
0.000000000000000000e+00
6.629911661148071289e-01
1.096656545996665955e-01
4.666995704174041748e-01
3.471162617206573486e-01
1.957848295569419861e-02
2.830082550644874573e-02
4.986285045742988586e-02
2.101592347025871277e-02
3.589079678058624268e-01
3.438181802630424500e-02
2.734010517597198486e-01
0.000000000000000000e+00
1.068442389369010925e-01
0.000000000000000000e+00
2.035345509648323059e-02
7.666763067245483398e-01
4.728555381298065186e-01
2.079226374626159668e-01
9.403506517410278320e-01
1.974097847938537598e+00
6.579895615577697754e-01
0.000000000000000000e+00
6.509927660226821899e-02
1.014059875160455704e-03
1.011902242898941040e-01
0.000000000000000000e+00
1.313295006752014160e+00
5.035158395767211914e-01
0.000000000000000000e+00
1.878964424133300781e+00
5.248145461082458496e-01
3.869634866714477539e-01
1.642960309982299805e-01
1.079373955726623535e-01
1.701727062463760376e-01
0.000000000000000000e+00
1.014506965875625610e-01
4.579787850379943848e-01
2.216246873140335083e-01
1.753403395414352417e-01
9.145820140838623047e-02
2.055411189794540405e-01
0.000000000000000000e+00
6.169811636209487915e-02
1.539291292428970337e-01
7.936808466911315918e-01
7.527231425046920776e-02
1.655985787510871887e-02
5.088560283184051514e-03
7.134432196617126465e-01
0.000000000000000000e+00
6.952387094497680664e-01
1.912551820278167725e-01
2.814658284187316895e-01
2.630012929439544678e-01
8.561603724956512451e-03
1.767147630453109741e-01
8.238932490348815918e-01
0.000000000000000000e+00
1.242162704467773438e+00
3.526083752512931824e-02
1.571156233549118042e-01
9.341987222433090210e-02
2.499254941940307617e-01
3.158705830574035645e-01
2.861878633499145508e+00
2.748071402311325073e-02
3.525596261024475098e-01
3.547791540622711182e-01
2.107418328523635864e-02
0.000000000000000000e+00
5.236223712563514709e-02
3.835860639810562134e-02
7.385601401329040527e-01
3.586720526218414307e-01
2.810089290142059326e-02
0.000000000000000000e+00
7.656448986381292343e-03
1.126884073019027710e-01
3.345392644405364990e-02
1.244698524475097656e+00
3.495280072093009949e-02
7.181372493505477905e-02
5.045709758996963501e-02
6.953518092632293701e-02
3.096632003784179688e+00
1.189508810639381409e-01
0.000000000000000000e+00
8.936285972595214844e-01
6.923045963048934937e-02
1.698518097400665283e-01
5.806095123291015625e+00
1.183748468756675720e-01
1.811924427747726440e-01
6.349775195121765137e-01
3.590089082717895508e-01
6.592367291450500488e-01
1.680627912282943726e-01
3.946581482887268066e-01
9.499486684799194336e-01
1.297508017159998417e-03
1.568052917718887329e-02
9.289256334304809570e-01
8.595695495605468750e-01
1.919319108128547668e-02
0.000000000000000000e+00
1.123274192214012146e-01
4.831491038203239441e-02
2.951518595218658447e-01
2.095118612051010132e-01
1.399722844362258911e-01
4.197648167610168457e-01
3.983487784862518311e-01
5.376502275466918945e-01
1.663935184478759766e-01
2.638099789619445801e-01
2.274454981088638306e-01
7.402043342590332031e-01
0.000000000000000000e+00
0.000000000000000000e+00
9.030640125274658203e-01
3.418100066483020782e-03
1.292609810829162598e+00
1.210227049887180328e-02
1.150571703910827637e-01
1.445596516132354736e-01
4.902478754520416260e-01
6.155453994870185852e-02
1.001834645867347717e-01
1.032441183924674988e-01
3.119180202484130859e-01
4.976113140583038330e-02
4.899444878101348877e-01
1.080732703208923340e+00
6.180320382118225098e-01
2.327408939599990845e-01
4.293437600135803223e-01
7.359303534030914307e-02
2.550741732120513916e-01
0.000000000000000000e+00
1.521045088768005371e+00
1.402296066284179688e+00
2.417245693504810333e-02
2.312377214431762695e+00
3.364812135696411133e-01
1.238128077238798141e-02
7.579460274428129196e-03
5.416737198829650879e-01
4.064801633358001709e-01
0.000000000000000000e+00
6.928357481956481934e-02
6.507508456707000732e-02
5.401997566223144531e-01
2.465286403894424438e-01
1.506788730621337891e-01
4.774032831192016602e-01
5.028926581144332886e-02
3.029955327510833740e-01
8.291193842887878418e-01
3.275015950202941895e-01
2.815988361835479736e-01
5.614986896514892578e+00
3.254600986838340759e-02
7.988120913505554199e-01
2.834214866161346436e-01
3.125236034393310547e-01
2.861149907112121582e-01
3.050224483013153076e-02
9.970211237668991089e-02
4.803006350994110107e-02
3.018788993358612061e-02
1.076069250702857971e-01
4.265417456626892090e-01
1.382620483636856079e-01
6.305409669876098633e-01
7.674141786992549896e-03
8.301551938056945801e-01
8.861256837844848633e-01
0.000000000000000000e+00
0.000000000000000000e+00
3.851558268070220947e-02
5.643777549266815186e-02
0.000000000000000000e+00
5.169480293989181519e-02
1.247012734413146973e+00
4.151038169860839844e+00
1.183218583464622498e-01
3.873185217380523682e-01
6.041308492422103882e-02
0.000000000000000000e+00
3.557817637920379639e-01
1.295282363891601562e+00
8.687308430671691895e-01
2.497889846563339233e-01
2.202193588018417358e-01
8.116721510887145996e-01
1.796918213367462158e-01
6.908763945102691650e-02
1.083782836794853210e-01
1.022619724273681641e+00
0.000000000000000000e+00
9.238237887620925903e-02
3.235839009284973145e-01
0.000000000000000000e+00
0.000000000000000000e+00
8.604379743337631226e-02
0.000000000000000000e+00
2.002612203359603882e-01
1.638457924127578735e-02
5.787494126707315445e-03
3.964246213436126709e-01
4.362659156322479248e-02
2.081353031098842621e-02
4.951528310775756836e-01
2.370498478412628174e-01
1.053611864335834980e-03
2.865303456783294678e-01
3.474361449480056763e-02
3.147727549076080322e-01
4.439092054963111877e-02
2.877619266510009766e-01
6.495367735624313354e-02
8.870686590671539307e-02
3.761829063296318054e-02
5.304935574531555176e-01
2.108103930950164795e-01
5.011464357376098633e-01
3.030079305171966553e-01
2.529711127281188965e-01
3.143611550331115723e-01
4.067816585302352905e-02
1.520941853523254395e-01
1.453890800476074219e-01
1.689472347497940063e-01
3.159094974398612976e-02
5.247780680656433105e-02
1.573088392615318298e-02
9.102480544243007898e-05
3.635240793228149414e-01
7.281293272972106934e-01
9.734586477279663086e-01
2.953713536262512207e-01
1.121012270450592041e-01
3.392981290817260742e-01
3.638023734092712402e-01
3.403237760066986084e-01
3.274247348308563232e-01
1.174103468656539917e-01
0.000000000000000000e+00
1.585693717002868652e+00
2.407791167497634888e-01
0.000000000000000000e+00
2.245801836252212524e-01
4.601803123950958252e-01
2.209914624691009521e-01
6.163082122802734375e-01
3.883712291717529297e-01
3.644862025976181030e-02
1.053493261337280273e+00
1.439070999622344971e-01
0.000000000000000000e+00
1.519769430160522461e-01
1.384479254484176636e-01
5.972974300384521484e-01
1.054772019386291504e+00
9.898276925086975098e-01
7.225517034530639648e-01
2.220776863396167755e-02
1.623937301337718964e-02
4.985968172550201416e-01
4.713827669620513916e-01
2.912735044956207275e-01
7.182521224021911621e-01
4.595301747322082520e-01
7.482352107763290405e-02
5.275088548660278320e-01
1.188185662031173706e-01
2.666878104209899902e-01
6.591608282178640366e-03
4.595730900764465332e-01
1.132391452789306641e+00
7.512602806091308594e-01
7.505681365728378296e-02
4.995140135288238525e-01
6.566174626350402832e-01
7.349486351013183594e-01
2.554615497589111328e+00
1.323813199996948242e-01
0.000000000000000000e+00
5.744414925575256348e-01
1.863714754581451416e-01
3.261252492666244507e-02
6.156905889511108398e-01
5.629766583442687988e-01
1.123602151870727539e+00
4.924223721027374268e-01
1.504074782133102417e-01
6.721628014929592609e-04
2.101189941167831421e-01
3.708376884460449219e+00
2.229199111461639404e-01
1.461584717035293579e-01
3.607500791549682617e-01
2.282196283340454102e+00
8.032565712928771973e-01
0.000000000000000000e+00
7.904951274394989014e-02
5.254960656166076660e-01
2.257684990763664246e-02
3.456283733248710632e-02
1.668246090412139893e-01
1.224901229143142700e-01
5.029261484742164612e-02
7.683492451906204224e-02
1.490691602230072021e-01
4.082340002059936523e-02
8.992630988359451294e-02
1.659181237220764160e+00
0.000000000000000000e+00
2.666390180587768555e+00
3.996737301349639893e-01
9.733930230140686035e-01
1.252010941505432129e+00
0.000000000000000000e+00
7.545875310897827148e-01
1.741301864385604858e-01
9.535998106002807617e-02
1.110232353210449219e+00
2.007908076047897339e-01
6.965045452117919922e+00
2.450556121766567230e-02
1.836425065994262695e-01
1.660041809082031250e-01
3.571292757987976074e-01
3.503329819068312645e-03
0.000000000000000000e+00
1.882607191801071167e-01
2.933640241622924805e+00
1.453921794891357422e-01
2.526842594146728516e+00
3.584377467632293701e-01
4.531227424740791321e-02
0.000000000000000000e+00
2.900068461894989014e-01
2.922485172748565674e-01
3.532887995243072510e-01
5.047540664672851562e-01
3.883104920387268066e-01
5.761955976486206055e-01
1.655410826206207275e-01
1.463819295167922974e-02
9.367128461599349976e-02
0.000000000000000000e+00
8.439249992370605469e-01
5.462764501571655273e-01
1.830544918775558472e-01
1.038952708244323730e+00
8.909833431243896484e-01
4.899615049362182617e-02
9.094851613044738770e-01
1.643584519624710083e-01
1.023566842079162598e+00
2.656843699514865875e-02
1.110674381256103516e+00
2.958442643284797668e-02
9.588832408189773560e-02
5.376511812210083008e-01
3.045351505279541016e-01
1.599858283996582031e+00
2.706101164221763611e-02
4.994655027985572815e-02
4.766947403550148010e-02
0.000000000000000000e+00
1.914873719215393066e-01
2.929961122572422028e-02
4.467616081237792969e-01
2.601403892040252686e-01
2.078351974487304688e+00
1.676999479532241821e-01
1.105333864688873291e-01
0.000000000000000000e+00
3.531134128570556641e-01
1.006428301334381104e-01
4.689003527164459229e-02
1.198761016130447388e-01
1.004675850272178650e-01
2.014171481132507324e-01
3.803785145282745361e-01
4.799298644065856934e-01
3.600180447101593018e-01
1.233618140220642090e+00
1.144624128937721252e-01
2.796383202075958252e-02
1.411188989877700806e-01
4.374867677688598633e-01
4.071200191974639893e-01
4.591206088662147522e-02
7.931354455649852753e-03
7.075677812099456787e-02
3.403602913022041321e-02
8.412695676088333130e-02
3.526467680931091309e-01
1.422003507614135742e-01
8.993970155715942383e-01
1.058163046836853027e+00
8.026385307312011719e-02
2.791889309883117676e-01
1.506558526307344437e-02
2.935957670211791992e+00
1.304276287555694580e-01
2.031288575381040573e-03
1.920290708541870117e+00
2.224376499652862549e-01
2.277359366416931152e-02
3.751840293407440186e-01
2.292037904262542725e-01
1.462638657540082932e-02
8.783086538314819336e-01
2.350009679794311523e-01
1.667073518037796021e-01
5.145883560180664062e-02
7.554145157337188721e-02
3.253132104873657227e-01
1.100978851318359375e+00
1.203275561332702637e+00
1.246813535690307617e-01
4.347883909940719604e-02
0.000000000000000000e+00
4.135994017124176025e-01
3.185313940048217773e-01
7.432255744934082031e-01
1.721933186054229736e-01
0.000000000000000000e+00
2.138402462005615234e-01
3.993962705135345459e-02
1.167981863021850586e+00
4.917577505111694336e-01
2.287668175995349884e-02
6.700722128152847290e-02
1.159055113792419434e+00
5.766708254814147949e-01
1.045464538037776947e-02
5.786704421043395996e-01
2.482206821441650391e+00
0.000000000000000000e+00
7.801837474107742310e-02
2.613583087921142578e+00
2.212157398462295532e-01
0.000000000000000000e+00
4.552170634269714355e-02
1.729691773653030396e-01
1.242465972900390625e-01
1.608934253454208374e-01
2.974691390991210938e-01
8.432476520538330078e-01
2.728459239006042480e-01
1.102131828665733337e-01
0.000000000000000000e+00
2.225975543260574341e-01
7.955650798976421356e-04
2.684590339660644531e+00
4.543111100792884827e-02
2.160343170166015625e+00
3.269806876778602600e-02
1.202121078968048096e-01
1.342852413654327393e-01
1.898814201354980469e+00
2.937170863151550293e-01
5.545343738049268723e-03
1.233332306146621704e-01
0.000000000000000000e+00
3.934321999549865723e-01
2.418627589941024780e-01
5.178841948509216309e-02
4.767468571662902832e-01
1.579675823450088501e-02
9.810678362846374512e-01
1.857943981885910034e-01
1.635439693927764893e-01
5.716120600700378418e-01
2.769301086664199829e-02
6.289384961128234863e-01
7.722254097461700439e-02
2.940711081027984619e-01
5.382431149482727051e-01
3.892307758331298828e+00
1.224426865577697754e+00
4.112232029438018799e-01
9.956973046064376831e-02
3.093489110469818115e-01
5.548014640808105469e-01
0.000000000000000000e+00
2.766246497631072998e-01
7.815322279930114746e-02
2.981648445129394531e-01
1.606684207916259766e+00
4.326567798852920532e-02
6.083644032478332520e-01
9.839535355567932129e-01
6.398797780275344849e-02
2.371872812509536743e-01
5.761370062828063965e-01
2.080283686518669128e-02
1.042609214782714844e+00
7.115412354469299316e-01
5.234190076589584351e-02
8.464303612709045410e-02
3.991319835186004639e-01
4.685388803482055664e-01
1.250545859336853027e+00
7.849174141883850098e-01
5.291333198547363281e-01
3.849096223711967468e-02
3.265396133065223694e-02
1.986363828182220459e-01
0.000000000000000000e+00
2.140584290027618408e-01
1.026832103729248047e+00
4.468455538153648376e-02
4.193935394287109375e-01
5.450582504272460938e-01
1.117537841200828552e-01
1.256939470767974854e-01
4.205284267663955688e-02
7.018018364906311035e-01
1.102878823876380920e-01
4.668636322021484375e-01
2.401835024356842041e-01
5.292275175452232361e-02
1.016374826431274414e+00
4.495702087879180908e-01
4.889672622084617615e-02
3.038877248764038086e-01
1.732107996940612793e-01
3.936739265918731689e-01
2.058434300124645233e-02
2.387235164642333984e-01
8.474054932594299316e-02
5.895594954490661621e-01
4.658656120300292969e-01
3.680128753185272217e-01
1.755619538016617298e-03
7.669982910156250000e-01
2.437740266323089600e-01
2.247552573680877686e-02
4.462649300694465637e-02
1.064629293978214264e-02
1.233767151832580566e+00
4.848371818661689758e-02
5.750348791480064392e-02
1.379716396331787109e-01
6.713954210281372070e-01
6.943345814943313599e-02
2.585455179214477539e-01
1.678337156772613525e-01
2.347075641155242920e-01
2.526013553142547607e-01
9.257396683096885681e-03
9.127359837293624878e-02
0.000000000000000000e+00
0.000000000000000000e+00
8.877642452716827393e-02
5.493435263633728027e-01
1.063643097877502441e-01
3.220373690128326416e-01
1.170352008193731308e-02
3.568659424781799316e-01
3.105795709416270256e-03
0.000000000000000000e+00
2.873846562579274178e-03
0.000000000000000000e+00
2.307048738002777100e-01
3.445526063442230225e-01
2.033437937498092651e-01
6.979390382766723633e-01
6.726924180984497070e-01
2.588263154029846191e-01
1.162516549229621887e-01
5.382259935140609741e-02
2.313482314348220825e-01
3.111907839775085449e-01
9.311841130256652832e-01
3.695095479488372803e-01
1.002613380551338196e-01
6.218498200178146362e-02
1.009577363729476929e-01
4.171441078186035156e+00
0.000000000000000000e+00
1.486065387725830078e-01
6.679124832153320312e-01
8.796166181564331055e-01
3.298156335949897766e-02
1.913935989141464233e-01
1.265179038047790527e+00
6.105361506342887878e-02
1.328888535499572754e-01
2.272213250398635864e-02
1.333614736795425415e-01
4.412525519728660583e-02
1.169685646891593933e-01
1.036142945289611816e+00
3.082674462348222733e-03
2.765983343124389648e-01
3.950930200517177582e-03
7.128900885581970215e-01
3.430767953395843506e-01
1.399476230144500732e-01
2.748969197273254395e-02
0.000000000000000000e+00
9.887247085571289062e-01
3.867470100522041321e-02
7.186997681856155396e-02
0.000000000000000000e+00
2.935557961463928223e-01
2.049910835921764374e-03
4.113993346691131592e-01
6.006324887275695801e-01
2.355466336011886597e-01
0.000000000000000000e+00
0.000000000000000000e+00
0.000000000000000000e+00
5.558646470308303833e-02
2.642109394073486328e+00
0.000000000000000000e+00
1.912904858589172363e+00
1.480416804552078247e-01
9.829887002706527710e-02
1.715277284383773804e-01
4.337291419506072998e-01
1.387300640344619751e-01
7.678278535604476929e-02
1.019105315208435059e-01
4.216526076197624207e-02
3.054626584053039551e-01
2.953419685363769531e-01
4.846794307231903076e-01
1.330205500125885010e-01
5.976578593254089355e-01
4.039613306522369385e-01
8.799702674150466919e-02
2.358095347881317139e-02
0.000000000000000000e+00
0.000000000000000000e+00
3.828416168689727783e-01
1.120295166969299316e+00
2.227289974689483643e-01
3.602986335754394531e-01
7.547060400247573853e-02
5.004831589758396149e-03
1.853233389556407928e-02
0.000000000000000000e+00
2.159344404935836792e-02
5.791783705353736877e-02
6.593638658523559570e-02
7.426757216453552246e-01
3.381035756319761276e-03
2.867969498038291931e-02
2.266561537981033325e-01
4.903784394264221191e-02
1.281562298536300659e-01
2.173615852370858192e-03
3.106615841388702393e-01
2.896713651716709137e-02
8.479211926460266113e-01
1.136515617370605469e+00
1.083795547485351562e+00
1.544537991285324097e-01
1.674924418330192566e-02
2.051737308502197266e+00
1.005244731903076172e+00
9.984952807426452637e-01
1.154805898666381836e+00
8.213253319263458252e-02
0.000000000000000000e+00
4.315650835633277893e-02
2.228044569492340088e-01
7.835143804550170898e-01
4.406146705150604248e-02
1.298544108867645264e-01
1.676293849945068359e+00
4.498394429683685303e-01
7.558156847953796387e-01
5.984018445014953613e-01
3.236289024353027344e-01
1.001954317092895508e+00
1.638487279415130615e-01
2.066809535026550293e-01
3.691252171993255615e-01
3.413902968168258667e-02
3.751930594444274902e-02
4.661954566836357117e-02
8.257588371634483337e-03
2.606384456157684326e-01
5.052715539932250977e-02
2.593403495848178864e-02
1.610431522130966187e-01
2.842742502689361572e-01
1.904417127370834351e-01
6.238233670592308044e-02
9.739296138286590576e-02
1.959534138441085815e-01
4.460859000682830811e-01
2.077708691358566284e-01
1.139761805534362793e+00
8.588568866252899170e-02
2.779969274997711182e-01
3.395343422889709473e-01
6.134844422340393066e-01
2.777105569839477539e-01
1.041794419288635254e+00
2.922126278281211853e-02
3.599190115928649902e-01
1.101394668221473694e-01
0.000000000000000000e+00
0.000000000000000000e+00
4.654087424278259277e-01
8.256787061691284180e-02
8.370540142059326172e-01
1.022871255874633789e+00
7.601271867752075195e-01
4.839275777339935303e-01
1.508349627256393433e-01
2.563134729862213135e-01
9.534083306789398193e-02
8.918877243995666504e-01
3.992716223001480103e-02
5.678096786141395569e-03
4.968654811382293701e-01
8.324261307716369629e-01
1.735270209610462189e-02
9.083121269941329956e-02
5.846173036843538284e-03
2.912176549434661865e-01
1.499649733304977417e-01
4.875265359878540039e-01
4.062663018703460693e-02
1.127745032310485840e+00
1.242152303457260132e-01
1.722967624664306641e+00
1.561025828123092651e-01
0.000000000000000000e+00
6.158129572868347168e-01
1.876662373542785645e-01
1.562406569719314575e-01
1.539544701576232910e+00
5.901826620101928711e-01
1.133329153060913086e+00
7.882872596383094788e-03
2.139342017471790314e-02
1.252612173557281494e-01
1.161748319864273071e-01
1.356471795588731766e-02
4.004483344033360481e-04
3.636496663093566895e-01
2.223668992519378662e-02
2.491619288921356201e-01
2.701165154576301575e-02
3.365057408809661865e-01
0.000000000000000000e+00
8.796628117561340332e-01
3.473044037818908691e-01
1.325168162584304810e-01
5.938193202018737793e-02
7.076393067836761475e-02
1.014015525579452515e-01
4.972340464591979980e-01
6.248125806450843811e-02
4.147414118051528931e-02
2.311943918466567993e-01
2.012543916702270508e+00
4.338418543338775635e-01
2.674799785017967224e-02
6.364545822143554688e-01
1.264250427484512329e-01
9.160420298576354980e-01
1.832134366035461426e+00
1.788592785596847534e-01
7.455160021781921387e-01
1.645625829696655273e+00
2.055060677230358124e-02
1.064492613077163696e-01
5.403288006782531738e-01
5.698537230491638184e-01
5.767886042594909668e-01
3.381149768829345703e-01
1.999448984861373901e-01
2.891699969768524170e-01
7.568621635437011719e-01
4.189684614539146423e-02
5.781605839729309082e-02
7.969295978546142578e-02
1.207137629389762878e-01
3.602376207709312439e-02
9.579536505043506622e-03
0.000000000000000000e+00
1.734086036682128906e+00
1.346063166856765747e-01
1.527258306741714478e-01
4.209551215171813965e-02
3.295591771602630615e-01
6.808190792798995972e-02
1.448558866977691650e-01
1.431104898452758789e+00
6.264965981245040894e-02
0.000000000000000000e+00
4.221419803798198700e-03
2.925004363059997559e-01
4.570632427930831909e-02
5.609494447708129883e-01
6.910388916730880737e-02
1.345290094614028931e-01
9.954761713743209839e-02
2.490747570991516113e-01
0.000000000000000000e+00
1.068666502833366394e-01
5.742043852806091309e-01
2.589605450630187988e-01
4.471201300621032715e-01
1.495064347982406616e-01
4.128776192665100098e-01
9.166781902313232422e-01
2.181037664413452148e-01
4.271137714385986328e-01
3.340024501085281372e-02
5.688370671123266220e-03
3.514161407947540283e-01
1.151469871401786804e-01
1.025058329105377197e-02
2.694242596626281738e-01
1.923496723175048828e-01
2.316075801849365234e+00
0.000000000000000000e+00
2.249583721160888672e+00
1.030988991260528564e-01
3.280699849128723145e-01
9.303426742553710938e-02
1.734253391623497009e-02
1.154817827045917511e-02
1.221468448638916016e+00
8.552979230880737305e-01
1.533989142626523972e-02
6.662201136350631714e-02
8.031154423952102661e-02
1.140114739537239075e-01
3.644956588745117188e+00
2.962421393021941185e-03
4.466116726398468018e-01
0.000000000000000000e+00
4.525299184024333954e-03
4.509811103343963623e-02
1.956681720912456512e-03
2.601762115955352783e-01
0.000000000000000000e+00
1.079103872179985046e-01
4.518811106681823730e-01
2.845718383789062500e+00
6.595519185066223145e-01
0.000000000000000000e+00
0.000000000000000000e+00
1.376191079616546631e-01
7.993862628936767578e-01
5.151910334825515747e-02
2.734223008155822754e-02
8.083939552307128906e-01
3.640387356281280518e-01
6.151593923568725586e-01
6.413581967353820801e-02
4.065613746643066406e-01
1.052652120590209961e+00
9.974501281976699829e-02
3.230071067810058594e-02
1.042440056800842285e+00
6.651775538921356201e-02
1.392249669879674911e-02
8.593526482582092285e-01
5.491272732615470886e-02
0.000000000000000000e+00
4.329408984631299973e-03
2.959930598735809326e-01
7.186143100261688232e-02
3.516223654150962830e-02
2.524343013763427734e+00
1.387143731117248535e-01
8.659107685089111328e-01
1.009078502655029297e+00
1.856310516595840454e-01
1.541902590543031693e-02
5.945835262537002563e-02
6.155276671051979065e-03
3.256207797676324844e-03
2.829918265342712402e-01
1.730310171842575073e-02
2.744438886642456055e+00
2.446121931076049805e+00
2.472620010375976562e+00
4.584825038909912109e-01
6.683713197708129883e-02
4.195825383067131042e-02
7.804841995239257812e-01
6.698045730590820312e-01
4.233288392424583435e-02
3.759725093841552734e-01
9.112980961799621582e-01
3.650579750537872314e-01
5.933327674865722656e-01
6.981842219829559326e-03
0.000000000000000000e+00
0.000000000000000000e+00
3.189439475536346436e-01
0.000000000000000000e+00
3.001669049263000488e-01
1.434273421764373779e-01
0.000000000000000000e+00
9.646433591842651367e-02
3.151721358299255371e-01
1.064061373472213745e-01
1.308157891035079956e-01
2.199683666229248047e+00
5.804770588874816895e-01
1.791725516319274902e+00
2.972867786884307861e-01
1.341839730739593506e-01
7.332362532615661621e-01
6.541407108306884766e-02
2.788402438163757324e-01
4.352856576442718506e-01
8.360152691602706909e-02
1.327279567718505859e+00
8.577222935855388641e-03
2.346170902252197266e+00
3.181892633438110352e-01
0.000000000000000000e+00
3.227519243955612183e-02
1.458693742752075195e-01
3.819544911384582520e-01
3.917866945266723633e-01
4.175352677702903748e-02
6.963303685188293457e-02
3.983380198478698730e-01
3.362535476684570312e+00
1.065830469131469727e+00
7.091217488050460815e-02
4.397574812173843384e-03
1.092805564403533936e-01
1.703836619853973389e-01
0.000000000000000000e+00
1.514456272125244141e-01
8.512400388717651367e-01
1.603845804929733276e-01
1.625590682029724121e+00
1.338189244270324707e-01
5.767313838005065918e-01
1.713499307632446289e+00
3.537380397319793701e-01
4.926866888999938965e-01
2.142067700624465942e-01
5.807581543922424316e-01
4.133030399680137634e-02
5.347750186920166016e-01
1.962201595306396484e-01
0.000000000000000000e+00
0.000000000000000000e+00
4.077354669570922852e-01
2.122694253921508789e-01
0.000000000000000000e+00
4.697130247950553894e-02
8.617702871561050415e-02
2.668274044990539551e-01
2.388485670089721680e-01
1.740898191928863525e-01
4.983342587947845459e-01
1.435528248548507690e-01
4.700471833348274231e-02
1.742225050926208496e+00
3.438057005405426025e-01
0.000000000000000000e+00
6.204169243574142456e-02
4.539877921342849731e-02
5.837345123291015625e-01
0.000000000000000000e+00
1.905367076396942139e-01
0.000000000000000000e+00
1.145818471908569336e+00
7.300958782434463501e-02
1.009529829025268555e-01
1.058673560619354248e-01
6.248763203620910645e-02
1.540080606937408447e-01
3.213947266340255737e-02
3.224705904722213745e-02
1.289094388484954834e-01
6.044285744428634644e-02
6.397130489349365234e-01
0.000000000000000000e+00
5.419038608670234680e-02
1.208884194493293762e-01
1.107897832989692688e-01
0.000000000000000000e+00
3.906353116035461426e-01
9.767308235168457031e-01
2.177441596984863281e+00
1.094623655080795288e-02
4.525686800479888916e-01
7.461515069007873535e-01
8.127748370170593262e-01
6.064152717590332031e-01
9.562696516513824463e-02
5.846854299306869507e-02
3.246780157089233398e+00
7.367592453956604004e-01
6.611858308315277100e-02
3.036505542695522308e-02
5.361554622650146484e-01
8.224407583475112915e-02
3.626459464430809021e-02
1.388612482696771622e-02
1.058465987443923950e-02
2.697662711143493652e-01
6.749704480171203613e-01
3.680286109447479248e-01
2.571107819676399231e-02
6.562517490237951279e-03
2.166807353496551514e-01
7.088390737771987915e-02
1.957762479782104492e+00
1.476980000734329224e-01
5.018250942230224609e-01
4.077774286270141602e-01
2.857765257358551025e-01
1.983973860740661621e+00
4.511974379420280457e-02
1.952381283044815063e-01
2.449924871325492859e-02
2.294272631406784058e-01
3.376461863517761230e-01
5.105236768722534180e-01
1.605345010757446289e-01
2.348848851397633553e-03
1.166509650647640228e-02
1.370014846324920654e-01
2.843633480370044708e-02
4.783033132553100586e-01
9.393942356109619141e-02
1.148964285850524902e+00
1.147257804870605469e+00
2.882147431373596191e-01
1.739421248435974121e+00
1.373663842678070068e-01
0.000000000000000000e+00
2.114968597888946533e-01
1.714181065559387207e+00
0.000000000000000000e+00
0.000000000000000000e+00
2.930021584033966064e-01
1.485032290220260620e-01
4.854579567909240723e-01
2.843475639820098877e-01
2.081914991140365601e-01
1.641852548345923424e-03
1.010608077049255371e+00
1.087464317679405212e-01
1.146103978157043457e+00
1.258394718170166016e-01
3.060723841190338135e-01
1.883594393730163574e-01
0.000000000000000000e+00
4.894735291600227356e-02
2.774742364883422852e+00
3.948747813701629639e-01
0.000000000000000000e+00
3.379195332527160645e-01
1.427720040082931519e-01
8.437897562980651855e-01
3.601713776588439941e-01
4.951605498790740967e-01
6.443741172552108765e-02
4.200648143887519836e-02
1.635719299316406250e+00
5.457625389099121094e-01
6.295043230056762695e-01
8.501878976821899414e-01
6.891230940818786621e-01
1.907916218042373657e-01
1.936491131782531738e-01
4.888882488012313843e-02
8.714656345546245575e-03
5.565063655376434326e-02
2.065441131591796875e+00
1.137711927294731140e-01
1.413193583488464355e+00
2.432363748550415039e+00
4.775599539279937744e-01
0.000000000000000000e+00
7.463022135198116302e-03
0.000000000000000000e+00
1.048685550689697266e+00
1.733724623918533325e-01
1.781531214714050293e+00
6.388127803802490234e-02
6.264118105173110962e-02
7.187433540821075439e-02
2.243479937314987183e-01
2.023069411516189575e-01
1.892685741186141968e-01
4.712667763233184814e-01
1.110516428947448730e+00
0.000000000000000000e+00
2.847513556480407715e-01
5.577596426010131836e-01
3.560903132893145084e-04
0.000000000000000000e+00
5.970155075192451477e-02
0.000000000000000000e+00
2.200466394424438477e-01
1.758580207824707031e+00
9.874970316886901855e-01
4.724138081073760986e-01
5.446688085794448853e-02
1.045867085456848145e+00
3.609355688095092773e-01
2.059325724840164185e-01
1.489037036895751953e+00
4.530242830514907837e-02
8.355529047548770905e-03
2.483050674200057983e-01
0.000000000000000000e+00
1.659241467714309692e-01
1.201820671558380127e-01
1.893196552991867065e-01
1.685243286192417145e-02
2.232081294059753418e-01
3.584198951721191406e-01
4.980329275131225586e-01
7.535061836242675781e-01
0.000000000000000000e+00
7.548275589942932129e-01
6.109829246997833252e-02
0.000000000000000000e+00
8.352203965187072754e-01
1.710964143276214600e-01
1.282226946204900742e-02
3.791025653481483459e-02
5.560993775725364685e-02
4.956776648759841919e-02
3.266006009653210640e-03
1.283021926879882812e+00
8.454700559377670288e-02
5.846706032752990723e-01
3.500151336193084717e-01
0.000000000000000000e+00
1.933685243129730225e-01
1.063617616891860962e-01
3.929256200790405273e-01
2.772864401340484619e-01
7.606167197227478027e-01
2.825128287076950073e-02
3.739114105701446533e-01
2.914913892745971680e-01
2.767310440540313721e-01
7.288339734077453613e-01
2.880342721939086914e+00
9.698477387428283691e-02
3.127208232879638672e+00
3.605910241603851318e-01
3.479903936386108398e-02
5.688107572495937347e-03
4.290558099746704102e-01
4.200977683067321777e-01
9.956443905830383301e-01
8.222604990005493164e-01
5.710185170173645020e-01
1.182088851928710938e+00
2.980636246502399445e-02
7.471551001071929932e-02
0.000000000000000000e+00
3.223961964249610901e-02
4.510495960712432861e-01
7.533998042345046997e-02
2.678230106830596924e-01
0.000000000000000000e+00
3.031671345233917236e-01
1.437047123908996582e-01
0.000000000000000000e+00
4.906656742095947266e-01
2.623957209289073944e-02
1.620594561100006104e-01
1.550437957048416138e-01
1.852546632289886475e-01
1.642499446868896484e+00
2.571994364261627197e-01
4.662712663412094116e-02
8.403339982032775879e-01
7.867781445384025574e-03
0.000000000000000000e+00
1.655334234237670898e-01
4.312675818800926208e-02
1.277260482311248779e-01
1.876254379749298096e-01
9.411147236824035645e-02
1.779159456491470337e-01
5.015255451202392578e+00
3.062538802623748779e-01
6.156533956527709961e-01
0.000000000000000000e+00
8.544153571128845215e-01
0.000000000000000000e+00
2.294661253690719604e-01
5.950371623039245605e-01
6.705947518348693848e-01
7.004733085632324219e-01
4.140838235616683960e-02
8.956750482320785522e-02
1.097686290740966797e+00
1.899677515029907227e-01
2.347244977951049805e+00
