7.047396898269653320e-01
4.235151767730712891e+00
4.427151679992675781e-01
1.373683571815490723e+00
2.456525862216949463e-01
2.962342202663421631e-01
0.000000000000000000e+00
1.602265387773513794e-01
7.086880207061767578e-01
0.000000000000000000e+00
1.628074049949645996e+00
3.265752196311950684e-01
2.403022050857543945e+00
1.783992797136306763e-01
4.313326478004455566e-01
4.356636106967926025e-01
0.000000000000000000e+00
1.857085376977920532e-01
1.224574208259582520e+00
1.594580173492431641e+00
1.888597488403320312e+00
0.000000000000000000e+00
6.373031735420227051e-01
3.085917234420776367e-01
1.483340412378311157e-01
9.643219113349914551e-01
2.078841328620910645e-01
8.113567829132080078e-01
6.131879687309265137e-01
0.000000000000000000e+00
6.628717780113220215e-01
7.323755025863647461e-01
3.124502599239349365e-01
9.132553339004516602e-01
4.867232404649257660e-03
5.376406908035278320e-01
9.003788977861404419e-02
1.408816456794738770e+00
2.891149222850799561e-01
9.479000568389892578e-01
9.526922553777694702e-02
2.398512791842222214e-03
3.576038777828216553e-01
8.105737715959548950e-02
1.407656669616699219e+00
1.130879163742065430e+00
1.773018389940261841e-01
2.725024700164794922e+00
7.620153427124023438e-01
1.781980991363525391e-01
8.314109444618225098e-01
8.723090291023254395e-01
7.982284426689147949e-01
2.837823331356048584e-01
6.384201645851135254e-01
9.479471445083618164e-01
1.070949673652648926e+00
5.799586772918701172e+00
1.241647958755493164e+00
5.974611043930053711e-01
8.881576359272003174e-02
1.206370070576667786e-01
1.568058729171752930e-01
2.271162509918212891e+00
2.602346837520599365e-01
1.160774007439613342e-01
9.696131348609924316e-01
1.197808265686035156e+00
2.281744778156280518e-01
7.021378725767135620e-03
1.468494176864624023e+00
4.016712307929992676e-02
0.000000000000000000e+00
1.507721245288848877e-01
4.907647073268890381e-01
0.000000000000000000e+00
8.161386847496032715e-01
1.190267130732536316e-01
6.412978768348693848e-01
8.497204780578613281e-01
0.000000000000000000e+00
1.104066133499145508e+00
1.829409599304199219e+00
9.559261798858642578e-01
0.000000000000000000e+00
2.208329178392887115e-02
2.121736109256744385e-01
1.989663988351821899e-01
6.461084485054016113e-01
1.784919500350952148e-01
7.419769465923309326e-02
1.439330220222473145e+00
1.494695186614990234e+00
3.115729391574859619e-01
3.201496303081512451e-01
1.089707482606172562e-02
4.947872459888458252e-02
7.176773548126220703e-01
7.667999267578125000e-01
1.280885696411132812e+00
4.065177589654922485e-02
5.889468789100646973e-01
1.095068454742431641e-02
1.424982786178588867e+00
1.003478690981864929e-01
3.715673685073852539e-01
1.372141689062118530e-01
2.838570438325405121e-02
4.805521011352539062e+00
4.261881578713655472e-03
2.403235733509063721e-01
2.376552075147628784e-01
1.669661253690719604e-01
1.120890527963638306e-01
1.066788434982299805e-01
1.346945613622665405e-01
4.758782386779785156e-01
0.000000000000000000e+00
3.602627515792846680e+00
1.493876218795776367e+00
3.773587057366967201e-03
0.000000000000000000e+00
2.963910344988107681e-03
9.604035317897796631e-02
8.600175857543945312e+00
1.511114597320556641e+00
2.899352312088012695e-01
1.459581613540649414e+00
2.932588756084442139e-01
8.164849877357482910e-02
1.446219921112060547e+00
1.295538246631622314e-01
5.857853293418884277e-01
1.016951441764831543e+00
1.223645925521850586e+00
7.223267555236816406e-01
1.618613451719284058e-01
7.149294763803482056e-02
7.322409749031066895e-01
8.646262884140014648e-01
1.034335136413574219e+00
2.931125879287719727e+00
1.211468458175659180e+00
4.838534891605377197e-01
5.656126141548156738e-01
8.521162718534469604e-02
3.947409689426422119e-01
3.199815154075622559e-01
1.889809072017669678e-01
7.203967571258544922e-01
9.200112223625183105e-01
6.987551599740982056e-02
2.189895629882812500e+00
5.328117370605468750e+00
2.830343544483184814e-01
1.539613485336303711e+00
1.438782095909118652e+00
1.322817355394363403e-01
8.417078107595443726e-02
2.845822088420391083e-02
5.697492957115173340e-01
1.425409466028213501e-01
0.000000000000000000e+00
6.259210705757141113e-01
8.277963399887084961e-01
1.128920674324035645e+00
1.434184312820434570e-01
3.016750216484069824e-01
5.235487222671508789e-01
5.549843981862068176e-02
1.039277076721191406e+00
1.016080141067504883e+00
0.000000000000000000e+00
3.109616637229919434e-01
0.000000000000000000e+00
9.197217822074890137e-01
3.229660540819168091e-02
4.090307950973510742e-01
2.584043741226196289e-01
7.891721129417419434e-01
4.341037943959236145e-02
1.766719073057174683e-01
3.153093159198760986e-02
8.484368771314620972e-02
1.360158473253250122e-01
7.844357937574386597e-02
1.743506193161010742e-01
5.369712784886360168e-02
2.572002112865447998e-01
7.441811561584472656e-01
1.092985510826110840e+00
6.292597651481628418e-01
1.623053401708602905e-01
1.163637563586235046e-01
1.480579525232315063e-01
5.316259339451789856e-02
0.000000000000000000e+00
3.424309566617012024e-02
2.263581007719039917e-01
1.209588766098022461e+00
4.178807139396667480e-01
7.104438543319702148e-02
8.488640189170837402e-01
1.327802985906600952e-02
7.017131894826889038e-02
3.205163180828094482e-01
3.775718927383422852e+00
1.386300802230834961e+00
1.627800241112709045e-02
5.611953258514404297e+00
3.384719789028167725e-01
1.394478917121887207e+00
1.237207949161529541e-01
1.615170240402221680e+00
4.014968872070312500e-01
1.772966980934143066e+00
1.003104925155639648e+00
1.736236065626144409e-01
1.734492659568786621e+00
4.858653843402862549e-01
6.891259551048278809e-02
4.826015532016754150e-01
6.864162534475326538e-02
4.067089259624481201e-01
4.689142704010009766e-01
3.394326940178871155e-02
2.414409220218658447e-01
8.563594222068786621e-01
0.000000000000000000e+00
1.447236388921737671e-01
5.332139134407043457e-01
3.174621146172285080e-03
1.647686123847961426e+00
0.000000000000000000e+00
2.303820475935935974e-02
8.216174244880676270e-01
9.825003743171691895e-01
2.334487736225128174e-01
5.745410546660423279e-02
2.132998108863830566e-01
1.988836098462343216e-03
5.752915143966674805e-01
9.331952929496765137e-01
1.034621447324752808e-01
5.070469379425048828e-01
3.087884187698364258e+00
4.034253060817718506e-01
0.000000000000000000e+00
0.000000000000000000e+00
0.000000000000000000e+00
8.236151188611984253e-02
5.852911248803138733e-02
0.000000000000000000e+00
1.751038507791236043e-04
8.084502816200256348e-02
4.965702444314956665e-02
5.035265088081359863e-01
1.253607273101806641e-01
0.000000000000000000e+00
6.729929447174072266e-01
2.870140969753265381e-01
3.470601979643106461e-03
3.829615712165832520e-01
7.484875619411468506e-02
2.077047526836395264e-02
1.762933015823364258e+00
4.775757342576980591e-02
4.917659461498260498e-01
5.782964290119707584e-04
1.555491983890533447e-01
2.525683164596557617e+00
6.395972371101379395e-01
0.000000000000000000e+00
4.679636955261230469e-01
0.000000000000000000e+00
5.517617985606193542e-02
3.219638466835021973e-01
9.679205715656280518e-03
6.928511708974838257e-02
7.426062822341918945e-01
2.543186210095882416e-02
5.226879119873046875e-01
0.000000000000000000e+00
5.096521377563476562e-01
8.851931244134902954e-02
1.575039863586425781e+00
5.978893637657165527e-01
4.862151667475700378e-02
5.530523061752319336e-01
6.120769977569580078e-01
5.599554181098937988e-01
1.003031015396118164e+00
2.863821759819984436e-02
3.429774343967437744e-01
7.946324348449707031e-01
3.257614374160766602e-01
1.943426877260208130e-01
1.207328308373689651e-02
2.482976317405700684e-01
3.073494434356689453e-01
2.033364057540893555e+00
1.835146918892860413e-02
5.155960470438003540e-02
5.352258682250976562e-01
7.999578118324279785e-02
2.468297183513641357e-01
3.517245352268218994e-01
2.402381151914596558e-01
2.111951589584350586e+00
1.085099339485168457e+00
1.401428580284118652e+00
5.017993450164794922e-01
5.097325444221496582e-01
3.103794574737548828e+00
8.883071690797805786e-02
8.302838802337646484e-01
2.374857291579246521e-02
9.231803417205810547e-01
4.997150003910064697e-01
1.228845193982124329e-01
3.148684203624725342e-01
1.263148307800292969e+00
0.000000000000000000e+00
8.846740722656250000e-01
1.262096405029296875e+00
1.262102574110031128e-01
6.634958833456039429e-02
2.137763738632202148e+00
3.817302584648132324e-01
7.377027273178100586e-01
5.179469585418701172e-01
5.701050758361816406e-01
4.716739356517791748e-01
5.027382373809814453e-01
3.147059977054595947e-01
1.966406226158142090e+00
4.331496059894561768e-01
3.174142241477966309e-01
1.843749433755874634e-01
1.041285634040832520e+00
8.341404795646667480e-02
1.437256038188934326e-01
4.073762595653533936e-01
2.466636598110198975e-01
3.660895302891731262e-02
1.220134019851684570e+00
8.502445369958877563e-02
2.069875225424766541e-02
1.075509935617446899e-01
8.436039686203002930e-01
1.618603348731994629e+00
1.930433809757232666e-01
9.608710557222366333e-02
4.809501394629478455e-02
1.386731564998626709e-01
2.873556315898895264e-01
1.266891658306121826e-01
1.317261815071105957e+00
5.336452126502990723e-01
8.388969898223876953e-01
8.737990856170654297e-01
3.937304317951202393e-01
1.538366556167602539e+00
6.284913420677185059e-01
6.026377677917480469e-01
9.365793466567993164e-01
2.246242389082908630e-02
1.289239674806594849e-01
7.698628902435302734e+00
2.656718194484710693e-01
2.110782638192176819e-02
0.000000000000000000e+00
5.461680889129638672e-01
2.524769008159637451e-01
3.315051645040512085e-02
5.366778969764709473e-01
4.101356506347656250e+00
2.787149429321289062e+00
0.000000000000000000e+00
3.395121097564697266e-01
2.485128119587898254e-02
7.734463363885879517e-02
1.158336281776428223e+00
3.390598297119140625e-02
2.844908535480499268e-01
3.938445076346397400e-02
2.377545833587646484e+00
6.233120560646057129e-01
1.222664788365364075e-01
1.688849329948425293e+00
3.598687648773193359e-01
2.885766327381134033e-02
7.675253152847290039e-01
3.327648341655731201e-01
2.728354930877685547e+00
1.314417570829391479e-01
1.263746619224548340e-01
2.007470369338989258e+00
3.292824029922485352e-01
2.209449261426925659e-01
3.912407159805297852e-01
1.573949694633483887e+00
7.183399796485900879e-02
1.433795094490051270e-01
0.000000000000000000e+00
1.014535427093505859e+00
1.184356808662414551e+00
1.308872401714324951e-01
6.364108324050903320e-01
1.784559190273284912e-01
4.342091456055641174e-02
2.254565060138702393e-01
1.479763090610504150e-01
1.673101633787155151e-01
0.000000000000000000e+00
2.868817448616027832e-01
3.709664642810821533e-01
3.532502651214599609e-01
6.650461554527282715e-01
0.000000000000000000e+00
1.048910990357398987e-01
1.054240107536315918e+00
1.854296445846557617e+00
5.222329497337341309e-02
9.427713155746459961e-01
4.850729405879974365e-01
5.484644696116447449e-02
3.873416781425476074e-01
3.004753291606903076e-01
1.869999687187373638e-03
3.627656400203704834e-01
6.580614298582077026e-02
1.271092891693115234e+00
2.568269968032836914e-01
6.081237923353910446e-03
8.798504471778869629e-01
2.728103101253509521e-02
1.325697451829910278e-01
2.225821018218994141e+00
5.040386915206909180e-01
3.640383481979370117e-02
2.388583570718765259e-01
2.389696612954139709e-02
1.954758316278457642e-01
0.000000000000000000e+00
1.075297892093658447e-01
3.645472288131713867e+00
9.430404305458068848e-01
7.060959469527006149e-03
6.172775626182556152e-01
7.878214120864868164e-01
6.675864011049270630e-02
5.614985227584838867e-01
1.745105907320976257e-02
1.543666124343872070e-01
1.391811817884445190e-01
1.264327913522720337e-01
4.473712760955095291e-03
0.000000000000000000e+00
2.285471558570861816e-01
8.601936101913452148e-01
2.234517097473144531e+00
0.000000000000000000e+00
3.396323323249816895e-02
4.906671494245529175e-02
8.858951181173324585e-02
4.564671590924263000e-02
1.689868271350860596e-01
3.462854623794555664e-01
0.000000000000000000e+00
5.212679039686918259e-03
7.828079462051391602e-01
1.695565730333328247e-01
1.112986281514167786e-01
2.975001558661460876e-02
1.105931960046291351e-02
1.397904634475708008e+00
9.511371701955795288e-02
3.135686814785003662e-01
3.822703063488006592e-01
1.346391797065734863e+00
3.658021688461303711e+00
1.258851170539855957e+00
1.894898861646652222e-01
2.464814931154251099e-01
7.446944713592529297e-01
2.503218889236450195e+00
5.568397417664527893e-02
1.218506574630737305e+00
0.000000000000000000e+00
1.138061165809631348e+00
1.976898789405822754e+00
1.655634120106697083e-02
1.556638181209564209e-01
1.103159427642822266e+00
2.251534312963485718e-01
6.558327078819274902e-01
4.023341089487075806e-02
4.567559063434600830e-02
2.795773558318614960e-02
7.422943711280822754e-01
1.019021049141883850e-01
5.661159157752990723e-01
1.495985835790634155e-01
1.196340247988700867e-01
1.158278733491897583e-01
6.504518389701843262e-01
1.032130569219589233e-01
2.317163050174713135e-01
0.000000000000000000e+00
3.074188716709613800e-04
1.252007365226745605e+00
5.063061714172363281e-01
3.485780209302902222e-02
1.026698648929595947e-01
4.950220137834548950e-02
4.997827112674713135e-01
1.787018179893493652e+00
2.318686842918395996e-01
6.285241246223449707e-01
2.496072769165039062e+00
2.278905212879180908e-01
2.537810206413269043e-01
1.930049993097782135e-02
7.316009700298309326e-02
2.737427651882171631e-01
4.534019827842712402e-01
1.885382831096649170e-01
3.360439240932464600e-01
8.636394143104553223e-01
2.189480960369110107e-01
7.191184163093566895e-02
2.131789922714233398e-01
2.498997598886489868e-01
5.263687968254089355e-01
0.000000000000000000e+00
1.858816891908645630e-01
8.633246421813964844e-01
4.147758483886718750e-01
5.493294596672058105e-01
1.966475844383239746e+00
1.274047732353210449e+00
1.816091299057006836e+00
4.563785493373870850e-01
4.025934934616088867e-01
1.096635341644287109e+00
7.012633681297302246e-01
1.901703625917434692e-01
6.123959422111511230e-01
1.318209059536457062e-02
1.776917874813079834e-01
4.640887975692749023e-01
3.414531797170639038e-02
1.892109066247940063e-01
6.106264889240264893e-02
2.482152938842773438e+00
1.453259289264678955e-01
1.908307909965515137e+00
1.371450442820787430e-02
1.730949282646179199e-01
0.000000000000000000e+00
0.000000000000000000e+00
6.373485922813415527e-01
3.578600287437438965e-01
1.338963389396667480e+00
2.052201777696609497e-01
1.260922431945800781e+00
2.096232622861862183e-01
1.689820736646652222e-01
1.163267195224761963e-01
1.090707778930664062e-01
2.073246002197265625e+00
1.423110365867614746e-01
3.629813194274902344e-01
2.657285518944263458e-02
9.015096426010131836e-01
1.120663404464721680e+00
2.489213645458221436e-02
3.029977083206176758e-01
4.230484738945960999e-02
2.050022780895233154e-01
0.000000000000000000e+00
3.047827184200286865e-01
7.637107372283935547e-01
2.167639017105102539e+00
5.140439793467521667e-02
1.118796944618225098e+00
7.000174522399902344e-01
1.843614578247070312e+00
9.352203458547592163e-02
9.101882576942443848e-03
0.000000000000000000e+00
1.027594786137342453e-02
0.000000000000000000e+00
1.798899471759796143e-02
1.354424953460693359e-01
1.066402196884155273e-01
0.000000000000000000e+00
0.000000000000000000e+00
7.603989541530609131e-02
7.837546467781066895e-01
1.165420889854431152e+00
0.000000000000000000e+00
4.561409950256347656e-01
4.590799286961555481e-02
1.128569841384887695e-01
2.002276033163070679e-01
3.478372097015380859e-01
8.713974356651306152e-01
1.698859967291355133e-02
1.448161244392395020e+00
4.067390039563179016e-02
4.050880298018455505e-02
5.194792747497558594e-01
8.255095034837722778e-02
5.315464138984680176e-01
1.957820653915405273e-01
4.151346683502197266e-01
6.896036863327026367e-01
0.000000000000000000e+00
5.045576095581054688e-01
4.290449321269989014e-01
1.907206922769546509e-01
4.147863984107971191e-01
9.249722957611083984e-02
6.393094658851623535e-01
8.936430215835571289e-01
1.045088842511177063e-01
3.278267383575439453e-01
9.078967384994029999e-03
4.335014224052429199e-01
2.349896878004074097e-01
6.607241630554199219e-01
1.558446288108825684e+00
2.941951155662536621e-01
7.202980518341064453e-01
9.298359602689743042e-02
4.837142527103424072e-01
1.010878477245569229e-02
0.000000000000000000e+00
1.048344597220420837e-01
2.496790327131748199e-02
2.740820646286010742e-01
2.699259519577026367e+00
1.656417399644851685e-01
2.489848136901855469e+00
4.687925875186920166e-01
9.528831839561462402e-01
2.911026775836944580e-02
1.006792709231376648e-01
7.798396795988082886e-02
1.494629263877868652e+00
2.380317077040672302e-02
1.348955482244491577e-01
2.889156341552734375e+00
9.993565082550048828e-02
5.455671995878219604e-02
0.000000000000000000e+00
1.617546439170837402e+00
0.000000000000000000e+00
1.707686930894851685e-01
3.432342529296875000e+00
6.893225759267807007e-02
2.951911091804504395e-01
0.000000000000000000e+00
1.921777725219726562e-01
7.108515501022338867e-01
7.803317308425903320e-01
7.709668278694152832e-01
1.270967721939086914e-01
3.923594236373901367e+00
5.270155072212219238e-01
2.806614935398101807e-01
1.363952271640300751e-02
1.324328422546386719e+00
7.264648675918579102e-01
2.499818086624145508e+00
3.738333463668823242e+00
1.462959349155426025e-01
9.947051405906677246e-01
2.136000871658325195e+00
5.080376267433166504e-01
6.588223041035234928e-04
8.894796371459960938e-01
8.865536749362945557e-02
2.459116727113723755e-01
2.283855676651000977e-01
2.133504390716552734e+00
2.981097102165222168e-01
0.000000000000000000e+00
7.061314582824707031e-01
6.044722199440002441e-01
1.501482576131820679e-01
1.455646753311157227e+00
7.855522632598876953e-02
8.800781331956386566e-03
8.156885504722595215e-01
1.398548334836959839e-01
1.959400773048400879e-01
1.245094895362854004e+00
1.560139805078506470e-01
0.000000000000000000e+00
9.251220822334289551e-01
2.385912418365478516e+00
1.457895994186401367e+00
1.371336817741394043e+00
1.815520823001861572e-01
9.753293544054031372e-02
8.989436924457550049e-02
7.193216085433959961e-01
1.374079465866088867e+00
6.667312979698181152e-01
3.322204947471618652e-01
1.488078236579895020e+00
1.123778343200683594e+00
6.368224620819091797e+00
2.388213388621807098e-02
7.024108767509460449e-01
1.716452836990356445e-01
1.847574710845947266e-01
4.226308465003967285e-01
4.270900487899780273e-01
3.111865520477294922e-01
6.262074112892150879e-01
3.751205503940582275e-01
3.334117308259010315e-02
0.000000000000000000e+00
1.723757982254028320e+00
2.048028111457824707e-01
4.772842228412628174e-01
4.095258235931396484e+00
1.747012138366699219e-02
5.866751670837402344e-01
3.522854149341583252e-01
2.848451770842075348e-02
8.711244910955429077e-02
7.804412245750427246e-01
1.795030832290649414e+00
6.165001392364501953e-01
6.899988651275634766e-01
1.243449807167053223e+00
1.488062381744384766e+00
5.062006041407585144e-02
1.084735244512557983e-01
1.863950304687023163e-02
1.355820059776306152e+00
9.858611971139907837e-02
3.244908154010772705e-01
1.538572549819946289e+00
7.590442299842834473e-01
2.650770246982574463e-01
2.217860072851181030e-01
7.180776596069335938e-01
9.624990224838256836e-01
1.702186942100524902e+00
1.515246182680130005e-01
2.148573398590087891e-01
1.493005454540252686e-01
6.494836807250976562e-01
4.972648620605468750e-02
1.216329574584960938e+00
7.557919621467590332e-01
1.227204561233520508e+00
0.000000000000000000e+00
3.525915443897247314e-01
4.109288454055786133e-01
6.327067036181688309e-03
1.047829866409301758e+00
1.578958034515380859e-01
8.974366188049316406e-01
1.706352829933166504e+00
9.307091683149337769e-02
2.730455100536346436e-01
2.543585300445556641e-01
2.372758695855736732e-03
5.284491777420043945e-01
2.056170463562011719e+00
3.107569813728332520e-01
1.983142793178558350e-01
3.035664796829223633e+00
1.401001308113336563e-02
1.395249366760253906e-01
1.985877305269241333e-01
7.763218283653259277e-01
9.290400892496109009e-03
4.905449151992797852e-01
2.056957930326461792e-01
3.086386919021606445e-01
1.077878236770629883e+00
5.899403095245361328e-01
2.998239919543266296e-02
1.252343356609344482e-01
4.929846525192260742e-01
3.670556843280792236e-01
1.763614267110824585e-02
1.067383170127868652e+00
9.809813499450683594e-01
1.060046255588531494e-01
3.273159861564636230e-01
2.071528911590576172e+00
5.989606380462646484e-01
6.409566402435302734e+00
6.558812856674194336e-01
2.467706203460693359e-01
5.150427818298339844e-01
4.613604545593261719e-01
5.408545956015586853e-02
1.499116718769073486e-01
2.981911003589630127e-01
5.103670358657836914e-01
2.922053216025233269e-03
6.450733542442321777e-01
2.850003838539123535e-01
3.016227483749389648e-01
2.350279688835144043e-01
6.587709188461303711e-01
5.682068318128585815e-02
0.000000000000000000e+00
6.289675831794738770e-02
6.210855245590209961e-01
2.058268636465072632e-01
0.000000000000000000e+00
1.812436938285827637e+00
5.195517539978027344e-01
2.048565596342086792e-01
4.812222719192504883e-01
2.411606013774871826e-01
3.016934871673583984e+00
2.296077758073806763e-01
8.497157692909240723e-02
8.661570549011230469e-01
6.240949407219886780e-02
4.585280641913414001e-02
8.941725827753543854e-03
5.832421183586120605e-01
1.280502527952194214e-01
0.000000000000000000e+00
1.214954257011413574e+00
6.903725266456604004e-01
3.014535286638420075e-05
3.333510458469390869e-01
1.606229245662689209e-01
7.960024476051330566e-02
9.846954345703125000e-01
3.334359526634216309e-01
2.722640633583068848e-01
5.688314139842987061e-02
4.469530880451202393e-01
1.927436292171478271e-01
7.590796947479248047e-01
0.000000000000000000e+00
4.070457816123962402e-01
1.426344662904739380e-01
4.537719488143920898e-01
8.716686069965362549e-02
2.875069141387939453e+00
1.167578920722007751e-01
4.237846732139587402e-01
1.697753787040710449e+00
3.576152622699737549e-01
2.281129121780395508e+00
1.618306040763854980e+00
4.749421179294586182e-01
9.313748478889465332e-01
1.380147218704223633e+00
2.016210794448852539e+00
2.940616607666015625e+00
5.604276657104492188e-01
4.603891670703887939e-01
1.243244886398315430e+00
2.077275753021240234e+00
1.479112267494201660e+00
0.000000000000000000e+00
0.000000000000000000e+00
1.203181385993957520e+00
4.536000251770019531e+00
0.000000000000000000e+00
2.534293532371520996e-01
2.594650685787200928e-01
3.026619851589202881e-01
2.056549936532974243e-01
6.894935965538024902e-01
3.073672771453857422e+00
6.717884540557861328e-01
4.526320099830627441e-02
1.911447644233703613e+00
4.327287152409553528e-02
8.526851981878280640e-02
8.714289218187332153e-02
2.515940740704536438e-02
1.401119351387023926e+00
1.549332682043313980e-02
1.790612041950225830e-01
4.773963093757629395e-01
0.000000000000000000e+00
1.267694354057312012e+00
5.622722506523132324e-01
4.547874331474304199e-01
1.753882288932800293e+00
3.257094919681549072e-01
9.318811818957328796e-03
5.510352253913879395e-01
7.718457579612731934e-01
1.601280085742473602e-02
1.820281744003295898e-01
5.641989111900329590e-01
8.112151920795440674e-02
8.746361732482910156e-01
3.476286306977272034e-02
1.025704026222229004e+00
3.278559446334838867e-01
1.590112924575805664e+00
6.877808570861816406e-01
3.505000472068786621e-02
2.701789140701293945e-01
2.387497574090957642e-01
1.818216562271118164e+00
1.537777304649353027e+00
9.555462598800659180e-01
3.139677941799163818e-01
2.579034566879272461e+00
2.623868465423583984e+00
3.870185017585754395e-01
3.357773646712303162e-02
1.318638682365417480e+00
2.872066795825958252e-01
0.000000000000000000e+00
1.359059214591979980e-01
3.407176136970520020e-01
2.975367605686187744e-01
1.109804436564445496e-01
9.813891053199768066e-01
1.799278706312179565e-01
1.789668321609497070e+00
2.769556082785129547e-02
1.204582333564758301e+00
2.811074852943420410e-01
3.064749538898468018e-01
4.680035114288330078e+00
3.039771020412445068e-01
3.466444462537765503e-02
1.841007769107818604e-01
6.955826282501220703e-01
3.588754415512084961e+00
0.000000000000000000e+00
1.944391727447509766e-01
3.549498021602630615e-01
0.000000000000000000e+00
1.458779573440551758e+00
5.999531149864196777e-01
9.168787300586700439e-02
0.000000000000000000e+00
7.327975630760192871e-01
7.434662580490112305e-01
1.308005452156066895e+00
2.263709783554077148e+00
1.350589156150817871e+00
2.571806907653808594e-01
1.521932482719421387e-01
1.023275136947631836e+00
2.090322017669677734e+00
2.916533946990966797e-01
4.991374537348747253e-02
1.241887569427490234e+00
2.190565168857574463e-01
1.001138687133789062e-01
4.364204108715057373e-01
1.985277980566024780e-01
1.945706009864807129e-01
0.000000000000000000e+00
4.229179620742797852e-01
4.143333435058593750e-01
9.054053425788879395e-01
1.617317199707031250e-01
1.102431043982505798e-01
5.268835425376892090e-01
1.683543249964714050e-02
4.102667272090911865e-01
1.954738378524780273e+00
0.000000000000000000e+00
0.000000000000000000e+00
1.519613623619079590e+00
0.000000000000000000e+00
3.530987771227955818e-03
0.000000000000000000e+00
7.411906123161315918e-01
6.589769124984741211e-01
1.996200203895568848e+00
2.774802744388580322e-01
3.492963016033172607e-01
9.165906906127929688e-02
1.297114789485931396e-01
1.402337193489074707e+00
4.358450174331665039e-01
6.577850580215454102e-01
2.673762440681457520e-01
7.977497577667236328e-01
6.981748342514038086e-01
2.661926031112670898e+00
3.798363357782363892e-02
8.245521187782287598e-01
1.755876392126083374e-01
1.470312118530273438e+00
1.590894185937941074e-03
1.076794862747192383e-01
8.877376914024353027e-01
1.743811488151550293e+00
2.091892063617706299e-02
1.317912936210632324e+00
6.795803904533386230e-01
3.409004211425781250e-01
0.000000000000000000e+00
2.789069890975952148e+00
7.507178187370300293e-02
9.193745255470275879e-01
5.305728316307067871e-01
8.426923304796218872e-02
5.173250287771224976e-02
2.778198480606079102e+00
2.773275412619113922e-02
2.018315315246582031e+00
4.307949170470237732e-02
1.274568587541580200e-01
9.491745233535766602e-01
6.487967818975448608e-02
8.709248304367065430e-01
7.401485927402973175e-03
1.185684680938720703e+00
9.213036857545375824e-03
1.108648180961608887e+00
1.697344064712524414e+00
8.123355358839035034e-02
9.062470495700836182e-02
3.453552424907684326e-01
2.846483588218688965e-01
9.225664287805557251e-02
1.565278470516204834e-01
6.271744370460510254e-01
6.937946677207946777e-01
2.276796996593475342e-01
2.346061728894710541e-02
5.713362097740173340e-01
0.000000000000000000e+00
7.884898781776428223e-01
1.085811033844947815e-01
6.183725968003273010e-02
5.540044903755187988e-01
0.000000000000000000e+00
1.681313157081604004e+00
1.104710041545331478e-03
1.037322878837585449e-01
8.746104240417480469e-01
3.567714244127273560e-02
6.739369630813598633e-01
2.667508721351623535e-01
1.913783311843872070e+00
4.324318841099739075e-02
5.139779299497604370e-03
1.538910716772079468e-01
7.288032770156860352e-01
1.234914541244506836e+00
7.015101313591003418e-01
2.015912830829620361e-01
4.206628203392028809e-01
2.270295619964599609e-01
1.085013151168823242e+00
6.038679480552673340e-01
1.634161472320556641e-01
6.190755963325500488e-01
1.050117611885070801e+00
6.245346367359161377e-02
0.000000000000000000e+00
6.319578289985656738e-01
0.000000000000000000e+00
6.570958495140075684e-01
6.649081707000732422e-01
4.602966457605361938e-02
5.389285683631896973e-01
3.114799857139587402e-01
2.623714804649353027e-01
0.000000000000000000e+00
6.267986446619033813e-02
1.275750160217285156e+00
8.097670972347259521e-03
3.771437406539916992e-01
1.880142139270901680e-03
5.046441078186035156e+00
6.642146110534667969e-01
1.416770458221435547e+00
1.453089833259582520e+00
2.931115031242370605e-01
1.612487807869911194e-02
2.808167785406112671e-02
2.758852839469909668e-01
0.000000000000000000e+00
9.843057394027709961e-02
4.395693540573120117e-01
1.037711743265390396e-02
5.059743300080299377e-02
6.249528378248214722e-02
5.528162121772766113e-01
0.000000000000000000e+00
1.066553115844726562e+00
5.644370317459106445e-01
6.352407336235046387e-01
2.326165914535522461e+00
7.872275263071060181e-02
2.504428029060363770e-01
8.480046689510345459e-02
6.903409957885742188e-02
2.814169786870479584e-02
4.859526753425598145e-01
2.362322658300399780e-01
1.320300996303558350e-01
2.053120136260986328e-01
1.634946703910827637e+00
1.314596176147460938e+00
2.760553359985351562e-02
2.593380808830261230e-01
1.047809004783630371e+00
0.000000000000000000e+00
1.732493519783020020e+00
3.231499195098876953e-01
5.996589064598083496e-01
2.796983003616333008e+00
1.162207484245300293e+00
4.684290289878845215e-01
5.061790347099304199e-01
4.588807821273803711e-01
2.042157888412475586e+00
2.166741043329238892e-01
7.558166980743408203e-01
4.863694906234741211e-01
2.498997598886489868e-01
2.067873999476432800e-02
0.000000000000000000e+00
0.000000000000000000e+00
1.103245839476585388e-01
1.531418442726135254e+00
2.030239343643188477e+00
3.587444722652435303e-01
1.052354201674461365e-01
1.953661143779754639e-01
7.714409381151199341e-02
9.433472156524658203e-02
6.049206852912902832e-01
1.919611454010009766e+00
1.612339615821838379e+00
1.678401976823806763e-01
0.000000000000000000e+00
1.291644930839538574e+00
1.481471300125122070e+00
2.530426383018493652e-01
2.033502340316772461e+00
6.283407211303710938e-01
2.667341232299804688e-01
1.349978804588317871e+00
5.360975861549377441e-01
0.000000000000000000e+00
5.661412328481674194e-02
6.713672280311584473e-01
5.958025455474853516e+00
3.127147555351257324e-01
1.955330520868301392e-01
5.227957963943481445e-01
1.594163060188293457e+00
1.501673340797424316e+00
6.685057282447814941e-02
8.853340744972229004e-01
7.445402145385742188e-01
3.084495961666107178e-01
1.961495727300643921e-01
8.525530993938446045e-02
3.345128148794174194e-02
6.072515249252319336e-01
1.168841600418090820e+00
5.827044323086738586e-02
8.383960127830505371e-01
7.120241969823837280e-02
4.377346038818359375e-01
1.236114464700222015e-02
2.761614918708801270e-01
1.060495749115943909e-01
2.618098631501197815e-03
1.633355319499969482e-01
1.923850923776626587e-01
6.801569461822509766e-02
4.271785914897918701e-01
7.623792439699172974e-02
2.563004493713378906e-01
2.003532499074935913e-01
8.618449568748474121e-01
7.547503113746643066e-01
4.788874462246894836e-02
1.135014176368713379e+00
3.564139306545257568e-01
1.982321858406066895e+00
8.046674132347106934e-01
3.381501138210296631e-01
7.066103219985961914e-01
1.141394022852182388e-02
2.575069904327392578e+00
3.024853207170963287e-02
3.827133914455771446e-03
3.037452995777130127e-01
3.924781978130340576e-01
0.000000000000000000e+00
1.086227297782897949e+00
4.273509979248046875e+00
1.391217708587646484e-01
8.320930600166320801e-01
4.166471064090728760e-01
8.911496996879577637e-01
9.839010238647460938e-01
0.000000000000000000e+00
2.487357616424560547e+00
2.102862447500228882e-01
1.002571657299995422e-01
1.154947042465209961e+00
2.319023013114929199e-01
2.850732505321502686e-01
1.918845534324645996e+00
2.042819410562515259e-01
1.718077212572097778e-01
2.117918252944946289e+00
1.886310696601867676e+00
8.763568103313446045e-02
5.046793818473815918e-01
2.022224366664886475e-01
1.181507229804992676e+00
7.241810858249664307e-02
8.820099383592605591e-02
3.009610176086425781e-01
5.292746052145957947e-02
1.071363762021064758e-01
7.832602597773075104e-03
2.837847173213958740e-01
8.666875362396240234e-01
0.000000000000000000e+00
4.576218500733375549e-02
0.000000000000000000e+00
2.589375019073486328e+00
1.137519627809524536e-02
6.450448036193847656e-01
8.958311080932617188e-01
0.000000000000000000e+00
7.306523621082305908e-02
2.955319881439208984e-01
0.000000000000000000e+00
1.954638808965682983e-01
2.060226202011108398e-01
6.954825483262538910e-03
1.007188297808170319e-02
0.000000000000000000e+00
9.679045677185058594e-01
6.141667962074279785e-01
3.750581443309783936e-01
1.849865354597568512e-02
7.354329824447631836e-01
7.932008504867553711e-01
5.490051746368408203e+00
9.316300600767135620e-02
6.554067730903625488e-01
1.518892526626586914e+00
6.083935499191284180e-01
1.643394976854324341e-01
1.815832108259201050e-01
3.238732814788818359e-01
1.285261869430541992e+00
1.069341897964477539e-01
7.679197937250137329e-02
1.123426318168640137e+00
0.000000000000000000e+00
2.483357667922973633e+00
5.791190266609191895e-01
1.549250781536102295e-01
7.280393242835998535e-01
8.389839902520179749e-03
4.958828985691070557e-01
1.047101259231567383e+00
8.820593357086181641e-02
2.248160362243652344e+00
2.500654458999633789e+00
0.000000000000000000e+00
8.084920793771743774e-02
6.222013384103775024e-02
1.488187164068222046e-01
0.000000000000000000e+00
3.313080668449401855e-01
9.555032849311828613e-01
7.567426562309265137e-01
0.000000000000000000e+00
1.304029524326324463e-01
1.369349718093872070e+00
0.000000000000000000e+00
9.758867025375366211e-01
1.724357128143310547e+00
2.465691119432449341e-01
3.615917265415191650e-01
3.097984753549098969e-02
7.062749266624450684e-01
1.024054586887359619e-01
9.787961840629577637e-01
2.562103569507598877e-01
1.292392015457153320e-01
2.344099804759025574e-02
1.666811853647232056e-01
9.980062395334243774e-02
4.095605313777923584e-01
8.979373425245285034e-02
1.867179274559020996e-01
1.179797574877738953e-01
7.047388553619384766e-01
2.073997735977172852e+00
1.129999876022338867e+00
7.682330608367919922e-01
4.494395256042480469e-01
1.529126055538654327e-02
5.851504206657409668e-01
3.978581354022026062e-02
1.107903003692626953e+00
5.499016642570495605e-01
6.261381506919860840e-02
2.068899869918823242e+00
7.228777557611465454e-02
1.901929378509521484e-01
1.934244334697723389e-01
0.000000000000000000e+00
1.654011309146881104e-01
0.000000000000000000e+00
1.662248849868774414e+00
2.685011923313140869e-01
5.990780591964721680e-01
2.018265485763549805e+00
5.832223892211914062e-01
4.545083642005920410e-02
5.664184093475341797e-01
5.903399586677551270e-01
1.737074926495552063e-02
0.000000000000000000e+00
1.712635159492492676e-01
7.421877980232238770e-02
3.190510272979736328e-01
2.420966476202011108e-01
2.742149829864501953e-01
4.640658199787139893e-02
8.148185610771179199e-01
3.506333827972412109e-01
2.317988080903887749e-03
6.073303818702697754e-01
4.927855432033538818e-01
7.622884511947631836e-01
2.369906663894653320e+00
2.060268446803092957e-02
4.533754587173461914e-01
1.023211359977722168e+00
1.174876332283020020e+00
2.512077569961547852e+00
2.799585103988647461e+00
6.266843080520629883e-01
3.371064901351928711e+00
5.137749016284942627e-02
3.254439309239387512e-02
5.863114595413208008e-01
1.937521547079086304e-01
1.831338852643966675e-01
8.204866945743560791e-02
9.780362248420715332e-02
9.364040195941925049e-02
1.415506601333618164e-01
6.938433051109313965e-01
9.755716323852539062e-01
7.548218369483947754e-01
5.471121668815612793e-01
1.169814467430114746e+00
4.617107808589935303e-01
1.755814999341964722e-01
1.160140037536621094e-01
9.764078855514526367e-01
2.531775236129760742e-01
8.986741304397583008e-02
6.002946197986602783e-02
0.000000000000000000e+00
1.090671777725219727e+00
2.034707553684711456e-02
3.471875190734863281e-01
1.243344426155090332e+00
1.804647445678710938e+00
0.000000000000000000e+00
1.438800841569900513e-01
7.719004899263381958e-02
7.133734226226806641e-02
9.924883842468261719e-01
7.680171728134155273e-02
6.803266406059265137e-01
1.485688686370849609e+00
2.757665634155273438e+00
1.960074342787265778e-02
0.000000000000000000e+00
4.206360340118408203e+00
4.125755429267883301e-01
0.000000000000000000e+00
3.348871469497680664e-01
7.173790931701660156e-01
6.438647210597991943e-02
3.898844718933105469e-01
1.654005497694015503e-01
8.003298044204711914e-01
1.055317163467407227e+00
2.863083966076374054e-02
4.573371727019548416e-03
6.634379029273986816e-01
3.236607648432254791e-03
8.659227751195430756e-03
6.125497221946716309e-01
3.289166837930679321e-02
7.292668819427490234e-01
1.685613870620727539e+00
6.290000677108764648e-02
3.045318722724914551e-01
2.641371488571166992e-01
8.966450691223144531e-01
2.430262416601181030e-01
4.594698548316955566e-01
4.717363715171813965e-01
1.805560290813446045e-01
2.844748973846435547e+00
3.118740320205688477e-01
0.000000000000000000e+00
1.398890137672424316e+00
4.598222255706787109e+00
7.308181524276733398e-01
5.471304655075073242e-01
0.000000000000000000e+00
2.469684779644012451e-01
3.472058176994323730e-01
6.180521845817565918e-02
2.015291750431060791e-01
0.000000000000000000e+00
9.948574900627136230e-01
1.904038339853286743e-01
1.137282252311706543e+00
4.645278453826904297e+00
5.287151932716369629e-01
5.126055479049682617e-01
6.099807620048522949e-01
8.342012763023376465e-01
1.935587972402572632e-01
2.501966476440429688e+00
1.830700412392616272e-02
4.097208380699157715e-01
1.210549287497997284e-02
1.857755631208419800e-01
3.772068023681640625e+00
3.372491598129272461e-01
2.053209841251373291e-01
6.975580006837844849e-03
3.666046261787414551e-02
4.150607883930206299e-01
5.082061514258384705e-02
8.838103413581848145e-01
8.408713340759277344e-01
2.201737403869628906e+00
8.503484725952148438e-01
6.221408769488334656e-02
1.071459893137216568e-02
4.855134785175323486e-01
9.249681830406188965e-01
3.927679657936096191e-01
4.073857963085174561e-01
4.254578426480293274e-02
5.548295974731445312e-01
2.550400234758853912e-02
1.223009452223777771e-01
5.864901542663574219e-01
2.187000215053558350e-01
1.586808443069458008e+00
3.015485286712646484e+00
2.317574501037597656e+00
2.018962949514389038e-01
4.459460735321044922e+00
3.644873201847076416e-01
3.573232889175415039e-02
0.000000000000000000e+00
0.000000000000000000e+00
4.437744021415710449e-01
9.200392961502075195e-01
1.774035841226577759e-01
3.180560767650604248e-01
8.321521282196044922e-01
3.372611105442047119e-02
3.613144159317016602e-02
1.146032754331827164e-02
5.698645710945129395e-01
1.717082262039184570e-01
2.669480443000793457e-02
4.295062720775604248e-01
6.874936819076538086e-02
9.975957870483398438e-01
5.258508324623107910e-01
2.425124682486057281e-02
3.950146436691284180e+00
9.056589752435684204e-02
2.251028299331665039e+00
1.069330930709838867e+00
1.194171532988548279e-01
8.965137004852294922e-01
1.307037472724914551e-01
1.807219833135604858e-01
4.967646673321723938e-02
8.330619335174560547e-02
3.794232130050659180e+00
2.387701511383056641e+00
1.012813299894332886e-01
3.451410681009292603e-02
2.196856588125228882e-01
3.307576179504394531e-01
1.056417226791381836e+00
2.896701395511627197e-01
8.496286720037460327e-02
1.038341876119375229e-02
1.256409883499145508e-01
5.119236186146736145e-03
4.579074978828430176e-01
5.160003304481506348e-01
8.298423886299133301e-01
8.918824791908264160e-02
1.035069897770881653e-01
0.000000000000000000e+00
8.553173542022705078e-01
4.389968514442443848e-01
1.046104077249765396e-02
0.000000000000000000e+00
7.420997023582458496e-01
1.753221452236175537e-02
3.444958105683326721e-02
4.556884765625000000e-01
2.714852429926395416e-02
0.000000000000000000e+00
1.196741461753845215e-01
2.387687116861343384e-01
6.059926003217697144e-02
8.118426203727722168e-01
2.307633012533187866e-01
5.169383287429809570e-01
2.614474892616271973e-01
4.742682352662086487e-02
2.506012916564941406e+00
0.000000000000000000e+00
1.232128664851188660e-01
1.280221939086914062e+00
1.540544331073760986e-01
6.337603181600570679e-02
1.271246224641799927e-01
4.881504178047180176e-01
0.000000000000000000e+00
7.784556597471237183e-02
3.686900138854980469e-01
5.609714031219482422e+00
0.000000000000000000e+00
9.090690016746520996e-01
0.000000000000000000e+00
4.770796000957489014e-01
2.289198338985443115e-01
7.502817362546920776e-02
5.245837941765785217e-02
1.969010949134826660e+00
0.000000000000000000e+00
1.177818700671195984e-01
8.722742795944213867e-01
4.507904946804046631e-01
1.040732264518737793e+00
5.529064685106277466e-02
8.258068561553955078e-01
5.137699604034423828e+00
0.000000000000000000e+00
4.929099697619676590e-03
3.176296651363372803e-01
1.954980015754699707e+00
1.303845167160034180e+00
1.199489533901214600e-01
1.421088352799415588e-02
4.318432509899139404e-02
1.745778620243072510e-01
8.342596888542175293e-02
1.410983502864837646e-02
4.676769077777862549e-01
6.958437711000442505e-02
2.110583633184432983e-01
5.142493546009063721e-02
5.984662771224975586e-01
6.151385903358459473e-01
1.658533811569213867e+00
0.000000000000000000e+00
4.420069158077239990e-01
2.366164475679397583e-01
1.522658348083496094e+00
8.805397748947143555e-01
3.861755132675170898e-01
3.121320344507694244e-02
2.639950998127460480e-02
0.000000000000000000e+00
6.356720812618732452e-03
1.426969289779663086e+00
5.567954778671264648e-01
3.754552006721496582e-01
4.258672714233398438e+00
0.000000000000000000e+00
5.017668008804321289e-02
3.827392682433128357e-02
1.264909625053405762e+00
3.955971479415893555e+00
2.560559809207916260e-01
4.942585900425910950e-02
3.370415210723876953e+00
6.005367636680603027e-01
9.355875849723815918e-02
2.654101550579071045e-01
3.738289773464202881e-01
1.154179051518440247e-01
1.282513022422790527e+00
1.935027167201042175e-02
5.555361509323120117e-02
1.411231756210327148e-01
6.901495158672332764e-02
2.204081276431679726e-03
7.339575886726379395e-02
2.984568104147911072e-02
8.553183078765869141e-02
1.486938118934631348e+00
2.522432565689086914e+00
0.000000000000000000e+00
3.247013390064239502e-01
1.514927625656127930e+00
3.172347545623779297e-01
3.504163265228271484e+00
5.373464822769165039e-01
1.175251960754394531e+00
5.322154611349105835e-02
2.519827604293823242e+00
2.072295360267162323e-02
1.955786347389221191e-01
1.432371139526367188e+00
0.000000000000000000e+00
0.000000000000000000e+00
5.014093965291976929e-02
3.605107218027114868e-02
1.795207113027572632e-01
1.244227647781372070e+00
3.196201562881469727e+00
0.000000000000000000e+00
5.211304128170013428e-02
6.062668398953974247e-04
4.870029687881469727e-01
1.428914308547973633e+00
1.303621381521224976e-01
4.389387667179107666e-01
1.420273035764694214e-01
1.574042081832885742e+00
0.000000000000000000e+00
3.909191489219665527e-02
2.851850688457489014e-01
8.617557585239410400e-02
1.099516153335571289e+00
5.251923203468322754e-01
1.678951025009155273e+00
2.897276170551776886e-02
2.981086075305938721e-01
7.137348502874374390e-02
0.000000000000000000e+00
3.624603897333145142e-02
6.511739492416381836e-01
7.923441529273986816e-01
7.333382368087768555e-01
1.002242788672447205e-01
3.135294020175933838e-01
1.078420877456665039e+00
5.641514301300048828e+00
1.787218004465103149e-01
1.231862790882587433e-02
4.368803277611732483e-02
9.424032270908355713e-02
3.636878728866577148e-02
1.500535309314727783e-01
2.211316376924514771e-01
0.000000000000000000e+00
1.241805180907249451e-01
5.833037495613098145e-01
9.826540350914001465e-01
6.069800630211830139e-02
1.934304460883140564e-02
7.549382448196411133e-01
6.051383018493652344e-01
0.000000000000000000e+00
6.961181759834289551e-01
3.635242581367492676e-01
3.370027244091033936e-01
0.000000000000000000e+00
2.086102366447448730e-01
1.350313901901245117e+00
3.376475870609283447e-01
9.914697408676147461e-01
8.872617036104202271e-02
6.069701313972473145e-01
2.634989917278289795e-01
2.148950099945068359e-01
1.328014582395553589e-02
7.441108226776123047e-01
1.751985192298889160e+00
0.000000000000000000e+00
9.123626947402954102e-01
3.918796479701995850e-01
1.001273840665817261e-02
7.596542593091726303e-03
8.984975218772888184e-01
0.000000000000000000e+00
2.323576658964157104e-01
5.954501628875732422e+00
1.268663853406906128e-01
4.132334589958190918e-01
2.815311551094055176e-01
5.796309709548950195e-01
3.822490274906158447e-01
4.179590046405792236e-01
4.099559485912322998e-01
9.655921459197998047e-01
3.342985391616821289e+00
2.706384360790252686e-01
1.254087835550308228e-01
2.948854863643646240e-02
0.000000000000000000e+00
3.599567651748657227e+00
1.240960061550140381e-01
3.586195409297943115e-01
4.899317324161529541e-01
7.215557694435119629e-01
8.262656629085540771e-02
9.549693465232849121e-01
3.249150812625885010e-01
1.956309080123901367e-01
2.778643965721130371e-01
1.558034300804138184e+00
6.108696460723876953e-01
5.142787098884582520e-01
1.382748961448669434e+00
1.833044886589050293e-01
4.442349672317504883e-01
1.083612084388732910e+00
2.554903179407119751e-02
0.000000000000000000e+00
1.780127048492431641e+00
2.309434115886688232e-01
2.046452999114990234e+00
0.000000000000000000e+00
1.054818183183670044e-01
1.090371236205101013e-01
0.000000000000000000e+00
4.367210268974304199e-01
2.351791784167289734e-02
1.484246104955673218e-01
4.135856926441192627e-01
7.573793530464172363e-01
1.252282023429870605e+00
0.000000000000000000e+00
5.939656868577003479e-02
2.195483446121215820e+00
1.477374732494354248e-01
0.000000000000000000e+00
1.515261381864547729e-01
4.533552825450897217e-01
4.298973083496093750e-01
2.046680897474288940e-01
1.709843724966049194e-01
6.206748485565185547e-01
1.132498960942029953e-02
2.852097451686859131e-01
1.263924479484558105e+00
2.955009695142507553e-03
4.517415761947631836e-01
1.906620264053344727e-01
3.671064740046858788e-03
2.998848259449005127e-01
1.877533048391342163e-01
1.359916664659976959e-02
6.449257582426071167e-02
3.832678869366645813e-02
1.618589460849761963e-01
2.128739207983016968e-01
1.219871118664741516e-01
5.369951128959655762e-01
2.951771736145019531e+00
7.780317068099975586e-01
1.528192311525344849e-01
0.000000000000000000e+00
1.039639785885810852e-01
2.497106790542602539e+00
3.571443259716033936e-02
9.257154911756515503e-02
6.953981518745422363e-01
2.708572149276733398e-01
0.000000000000000000e+00
5.851501822471618652e-01
6.497488170862197876e-02
3.720209375023841858e-02
5.195165872573852539e-01
6.752327084541320801e-01
2.680274471640586853e-02
8.150225877761840820e-02
5.540118217468261719e-01
0.000000000000000000e+00
1.050793752074241638e-01
4.185409545898437500e-01
5.741167441010475159e-02
1.697678864002227783e-01
5.841136351227760315e-02
1.378998160362243652e+00
4.429209530353546143e-01
3.660702109336853027e-01
5.149576440453529358e-02
0.000000000000000000e+00
6.281843185424804688e-01
4.888989448547363281e+00
4.911130070686340332e-01
5.679842829704284668e-02
1.190233826637268066e-01
9.495394229888916016e-01
2.541453838348388672e+00
0.000000000000000000e+00
1.000944614410400391e+00
3.542846068739891052e-02
0.000000000000000000e+00
6.187409907579421997e-02
2.091058790683746338e-01
1.107755079865455627e-01
3.567366003990173340e-01
8.582443743944168091e-02
1.654177904129028320e-01
3.795737326145172119e-01
2.308478057384490967e-01
7.584982365369796753e-02
1.681883633136749268e-02
1.133745908737182617e+00
1.976266652345657349e-01
1.951983720064163208e-01
6.963413953781127930e-02
1.177191361784934998e-01
5.039558932185173035e-02
2.518477141857147217e-01
0.000000000000000000e+00
1.566104531288146973e+00
4.229895472526550293e-01
2.640893459320068359e-01
2.689112722873687744e-01
5.111487209796905518e-02
2.121968567371368408e-01
3.778585195541381836e-01
4.274176359176635742e-01
4.225206971168518066e-01
0.000000000000000000e+00
3.083978891372680664e-01
4.151646047830581665e-02
1.387403458356857300e-01
6.598081588745117188e-01
0.000000000000000000e+00
0.000000000000000000e+00
8.414027094841003418e-01
1.877385973930358887e-01
5.560913681983947754e-02
1.556109666824340820e+00
3.437407493591308594e+00
1.451592799276113510e-02
8.785552531480789185e-02
1.064723610877990723e+00
3.290618956089019775e-01
2.491245046257972717e-02
0.000000000000000000e+00
3.148882091045379639e-01
0.000000000000000000e+00
1.167082309722900391e+00
1.977103650569915771e-01
3.046878576278686523e-01
9.858977980911731720e-03
2.361300945281982422e+00
1.135330945253372192e-01
1.904973268508911133e+00
4.099404215812683105e-01
8.536208868026733398e-01
3.605244681239128113e-02
8.300268650054931641e-02
4.045958518981933594e-01
2.283549755811691284e-01
1.054008230566978455e-01
9.820877313613891602e-01
6.090550422668457031e-01
1.039494037628173828e+00
9.305143356323242188e-02
6.060618907213211060e-02
3.275718074291944504e-03
2.697382867336273193e-01
7.589394599199295044e-02
2.061726093292236328e+00
1.784016013145446777e+00
1.892323344945907593e-01
2.782700955867767334e-01
2.106926590204238892e-01
3.617126122117042542e-02
5.436159372329711914e-01
4.095671474933624268e-01
1.411592513322830200e-01
2.672902494668960571e-02
2.404385328292846680e+00
4.342507719993591309e-01
5.944800376892089844e-01
7.633593082427978516e-01
4.879002645611763000e-02
5.417422056198120117e-01
1.264119613915681839e-02
1.939672946929931641e+00
2.645902335643768311e-01
1.428980380296707153e-01
4.388448968529701233e-02
9.232043027877807617e-01
5.643562674522399902e-01
2.723293781280517578e+00
1.230585500597953796e-01
6.599609255790710449e-01
0.000000000000000000e+00
1.104170083999633789e-01
0.000000000000000000e+00
5.592808723449707031e-01
6.843881607055664062e-01
2.863741712644696236e-03
0.000000000000000000e+00
8.408421277999877930e-01
4.826224967837333679e-02
1.349923312664031982e-01
3.900619596242904663e-02
0.000000000000000000e+00
1.821587793529033661e-02
6.561380624771118164e-01
5.158586502075195312e-01
5.135045051574707031e-01
1.143938899040222168e-01
0.000000000000000000e+00
0.000000000000000000e+00
7.840823382139205933e-02
4.937565028667449951e-01
1.262104272842407227e+00
5.231379866600036621e-01
1.433259546756744385e-01
0.000000000000000000e+00
2.456578254699707031e+00
5.681240558624267578e-01
7.746338844299316406e-02
6.471285223960876465e-01
4.080557823181152344e-02
0.000000000000000000e+00
1.614816784858703613e+00
0.000000000000000000e+00
7.676410675048828125e-02
1.601905822753906250e+00
3.244750201702117920e-01
2.240833997726440430e+00
1.089160203933715820e+00
2.124120712280273438e+00
5.446412563323974609e-01
8.897141218185424805e-01
1.656351052224636078e-02
5.289385914802551270e-01
3.691833317279815674e-01
1.464686095714569092e-01
6.952769160270690918e-01
3.956428766250610352e-01
1.668435215950012207e+00
7.705062031745910645e-01
2.122933715581893921e-01
1.691854000091552734e-01
3.488383293151855469e-01
1.347679495811462402e+00
7.274378538131713867e-01
1.673256039619445801e+00
2.048387676477432251e-01
5.692868828773498535e-01
4.695465564727783203e-01
2.293865829706192017e-01
1.217664778232574463e-01
1.522245705127716064e-01
7.463944703340530396e-02
0.000000000000000000e+00
2.259287983179092407e-02
1.576619029045104980e+00
3.623505353927612305e+00
2.984923720359802246e-01
4.896333515644073486e-01
3.186452388763427734e-01
1.508564651012420654e-01
2.854858636856079102e-01
3.823637366294860840e-01
3.008250892162322998e-02
1.447464823722839355e+00
3.018660843372344971e-02
1.604913175106048584e-01
2.755976617336273193e-01
1.225131154060363770e+00
2.464296221733093262e-01
5.961896851658821106e-02
1.528748869895935059e-01
1.642142385244369507e-01
2.308968454599380493e-01
4.968774795532226562e+00
0.000000000000000000e+00
2.072778791189193726e-01
6.419318914413452148e-02
3.275161683559417725e-01
2.676481962203979492e+00
1.212629556655883789e+00
2.065916918218135834e-02
6.274182349443435669e-02
2.088671684265136719e+00
7.830636203289031982e-02
4.435133337974548340e-01
2.708287239074707031e-01
6.916330009698867798e-02
2.081548690795898438e+00
8.926181197166442871e-01
2.212488837540149689e-02
4.042150676250457764e-01
3.968092426657676697e-02
2.444711685180664062e+00
4.896201193332672119e-01
3.712078332901000977e-01
1.371197402477264404e-01
0.000000000000000000e+00
6.218926906585693359e-01
0.000000000000000000e+00
0.000000000000000000e+00
7.165215164422988892e-02
1.008117944002151489e-01
7.706105709075927734e-02
2.567261159420013428e-01
2.339676469564437866e-01
0.000000000000000000e+00
8.801404833793640137e-01
1.836507558822631836e+00
0.000000000000000000e+00
1.179802566766738892e-01
1.206555724143981934e+00
4.338893666863441467e-02
