1.912802696228027344e+00
1.941649168729782104e-01
4.883695840835571289e-01
3.848879337310791016e-01
1.379961818456649780e-01
1.696659624576568604e-02
1.228583790361881256e-02
0.000000000000000000e+00
0.000000000000000000e+00
0.000000000000000000e+00
9.429264068603515625e-02
0.000000000000000000e+00
1.583783514797687531e-02
4.349941015243530273e-01
4.417798221111297607e-01
4.867124371230602264e-03
4.022620245814323425e-02
0.000000000000000000e+00
1.809231564402580261e-02
0.000000000000000000e+00
1.996208541095256805e-02
0.000000000000000000e+00
0.000000000000000000e+00
2.336618453264236450e-01
2.417793869972229004e-01
0.000000000000000000e+00
8.310033082962036133e-01
0.000000000000000000e+00
8.895623497664928436e-03
0.000000000000000000e+00
1.709961533546447754e+00
1.446017861366271973e+00
0.000000000000000000e+00
5.707559734582901001e-02
1.152129098773002625e-02
1.530629545450210571e-01
1.142462156713008881e-02
4.399814903736114502e-01
3.817704200744628906e+00
1.230093687772750854e-01
1.541922055184841156e-02
7.846733927726745605e-02
4.072476625442504883e-01
2.202025242149829865e-02
2.141529321670532227e+00
0.000000000000000000e+00
2.300994703546166420e-03
0.000000000000000000e+00
3.248916566371917725e-01
1.251434534788131714e-01
0.000000000000000000e+00
2.818301022052764893e-01
1.149976719170808792e-02
1.150030374526977539e+00
3.848522203043103218e-03
2.363652602070942521e-04
0.000000000000000000e+00
3.514900207519531250e-01
3.899649381637573242e-01
7.207526266574859619e-02
4.382416009902954102e-01
3.211279213428497314e-01
0.000000000000000000e+00
2.010478526353836060e-01
2.425875365734100342e-01
1.164279282093048096e-01
6.755494326353073120e-02
1.167942956089973450e-01
1.206930726766586304e-01
7.288601715117692947e-03
3.166628360748291016e+00
0.000000000000000000e+00
0.000000000000000000e+00
3.567932546138763428e-01
0.000000000000000000e+00
9.571686387062072754e-02
0.000000000000000000e+00
0.000000000000000000e+00
9.817779660224914551e-01
0.000000000000000000e+00
7.233079522848129272e-02
0.000000000000000000e+00
2.604265511035919189e-01
0.000000000000000000e+00
1.612912714481353760e-01
3.146048307418823242e+00
1.494546532630920410e-01
1.561933606863021851e-01
2.231163829565048218e-01
0.000000000000000000e+00
5.876940209418535233e-03
0.000000000000000000e+00
0.000000000000000000e+00
4.524268582463264465e-02
7.053844456095248461e-05
1.007481012493371964e-02
3.139419853687286377e-01
1.594504574313759804e-03
6.813044100999832153e-02
1.990240067243576050e-01
0.000000000000000000e+00
3.794606328010559082e-01
0.000000000000000000e+00
6.500552296638488770e-01
1.609590603038668633e-03
2.415277063846588135e-02
1.153156161308288574e-01
1.239966675639152527e-01
2.358743362128734589e-02
4.249469339847564697e-01
1.140777915716171265e-01
6.343515962362289429e-02
0.000000000000000000e+00
4.730886220932006836e-02
1.201754584908485413e-01
3.341122716665267944e-02
3.701446652412414551e-01
1.876823902130126953e-01
5.011358112096786499e-02
1.256331652402877808e-01
5.044355392456054688e-01
0.000000000000000000e+00
0.000000000000000000e+00
4.211380183696746826e-01
3.774681806564331055e+00
2.912271320819854736e-01
0.000000000000000000e+00
2.969893813133239746e-02
0.000000000000000000e+00
1.478004455566406250e-02
1.450453758239746094e+00
0.000000000000000000e+00
1.982815414667129517e-01
1.643258729018270969e-03
3.317941725254058838e-02
1.674386858940124512e-02
1.163514614105224609e+00
1.784160733222961426e-02
1.264147087931632996e-02
3.152552247047424316e-02
2.704359591007232666e-02
2.102794870734214783e-02
4.806299507617950439e-02
0.000000000000000000e+00
2.391785010695457458e-02
0.000000000000000000e+00
4.298595339059829712e-02
4.475377500057220459e-02
1.578038632869720459e-01
2.644728720188140869e-01
1.115304231643676758e+00
8.270925283432006836e-02
8.853843063116073608e-02
3.518312871456146240e-01
1.041695833206176758e+00
6.757158041000366211e-02
3.615450859069824219e-02
1.842331588268280029e-01
4.757439345121383667e-02
3.840779885649681091e-02
9.131838381290435791e-02
0.000000000000000000e+00
0.000000000000000000e+00
9.758288860321044922e-01
1.197674721479415894e-01
5.012021064758300781e-01
5.372929573059082031e-01
5.903502926230430603e-02
5.265433341264724731e-02
0.000000000000000000e+00
0.000000000000000000e+00
1.008482649922370911e-01
8.274932391941547394e-03
0.000000000000000000e+00
0.000000000000000000e+00
0.000000000000000000e+00
2.330996282398700714e-02
0.000000000000000000e+00
2.200631797313690186e-02
2.625748813152313232e-01
1.254401206970214844e+00
0.000000000000000000e+00
9.341759085655212402e-01
0.000000000000000000e+00
5.297430232167243958e-02
1.208082437515258789e+00
5.508216097950935364e-03
0.000000000000000000e+00
8.384208381175994873e-02
1.534318774938583374e-01
6.159921735525131226e-02
1.030952576547861099e-02
4.866559505462646484e-01
1.876522600650787354e-01
2.548344433307647705e-02
1.093740537762641907e-01
5.857635736465454102e-01
0.000000000000000000e+00
1.278152912855148315e-01
1.526162743568420410e+00
9.487499594688415527e-01
0.000000000000000000e+00
6.021925806999206543e-02
4.015199956484138966e-04
6.483838707208633423e-02
9.458977147005498409e-04
1.284908354282379150e-01
3.373692035675048828e+00
1.052914885804057121e-03
1.388693690299987793e+00
4.013277962803840637e-02
1.306752022355794907e-02
1.926552318036556244e-02
1.146147958934307098e-02
0.000000000000000000e+00
0.000000000000000000e+00
1.001346826553344727e+00
0.000000000000000000e+00
2.522177621722221375e-02
1.836805194616317749e-01
8.228535205125808716e-02
0.000000000000000000e+00
1.845538467168807983e-01
1.084298416972160339e-01
2.312160097062587738e-02
6.092093419283628464e-03
2.745519392192363739e-02
6.811358332633972168e-01
0.000000000000000000e+00
0.000000000000000000e+00
2.580195963382720947e-01
1.870759129524230957e-01
0.000000000000000000e+00
8.529163897037506104e-02
1.987341642379760742e-01
1.666550487279891968e-01
0.000000000000000000e+00
2.258630245923995972e-01
9.961029291152954102e-01
4.790484160184860229e-02
1.500160694122314453e-01
3.452324628829956055e+00
1.426916122436523438e+00
8.983961492776870728e-02
0.000000000000000000e+00
2.510216236114501953e-01
0.000000000000000000e+00
2.987335324287414551e-01
1.457710117101669312e-01
2.371725440025329590e-02
2.011550776660442352e-02
1.713508516550064087e-01
1.822856664657592773e-01
1.233835890889167786e-02
3.994368612766265869e-01
3.214017629623413086e+00
4.611995536834001541e-03
2.460351139307022095e-01
2.430810183286666870e-01
3.348179161548614502e-01
0.000000000000000000e+00
5.246204733848571777e-01
0.000000000000000000e+00
1.416353344917297363e+00
6.077539548277854919e-02
3.842379525303840637e-02
0.000000000000000000e+00
1.771927624940872192e-01
0.000000000000000000e+00
0.000000000000000000e+00
5.149366259574890137e-01
0.000000000000000000e+00
3.899785578250885010e-01
0.000000000000000000e+00
1.251844465732574463e-01
1.653757877647876740e-02
1.084779947996139526e-01
0.000000000000000000e+00
8.056076765060424805e-01
3.214324638247489929e-02
0.000000000000000000e+00
0.000000000000000000e+00
3.657521679997444153e-02
0.000000000000000000e+00
2.974259294569492340e-02
5.410102605819702148e-01
8.688561618328094482e-02
0.000000000000000000e+00
9.097613096237182617e-01
2.289048023521900177e-02
4.407989233732223511e-02
6.234397292137145996e-01
0.000000000000000000e+00
0.000000000000000000e+00
6.286672949790954590e-01
1.610515713691711426e-01
1.093473061919212341e-01
1.611487567424774170e-02
1.057754904031753540e-01
6.057675555348396301e-02
6.277552805840969086e-03
0.000000000000000000e+00
3.898480534553527832e-01
0.000000000000000000e+00
3.793858364224433899e-02
0.000000000000000000e+00
3.309412673115730286e-02
5.106681585311889648e-02
0.000000000000000000e+00
4.850798130035400391e+00
2.241450827568769455e-03
1.172924414277076721e-01
3.179740309715270996e-01
2.709169149398803711e+00
1.208385638892650604e-02
9.173451364040374756e-02
1.699910640716552734e+00
3.534547239542007446e-02
1.896017491817474365e-01
1.198410764336585999e-01
0.000000000000000000e+00
2.249994039535522461e+00
0.000000000000000000e+00
2.228342592716217041e-01
4.599130898714065552e-02
0.000000000000000000e+00
4.953108355402946472e-02
1.675799489021301270e+00
8.766960501670837402e-01
5.105322692543268204e-03
0.000000000000000000e+00
2.958697974681854248e-01
2.999909520149230957e-01
4.026056826114654541e-01
1.581158488988876343e-01
7.847875356674194336e-01
7.535161823034286499e-02
4.915273934602737427e-02
3.738497495651245117e-01
4.612602591514587402e-01
0.000000000000000000e+00
4.774487763643264771e-02
1.731264777481555939e-02
0.000000000000000000e+00
0.000000000000000000e+00
0.000000000000000000e+00
5.649486184120178223e-02
3.288014233112335205e-02
1.716115832328796387e+00
0.000000000000000000e+00
1.098861396312713623e-01
5.888639762997627258e-02
5.074065327644348145e-01
0.000000000000000000e+00
0.000000000000000000e+00
7.651019692420959473e-01
3.374813497066497803e-02
2.516854405403137207e-01
2.044004946947097778e-01
0.000000000000000000e+00
3.992248773574829102e+00
6.427973508834838867e-01
0.000000000000000000e+00
7.182448506355285645e-01
1.512605905532836914e+00
4.521138370037078857e-01
3.997244238853454590e-01
2.319878432899713516e-03
1.433217227458953857e-01
0.000000000000000000e+00
7.910045236349105835e-02
7.557705976068973541e-03
2.762489020824432373e-01
1.049131061881780624e-02
9.300636011175811291e-04
0.000000000000000000e+00
4.342452809214591980e-02
2.546632289886474609e-01
3.905967473983764648e-01
1.576749637024477124e-04
9.852034971117973328e-03
6.651158332824707031e-01
0.000000000000000000e+00
0.000000000000000000e+00
2.688265144824981689e-01
2.269554138183593750e-02
2.406157925724983215e-02
9.990534186363220215e-02
0.000000000000000000e+00
4.441562294960021973e-02
1.157210790552198887e-03
0.000000000000000000e+00
9.726798534393310547e-02
0.000000000000000000e+00
0.000000000000000000e+00
5.834533646702766418e-02
8.103546500205993652e-02
9.175318479537963867e-01
6.092616319656372070e-01
1.001260355114936829e-01
6.996155530214309692e-02
1.184969544410705566e-01
3.786266595125198364e-02
3.135406970977783203e-01
0.000000000000000000e+00
2.200677432119846344e-02
5.369055867195129395e-01
6.194278225302696228e-02
2.338923960924148560e-01
1.668864607810974121e+00
0.000000000000000000e+00
2.106243930757045746e-02
3.760274410247802734e+00
0.000000000000000000e+00
3.823362588882446289e-01
0.000000000000000000e+00
5.102838622406125069e-04
0.000000000000000000e+00
2.971034310758113861e-02
0.000000000000000000e+00
1.233517289161682129e+00
5.029718279838562012e-01
3.096056878566741943e-01
1.991632580757141113e-01
5.768867135047912598e-01
0.000000000000000000e+00
3.281803429126739502e-01
4.171096682548522949e-01
9.115206450223922729e-02
5.408695697784423828e+00
0.000000000000000000e+00
1.834455761127173901e-03
2.079153656959533691e-01
9.870202094316482544e-02
1.425527334213256836e-01
3.839586496353149414e+00
3.266271948814392090e-02
8.999232947826385498e-02
4.448692314326763153e-03
3.843474201858043671e-03
1.537200450897216797e+00
0.000000000000000000e+00
0.000000000000000000e+00
3.026781558990478516e+00
8.706817775964736938e-02
0.000000000000000000e+00
4.315271079540252686e-01
5.131847262382507324e-01
1.912060022354125977e+00
0.000000000000000000e+00
9.124618768692016602e-01
7.069629151374101639e-03
3.515347465872764587e-02
0.000000000000000000e+00
6.859483569860458374e-02
8.156057000160217285e-01
9.361771494150161743e-02
1.153399422764778137e-01
0.000000000000000000e+00
1.028476282954216003e-01
1.381173823028802872e-02
8.059360980987548828e-01
1.006883144378662109e+00
2.084391424432396889e-03
3.730752691626548767e-02
0.000000000000000000e+00
5.015432462096214294e-02
0.000000000000000000e+00
1.404269337654113770e-01
2.868934571743011475e-01
9.378752112388610840e-02
1.384777873754501343e-01
0.000000000000000000e+00
3.142816424369812012e-01
1.690499484539031982e-02
6.865042448043823242e-02
1.304381042718887329e-01
3.002624772489070892e-02
1.509003043174743652e-01
3.672124147415161133e-01
0.000000000000000000e+00
0.000000000000000000e+00
0.000000000000000000e+00
2.074540406465530396e-01
0.000000000000000000e+00
1.335766613483428955e-01
6.056410789489746094e+00
3.036658167839050293e-01
2.662132024765014648e+00
2.424229681491851807e-02
3.289159536361694336e-01
4.203636646270751953e-01
1.512465532869100571e-02
7.781893759965896606e-02
2.980742692947387695e+00
1.147047877311706543e+00
0.000000000000000000e+00
9.587609022855758667e-02
1.292127370834350586e+00
4.513124376535415649e-02
0.000000000000000000e+00
0.000000000000000000e+00
1.726456433534622192e-01
1.154368400573730469e+00
4.783374965190887451e-01
8.401747047901153564e-02
8.449150249361991882e-03
0.000000000000000000e+00
2.327725291252136230e-01
3.590747714042663574e-02
0.000000000000000000e+00
1.389632821083068848e+00
4.794894754886627197e-01
0.000000000000000000e+00
1.281651575118303299e-02
2.740601301193237305e-01
1.046531740576028824e-02
2.975038290023803711e-01
0.000000000000000000e+00
3.600808978080749512e-02
1.896641492843627930e+00
0.000000000000000000e+00
6.956689059734344482e-03
0.000000000000000000e+00
3.707006871700286865e-01
1.811501681804656982e-01
4.709442704916000366e-02
0.000000000000000000e+00
2.353989839553833008e+00
1.071594357490539551e+00
6.857281923294067383e-02
8.024554699659347534e-02
0.000000000000000000e+00
3.729054629802703857e-01
9.218512475490570068e-02
0.000000000000000000e+00
2.097998410463333130e-01
0.000000000000000000e+00
7.798913121223449707e-02
8.605404496192932129e-01
7.117446064949035645e-01
0.000000000000000000e+00
3.841711580753326416e-01
0.000000000000000000e+00
0.000000000000000000e+00
1.377159450203180313e-02
4.464251454919576645e-03
6.033301353454589844e-03
7.848052978515625000e-01
1.159997060894966125e-01
0.000000000000000000e+00
2.133598178625106812e-01
0.000000000000000000e+00
5.631710216403007507e-02
0.000000000000000000e+00
5.712638143450021744e-03
3.347182646393775940e-02
2.605670690536499023e-01
1.656014919281005859e-01
5.508335307240486145e-03
6.051009986549615860e-03
3.192254006862640381e-01
2.251848727464675903e-01
1.447033137083053589e-01
8.586750626564025879e-01
4.220357164740562439e-02
6.716633439064025879e-01
6.152485683560371399e-02
0.000000000000000000e+00
0.000000000000000000e+00
0.000000000000000000e+00
1.865326166152954102e-01
1.004390325397253036e-02
0.000000000000000000e+00
6.873312592506408691e-02
6.053143143653869629e-01
2.564025521278381348e-01
9.830421954393386841e-02
1.310406446456909180e+00
1.689215898513793945e-01
1.048190817236900330e-01
1.507114386186003685e-03
0.000000000000000000e+00
5.480499565601348877e-02
2.356343030929565430e+00
0.000000000000000000e+00
3.769107908010482788e-02
0.000000000000000000e+00
1.360426191240549088e-03
1.633679121732711792e-01
1.752438843250274658e-01
4.768868982791900635e-01
0.000000000000000000e+00
2.060662023723125458e-02
0.000000000000000000e+00
0.000000000000000000e+00
5.150809418410062790e-03
4.552450776100158691e-01
9.672349551692605019e-04
2.376535981893539429e-01
1.713481694459915161e-01
5.038157701492309570e-01
0.000000000000000000e+00
0.000000000000000000e+00
8.780327625572681427e-03
0.000000000000000000e+00
1.559426039457321167e-01
5.755838155746459961e-01
1.226097438484430313e-02
0.000000000000000000e+00
2.593127787113189697e-01
0.000000000000000000e+00
6.829573307186365128e-03
0.000000000000000000e+00
9.602683782577514648e-02
1.778392195701599121e-01
1.250582048669457436e-03
2.025453001260757446e-02
1.282888744026422501e-02
5.093671008944511414e-02
1.744240336120128632e-02
9.770276956260204315e-03
6.678067147731781006e-02
0.000000000000000000e+00
1.088791608810424805e+00
1.395874500274658203e+00
1.164136603474617004e-01
5.142819285392761230e-01
0.000000000000000000e+00
1.692365705966949463e-01
0.000000000000000000e+00
1.183390896767377853e-02
0.000000000000000000e+00
0.000000000000000000e+00
1.585835777223110199e-02
1.031285300850868225e-01
0.000000000000000000e+00
3.645806014537811279e-02
1.042626053094863892e-01
0.000000000000000000e+00
2.171159982681274414e+00
2.233768068253993988e-02
6.179289892315864563e-02
1.305625438690185547e-01
0.000000000000000000e+00
0.000000000000000000e+00
7.732620835304260254e-02
2.693916112184524536e-02
9.304387122392654419e-02
0.000000000000000000e+00
1.161544203758239746e+00
0.000000000000000000e+00
1.417262852191925049e-01
0.000000000000000000e+00
0.000000000000000000e+00
4.202191829681396484e-01
2.201921679079532623e-02
1.840994060039520264e-01
0.000000000000000000e+00
1.146982535719871521e-01
1.706033945083618164e-01
4.045907407999038696e-03
4.076280817389488220e-02
5.276243202388286591e-03
0.000000000000000000e+00
3.612620383501052856e-02
0.000000000000000000e+00
2.787229537963867188e+00
3.857724964618682861e-01
7.007082551717758179e-02
0.000000000000000000e+00
1.124079078435897827e-01
8.366686105728149414e-02
1.248424872756004333e-01
0.000000000000000000e+00
0.000000000000000000e+00
9.843505173921585083e-02
2.490364313125610352e-01
4.036722704768180847e-02
4.718157579191029072e-04
3.326304256916046143e-01
1.889104247093200684e+00
1.675431251525878906e+00
5.237955451011657715e-01
3.325783833861351013e-02
3.864612802863121033e-02
8.195337057113647461e-01
0.000000000000000000e+00
0.000000000000000000e+00
8.497278690338134766e-01
4.574317485094070435e-02
0.000000000000000000e+00
5.494930315762758255e-03
0.000000000000000000e+00
4.019605927169322968e-03
0.000000000000000000e+00
4.104590117931365967e-01
5.211358070373535156e-01
3.785295784473419189e-01
0.000000000000000000e+00
3.191449165344238281e+00
9.051685035228729248e-02
0.000000000000000000e+00
0.000000000000000000e+00
1.291689090430736542e-02
4.399151206016540527e-01
0.000000000000000000e+00
6.442570090293884277e-01
1.375411510467529297e+00
0.000000000000000000e+00
1.424624562263488770e+00
2.077320814132690430e-01
1.270992040634155273e+00
0.000000000000000000e+00
0.000000000000000000e+00
6.867211312055587769e-02
2.880878448486328125e-01
9.472518227994441986e-03
1.440892368555068970e-01
3.299124836921691895e-01
0.000000000000000000e+00
2.039682418107986450e-01
8.564240485429763794e-02
7.701419293880462646e-02
1.377564221620559692e-01
1.194291189312934875e-02
3.344598114490509033e-01
6.138443574309349060e-02
0.000000000000000000e+00
5.376458168029785156e-03
1.388501644134521484e+00
0.000000000000000000e+00
5.611452460289001465e-01
2.028292268514633179e-01
5.201948881149291992e-01
1.671382039785385132e-01
4.959773719310760498e-01
2.005726695060729980e-01
1.275895982980728149e-01
0.000000000000000000e+00
1.045343756675720215e+00
1.885776072740554810e-01
6.092557311058044434e-02
8.926616609096527100e-02
6.366478800773620605e-01
0.000000000000000000e+00
2.347646057605743408e-01
0.000000000000000000e+00
8.857745677232742310e-02
5.451332330703735352e-01
2.611111700534820557e-01
1.905672848224639893e-01
3.282071053981781006e-01
0.000000000000000000e+00
1.116148531436920166e-01
0.000000000000000000e+00
1.284261107444763184e+00
2.942934930324554443e-01
1.557174026966094971e-01
6.160607095807790756e-03
6.634040921926498413e-02
2.371764332056045532e-01
2.984139369800686836e-03
1.139384601265192032e-02
0.000000000000000000e+00
2.351588569581508636e-02
1.581086032092571259e-02
1.906238496303558350e-01
0.000000000000000000e+00
8.804019540548324585e-02
0.000000000000000000e+00
2.408359944820404053e-01
1.990343183279037476e-01
2.016811966896057129e-01
0.000000000000000000e+00
8.773717284202575684e-02
1.168313995003700256e-01
0.000000000000000000e+00
0.000000000000000000e+00
1.544015556573867798e-01
2.331431657075881958e-01
1.501515030860900879e+00
2.107450515031814575e-01
0.000000000000000000e+00
1.502996087074279785e-01
1.249340400099754333e-01
0.000000000000000000e+00
0.000000000000000000e+00
5.487579852342605591e-02
8.036478161811828613e-01
0.000000000000000000e+00
3.689745813608169556e-02
4.009173870086669922e+00
0.000000000000000000e+00
4.153345823287963867e-01
0.000000000000000000e+00
7.529180962592363358e-03
3.712912090122699738e-03
0.000000000000000000e+00
1.196706220507621765e-01
0.000000000000000000e+00
7.669416666030883789e-01
9.145276248455047607e-02
1.430077403783798218e-01
9.400413036346435547e-01
1.755595393478870392e-02
0.000000000000000000e+00
0.000000000000000000e+00
1.557336300611495972e-01
0.000000000000000000e+00
4.337243139743804932e-01
4.085483029484748840e-02
6.949476897716522217e-02
3.322112374007701874e-03
3.413918241858482361e-02
0.000000000000000000e+00
4.236947000026702881e-01
1.239319443702697754e+00
4.160818830132484436e-02
4.300346225500106812e-02
1.001789495348930359e-01
6.305546313524246216e-02
2.912402711808681488e-02
9.267768263816833496e-01
0.000000000000000000e+00
3.305149078369140625e-01
3.956802189350128174e-02
3.966120257973670959e-02
7.122677564620971680e-02
2.784325182437896729e-02
0.000000000000000000e+00
1.797124385833740234e+00
1.851509697735309601e-02
0.000000000000000000e+00
4.978124797344207764e-01
0.000000000000000000e+00
9.974617362022399902e-01
0.000000000000000000e+00
2.137714177370071411e-01
5.980586633086204529e-03
4.294286966323852539e-01
5.795248597860336304e-02
0.000000000000000000e+00
1.215544790029525757e-01
1.649508774280548096e-01
8.962950110435485840e-02
3.028474152088165283e-01
0.000000000000000000e+00
5.683699846267700195e-01
1.316179987043142319e-03
3.042245507240295410e-01
0.000000000000000000e+00
4.216408729553222656e-01
0.000000000000000000e+00
1.595372147858142853e-02
2.856835722923278809e-01
5.240551829338073730e-01
6.659023761749267578e-01
3.011259734630584717e-01
3.037957847118377686e-02
3.457092642784118652e-01
3.778124228119850159e-03
1.038872450590133667e-02
1.171862706542015076e-01
0.000000000000000000e+00
2.142335753887891769e-03
1.102376654744148254e-01
5.591950416564941406e-01
1.899024471640586853e-02
1.483622789382934570e-01
4.901712834835052490e-01
0.000000000000000000e+00
0.000000000000000000e+00
2.019970118999481201e-01
4.119977355003356934e-01
1.132176816463470459e-01
7.455983161926269531e-01
2.148372083902359009e-01
1.024427771568298340e+00
0.000000000000000000e+00
5.281291604042053223e-01
8.694133907556533813e-02
2.100047320127487183e-01
7.365638017654418945e-02
2.725768089294433594e+00
1.928041875362396240e-02
0.000000000000000000e+00
2.393228374421596527e-02
5.137926340103149414e-01
0.000000000000000000e+00
4.759786128997802734e-01
5.980245769023895264e-02
2.073334455490112305e-01
0.000000000000000000e+00
1.199571132659912109e+00
6.313375197350978851e-03
1.111465319991111755e-02
0.000000000000000000e+00
6.437281370162963867e-01
0.000000000000000000e+00
0.000000000000000000e+00
6.494237184524536133e-01
0.000000000000000000e+00
7.532046735286712646e-02
2.882002294063568115e-01
2.587395608425140381e-01
1.342291682958602905e-01
3.270380198955535889e-01
0.000000000000000000e+00
1.004274249076843262e+00
7.284295558929443359e-02
4.931967556476593018e-01
1.884140670299530029e-01
8.944655656814575195e-01
0.000000000000000000e+00
0.000000000000000000e+00
1.395575404167175293e-01
2.518647909164428711e+00
2.388868570327758789e+00
1.327705979347229004e+00
9.706611931324005127e-02
0.000000000000000000e+00
0.000000000000000000e+00
0.000000000000000000e+00
2.157340757548809052e-02
1.822760850191116333e-01
2.501888573169708252e-01
1.427815258502960205e-01
3.013469278812408447e-01
2.905905246734619141e-02
1.151097297668457031e+00
0.000000000000000000e+00
4.025325551629066467e-02
0.000000000000000000e+00
0.000000000000000000e+00
9.316187351942062378e-02
0.000000000000000000e+00
1.662379652261734009e-01
2.089163303375244141e+00
2.648502588272094727e-01
2.579180896282196045e-01
9.149640202522277832e-01
2.273812055587768555e+00
2.099976176396012306e-03
0.000000000000000000e+00
1.076834350824356079e-01
0.000000000000000000e+00
3.953125476837158203e-01
1.429955959320068359e+00
1.455117762088775635e-01
0.000000000000000000e+00
4.236040711402893066e-01
3.162096440792083740e-02
2.779049985110759735e-02
7.111659646034240723e-01
2.291572391986846924e-01
5.395075678825378418e-01
9.852152317762374878e-02
1.210045814514160156e-02
2.683847248554229736e-01
3.744449093937873840e-02
3.919528389815241098e-04
0.000000000000000000e+00
3.139246404170989990e-01
4.832458794116973877e-01
4.090745449066162109e-01
0.000000000000000000e+00
0.000000000000000000e+00
0.000000000000000000e+00
0.000000000000000000e+00
2.385745197534561157e-01
1.849374920129776001e-01
2.705759406089782715e-01
3.810580819845199585e-03
2.525834180414676666e-02
0.000000000000000000e+00
1.365630514919757843e-02
2.760646820068359375e+00
6.266044825315475464e-02
0.000000000000000000e+00
3.764498710632324219e+00
6.776620745658874512e-01
0.000000000000000000e+00
1.688051037490367889e-02
5.158758163452148438e-02
1.253112703561782837e-01
2.398229390382766724e-01
7.322041690349578857e-02
4.405708312988281250e-01
5.587188899517059326e-02
1.028071856126189232e-03
1.660806834697723389e-01
0.000000000000000000e+00
6.868647783994674683e-02
0.000000000000000000e+00
1.294134736061096191e+00
1.269417107105255127e-01
1.044044613838195801e+00
0.000000000000000000e+00
1.051317434757947922e-02
2.745949476957321167e-02
4.194987118244171143e-01
7.694847583770751953e-01
2.230638079345226288e-02
5.422437936067581177e-02
3.860678672790527344e-01
5.168569833040237427e-02
1.488724201917648315e-01
0.000000000000000000e+00
1.421641930937767029e-02
4.476537927985191345e-02
0.000000000000000000e+00
0.000000000000000000e+00
2.348879724740982056e-01
0.000000000000000000e+00
3.208294212818145752e-01
9.423640370368957520e-02
0.000000000000000000e+00
6.695578247308731079e-02
0.000000000000000000e+00
1.403535902500152588e-01
0.000000000000000000e+00
5.067520737648010254e-01
6.459937244653701782e-02
0.000000000000000000e+00
0.000000000000000000e+00
0.000000000000000000e+00
8.118897676467895508e-02
9.727942757308483124e-03
1.626622676849365234e-02
2.557546198368072510e-01
3.939795121550559998e-02
7.695817947387695312e-01
0.000000000000000000e+00
8.379980325698852539e-01
0.000000000000000000e+00
6.415212750434875488e-01
0.000000000000000000e+00
6.830268353223800659e-02
2.710373401641845703e-01
1.418115384876728058e-02
2.860175848007202148e+00
4.085971787571907043e-02
6.866377312690019608e-03
0.000000000000000000e+00
0.000000000000000000e+00
1.056497916579246521e-01
0.000000000000000000e+00
0.000000000000000000e+00
4.316450655460357666e-01
0.000000000000000000e+00
0.000000000000000000e+00
1.424172878265380859e+00
7.691991515457630157e-03
3.184351921081542969e-01
0.000000000000000000e+00
4.385961890220642090e-01
4.368890225887298584e-01
2.162619680166244507e-02
0.000000000000000000e+00
1.723718643188476562e-01
5.507646203041076660e-01
2.234361879527568817e-02
6.274116225540637970e-03
5.777923390269279480e-03
2.181980758905410767e-02
0.000000000000000000e+00
1.354241013526916504e+00
0.000000000000000000e+00
7.398526072502136230e-01
3.064127638936042786e-03
3.336867570877075195e+00
1.867479179054498672e-03
2.683145523071289062e+00
1.003263741731643677e-01
0.000000000000000000e+00
0.000000000000000000e+00
9.538266807794570923e-02
0.000000000000000000e+00
6.331247687339782715e-01
3.052889406681060791e-01
3.214925155043601990e-02
5.172233283519744873e-02
0.000000000000000000e+00
3.073484078049659729e-02
5.084363371133804321e-02
6.185519509017467499e-03
3.366450779139995575e-03
6.941357851028442383e-01
1.383022218942642212e-01
0.000000000000000000e+00
2.833560481667518616e-02
5.842377543449401855e-01
0.000000000000000000e+00
1.297909300774335861e-02
0.000000000000000000e+00
0.000000000000000000e+00
5.417633801698684692e-03
4.856038838624954224e-03
0.000000000000000000e+00
9.611321240663528442e-02
1.229950562119483948e-01
0.000000000000000000e+00
2.023722231388092041e-02
3.175817802548408508e-02
0.000000000000000000e+00
5.811430979520082474e-03
8.006285130977630615e-02
1.159875020384788513e-01
0.000000000000000000e+00
0.000000000000000000e+00
9.805122762918472290e-02
2.181746214628219604e-01
2.123110555112361908e-02
6.354433298110961914e-01
1.581888198852539062e+00
3.855952620506286621e-02
2.604495584964752197e-01
1.371889654546976089e-02
0.000000000000000000e+00
1.320698499679565430e+00
1.001435995101928711e+00
1.590610295534133911e-02
9.234121441841125488e-01
3.449058234691619873e-01
2.850684821605682373e-01
1.121445178985595703e+00
5.805487036705017090e-01
0.000000000000000000e+00
0.000000000000000000e+00
0.000000000000000000e+00
1.806532740592956543e-01
1.006686463952064514e-01
1.038060188293457031e-01
1.409536004066467285e-01
2.200508266687393188e-01
8.005815744400024414e-02
1.776805371046066284e-01
0.000000000000000000e+00
0.000000000000000000e+00
1.256056278944015503e-01
1.686706021428108215e-02
0.000000000000000000e+00
0.000000000000000000e+00
4.942436143755912781e-02
4.436114430427551270e-02
0.000000000000000000e+00
1.638904362916946411e-01
3.247458934783935547e-01
5.656444653868675232e-02
1.363550186157226562e+00
6.688066758215427399e-03
1.222462132573127747e-01
0.000000000000000000e+00
7.023742794990539551e-01
6.066397577524185181e-02
0.000000000000000000e+00
1.569466888904571533e-01
6.054739952087402344e-01
2.304218858480453491e-01
1.566214859485626221e-02
1.565975904464721680e+00
5.518954712897539139e-03
2.978899478912353516e-01
1.049214601516723633e+00
4.166879355907440186e-01
2.871115803718566895e-01
1.430847346782684326e-01
1.460911035537719727e-01
2.149430364370346069e-01
5.042384266853332520e-01
0.000000000000000000e+00
2.417812794446945190e-01
2.331045269966125488e-02
9.985441714525222778e-02
1.121473312377929688e+00
0.000000000000000000e+00
1.792343705892562866e-01
0.000000000000000000e+00
7.781112194061279297e-02
5.971637964248657227e-01
0.000000000000000000e+00
2.646622061729431152e-01
0.000000000000000000e+00
0.000000000000000000e+00
0.000000000000000000e+00
6.622412055730819702e-02
8.697168231010437012e-01
0.000000000000000000e+00
8.210572600364685059e-02
8.830950409173965454e-02
1.251161843538284302e-02
8.886909484863281250e-01
4.897616803646087646e-02
0.000000000000000000e+00
3.240689868107438087e-03
2.162986434996128082e-02
0.000000000000000000e+00
0.000000000000000000e+00
0.000000000000000000e+00
1.361284404993057251e-01
2.749971449375152588e-01
1.054495200514793396e-02
2.325096912682056427e-02
4.429751541465520859e-03
2.746522240340709686e-02
7.493121027946472168e-01
8.197883963584899902e-01
7.092823386192321777e-01
1.020525217056274414e+00
1.019605875015258789e+00
1.683546579442918301e-03
0.000000000000000000e+00
9.548563957214355469e-01
1.101513803005218506e-01
0.000000000000000000e+00
0.000000000000000000e+00
7.639424204826354980e-01
1.456687748432159424e-01
1.775852292776107788e-01
1.061871200799942017e-01
6.831001639366149902e-01
6.070016026496887207e-01
4.548598229885101318e-01
3.147718682885169983e-02
0.000000000000000000e+00
3.372647985816001892e-02
9.018155932426452637e-01
1.031612455844879150e-01
2.918904304504394531e+00
1.955932006239891052e-02
6.348210736177861691e-04
2.181134670972824097e-01
0.000000000000000000e+00
1.500255346298217773e+00
2.550649046897888184e-01
8.956994861364364624e-02
0.000000000000000000e+00
5.518421996384859085e-03
3.518109917640686035e-01
5.557138100266456604e-02
1.718830704689025879e+00
1.670417189598083496e-01
0.000000000000000000e+00
4.480205476284027100e-01
0.000000000000000000e+00
2.448878437280654907e-02
6.575222611427307129e-01
8.130244165658950806e-02
3.598006069660186768e-02
0.000000000000000000e+00
2.676274813711643219e-02
0.000000000000000000e+00
2.277465164661407471e-02
3.530813613906502724e-03
5.004796385765075684e-01
0.000000000000000000e+00
4.412373900413513184e-01
0.000000000000000000e+00
0.000000000000000000e+00
7.956061959266662598e-01
1.304590026848018169e-03
5.312920808792114258e-01
4.673335552215576172e-01
8.383823186159133911e-02
5.017781257629394531e-01
9.149403125047683716e-02
5.488906055688858032e-02
1.432136416435241699e+00
1.042342185974121094e+00
4.955444484949111938e-02
0.000000000000000000e+00
1.286606937646865845e-01
0.000000000000000000e+00
2.164073847234249115e-02
0.000000000000000000e+00
4.175175130367279053e-01
0.000000000000000000e+00
3.358278572559356689e-01
0.000000000000000000e+00
3.512633144855499268e-01
0.000000000000000000e+00
8.850155025720596313e-02
1.433011442422866821e-01
0.000000000000000000e+00
1.333509292453527451e-02
9.459073096513748169e-02
3.363157808780670166e-02
2.276607304811477661e-01
1.639978051185607910e+00
2.452089071273803711e+00
1.580208688974380493e-01
0.000000000000000000e+00
0.000000000000000000e+00
9.220551699399948120e-02
1.181882023811340332e+00
5.147505760192871094e+00
8.519822955131530762e-01
1.854480504989624023e-01
5.423377752304077148e-01
1.886008143424987793e+00
0.000000000000000000e+00
2.925320863723754883e-01
8.053660392761230469e-01
2.485346235334873199e-02
3.959735855460166931e-03
5.813054740428924561e-02
0.000000000000000000e+00
2.067230641841888428e-01
4.513743519783020020e-01
0.000000000000000000e+00
5.152786895632743835e-02
8.809097111225128174e-02
7.465153187513351440e-02
4.190153628587722778e-02
0.000000000000000000e+00
2.103395611047744751e-01
0.000000000000000000e+00
1.644974201917648315e-01
5.547434557229280472e-04
2.247392535209655762e-01
0.000000000000000000e+00
1.402065157890319824e-01
9.544134140014648438e-01
1.828124001622200012e-02
0.000000000000000000e+00
6.059554289095103741e-04
2.172050923109054565e-01
4.084973812103271484e+00
3.509179502725601196e-02
1.521482020616531372e-01
1.084502860903739929e-01
2.758308649063110352e-01
1.244970504194498062e-02
1.770334690809249878e-01
1.046935189515352249e-02
0.000000000000000000e+00
1.254345476627349854e-01
9.199551492929458618e-02
9.433780610561370850e-02
5.031122639775276184e-02
1.608685404062271118e-02
8.721957802772521973e-01
4.351347982883453369e-01
1.291543617844581604e-02
1.213675141334533691e-01
5.988768301904201508e-03
2.518502064049243927e-02
0.000000000000000000e+00
6.273559480905532837e-02
1.596591591835021973e+00
0.000000000000000000e+00
1.463225632905960083e-01
0.000000000000000000e+00
4.279810190200805664e-01
4.192936792969703674e-02
2.458009496331214905e-02
6.901558041572570801e-01
2.185304462909698486e-01
3.847551643848419189e-01
5.429136566817760468e-03
0.000000000000000000e+00
0.000000000000000000e+00
0.000000000000000000e+00
1.332637760788202286e-02
1.725176908075809479e-02
1.222740054130554199e+00
2.007267028093338013e-01
2.145023196935653687e-01
1.803732663393020630e-02
0.000000000000000000e+00
0.000000000000000000e+00
1.310504317283630371e+00
1.321355849504470825e-01
9.691230952739715576e-02
1.909913308918476105e-02
9.497913718223571777e-01
2.091847173869609833e-02
2.981053479015827179e-02
0.000000000000000000e+00
8.203646540641784668e-02
1.400208771228790283e-01
0.000000000000000000e+00
2.654435113072395325e-02
2.117802798748016357e-01
1.562024950981140137e-01
9.080535769462585449e-01
8.062348365783691406e-01
1.508198380470275879e+00
0.000000000000000000e+00
4.912430047988891602e-02
3.926257789134979248e-02
0.000000000000000000e+00
7.980834841728210449e-01
1.206874132156372070e+00
4.996405601501464844e+00
2.382394820451736450e-01
1.207968950271606445e+00
0.000000000000000000e+00
3.454831600189208984e+00
0.000000000000000000e+00
3.538578376173973083e-02
0.000000000000000000e+00
0.000000000000000000e+00
6.485723257064819336e-01
1.254839003086090088e-01
1.048852205276489258e-01
6.776962280273437500e-01
0.000000000000000000e+00
2.259605169296264648e+00
3.515776693820953369e-01
6.009571999311447144e-02
1.015763044357299805e+00
0.000000000000000000e+00
3.279597265645861626e-03
4.490523785352706909e-02
0.000000000000000000e+00
4.248556215316057205e-03
7.277110964059829712e-02
4.469988048076629639e-01
0.000000000000000000e+00
1.253417432308197021e-01
0.000000000000000000e+00
2.103728502988815308e-01
0.000000000000000000e+00
3.331891447305679321e-02
1.224965751171112061e-01
1.375943571329116821e-01
7.610050961375236511e-03
1.470914389938116074e-02
1.324242055416107178e-01
1.742412447929382324e-01
1.275987029075622559e-01
1.392856389284133911e-01
8.588884025812149048e-02
1.221920698881149292e-01
2.648137044161558151e-03
3.625525906682014465e-02
1.359868407249450684e+00
2.442505955696105957e-02
0.000000000000000000e+00
3.473814576864242554e-03
1.021773457527160645e+00
0.000000000000000000e+00
4.559079408645629883e-01
0.000000000000000000e+00
1.903804019093513489e-03
1.224452853202819824e+00
0.000000000000000000e+00
0.000000000000000000e+00
0.000000000000000000e+00
2.967542037367820740e-02
1.720236241817474365e-02
0.000000000000000000e+00
4.500517994165420532e-02
9.050267934799194336e-02
0.000000000000000000e+00
1.024454087018966675e-01
9.118876457214355469e-01
3.735956847667694092e-01
1.063961982727050781e+00
6.125500798225402832e-02
0.000000000000000000e+00
0.000000000000000000e+00
1.137966513633728027e-01
8.183409273624420166e-02
0.000000000000000000e+00
1.567874685861170292e-03
3.879050537943840027e-02
9.354674816131591797e-02
3.688352555036544800e-02
5.902435258030891418e-02
2.377880178391933441e-02
2.537165641784667969e+00
4.234514832496643066e-01
3.714684024453163147e-02
1.246040090918540955e-01
2.591872692108154297e+00
1.661570742726325989e-02
7.813899517059326172e-01
0.000000000000000000e+00
2.135302126407623291e-02
0.000000000000000000e+00
9.814833998680114746e-01
9.370089173316955566e-01
9.884742498397827148e-01
5.611293017864227295e-03
0.000000000000000000e+00
1.788473129272460938e-01
1.103002071380615234e+00
9.103823453187942505e-02
2.751874625682830811e-01
0.000000000000000000e+00
0.000000000000000000e+00
0.000000000000000000e+00
0.000000000000000000e+00
0.000000000000000000e+00
0.000000000000000000e+00
2.762434538453817368e-03
7.941803932189941406e-01
3.891386464238166809e-02
8.776660561561584473e-01
1.175232648849487305e+00
1.088334992527961731e-01
1.546887397766113281e+00
4.986208304762840271e-02
2.242919355630874634e-01
0.000000000000000000e+00
2.866437137126922607e-01
7.439456582069396973e-01
7.642946392297744751e-02
8.018487691879272461e-01
1.149644374847412109e+00
6.230483055114746094e-01
2.644454687833786011e-02
1.038826256990432739e-02
3.812220096588134766e-01
0.000000000000000000e+00
0.000000000000000000e+00
1.966433972120285034e-01
0.000000000000000000e+00
0.000000000000000000e+00
2.797671407461166382e-02
1.024376004934310913e-01
6.211411356925964355e-01
8.809416741132736206e-02
9.354119189083576202e-03
7.633345667272806168e-03
0.000000000000000000e+00
4.660084843635559082e-02
7.093967404216527939e-03
3.384016826748847961e-02
2.771645598113536835e-02
4.096660390496253967e-02
1.117950007319450378e-01
0.000000000000000000e+00
0.000000000000000000e+00
8.067182451486587524e-02
2.656539082527160645e-01
0.000000000000000000e+00
0.000000000000000000e+00
4.457093179225921631e-01
5.609910935163497925e-02
1.619557589292526245e-01
0.000000000000000000e+00
2.201393246650695801e-01
1.112488955259323120e-01
0.000000000000000000e+00
4.992552399635314941e-01
5.024613928981125355e-04
8.919144272804260254e-01
0.000000000000000000e+00
8.595446497201919556e-02
2.117031067609786987e-01
0.000000000000000000e+00
8.999406360089778900e-03
5.873997882008552551e-02
1.146071851253509521e-01
4.158989787101745605e-01
8.060489296913146973e-01
8.900614976882934570e-01
0.000000000000000000e+00
4.903257787227630615e-01
2.260015964508056641e+00
5.412108302116394043e-01
1.685430295765399933e-02
3.281540870666503906e+00
1.308463811874389648e-01
0.000000000000000000e+00
1.520031392574310303e-01
0.000000000000000000e+00
2.200034409761428833e-01
9.386875480413436890e-02
1.165810879319906235e-02
5.657309889793395996e-01
1.657709777355194092e-01
0.000000000000000000e+00
3.907752037048339844e-02
7.489967346191406250e-01
0.000000000000000000e+00
3.133191764354705811e-01
8.603067137300968170e-03
1.261707488447427750e-02
0.000000000000000000e+00
0.000000000000000000e+00
5.502937361598014832e-02
0.000000000000000000e+00
0.000000000000000000e+00
1.876480728387832642e-01
4.183902740478515625e-01
0.000000000000000000e+00
2.518872618675231934e-01
1.366326659917831421e-01
1.580540537834167480e-01
1.297195255756378174e-01
1.409735560417175293e+00
0.000000000000000000e+00
3.706575930118560791e-02
1.392602920532226562e-02
0.000000000000000000e+00
0.000000000000000000e+00
1.142022386193275452e-01
7.129995152354240417e-03
1.781180500984191895e-01
1.098772063851356506e-01
8.783848583698272705e-02
1.521429717540740967e-01
2.276350744068622589e-02
3.085625916719436646e-02
2.192601710557937622e-01
1.462727203033864498e-03
9.295789599418640137e-01
0.000000000000000000e+00
2.751185894012451172e-01
0.000000000000000000e+00
3.917084634304046631e-01
0.000000000000000000e+00
4.159256815910339355e-02
9.715504199266433716e-02
2.759914696216583252e-01
2.114210873842239380e-01
2.172524109482765198e-02
0.000000000000000000e+00
1.005663443356752396e-02
2.066041976213455200e-01
2.021082490682601929e-01
4.514705762267112732e-02
7.951713353395462036e-02
4.781969264149665833e-02
0.000000000000000000e+00
3.099576711654663086e+00
0.000000000000000000e+00
1.412629485130310059e-01
0.000000000000000000e+00
7.225191593170166016e-01
0.000000000000000000e+00
0.000000000000000000e+00
0.000000000000000000e+00
2.902390900999307632e-03
0.000000000000000000e+00
1.241477251052856445e+00
6.296192109584808350e-02
0.000000000000000000e+00
0.000000000000000000e+00
0.000000000000000000e+00
3.100069165229797363e-01
0.000000000000000000e+00
5.265953019261360168e-02
0.000000000000000000e+00
1.660376191139221191e-01
3.280521929264068604e-02
0.000000000000000000e+00
8.377667516469955444e-02
0.000000000000000000e+00
3.481403738260269165e-02
2.399668246507644653e-01
9.603098966181278229e-03
0.000000000000000000e+00
1.668631732463836670e-01
2.012867294251918793e-02
9.534674137830734253e-02
0.000000000000000000e+00
0.000000000000000000e+00
3.350971965119242668e-03
0.000000000000000000e+00
9.398167133331298828e-01
0.000000000000000000e+00
0.000000000000000000e+00
2.376012206077575684e-01
5.993013828992843628e-02
1.088322401046752930e+00
8.834243565797805786e-02
1.761003583669662476e-02
0.000000000000000000e+00
4.947405308485031128e-02
5.775673389434814453e-01
9.340696781873703003e-02
1.774419546127319336e-01
5.051717907190322876e-02
0.000000000000000000e+00
6.292357295751571655e-02
2.331996113061904907e-01
0.000000000000000000e+00
7.214652001857757568e-02
0.000000000000000000e+00
0.000000000000000000e+00
2.896468639373779297e-01
2.358941286802291870e-01
1.830914244055747986e-02
0.000000000000000000e+00
1.975399106740951538e-01
7.344265468418598175e-03
1.757792681455612183e-01
2.807413972914218903e-02
0.000000000000000000e+00
0.000000000000000000e+00
7.698910236358642578e-01
1.867834106087684631e-02
2.821154519915580750e-02
4.713023081421852112e-02
1.279003801755607128e-03
1.110030174255371094e+00
5.356784462928771973e-01
1.238800644874572754e+00
0.000000000000000000e+00
1.417885571718215942e-01
0.000000000000000000e+00
0.000000000000000000e+00
5.432619452476501465e-01
2.466259151697158813e-01
1.035646535456180573e-03
3.510423004627227783e-02
0.000000000000000000e+00
0.000000000000000000e+00
4.316996410489082336e-02
1.353672593832015991e-01
0.000000000000000000e+00
4.405963793396949768e-02
1.794018596410751343e-02
7.304859906435012817e-02
1.081296682357788086e+00
2.870935797691345215e-01
1.412110179662704468e-01
4.067162424325942993e-02
3.239968419075012207e-01
0.000000000000000000e+00
6.694681942462921143e-03
3.305714726448059082e-01
1.546818017959594727e+00
1.665465354919433594e+00
1.054322361946105957e+00
4.889513552188873291e-02
9.381340146064758301e-01
1.358790844678878784e-01
2.692202329635620117e-01
1.015766859054565430e-01
0.000000000000000000e+00
1.724352538585662842e-01
3.482702746987342834e-02
7.433027029037475586e-02
5.486707687377929688e-01
5.365222692489624023e-02
0.000000000000000000e+00
2.895409822463989258e+00
3.544293344020843506e-01
5.204530805349349976e-02
0.000000000000000000e+00
1.890307664871215820e+00
4.744589701294898987e-02
0.000000000000000000e+00
1.132112648338079453e-02
0.000000000000000000e+00
1.885051280260086060e-01
5.169360339641571045e-02
0.000000000000000000e+00
0.000000000000000000e+00
7.733755558729171753e-02
3.034576177597045898e-01
0.000000000000000000e+00
4.822500050067901611e-03
5.709943175315856934e-02
3.601925075054168701e-01
0.000000000000000000e+00
2.169604599475860596e-02
0.000000000000000000e+00
9.665434807538986206e-02
1.508191823959350586e-01
1.828261256217956543e+00
1.361107826232910156e-02
0.000000000000000000e+00
0.000000000000000000e+00
5.218162015080451965e-02
2.913346048444509506e-03
8.279438316822052002e-02
0.000000000000000000e+00
6.600465159863233566e-03
0.000000000000000000e+00
0.000000000000000000e+00
7.822672724723815918e-01
9.409274207428097725e-04
6.650898456573486328e-01
7.254210114479064941e-02
0.000000000000000000e+00
7.033495903015136719e-01
1.250594139099121094e+00
2.278343588113784790e-02
2.001079320907592773e-01
2.144465595483779907e-01
4.309452176094055176e-01
4.320275038480758667e-02
3.693951293826103210e-02
4.464090242981910706e-02
0.000000000000000000e+00
4.643715173006057739e-02
4.042762890458106995e-02
1.346456259489059448e-02
1.684224791824817657e-02
3.401789665222167969e-01
1.732530355453491211e+00
1.131562702357769012e-02
2.816119790077209473e-01
0.000000000000000000e+00
1.664450205862522125e-02
4.451033592224121094e+00
0.000000000000000000e+00
7.211902618408203125e+00
2.680574916303157806e-02
3.039703369140625000e-01
2.584797516465187073e-02
5.416412949562072754e-01
0.000000000000000000e+00
1.793506145477294922e-01
1.393861055374145508e+00
0.000000000000000000e+00
7.303842902183532715e-02
2.388199977576732635e-02
8.997434377670288086e-02
0.000000000000000000e+00
9.135520458221435547e-02
5.496566295623779297e-01
3.868236839771270752e-01
9.906965494155883789e-01
0.000000000000000000e+00
0.000000000000000000e+00
0.000000000000000000e+00
1.100048944354057312e-01
0.000000000000000000e+00
2.372092753648757935e-01
7.154840230941772461e-02
2.908883810043334961e+00
1.691968180239200592e-02
4.778944700956344604e-02
3.165208920836448669e-02
1.708763539791107178e-01
8.336963504552841187e-02
5.342963933944702148e-01
2.831556275486946106e-02
4.643522575497627258e-02
0.000000000000000000e+00
2.135048061609268188e-01
0.000000000000000000e+00
0.000000000000000000e+00
1.170024648308753967e-01
0.000000000000000000e+00
0.000000000000000000e+00
9.134095162153244019e-03
1.565908938646316528e-01
0.000000000000000000e+00
1.741539537906646729e-01
3.903959691524505615e-02
0.000000000000000000e+00
7.079380750656127930e-02
3.802779316902160645e-02
0.000000000000000000e+00
7.260821014642715454e-02
6.060964241623878479e-02
9.065416641533374786e-03
8.364569395780563354e-02
8.422143757343292236e-03
1.698657125234603882e-01
0.000000000000000000e+00
1.607270479202270508e+00
3.016979992389678955e-01
1.302469670772552490e-01
2.801606431603431702e-02
4.808692634105682373e-02
3.685599938035011292e-02
6.686555743217468262e-01
1.607882380485534668e-01
1.559449195861816406e+00
7.939716428518295288e-02
0.000000000000000000e+00
0.000000000000000000e+00
1.258484721183776855e-01
3.090724050998687744e-01
0.000000000000000000e+00
0.000000000000000000e+00
0.000000000000000000e+00
2.012826204299926758e+00
0.000000000000000000e+00
9.880826622247695923e-02
1.192018482834100723e-02
3.202664256095886230e-01
1.852377295494079590e+00
4.807949066162109375e-01
1.115912292152643204e-02
3.013525623828172684e-03
2.771661579608917236e-01
0.000000000000000000e+00
8.223602175712585449e-01
0.000000000000000000e+00
0.000000000000000000e+00
4.530755281448364258e-01
1.058213338255882263e-01
3.811296448111534119e-02
1.791175571270287037e-03
1.454583257436752319e-01
1.922102831304073334e-02
0.000000000000000000e+00
1.414002418518066406e+00
5.563610419631004333e-02
0.000000000000000000e+00
4.595619160681962967e-03
0.000000000000000000e+00
1.490935087203979492e-01
0.000000000000000000e+00
0.000000000000000000e+00
5.124459788203239441e-02
4.461852550506591797e+00
2.905178989749401808e-04
2.248252153396606445e+00
1.338032126426696777e+00
0.000000000000000000e+00
1.819528788328170776e-01
0.000000000000000000e+00
1.746826767921447754e-01
7.554589956998825073e-02
2.155177854001522064e-02
0.000000000000000000e+00
3.073177039623260498e-01
0.000000000000000000e+00
3.907214105129241943e-01
1.441495418548583984e-01
7.885631173849105835e-02
3.154024481773376465e-02
0.000000000000000000e+00
1.255439072847366333e-01
4.920762777328491211e-02
1.302901804447174072e-01
1.907632946968078613e+00
6.404565572738647461e-01
1.387536525726318359e-01
9.967591613531112671e-02
0.000000000000000000e+00
1.054310426115989685e-01
0.000000000000000000e+00
3.218429982662200928e-01
3.706579282879829407e-02
5.154873728752136230e-01
0.000000000000000000e+00
0.000000000000000000e+00
1.064915303140878677e-02
5.656868964433670044e-02
1.818027943372726440e-01
7.294486165046691895e-01
4.551380276679992676e-01
2.721609175205230713e-01
6.452136486768722534e-02
4.861685633659362793e-02
5.534027889370918274e-02
0.000000000000000000e+00
4.077600836753845215e-01
1.294515095651149750e-02
2.061649970710277557e-02
1.518083095550537109e+00
0.000000000000000000e+00
0.000000000000000000e+00
0.000000000000000000e+00
5.998696433380246162e-04
1.079766869544982910e+00
3.449568748474121094e+00
1.583214282989501953e+00
0.000000000000000000e+00
0.000000000000000000e+00
0.000000000000000000e+00
0.000000000000000000e+00
4.627005383372306824e-02
9.344438090920448303e-03
5.928829908370971680e-01
3.610241226851940155e-03
1.663251779973506927e-02
0.000000000000000000e+00
2.313600629568099976e-01
1.080659031867980957e+00
4.066620022058486938e-02
5.639163255691528320e-01
7.727144360542297363e-01
3.080197423696517944e-02
1.182889193296432495e-02
7.110426574945449829e-02
0.000000000000000000e+00
3.664701431989669800e-02
6.167716383934020996e-01
1.908295035362243652e+00
1.800664186477661133e+00
6.062663160264492035e-03
0.000000000000000000e+00
0.000000000000000000e+00
1.794010251760482788e-01
0.000000000000000000e+00
9.633473237045109272e-04
4.874982535839080811e-01
1.177156046032905579e-01
0.000000000000000000e+00
3.044708967208862305e-01
0.000000000000000000e+00
0.000000000000000000e+00
2.108568251132965088e-01
9.836069494485855103e-02
0.000000000000000000e+00
4.942056238651275635e-01
0.000000000000000000e+00
9.220714680850505829e-03
4.738723635673522949e-01
0.000000000000000000e+00
0.000000000000000000e+00
6.224263906478881836e-01
4.577682539820671082e-02
0.000000000000000000e+00
1.239195615053176880e-01
1.062067002058029175e-01
0.000000000000000000e+00
0.000000000000000000e+00
0.000000000000000000e+00
0.000000000000000000e+00
2.858384132385253906e+00
1.243537757545709610e-02
0.000000000000000000e+00
2.533541806042194366e-02
6.049944460391998291e-02
1.219056826084852219e-02
0.000000000000000000e+00
4.560657590627670288e-02
1.533482968807220459e-01
2.189140558242797852e+00
6.144921481609344482e-02
9.321212768554687500e-02
0.000000000000000000e+00
0.000000000000000000e+00
3.928281962871551514e-01
8.143711686134338379e-01
5.234422162175178528e-02
0.000000000000000000e+00
8.200533390045166016e-01
0.000000000000000000e+00
1.409307122230529785e-01
0.000000000000000000e+00
2.821526527404785156e-01
4.314582824707031250e+00
3.305814787745475769e-02
0.000000000000000000e+00
2.412802353501319885e-02
3.352416753768920898e-01
0.000000000000000000e+00
0.000000000000000000e+00
1.330210268497467041e-01
1.664670854806900024e-01
1.595444977283477783e-01
