2.970576763153076172e+00
1.681887865066528320e+00
2.546917200088500977e-01
7.008135914802551270e-01
3.677072003483772278e-02
0.000000000000000000e+00
0.000000000000000000e+00
0.000000000000000000e+00
1.758412718772888184e-01
0.000000000000000000e+00
3.379639983177185059e-01
3.854180872440338135e-02
3.778835535049438477e-01
6.752842664718627930e-01
3.106308877468109131e-01
5.281615257263183594e-02
4.669560864567756653e-02
5.884096622467041016e-01
9.155160188674926758e-02
9.233534932136535645e-01
7.257853448390960693e-02
2.616028785705566406e-01
2.334577143192291260e-01
9.267096519470214844e-01
2.127500295639038086e+00
5.209731459617614746e-01
2.105311393737792969e+00
0.000000000000000000e+00
3.636703789234161377e-01
0.000000000000000000e+00
5.629092827439308167e-02
1.345778822898864746e+00
1.500591933727264404e-01
2.498658299446105957e-01
8.446271717548370361e-02
1.382069587707519531e+00
2.678435482084751129e-02
9.581102728843688965e-01
2.093630790710449219e+00
8.383230119943618774e-02
3.561709448695182800e-02
3.178972005844116211e-01
0.000000000000000000e+00
3.979570046067237854e-02
2.301646947860717773e+00
7.581428289413452148e-01
4.046918451786041260e-01
5.347636342048645020e-02
0.000000000000000000e+00
7.939532399177551270e-01
1.374163866043090820e+00
1.585018515586853027e+00
1.342381715774536133e+00
4.230841696262359619e-01
0.000000000000000000e+00
2.861349821090698242e+00
0.000000000000000000e+00
2.106723189353942871e-01
1.610777258872985840e+00
8.979161977767944336e-01
6.026772260665893555e-01
4.595770537853240967e-01
1.640069298446178436e-03
1.733496785163879395e+00
1.990361958742141724e-01
3.982962071895599365e-01
8.042259216308593750e-01
3.807230293750762939e-01
8.349732398986816406e+00
3.147028684616088867e-01
1.112108945846557617e+00
0.000000000000000000e+00
0.000000000000000000e+00
4.131318628787994385e-01
1.246010605245828629e-02
0.000000000000000000e+00
8.654758930206298828e-01
1.115702748298645020e+00
1.899547427892684937e-01
6.935147643089294434e-01
0.000000000000000000e+00
0.000000000000000000e+00
3.261239826679229736e-01
5.866836756467819214e-03
5.340463519096374512e-01
7.291172742843627930e-01
8.300429582595825195e-02
9.741674661636352539e-01
1.212440580129623413e-01
2.064112760126590729e-02
1.167423906736075878e-03
0.000000000000000000e+00
5.335568264126777649e-02
6.833694577217102051e-01
0.000000000000000000e+00
1.397386379539966583e-02
0.000000000000000000e+00
3.571492433547973633e-02
0.000000000000000000e+00
5.953998565673828125e-01
7.678134441375732422e-01
6.892041563987731934e-01
7.630649209022521973e-02
2.611733078956604004e-01
1.871231496334075928e-01
0.000000000000000000e+00
3.736065328121185303e-02
1.973943086341023445e-03
3.345079123973846436e-01
3.318781554698944092e-01
4.536229670047760010e-01
1.385681271553039551e+00
1.243421994149684906e-02
1.957080662250518799e-01
5.646938681602478027e-01
7.189469337463378906e-01
2.790925800800323486e-01
2.279193140566349030e-02
7.452100981026887894e-03
2.119740396738052368e-01
0.000000000000000000e+00
0.000000000000000000e+00
0.000000000000000000e+00
1.071936488151550293e+00
4.177581787109375000e+00
1.534683704376220703e+00
1.831515692174434662e-02
3.895984962582588196e-02
0.000000000000000000e+00
1.113653704524040222e-01
0.000000000000000000e+00
0.000000000000000000e+00
1.001288175582885742e+00
1.029640555381774902e+00
3.497652942314743996e-03
4.161389544606208801e-03
1.170121669769287109e+00
0.000000000000000000e+00
0.000000000000000000e+00
3.318151691928505898e-03
4.216366708278656006e-01
1.335265755653381348e+00
1.026927113533020020e+00
3.759302496910095215e-01
1.547869411297142506e-03
2.759190101642161608e-04
1.358002066612243652e+00
1.570157051086425781e+00
2.932590842247009277e-01
2.111871242523193359e-01
1.462496519088745117e-01
1.516407132148742676e+00
1.620834827423095703e+00
3.087302744388580322e-01
2.037826538085937500e+00
4.664682783186435699e-03
5.444264411926269531e-01
0.000000000000000000e+00
3.746218919754028320e+00
3.210696624591946602e-03
1.764403432607650757e-01
5.375283211469650269e-02
0.000000000000000000e+00
2.344228982925415039e+00
4.990648478269577026e-03
9.618793129920959473e-01
1.535237878561019897e-01
1.969368159770965576e-01
2.735913991928100586e-01
1.894141733646392822e-02
1.676311254501342773e+00
1.124330282211303711e+00
2.346165329217910767e-01
0.000000000000000000e+00
9.264665842056274414e-02
5.616627335548400879e-01
2.449686825275421143e-02
0.000000000000000000e+00
7.465219125151634216e-03
7.735041975975036621e-01
1.540943086147308350e-01
2.527526021003723145e-01
1.062268733978271484e+00
7.872620597481727600e-03
9.081780165433883667e-02
1.102279186248779297e+00
1.189941540360450745e-02
2.766418159008026123e-01
9.141396731138229370e-03
3.821486979722976685e-02
4.446555972099304199e-01
1.029916882514953613e+00
1.460081934928894043e+00
3.308389186859130859e-01
5.201599374413490295e-02
3.771257102489471436e-01
1.536642014980316162e-01
8.381886035203933716e-02
0.000000000000000000e+00
5.386410355567932129e-01
8.305695056915283203e-01
1.615229249000549316e-02
3.396586477756500244e-01
0.000000000000000000e+00
8.441131114959716797e-01
4.907003045082092285e-01
6.208273768424987793e-01
1.424996018409729004e+00
8.639299869537353516e-02
1.107861995697021484e+00
1.998908519744873047e-01
0.000000000000000000e+00
3.022329807281494141e-01
0.000000000000000000e+00
5.194673780351877213e-03
3.629151344299316406e+00
4.653000354766845703e+00
0.000000000000000000e+00
2.615347504615783691e-01
6.523316353559494019e-02
1.302421331405639648e+00
2.262683957815170288e-01
2.575944900512695312e+00
9.633912891149520874e-02
5.023657083511352539e-01
2.917910516262054443e-01
0.000000000000000000e+00
5.703655630350112915e-02
8.507253974676132202e-02
2.001474350690841675e-01
1.656547561287879944e-02
1.423518359661102295e-01
1.522412151098251343e-02
4.558863639831542969e-01
1.169816493988037109e+00
9.980143904685974121e-01
0.000000000000000000e+00
1.016396999359130859e+00
1.341940999031066895e+00
4.500038325786590576e-01
1.076276898384094238e+00
7.523162364959716797e-01
1.120166659355163574e+00
1.424580365419387817e-01
0.000000000000000000e+00
7.297585010528564453e-01
7.110143899917602539e-01
3.853273093700408936e-01
2.019821405410766602e-01
2.264015078544616699e-01
4.913135990500450134e-02
8.112544417381286621e-01
5.427696183323860168e-02
7.449612021446228027e-02
0.000000000000000000e+00
2.948896214365959167e-02
3.821552693843841553e-01
6.922529339790344238e-01
0.000000000000000000e+00
4.863964021205902100e-01
5.778430402278900146e-02
7.447189092636108398e-01
0.000000000000000000e+00
7.690561413764953613e-01
1.465129703283309937e-01
0.000000000000000000e+00
3.749204427003860474e-02
2.721260488033294678e-01
0.000000000000000000e+00
0.000000000000000000e+00
1.018086314201354980e+00
1.624033227562904358e-02
1.730899214744567871e+00
1.250541806221008301e-01
1.223025247454643250e-01
1.451635360717773438e-01
3.212852776050567627e-01
1.557021260261535645e+00
5.161901712417602539e-01
2.919809147715568542e-02
3.251053690910339355e-01
0.000000000000000000e+00
0.000000000000000000e+00
4.857380092144012451e-01
0.000000000000000000e+00
1.118724107742309570e+00
1.175785183906555176e+00
2.867446899414062500e+00
9.904243946075439453e-01
1.563357114791870117e+00
0.000000000000000000e+00
9.560805559158325195e-01
3.100929737091064453e+00
0.000000000000000000e+00
6.894350051879882812e-01
5.545736849308013916e-02
0.000000000000000000e+00
1.492209285497665405e-01
1.647049069404602051e+00
4.505723416805267334e-01
2.623206079006195068e-01
0.000000000000000000e+00
4.961001276969909668e-01
3.950447589159011841e-02
1.470195889472961426e+00
5.515107512474060059e-01
2.564073204994201660e-01
5.557529926300048828e-01
1.023839414119720459e-01
2.267215013504028320e+00
0.000000000000000000e+00
5.726308226585388184e-01
2.738823294639587402e-01
0.000000000000000000e+00
1.709059923887252808e-01
1.721220761537551880e-01
4.083271026611328125e-01
1.910081356763839722e-01
7.738736271858215332e-01
0.000000000000000000e+00
2.869273424148559570e-01
3.370120525360107422e+00
0.000000000000000000e+00
4.724763333797454834e-01
6.086232606321573257e-03
0.000000000000000000e+00
2.978423237800598145e-01
7.621088027954101562e-01
1.288012713193893433e-01
3.188120573759078979e-02
2.611571177840232849e-02
2.986764013767242432e-01
9.995116591453552246e-01
2.666790008544921875e+00
9.329665452241897583e-02
5.711700320243835449e-01
4.009624719619750977e-01
3.408541437238454819e-03
5.891575291752815247e-02
3.079930134117603302e-02
0.000000000000000000e+00
0.000000000000000000e+00
1.222012162208557129e+00
1.346382033079862595e-02
0.000000000000000000e+00
7.971754074096679688e-01
3.279502391815185547e-01
1.010593697428703308e-01
1.932769827544689178e-02
4.546566307544708252e-01
5.855025053024291992e-01
3.800819814205169678e-02
1.890880703926086426e+00
1.074409950524568558e-02
1.039044409990310669e-01
2.866379737854003906e+00
6.527654081583023071e-02
1.169461250305175781e+00
4.454923272132873535e-01
2.375775389373302460e-02
5.115089565515518188e-02
4.727037250995635986e-01
7.496900558471679688e-01
5.277339816093444824e-01
3.869032859802246094e-02
1.064080476760864258e+00
7.523838877677917480e-01
1.565633058547973633e+00
2.801530838012695312e+00
2.723387815058231354e-02
2.411077469587326050e-01
1.403061300516128540e-01
0.000000000000000000e+00
1.200280711054801941e-01
1.833649158477783203e+00
1.246957555413246155e-01
7.554501891136169434e-01
2.073776006698608398e+00
3.910244405269622803e-01
4.101334512233734131e-01
8.092721700668334961e-01
1.607999554835259914e-03
3.512874841690063477e-01
0.000000000000000000e+00
2.316876173019409180e+00
1.449395716190338135e-01
4.338279366493225098e-01
2.237870395183563232e-01
9.159912467002868652e-01
0.000000000000000000e+00
0.000000000000000000e+00
0.000000000000000000e+00
9.387374520301818848e-01
1.361808041110634804e-03
1.139332354068756104e-02
1.696881532669067383e+00
5.073217153549194336e-01
3.951282978057861328e+00
1.564515382051467896e-01
1.145119547843933105e+00
4.384723901748657227e-01
2.524372041225433350e-01
4.137190431356430054e-02
3.839139342308044434e-01
7.392178177833557129e-01
1.137671351432800293e+00
0.000000000000000000e+00
5.310406088829040527e-01
6.556928157806396484e-01
8.189898133277893066e-01
0.000000000000000000e+00
2.687247470021247864e-03
3.127534151077270508e+00
6.206497782841324806e-04
6.230149269104003906e-01
7.030836306512355804e-03
0.000000000000000000e+00
4.441308081150054932e-01
7.019047737121582031e-01
1.979519724845886230e-01
8.480353951454162598e-01
1.188455298542976379e-01
1.626890599727630615e-01
4.131904244422912598e-02
2.467506170272827148e+00
3.594512939453125000e-01
6.529088132083415985e-03
1.145710110664367676e+00
7.132946699857711792e-02
5.631129741668701172e+00
0.000000000000000000e+00
1.123608648777008057e-02
3.965736329555511475e-01
1.163190305233001709e-01
2.333275556564331055e+00
1.369753837585449219e+00
3.869253396987915039e-01
3.160071000456809998e-02
1.528220623731613159e-01
9.594637900590896606e-03
1.016100123524665833e-02
1.653889566659927368e-01
3.112450540065765381e-01
1.529817819595336914e+00
4.177576899528503418e-01
0.000000000000000000e+00
3.226820230484008789e-01
1.416434794664382935e-01
1.082926750183105469e+00
3.079984802752733231e-03
4.902075827121734619e-01
0.000000000000000000e+00
2.225787043571472168e-01
3.683495335280895233e-03
0.000000000000000000e+00
2.288356125354766846e-01
7.975460030138492584e-03
2.747130393981933594e-01
5.917451810091733932e-03
8.998672962188720703e-01
2.633949518203735352e-01
5.789934396743774414e-01
4.937624558806419373e-02
1.326634585857391357e-01
9.193013310432434082e-01
1.832488924264907837e-01
4.346030182205140591e-04
4.360293224453926086e-02
2.851048484444618225e-02
2.139239013195037842e-01
5.182781815528869629e-01
6.408009529113769531e-01
7.159340195357799530e-03
1.524936318397521973e+00
3.801105543971061707e-02
0.000000000000000000e+00
8.480397053062915802e-03
2.553542703390121460e-02
2.794058322906494141e-01
2.297463655471801758e+00
7.764328718185424805e-01
3.691946268081665039e-01
1.900712549686431885e-01
1.207295298576354980e+00
0.000000000000000000e+00
4.716403484344482422e-01
2.631133422255516052e-02
9.992233663797378540e-02
1.419092416763305664e+00
7.922437787055969238e-01
4.642680287361145020e-01
2.476571321487426758e+00
3.147623315453529358e-02
2.353263646364212036e-02
2.493038922548294067e-01
7.166790962219238281e-01
0.000000000000000000e+00
4.242623746395111084e-01
2.545763254165649414e-01
7.945005297660827637e-01
5.599911510944366455e-02
0.000000000000000000e+00
5.522448103874921799e-03
2.106010913848876953e+00
1.697249338030815125e-02
8.552107214927673340e-02
1.471085995435714722e-01
0.000000000000000000e+00
1.139089345932006836e+00
1.145259514451026917e-01
6.429455429315567017e-02
8.821542859077453613e-01
2.221799194812774658e-01
3.437776118516921997e-02
3.460755571722984314e-02
2.925142049789428711e-01
1.190611571073532104e-01
1.476429253816604614e-01
0.000000000000000000e+00
1.895000934600830078e-01
3.168524056673049927e-02
1.466063261032104492e+00
0.000000000000000000e+00
2.032729238271713257e-02
9.788698703050613403e-02
3.705909848213195801e-02
7.882349193096160889e-03
1.467839330434799194e-01
2.461409807205200195e+00
1.662698835134506226e-01
1.229990459978580475e-02
5.319105386734008789e-01
0.000000000000000000e+00
4.255884140729904175e-02
2.099937200546264648e+00
7.975987158715724945e-03
7.659560441970825195e-01
3.191276490688323975e-01
3.454161584377288818e-01
7.243314981460571289e-01
1.409751921892166138e-01
0.000000000000000000e+00
4.157355427742004395e-02
1.292536966502666473e-02
8.659306764602661133e-01
4.896408915519714355e-01
0.000000000000000000e+00
3.914984166622161865e-01
4.254310950636863708e-02
0.000000000000000000e+00
0.000000000000000000e+00
1.339066147804260254e+00
1.377876661717891693e-02
1.314429879188537598e+00
0.000000000000000000e+00
3.596595525741577148e-01
1.610641032457351685e-01
2.665455341339111328e-01
1.847246885299682617e-01
0.000000000000000000e+00
6.879543513059616089e-02
1.158867239952087402e+00
1.668207168579101562e+00
4.131323099136352539e-02
1.977415010333061218e-02
2.844516560435295105e-02
4.412161409854888916e-01
0.000000000000000000e+00
5.797110795974731445e-01
1.347623318433761597e-01
1.139369606971740723e+00
9.824304282665252686e-02
4.336036741733551025e-01
0.000000000000000000e+00
8.924799412488937378e-02
6.755464673042297363e-01
2.114873826503753662e-01
3.015309013426303864e-02
2.106924295425415039e+00
4.389298707246780396e-02
2.194087505340576172e-01
7.211662083864212036e-02
9.121359884738922119e-02
1.613926701247692108e-02
2.290497779846191406e+00
4.979614168405532837e-03
2.009306102991104126e-02
0.000000000000000000e+00
1.114820968359708786e-02
2.053112089633941650e-01
0.000000000000000000e+00
1.533231735229492188e+00
4.057339578866958618e-02
2.128293514251708984e+00
0.000000000000000000e+00
3.800138831138610840e-01
1.501701235771179199e+00
1.158704042434692383e+00
1.533773303031921387e+00
7.160638570785522461e-01
2.791475653648376465e-01
5.769670605659484863e-01
1.161084651947021484e+00
1.517393141984939575e-01
3.550415039062500000e-01
1.285006165504455566e+00
2.464099675416946411e-01
1.353267300873994827e-02
8.241118490695953369e-02
1.425843536853790283e-01
0.000000000000000000e+00
8.575155586004257202e-02
2.561922930181026459e-02
2.018110752105712891e-01
5.128822922706604004e-01
4.221959114074707031e-01
0.000000000000000000e+00
0.000000000000000000e+00
1.260523498058319092e-02
8.132183551788330078e-02
0.000000000000000000e+00
0.000000000000000000e+00
4.421151243150234222e-03
0.000000000000000000e+00
2.901266813278198242e-01
7.413229346275329590e-02
1.030597910284996033e-01
1.917884200811386108e-01
1.323424100875854492e+00
6.412199139595031738e-01
9.495679736137390137e-01
7.255180180072784424e-02
1.497140675783157349e-01
8.936821818351745605e-01
3.645957708358764648e-01
2.096201479434967041e-02
1.931256055831909180e-01
3.289896845817565918e-01
3.173922598361968994e-01
0.000000000000000000e+00
2.585768938064575195e+00
0.000000000000000000e+00
2.782897710800170898e+00
1.822580993175506592e-01
5.228737592697143555e-01
8.510299772024154663e-02
3.275457859039306641e+00
3.282707929611206055e+00
3.848054707050323486e-01
3.061607107520103455e-02
1.002056360244750977e+00
4.941706545650959015e-03
0.000000000000000000e+00
0.000000000000000000e+00
8.732289075851440430e-01
1.772150546312332153e-01
3.626161720603704453e-03
1.399808883666992188e+00
8.882034420967102051e-01
3.460118472576141357e-01
1.269753370434045792e-02
8.777854442596435547e-01
2.046665549278259277e-02
1.524785347282886505e-02
6.986433267593383789e-02
3.092970550060272217e-01
2.645893953740596771e-02
1.981696933507919312e-01
4.365704953670501709e-02
1.017833590507507324e+00
8.090470731258392334e-02
1.108433827757835388e-01
1.151554703712463379e+00
7.637230306863784790e-02
0.000000000000000000e+00
1.586992263793945312e+00
4.300895333290100098e-01
3.927971124649047852e-01
4.217273294925689697e-01
2.289389818906784058e-01
1.124459900893270969e-03
2.975720465183258057e-01
6.287271976470947266e-01
0.000000000000000000e+00
1.823978662490844727e+00
5.803673267364501953e-01
1.114286631345748901e-01
9.204206466674804688e-01
2.002528635784983635e-03
2.651151418685913086e-01
5.235701333731412888e-03
5.661484599113464355e-01
1.180403009057044983e-01
0.000000000000000000e+00
1.293278574943542480e+00
0.000000000000000000e+00
1.477072715759277344e+00
1.322215795516967773e-01
4.764960110187530518e-01
0.000000000000000000e+00
8.091267347335815430e-01
0.000000000000000000e+00
6.829252839088439941e-02
5.698679089546203613e-01
7.008348405361175537e-02
1.683184206485748291e-01
3.475017249584197998e-01
1.704298377037048340e+00
1.027765274047851562e+00
7.693662773817777634e-03
1.360833048820495605e+00
1.061560392379760742e+00
5.880395770072937012e-01
1.216167062520980835e-01
2.182985097169876099e-02
0.000000000000000000e+00
1.570501804351806641e+00
1.368174105882644653e-01
1.003735288977622986e-01
1.070301532745361328e+00
2.698466181755065918e-01
4.902753233909606934e-02
3.788258135318756104e-02
3.045693933963775635e-01
1.626322865486145020e-01
1.065802350640296936e-01
2.393709182739257812e+00
2.537047676742076874e-02
2.035528719425201416e-01
6.722543388605117798e-02
1.359275698661804199e+00
1.859669536352157593e-01
8.462427854537963867e-01
2.421332336962223053e-02
2.388155646622180939e-02
0.000000000000000000e+00
1.185048460960388184e+00
1.390311002731323242e+00
1.241267085075378418e+00
9.234714508056640625e-02
6.816294789314270020e-01
2.732339382171630859e+00
7.266323566436767578e-01
1.407557725906372070e+00
0.000000000000000000e+00
7.038032412528991699e-01
2.249332368373870850e-01
0.000000000000000000e+00
9.493298530578613281e-01
0.000000000000000000e+00
9.231869578361511230e-01
2.322601824998855591e-01
3.417691886425018311e-01
0.000000000000000000e+00
3.857289850711822510e-01
0.000000000000000000e+00
1.812099099159240723e+00
1.920478641986846924e-01
0.000000000000000000e+00
2.392268367111682892e-02
5.125381946563720703e-01
1.904925942420959473e+00
7.071932554244995117e-01
6.718852370977401733e-02
4.580049216747283936e-02
1.136084675788879395e+00
0.000000000000000000e+00
1.560683012008666992e+00
7.229536175727844238e-01
1.385037779808044434e+00
1.137479022145271301e-02
1.452445089817047119e-01
5.040655136108398438e-01
1.038131490349769592e-01
9.300947189331054688e-02
5.332428961992263794e-02
7.539891600608825684e-01
1.755852550268173218e-01
9.111916422843933105e-01
1.160992607474327087e-01
1.370081663131713867e+00
2.923970222473144531e+00
3.232124149799346924e-01
0.000000000000000000e+00
7.295280694961547852e-02
1.202294826507568359e+00
8.178959488868713379e-01
9.154353141784667969e-01
5.895730480551719666e-02
3.492924869060516357e-01
8.503627777099609375e-02
1.012337133288383484e-01
2.448110580444335938e+00
0.000000000000000000e+00
7.513082027435302734e-01
7.386651039123535156e-01
8.357271552085876465e-01
1.384156823158264160e+00
0.000000000000000000e+00
1.352560520172119141e-02
9.752849489450454712e-02
4.064443111419677734e-01
5.560994148254394531e-02
4.382910132408142090e-01
6.963773369789123535e-01
5.336965322494506836e-01
1.287987709045410156e+00
4.245697706937789917e-02
4.264560639858245850e-01
9.825765155255794525e-04
5.368942022323608398e-01
6.382226943969726562e-03
1.924698054790496826e-01
1.293616276234388351e-02
7.974268198013305664e-01
9.068483114242553711e-02
2.463175654411315918e-01
2.394137859344482422e+00
0.000000000000000000e+00
9.757731109857559204e-02
0.000000000000000000e+00
7.179277539253234863e-01
8.442951366305351257e-03
6.646921038627624512e-01
0.000000000000000000e+00
1.411154568195343018e-01
3.160313665866851807e-01
4.500231146812438965e-01
4.629576802253723145e-01
1.022826671600341797e+00
0.000000000000000000e+00
3.021352887153625488e-01
3.500232938677072525e-03
1.699903368949890137e+00
5.447061732411384583e-02
1.440861262381076813e-02
8.899800181388854980e-01
0.000000000000000000e+00
1.072824120521545410e+00
0.000000000000000000e+00
6.141143292188644409e-02
1.730911731719970703e-01
2.656860090792179108e-02
4.480481147766113281e-01
2.861961841583251953e+00
9.611281752586364746e-02
1.341000914573669434e+00
2.908115508034825325e-03
8.171218633651733398e-02
3.306928323581814766e-03
1.504038810729980469e+00
4.712194800376892090e-01
1.869978189468383789e+00
0.000000000000000000e+00
5.143976211547851562e-02
1.193233609199523926e+00
4.646161496639251709e-01
7.586135268211364746e-01
1.593160867691040039e+00
4.620767235755920410e-01
3.458018898963928223e-01
1.456658244132995605e+00
4.727746173739433289e-02
2.333919331431388855e-02
7.318788021802902222e-02
2.391291707754135132e-01
1.742696166038513184e-01
1.467807173728942871e+00
8.150596171617507935e-02
2.887731194496154785e-01
5.635402798652648926e-01
6.540825590491294861e-03
0.000000000000000000e+00
1.529870182275772095e-02
1.243840932846069336e+00
6.922686100006103516e-01
7.021461725234985352e-01
5.535542368888854980e-01
6.263132691383361816e-01
5.202218890190124512e-01
1.856119371950626373e-02
1.543026328086853027e+00
1.082579135894775391e+00
0.000000000000000000e+00
1.036654233932495117e+00
2.960848212242126465e-01
6.669092178344726562e-02
1.769302412867546082e-02
1.405081599950790405e-01
0.000000000000000000e+00
3.668865263462066650e-01
0.000000000000000000e+00
3.413450717926025391e-01
8.626086264848709106e-02
2.913909554481506348e-01
4.054886847734451294e-02
1.240763589739799500e-01
1.109622344374656677e-01
1.303687989711761475e-01
3.807009756565093994e-02
0.000000000000000000e+00
4.286308288574218750e-01
8.127478510141372681e-02
8.469620719552040100e-03
2.605145692825317383e+00
2.279798686504364014e-01
5.162180662155151367e-01
8.867967724800109863e-01
1.004946351051330566e+00
3.497259855270385742e+00
1.430078744888305664e-01
2.059506416320800781e+00
2.391422510147094727e+00
1.194325089454650879e-01
0.000000000000000000e+00
2.591808140277862549e-01
4.572626948356628418e-01
6.587789058685302734e-01
2.595028162002563477e+00
4.772572964429855347e-02
0.000000000000000000e+00
5.278087034821510315e-02
0.000000000000000000e+00
1.192676791106350720e-04
2.305910289287567139e-01
1.801682710647583008e+00
1.190514206886291504e+00
6.195835471153259277e-01
1.797896772623062134e-01
5.187687277793884277e-01
1.636040806770324707e+00
1.705228090286254883e-01
1.427296519279479980e+00
2.002616643905639648e+00
7.460293173789978027e-02
6.823832541704177856e-02
7.090798579156398773e-03
2.864071130752563477e-01
1.001394510269165039e+00
0.000000000000000000e+00
2.590080499649047852e-01
1.159338474273681641e+00
2.515615224838256836e-01
1.529231318272650242e-03
2.454727292060852051e-01
1.629214435815811157e-01
1.284336894750595093e-01
1.135530099272727966e-01
6.118686869740486145e-02
3.728348910808563232e-01
2.971732057631015778e-02
9.715064764022827148e-01
2.615661621093750000e-01
5.125134438276290894e-02
2.020440250635147095e-02
4.234140738844871521e-02
1.225805759429931641e+00
1.510379076004028320e+00
5.386950969696044922e-01
5.207170844078063965e-01
2.253714203834533691e-02
3.290740028023719788e-02
3.950768709182739258e-02
5.459044575691223145e-01
9.728331118822097778e-02
2.249524444341659546e-01
9.211321175098419189e-02
3.179895877838134766e-01
1.840987354516983032e-01
1.028000414371490479e-01
3.770850896835327148e-01
7.021204829216003418e-01
1.062283754348754883e+00
1.098464056849479675e-01
1.929367661476135254e+00
2.857092618942260742e+00
6.598566174507141113e-01
3.893505930900573730e-01
0.000000000000000000e+00
1.108114957809448242e+00
2.144648075103759766e+00
1.712194323539733887e+00
4.657601416110992432e-01
4.537348747253417969e-01
2.289745584130287170e-02
9.031267464160919189e-02
1.742920428514480591e-01
1.723669022321701050e-01
1.763891696929931641e+00
7.356376051902770996e-01
0.000000000000000000e+00
2.249281294643878937e-02
3.426285088062286377e-01
8.111541271209716797e-01
1.130915153771638870e-02
3.082967996597290039e+00
1.519642919301986694e-01
7.107828855514526367e-01
5.100801587104797363e-01
3.585267439484596252e-02
7.803452759981155396e-02
5.036540627479553223e-01
5.435462594032287598e-01
8.488252758979797363e-01
2.740407228469848633e+00
1.850985437631607056e-01
1.447468638420104980e+00
1.061077237129211426e+00
5.679440498352050781e-01
0.000000000000000000e+00
0.000000000000000000e+00
1.268428087234497070e+00
8.806388378143310547e-01
1.710026383399963379e+00
8.867930620908737183e-02
0.000000000000000000e+00
7.142944335937500000e-01
0.000000000000000000e+00
6.775867938995361328e-01
4.723660647869110107e-03
1.481662690639495850e-01
0.000000000000000000e+00
8.317941427230834961e-01
5.275937914848327637e-01
7.762511968612670898e-01
4.043327569961547852e-01
9.904023259878158569e-03
1.987907439470291138e-01
1.040839869529008865e-02
1.146867394447326660e+00
6.422527134418487549e-02
2.220059633255004883e-01
0.000000000000000000e+00
0.000000000000000000e+00
8.782233595848083496e-01
0.000000000000000000e+00
2.892959415912628174e-01
2.105250507593154907e-01
5.858421325683593750e-03
4.748497009277343750e-01
1.697307378053665161e-01
4.929631948471069336e-01
1.379211425781250000e+00
0.000000000000000000e+00
0.000000000000000000e+00
2.285711169242858887e-01
1.003533154726028442e-01
2.865955978631973267e-02
1.136391639709472656e+00
8.637187480926513672e-01
3.908653557300567627e-01
0.000000000000000000e+00
6.761686205863952637e-01
4.468106329441070557e-01
6.509650498628616333e-02
1.106363058090209961e+00
9.868071675300598145e-01
1.645423173904418945e-01
4.994166195392608643e-01
5.002331733703613281e-01
3.644683599472045898e+00
0.000000000000000000e+00
7.209938168525695801e-01
0.000000000000000000e+00
9.369377046823501587e-02
5.150461792945861816e-01
1.900273084640502930e+00
1.021209239959716797e+00
0.000000000000000000e+00
4.771165549755096436e-01
5.936698913574218750e-01
2.414784669876098633e+00
0.000000000000000000e+00
2.057067632675170898e+00
4.400208964943885803e-02
0.000000000000000000e+00
1.041947901248931885e-01
1.037208199501037598e+00
0.000000000000000000e+00
1.921758532524108887e+00
2.241337448358535767e-01
1.412914507091045380e-02
9.511766582727432251e-02
0.000000000000000000e+00
0.000000000000000000e+00
5.252782255411148071e-02
0.000000000000000000e+00
2.532041311264038086e+00
2.008152961730957031e+00
1.491375416517257690e-01
0.000000000000000000e+00
2.006722986698150635e-01
7.445737719535827637e-01
6.084704399108886719e-01
1.713274717330932617e-01
1.966879703104496002e-02
0.000000000000000000e+00
2.204430289566516876e-02
2.835571020841598511e-02
3.491520136594772339e-02
7.258765697479248047e-01
7.307412568479776382e-03
0.000000000000000000e+00
0.000000000000000000e+00
1.256144642829895020e-01
8.847742527723312378e-02
5.580690130591392517e-02
1.997460961341857910e+00
6.301749944686889648e-01
4.939327761530876160e-02
0.000000000000000000e+00
1.179669648408889771e-01
1.339624524116516113e-01
0.000000000000000000e+00
4.926986992359161377e-01
1.935916066169738770e+00
1.890680789947509766e-01
0.000000000000000000e+00
5.740746259689331055e-01
0.000000000000000000e+00
7.144395709037780762e-01
1.773345112800598145e+00
6.352646350860595703e-01
9.674344062805175781e-01
1.160857439041137695e+00
0.000000000000000000e+00
1.718843698501586914e+00
9.898238778114318848e-01
2.242695540189743042e-02
1.498077392578125000e+00
0.000000000000000000e+00
1.032526344060897827e-01
0.000000000000000000e+00
6.321124434471130371e-01
2.730872035026550293e-01
6.974535528570413589e-03
9.832329303026199341e-02
5.544005706906318665e-02
5.023556947708129883e-01
6.871936321258544922e-01
1.367362618446350098e+00
1.383342385292053223e+00
1.199258327484130859e+00
3.804128170013427734e-01
1.851501017808914185e-01
1.573221206665039062e+00
0.000000000000000000e+00
6.517498940229415894e-02
7.452217489480972290e-02
2.340001314878463745e-01
3.832449913024902344e-01
1.775326207280158997e-02
8.333919048309326172e-01
1.021773099899291992e+00
8.233419060707092285e-01
1.081116795539855957e-01
8.153747767210006714e-03
4.288796782493591309e-01
2.002420648932456970e-02
0.000000000000000000e+00
0.000000000000000000e+00
7.825853824615478516e-01
0.000000000000000000e+00
9.809898138046264648e-01
2.390753030776977539e+00
0.000000000000000000e+00
0.000000000000000000e+00
0.000000000000000000e+00
1.062348764389753342e-02
1.151009559631347656e+00
7.509811520576477051e-01
7.132260203361511230e-01
5.863447785377502441e-01
0.000000000000000000e+00
5.482053756713867188e-01
3.250304937362670898e+00
0.000000000000000000e+00
2.918103337287902832e-01
0.000000000000000000e+00
0.000000000000000000e+00
2.232058793306350708e-01
0.000000000000000000e+00
0.000000000000000000e+00
1.551271416246891022e-02
6.267247796058654785e-01
7.273948751389980316e-03
0.000000000000000000e+00
5.503011867403984070e-02
0.000000000000000000e+00
1.052163466811180115e-01
0.000000000000000000e+00
8.308362215757369995e-02
8.460286259651184082e-02
4.866725504398345947e-01
2.565746605396270752e-01
2.168226093053817749e-01
0.000000000000000000e+00
2.319525694474577904e-03
0.000000000000000000e+00
0.000000000000000000e+00
2.387866824865341187e-01
2.003522217273712158e-01
8.770381212234497070e-01
3.633643314242362976e-02
2.423971593379974365e-01
6.918089091777801514e-02
1.740983128547668457e-01
0.000000000000000000e+00
2.904865443706512451e-01
0.000000000000000000e+00
5.941119790077209473e-01
0.000000000000000000e+00
6.950086448341608047e-03
2.638060450553894043e-01
1.762336585670709610e-03
9.692326784133911133e-01
0.000000000000000000e+00
3.482236385345458984e+00
6.631997227668762207e-02
1.427952572703361511e-02
6.762914061546325684e-01
1.745265349745750427e-02
1.469045295380055904e-03
1.725805521011352539e+00
3.871898166835308075e-03
1.164123788475990295e-01
5.350368499755859375e+00
1.303474903106689453e+00
1.224347114562988281e+00
2.012276649475097656e+00
6.061570346355438232e-02
6.742482781410217285e-01
2.075386494398117065e-01
7.084937393665313721e-02
1.353959679603576660e+00
2.853621542453765869e-02
2.890282571315765381e-01
2.323822230100631714e-01
8.803975768387317657e-03
1.951073855161666870e-01
1.044399857521057129e+00
4.376281499862670898e-01
1.922339797019958496e-01
5.115019083023071289e-01
1.674644500017166138e-01
0.000000000000000000e+00
1.754388585686683655e-02
4.245772063732147217e-01
0.000000000000000000e+00
7.472447305917739868e-02
0.000000000000000000e+00
6.982938051223754883e-01
0.000000000000000000e+00
4.757608752697706223e-03
6.703943759202957153e-02
4.868330657482147217e-01
1.180943194776773453e-02
2.285544723272323608e-01
3.516461849212646484e-01
7.419437766075134277e-01
3.835116028785705566e-01
0.000000000000000000e+00
1.446616798639297485e-01
6.165969371795654297e-01
2.816144526004791260e-01
6.724393367767333984e-01
4.481354355812072754e-02
3.792956471443176270e-01
1.051427960395812988e+00
1.512073755264282227e+00
3.973475396633148193e-01
6.340438723564147949e-01
7.135089486837387085e-02
7.151205837726593018e-02
4.487496986985206604e-02
2.952932715415954590e-01
3.036698997020721436e-01
1.998285412788391113e+00
8.666285276412963867e-01
0.000000000000000000e+00
4.253220930695533752e-02
2.550626993179321289e-01
6.215037703514099121e-01
7.110016886144876480e-03
0.000000000000000000e+00
1.775922067463397980e-02
4.062014222145080566e-01
7.652302980422973633e-01
7.258638739585876465e-02
2.729015052318572998e-01
8.846720457077026367e-01
9.826899319887161255e-02
0.000000000000000000e+00
4.367718473076820374e-02
3.454720973968505859e-01
7.806918621063232422e-01
7.309063673019409180e-01
3.412615358829498291e-01
8.057585954666137695e-01
5.939559340476989746e-01
6.336797475814819336e-01
4.733917117118835449e-01
3.662738502025604248e-01
2.158243179321289062e+00
1.801653020083904266e-02
7.791863083839416504e-01
1.215004995465278625e-01
4.950828477740287781e-02
5.481020808219909668e-01
1.707300893031060696e-03
2.008748948574066162e-01
4.479815065860748291e-02
5.301279425621032715e-01
4.580976907163858414e-03
4.942137300968170166e-01
1.229542970657348633e+00
1.622638344764709473e+00
2.270198762416839600e-01
1.570635080337524414e+00
2.353483140468597412e-01
3.403393924236297607e-02
8.799815922975540161e-02
3.394900858402252197e-01
1.399271607398986816e+00
7.201516032218933105e-01
0.000000000000000000e+00
3.024062812328338623e-01
1.469598114490509033e-01
6.617272377014160156e+00
0.000000000000000000e+00
8.372381329536437988e-03
9.836680442094802856e-02
5.461600422859191895e-01
1.142916083335876465e-01
8.153148740530014038e-02
3.611188381910324097e-02
3.699388206005096436e-01
1.482703089714050293e-01
8.581562340259552002e-02
1.067086234688758850e-01
5.469583272933959961e-01
2.547937333583831787e-01
3.084757328033447266e-01
1.021634787321090698e-02
1.075718760490417480e+00
8.399315476417541504e-01
4.841866344213485718e-02
0.000000000000000000e+00
0.000000000000000000e+00
3.029211282730102539e+00
5.130067348480224609e+00
5.734409093856811523e-01
5.256774425506591797e-01
3.500511348247528076e-01
6.131573200225830078e+00
1.681797146797180176e+00
8.972384035587310791e-02
2.061204433441162109e+00
3.929913640022277832e-01
3.256828784942626953e-01
1.909554958343505859e+00
6.342253088951110840e-02
0.000000000000000000e+00
0.000000000000000000e+00
2.744494974613189697e-01
1.126421093940734863e+00
3.992631733417510986e-01
1.005679741501808167e-02
2.587907314300537109e-01
0.000000000000000000e+00
4.456176757812500000e-01
1.186885088682174683e-01
6.670664548873901367e-01
2.262108922004699707e-01
0.000000000000000000e+00
2.301294803619384766e-01
1.917934179306030273e+00
2.629292011260986328e-01
3.847052156925201416e-01
1.729207873344421387e+00
2.077924489974975586e+00
2.090874761343002319e-01
1.815752238035202026e-01
4.111322015523910522e-02
1.515439599752426147e-01
8.239780366420745850e-02
8.586424589157104492e-02
2.204964160919189453e-01
1.044451713562011719e+00
0.000000000000000000e+00
6.290466189384460449e-01
2.689404487609863281e-01
0.000000000000000000e+00
1.638581603765487671e-01
6.525883674621582031e-01
1.047141328454017639e-01
3.800898194313049316e-01
8.222153186798095703e-01
1.171872839331626892e-01
2.996499300003051758e+00
1.108109205961227417e-01
9.958317875862121582e-02
9.322291612625122070e-02
1.287596765905618668e-02
4.403743147850036621e-02
1.072078291326761246e-02
4.406434297561645508e-02
5.006357192993164062e+00
3.039516806602478027e-01
0.000000000000000000e+00
3.297105550765991211e+00
0.000000000000000000e+00
9.741238504648208618e-02
1.119363401085138321e-02
2.896121516823768616e-02
1.209033846855163574e+00
0.000000000000000000e+00
4.633599892258644104e-02
2.825708314776420593e-02
2.388817667961120605e-01
0.000000000000000000e+00
7.231888771057128906e-01
4.173827767372131348e-01
1.155929174274206161e-02
2.198470383882522583e-01
4.344747960567474365e-02
5.117558240890502930e-01
0.000000000000000000e+00
2.612415254116058350e-01
8.722053170204162598e-01
0.000000000000000000e+00
1.292186141014099121e+00
6.809822320938110352e-01
2.891221642494201660e-02
2.268258333206176758e-01
0.000000000000000000e+00
1.766352215781807899e-03
9.510016068816184998e-03
6.594352126121520996e-01
3.268144428730010986e-01
5.752246379852294922e-01
4.222931265830993652e-01
3.420265913009643555e+00
9.312842488288879395e-01
2.516544656828045845e-03
0.000000000000000000e+00
6.515269875526428223e-01
2.650967612862586975e-02
6.584928184747695923e-02
3.750850632786750793e-02
0.000000000000000000e+00
3.174700736999511719e-01
3.862306773662567139e-01
9.219940006732940674e-02
1.102705299854278564e-01
5.294278860092163086e-01
0.000000000000000000e+00
0.000000000000000000e+00
5.891169235110282898e-02
1.152943968772888184e+00
8.506963402032852173e-02
1.742169111967086792e-01
0.000000000000000000e+00
1.265444327145814896e-03
2.354469746351242065e-01
4.395414590835571289e-01
1.610209047794342041e-01
6.158055067062377930e-01
5.485531687736511230e-01
4.894448909908533096e-03
1.198755204677581787e-02
7.381691038608551025e-02
0.000000000000000000e+00
6.577168464660644531e+00
3.253346681594848633e-02
0.000000000000000000e+00
4.502037167549133301e-01
7.016555070877075195e-01
4.874332249164581299e-01
3.090012073516845703e-01
1.426414698362350464e-01
3.442149609327316284e-02
0.000000000000000000e+00
3.105413615703582764e-01
2.009287357330322266e+00
1.025707125663757324e+00
0.000000000000000000e+00
3.281323611736297607e-02
6.359613537788391113e-01
2.787930369377136230e-01
0.000000000000000000e+00
5.702456831932067871e-01
0.000000000000000000e+00
0.000000000000000000e+00
5.077595114707946777e-01
8.175980448722839355e-01
1.465891361236572266e+00
0.000000000000000000e+00
0.000000000000000000e+00
7.338032592087984085e-03
1.285255551338195801e-01
4.998685359954833984e+00
2.946191310882568359e+00
1.651538759469985962e-01
2.636494636535644531e+00
1.043814539909362793e+00
7.982109785079956055e-01
2.195239625871181488e-02
3.168638646602630615e-01
1.874547839164733887e+00
1.532721072435379028e-01
1.076523661613464355e-01
2.047950267791748047e+00
1.317497253417968750e+00
0.000000000000000000e+00
1.255355179309844971e-01
3.653469979763031006e-01
1.908509433269500732e-01
9.055972844362258911e-02
7.347729057073593140e-02
3.670175969600677490e-01
0.000000000000000000e+00
4.633928537368774414e-01
1.702591627836227417e-01
1.501500368118286133e+00
8.339062333106994629e-03
2.410964220762252808e-01
0.000000000000000000e+00
0.000000000000000000e+00
2.540226936340332031e+00
3.669530153274536133e+00
0.000000000000000000e+00
2.562991678714752197e-01
6.604543328285217285e-02
2.879464864730834961e+00
0.000000000000000000e+00
0.000000000000000000e+00
1.542627345770597458e-02
1.779384613037109375e-01
4.006113484501838684e-02
1.431809812784194946e-01
0.000000000000000000e+00
7.506525516510009766e-02
7.781107723712921143e-02
1.045894548296928406e-01
7.457237839698791504e-01
0.000000000000000000e+00
1.279147863388061523e-01
1.559710741043090820e+00
1.821263693273067474e-03
3.407772481441497803e-01
2.891460657119750977e-01
1.797503679990768433e-01
3.420356512069702148e-01
1.197677943855524063e-02
1.645549178123474121e+00
2.007417201995849609e+00
2.341408282518386841e-01
2.865208625793457031e+00
4.036601781845092773e-01
8.198662102222442627e-02
5.431554913520812988e-01
1.408353090286254883e+00
2.283926725387573242e+00
1.733330607414245605e+00
5.754533037543296814e-02
3.764940500259399414e+00
4.355530440807342529e-02
1.044948250055313110e-01
0.000000000000000000e+00
5.050364881753921509e-03
1.087296128273010254e+00
3.873538970947265625e-01
1.252518773078918457e+00
2.422707378864288330e-01
3.536763191223144531e-01
0.000000000000000000e+00
5.046172738075256348e-01
1.232740759849548340e+00
0.000000000000000000e+00
5.491679534316062927e-02
0.000000000000000000e+00
2.870468854904174805e+00
2.945273876190185547e+00
0.000000000000000000e+00
2.255421727895736694e-01
7.913544178009033203e-01
3.206124901771545410e-02
1.021936178207397461e+00
1.584057137370109558e-02
0.000000000000000000e+00
3.837001323699951172e-02
8.928970200940966606e-04
0.000000000000000000e+00
1.443720459938049316e-01
5.395314693450927734e+00
4.310695230960845947e-01
3.162350356578826904e-01
7.343242168426513672e-01
0.000000000000000000e+00
3.537256717681884766e-01
5.721888542175292969e-01
1.816925406455993652e+00
2.186085939407348633e+00
5.239158868789672852e-01
0.000000000000000000e+00
0.000000000000000000e+00
1.605912297964096069e-02
1.369730472564697266e+00
1.760111808776855469e+00
9.004534780979156494e-02
1.704497098922729492e+00
1.449874788522720337e-01
2.710591852664947510e-01
5.954403802752494812e-02
0.000000000000000000e+00
0.000000000000000000e+00
0.000000000000000000e+00
4.599517583847045898e-02
9.156925603747367859e-03
2.105858363211154938e-02
1.451518833637237549e-01
6.228647008538246155e-02
1.005253791809082031e-01
2.290308177471160889e-01
9.867836236953735352e-01
2.020129680633544922e+00
1.829159855842590332e-01
0.000000000000000000e+00
6.574016064405441284e-02
1.761627793312072754e+00
1.203301846981048584e-01
3.753316402435302734e-01
2.452997267246246338e-01
3.781637549400329590e-01
0.000000000000000000e+00
4.822752773761749268e-01
4.338669776916503906e-02
5.992095470428466797e-01
2.150965481996536255e-01
6.273614764213562012e-01
0.000000000000000000e+00
0.000000000000000000e+00
5.593539774417877197e-02
2.201791666448116302e-02
1.278999149799346924e-01
6.112972646951675415e-02
9.405783377587795258e-03
6.075973510742187500e-01
1.357567310333251953e-01
1.775823473930358887e+00
3.071938157081604004e-01
3.476841449737548828e+00
0.000000000000000000e+00
0.000000000000000000e+00
2.669766917824745178e-02
0.000000000000000000e+00
1.189237534999847412e-01
2.926141321659088135e-01
4.928833246231079102e-02
0.000000000000000000e+00
6.269580870866775513e-02
9.327701479196548462e-02
0.000000000000000000e+00
4.023693501949310303e-01
6.023498177528381348e-01
4.879583045840263367e-02
8.765140920877456665e-02
0.000000000000000000e+00
2.958914339542388916e-01
5.837239697575569153e-02
1.113604530692100525e-01
0.000000000000000000e+00
2.073937561362981796e-03
1.812676340341567993e-01
1.120420455932617188e+00
6.528177857398986816e-02
6.361532211303710938e-01
5.613112449645996094e-01
1.903196096420288086e+00
0.000000000000000000e+00
4.658211767673492432e-01
2.222543396055698395e-02
2.978205084800720215e-01
5.746684968471527100e-03
8.390147686004638672e-01
2.990038692951202393e-02
4.478372037410736084e-01
1.759341061115264893e-01
0.000000000000000000e+00
0.000000000000000000e+00
1.250119209289550781e-01
1.250808835029602051e+00
4.511633515357971191e-02
1.702160947024822235e-02
0.000000000000000000e+00
3.716412484645843506e-01
0.000000000000000000e+00
8.166872859001159668e-01
2.145699858665466309e-01
1.353490054607391357e-01
2.230159521102905273e+00
1.368498563766479492e+00
1.890658974647521973e+00
1.668533235788345337e-01
2.560217380523681641e+00
0.000000000000000000e+00
1.326639056205749512e-01
2.415333271026611328e+00
6.044233217835426331e-02
6.067793965339660645e-01
2.620855569839477539e-01
1.780474424362182617e+00
3.584376871585845947e-01
1.251253634691238403e-01
2.663074731826782227e-01
8.398087024688720703e-01
1.728906668722629547e-02
9.745310992002487183e-03
2.542722038924694061e-03
9.649591445922851562e-01
4.708196595311164856e-02
1.143327474594116211e+00
1.515610814094543457e+00
2.161750555038452148e+00
0.000000000000000000e+00
1.106267794966697693e-02
5.765829086303710938e-01
2.841773033142089844e-01
6.319797039031982422e+00
6.757837533950805664e-01
3.459325432777404785e-01
3.515172600746154785e-01
0.000000000000000000e+00
3.947156071662902832e-01
9.411829710006713867e-02
0.000000000000000000e+00
2.380294561386108398e+00
1.176816299557685852e-01
0.000000000000000000e+00
3.213118389248847961e-02
0.000000000000000000e+00
0.000000000000000000e+00
2.506223201751708984e+00
6.720201969146728516e-01
2.734817862510681152e-01
2.738177776336669922e-01
2.328537225723266602e+00
1.840938441455364227e-02
4.769232273101806641e-01
0.000000000000000000e+00
7.534635369665920734e-04
7.508172988891601562e-01
4.458735585212707520e-01
0.000000000000000000e+00
1.722756028175354004e-02
1.091658473014831543e+00
1.942326314747333527e-02
0.000000000000000000e+00
0.000000000000000000e+00
3.919307142496109009e-03
2.353343963623046875e-01
1.223292201757431030e-02
9.405262470245361328e-01
7.422072440385818481e-02
1.069331288337707520e+00
9.530753642320632935e-02
9.961007833480834961e-01
4.883233830332756042e-02
0.000000000000000000e+00
6.509324163198471069e-02
1.454946696758270264e-01
0.000000000000000000e+00
0.000000000000000000e+00
1.092247441411018372e-01
4.417325928807258606e-02
0.000000000000000000e+00
8.266660571098327637e-01
2.022967487573623657e-01
0.000000000000000000e+00
5.627561211585998535e-01
6.364724785089492798e-02
0.000000000000000000e+00
1.676614522933959961e+00
2.878893136978149414e+00
9.522160887718200684e-01
5.294944047927856445e-01
1.415992975234985352e-01
7.759718894958496094e-01
3.126413375139236450e-02
1.596783876419067383e+00
1.155790500342845917e-02
8.411151170730590820e-01
3.468822836875915527e-01
9.754605293273925781e-01
5.821412801742553711e-02
4.597301036119461060e-02
9.137623310089111328e-01
2.084878832101821899e-01
5.477991700172424316e-02
0.000000000000000000e+00
0.000000000000000000e+00
3.166476786136627197e-01
3.815621137619018555e-02
1.245257793925702572e-03
2.714058399200439453e+00
2.143836259841918945e+00
7.839992642402648926e-03
0.000000000000000000e+00
1.176651358604431152e+00
9.504830241203308105e-01
3.887298583984375000e+00
7.131800055503845215e-01
1.109197214245796204e-01
1.002220995724201202e-02
4.303642362356185913e-02
1.223042964935302734e+00
3.245407938957214355e-01
0.000000000000000000e+00
6.868274211883544922e-01
2.223107069730758667e-01
1.875754892826080322e-01
6.925913333892822266e+00
0.000000000000000000e+00
0.000000000000000000e+00
5.311522483825683594e-01
2.062646672129631042e-03
7.935457676649093628e-02
3.827940225601196289e-01
8.746892213821411133e-01
0.000000000000000000e+00
0.000000000000000000e+00
1.684440486133098602e-02
2.764522731304168701e-01
4.257601797580718994e-01
5.382364392280578613e-01
4.592809379100799561e-01
1.112750411033630371e+00
4.880640804767608643e-01
3.689269721508026123e-01
0.000000000000000000e+00
1.412612199783325195e-01
3.616660460829734802e-02
1.205349802970886230e+00
1.006719470024108887e-01
0.000000000000000000e+00
4.051839187741279602e-02
5.631248466670513153e-03
0.000000000000000000e+00
3.195865750312805176e-01
1.015342622995376587e-01
7.746430486440658569e-02
9.543114900588989258e-02
0.000000000000000000e+00
2.414331436157226562e-01
1.074229627847671509e-01
1.861885562539100647e-02
2.013367563486099243e-01
1.337696909904479980e-01
0.000000000000000000e+00
0.000000000000000000e+00
6.277668476104736328e-01
9.283526539802551270e-01
8.798099309206008911e-02
1.057360917329788208e-01
3.859809041023254395e-02
4.150515198707580566e-01
1.822612881660461426e-01
6.005375087261199951e-02
3.335836827754974365e-01
7.816240936517715454e-02
5.073238164186477661e-03
0.000000000000000000e+00
1.943530887365341187e-01
2.246543407440185547e+00
1.078194618225097656e+00
1.555047631263732910e-01
0.000000000000000000e+00
2.282380342483520508e+00
0.000000000000000000e+00
1.153821825981140137e+00
9.984463453292846680e-02
8.200248703360557556e-03
2.924874424934387207e-01
1.031604170799255371e+00
1.226040124893188477e-01
0.000000000000000000e+00
1.637613773345947266e+00
9.811166673898696899e-02
2.129018068313598633e+00
7.494617104530334473e-01
8.258774876594543457e-02
8.005173206329345703e-01
4.118426144123077393e-01
1.800226867198944092e-01
4.371151030063629150e-01
6.947402954101562500e-01
0.000000000000000000e+00
1.359428167343139648e-01
1.078714728355407715e+00
0.000000000000000000e+00
1.059842109680175781e-02
1.020216103643178940e-02
6.099923253059387207e-01
1.043998375535011292e-01
6.589282304048538208e-02
5.032177567481994629e-01
1.871604472398757935e-01
8.093622922897338867e-01
0.000000000000000000e+00
6.957635283470153809e-02
9.732250571250915527e-01
0.000000000000000000e+00
9.189140200614929199e-01
1.594600081443786621e-01
1.483666896820068359e-01
1.241870164871215820e+00
2.916712522506713867e+00
3.647888079285621643e-02
2.934511005878448486e-02
1.826257109642028809e-01
2.703479528427124023e-01
4.570312425494194031e-02
1.207220181822776794e-01
4.475747421383857727e-02
4.038940072059631348e-01
9.894900918006896973e-01
1.442493200302124023e-01
4.972411096096038818e-01
1.766302883625030518e-01
3.676652312278747559e-01
0.000000000000000000e+00
0.000000000000000000e+00
4.414621889591217041e-01
0.000000000000000000e+00
0.000000000000000000e+00
1.031986549496650696e-01
8.885666728019714355e-03
5.190312266349792480e-01
2.476699650287628174e-01
2.886195182800292969e+00
6.084755808115005493e-02
3.011663258075714111e-01
1.239454299211502075e-01
7.045463919639587402e-01
0.000000000000000000e+00
2.761255502700805664e-01
2.681323289871215820e-01
0.000000000000000000e+00
1.379511803388595581e-01
2.040159888565540314e-02
7.670149952173233032e-02
7.501205205917358398e-01
2.060247957706451416e-01
0.000000000000000000e+00
1.503172814846038818e-01
4.916341975331306458e-02
0.000000000000000000e+00
2.301737368106842041e-01
1.083472013473510742e+00
2.811100482940673828e-01
4.688912332057952881e-01
6.146630272269248962e-03
1.017168611288070679e-01
4.534279182553291321e-02
5.702625960111618042e-02
0.000000000000000000e+00
3.246144950389862061e-02
3.820408821105957031e+00
1.637175828218460083e-01
9.315799921751022339e-02
1.734877973794937134e-01
1.501121044158935547e+00
3.154072538018226624e-02
5.009516328573226929e-02
1.180438876152038574e+00
6.106741428375244141e-01
1.434107542037963867e+00
4.380745291709899902e-01
3.483115136623382568e-02
0.000000000000000000e+00
8.671376705169677734e-01
0.000000000000000000e+00
1.288018226623535156e+00
2.236851215362548828e+00
1.179208040237426758e+00
5.619967579841613770e-01
2.217232584953308105e-01
2.263261079788208008e-01
2.316946029663085938e+00
2.798552513122558594e-01
1.769494451582431793e-02
9.099509716033935547e-01
5.504876747727394104e-02
1.568368263542652130e-02
0.000000000000000000e+00
4.440969321876764297e-03
9.955827593803405762e-01
4.020904004573822021e-02
5.447581782937049866e-02
4.038129448890686035e-01
2.201844181399792433e-04
1.439199596643447876e-02
1.375647336244583130e-01
5.587402731180191040e-02
4.008357599377632141e-02
2.821748733520507812e+00
1.152437925338745117e-01
9.486196190118789673e-02
6.399857811629772186e-03
1.699941992759704590e+00
7.848468422889709473e-01
0.000000000000000000e+00
0.000000000000000000e+00
2.281013876199722290e-02
1.020916342735290527e+00
1.134557649493217468e-02
6.635575741529464722e-02
0.000000000000000000e+00
1.223561614751815796e-01
3.699750602245330811e-01
1.029730916023254395e+00
1.221806764602661133e+00
1.252143234014511108e-01
2.896968424320220947e-01
0.000000000000000000e+00
0.000000000000000000e+00
1.240709781646728516e+00
2.857774198055267334e-01
6.979566812515258789e-02
5.871215462684631348e-01
0.000000000000000000e+00
6.560176014900207520e-01
3.423292398452758789e+00
0.000000000000000000e+00
2.016943879425525665e-02
0.000000000000000000e+00
3.742449581623077393e-01
9.663646221160888672e-01
1.695248335599899292e-01
0.000000000000000000e+00
0.000000000000000000e+00
1.920198835432529449e-02
5.638411641120910645e-01
5.177159234881401062e-02
9.204951929859817028e-04
1.710495948791503906e+00
1.567764580249786377e-01
