0.000000000000000000e+00
8.739637136459350586e-01
7.626953721046447754e-02
1.718082308769226074e+00
1.250501070171594620e-02
9.141622781753540039e-01
5.830432176589965820e-01
0.000000000000000000e+00
7.180241346359252930e-01
1.082018613815307617e-01
6.065154075622558594e-01
4.235232472419738770e-01
2.891525859013199806e-03
2.071021823212504387e-03
1.440521836280822754e+00
2.988266944885253906e-02
2.061739563941955566e-02
6.746968626976013184e-01
1.872068494558334351e-01
3.416222631931304932e-01
1.585641801357269287e-01
7.780531793832778931e-02
5.142286419868469238e-01
3.297485113143920898e-01
0.000000000000000000e+00
2.065155506134033203e-01
3.362877368927001953e-01
1.346275210380554199e-01
6.389627456665039062e-01
1.074670534580945969e-02
1.027911454439163208e-01
1.905863285064697266e-01
4.987596869468688965e-01
1.271479874849319458e-01
1.084123700857162476e-01
9.178603887557983398e-01
4.369529783725738525e-01
6.818794012069702148e-01
8.685487508773803711e-02
4.404640495777130127e-01
1.405059695243835449e-01
0.000000000000000000e+00
3.167377710342407227e-01
9.457296878099441528e-02
5.294427275657653809e-01
8.593193441629409790e-02
3.770168870687484741e-03
1.079209446907043457e+00
0.000000000000000000e+00
2.014904975891113281e+00
2.335367053747177124e-01
2.588009834289550781e-01
3.325951993465423584e-01
3.443560004234313965e-01
3.686465919017791748e-01
0.000000000000000000e+00
0.000000000000000000e+00
7.131123542785644531e-01
1.339171081781387329e-01
1.222800016403198242e+00
1.356606334447860718e-01
6.846282482147216797e-01
8.630816936492919922e-01
4.413961246609687805e-02
3.928965330123901367e-02
1.995006680488586426e+00
0.000000000000000000e+00
1.532703518867492676e+00
0.000000000000000000e+00
5.000368505716323853e-02
8.041762560606002808e-02
1.933791637420654297e-01
2.602717094123363495e-02
5.583704635500907898e-02
3.388530761003494263e-02
4.751841723918914795e-02
1.939395219087600708e-01
6.943377256393432617e-01
5.857453122735023499e-02
9.922006726264953613e-01
6.312260627746582031e-01
4.057716131210327148e-01
2.390206456184387207e-01
2.290867716073989868e-01
5.139504075050354004e-01
3.020814992487430573e-02
0.000000000000000000e+00
6.420108024030923843e-03
4.695596545934677124e-02
1.128995046019554138e-02
1.538427710533142090e+00
2.758252024650573730e-01
3.431094437837600708e-02
0.000000000000000000e+00
4.220626782625913620e-03
1.489587873220443726e-01
2.854490578174591064e-01
1.267684936523437500e+00
8.116004467010498047e-01
4.131458699703216553e-01
8.691425919532775879e-01
2.396914958953857422e-01
1.228965163230895996e+00
2.179133415222167969e+00
2.280273884534835815e-01
1.430513262748718262e-01
0.000000000000000000e+00
0.000000000000000000e+00
1.764508962631225586e+00
7.137091755867004395e-01
4.066580832004547119e-01
1.263170391321182251e-01
1.391790341585874557e-03
5.742846131324768066e-01
6.957992166280746460e-02
0.000000000000000000e+00
5.378111004829406738e-01
1.804213970899581909e-01
0.000000000000000000e+00
8.296150714159011841e-02
2.133699178695678711e+00
1.175401918590068817e-02
2.146791964769363403e-01
3.363532945513725281e-02
6.377310752868652344e+00
4.821507260203361511e-03
2.850137352943420410e-01
7.358698844909667969e-01
9.438762068748474121e-02
7.156187202781438828e-03
9.140952676534652710e-02
1.475354731082916260e-01
9.570290893316268921e-02
1.739877611398696899e-01
0.000000000000000000e+00
0.000000000000000000e+00
8.493439853191375732e-02
2.654901333153247833e-02
2.596551418304443359e+00
2.757793903350830078e+00
6.876441240310668945e-01
1.376893162727355957e+00
8.249874711036682129e-01
1.347046732902526855e+00
8.281922340393066406e-01
2.545739710330963135e-01
0.000000000000000000e+00
4.100935757160186768e-01
9.616832248866558075e-03
6.890004873275756836e-02
2.605892181396484375e+00
6.778269261121749878e-02
4.633154273033142090e-01
0.000000000000000000e+00
8.525914698839187622e-02
8.134815841913223267e-02
3.457290679216384888e-02
1.536619067192077637e-01
2.235295869468245655e-05
9.401882067322731018e-03
0.000000000000000000e+00
0.000000000000000000e+00
1.066629514098167419e-01
0.000000000000000000e+00
1.695264726877212524e-01
2.792649269104003906e+00
6.627970933914184570e-02
8.914096355438232422e-01
8.501242846250534058e-02
5.571230649948120117e-01
2.291538938879966736e-02
4.173767268657684326e-01
1.063809618353843689e-01
1.493592858314514160e-01
0.000000000000000000e+00
0.000000000000000000e+00
4.280503094196319580e-02
2.890315651893615723e-01
0.000000000000000000e+00
6.758398562669754028e-02
7.966578006744384766e-02
4.384989142417907715e-01
1.357152342796325684e+00
9.039064496755599976e-02
1.105760559439659119e-01
0.000000000000000000e+00
1.490544676780700684e+00
7.538250684738159180e-01
0.000000000000000000e+00
1.395161915570497513e-02
1.684519410133361816e+00
3.473047912120819092e-01
6.791422516107559204e-02
2.069914042949676514e-01
9.807469323277473450e-04
1.651211827993392944e-02
5.663068890571594238e-01
3.455534577369689941e-02
1.135137155652046204e-01
7.275932282209396362e-02
5.072623491287231445e-02
1.054649725556373596e-01
5.240374207496643066e-01
4.575357306748628616e-03
3.536910517141222954e-03
3.228580579161643982e-03
1.851875931024551392e-01
3.675846576690673828e+00
5.450210720300674438e-02
1.843571104109287262e-02
1.109953038394451141e-02
0.000000000000000000e+00
1.240238100290298462e-01
9.261034131050109863e-01
9.183955937623977661e-02
1.280069202184677124e-01
2.043971061706542969e+00
2.803175210952758789e+00
1.778169631958007812e+00
7.285782136023044586e-03
6.779012084007263184e-02
3.429616689682006836e-01
5.043087154626846313e-02
4.838640689849853516e-01
1.583286076784133911e-01
8.397086858749389648e-01
1.581601381301879883e+00
1.095592156052589417e-01
1.420705616474151611e-01
9.165577888488769531e-01
0.000000000000000000e+00
7.463631033897399902e-02
1.048071980476379395e-01
2.391297928988933563e-02
7.589724659919738770e-02
4.960014820098876953e-01
1.230271816253662109e+00
5.256748795509338379e-01
0.000000000000000000e+00
4.089974761009216309e-01
5.152037739753723145e-01
9.345401078462600708e-02
4.727590456604957581e-02
4.382395371794700623e-02
1.759011596441268921e-01
0.000000000000000000e+00
9.756366908550262451e-02
0.000000000000000000e+00
5.025122780352830887e-03
1.558711826801300049e-01
4.544810950756072998e-01
3.231898844242095947e-01
1.235377974808216095e-03
1.165579818189144135e-02
1.226820647716522217e-01
2.446075156331062317e-02
3.218109905719757080e-02
1.476060133427381516e-02
2.066877335309982300e-01
2.874026894569396973e-01
2.107845842838287354e-01
5.655242595821619034e-03
5.072988942265510559e-02
8.818168938159942627e-02
4.383175075054168701e-01
0.000000000000000000e+00
5.912568792700767517e-02
1.592370271682739258e-01
7.601314783096313477e-02
2.064763158559799194e-01
7.031098939478397369e-03
3.745422512292861938e-02
7.549376040697097778e-02
3.949562460184097290e-02
9.352887980639934540e-03
1.620514988899230957e-01
1.036369726061820984e-01
2.961448021233081818e-02
4.387874901294708252e-01
7.156038880348205566e-01
6.539206951856613159e-02
1.388864219188690186e-01
1.287378817796707153e-01
5.593999102711677551e-02
3.198882937431335449e-02
2.791419923305511475e-01
0.000000000000000000e+00
2.493729293346405029e-01
1.070639133453369141e+00
9.491249173879623413e-02
3.249292075634002686e-01
3.945787250995635986e-02
2.586096338927745819e-02
1.038970351219177246e-01
0.000000000000000000e+00
2.672581374645233154e-02
1.679160445928573608e-01
3.735944032669067383e-01
0.000000000000000000e+00
1.854499727487564087e-01
8.294889330863952637e-01
7.899124175310134888e-02
7.776944041252136230e-01
2.307742983102798462e-01
3.429070487618446350e-02
1.088085174560546875e-01
4.399853199720382690e-02
4.380936734378337860e-03
1.629789173603057861e-02
3.598153889179229736e-01
4.851705133914947510e-01
4.751068353652954102e-02
2.280908674001693726e-01
2.114019632339477539e+00
0.000000000000000000e+00
4.250043332576751709e-01
0.000000000000000000e+00
5.696342587471008301e-01
1.804372966289520264e-01
3.870181143283843994e-01
1.828557811677455902e-02
4.770331382751464844e-01
4.219463840126991272e-02
0.000000000000000000e+00
2.079585492610931396e-01
4.050286114215850830e-02
7.517937570810317993e-02
2.007352747023105621e-02
0.000000000000000000e+00
3.837163448333740234e-01
6.945092082023620605e-01
8.256284594535827637e-01
5.879044160246849060e-02
5.996505022048950195e-01
4.614601135253906250e-01
7.056173682212829590e-02
2.030443847179412842e-01
3.995918855071067810e-02
1.149748545140028000e-02
1.815783381462097168e-01
4.055968672037124634e-02
3.704423829913139343e-02
2.987543642520904541e-01
1.082802191376686096e-01
0.000000000000000000e+00
0.000000000000000000e+00
1.068499609827995300e-01
1.785576701164245605e+00
5.050564929842948914e-02
0.000000000000000000e+00
4.534840881824493408e-01
1.503240466117858887e+00
1.195684541016817093e-02
2.138000540435314178e-02
2.162823453545570374e-02
2.866371572017669678e-01
2.494003325700759888e-01
1.340136677026748657e-01
2.678200230002403259e-02
0.000000000000000000e+00
2.492293357849121094e+00
4.108443856239318848e-01
1.118198111653327942e-01
0.000000000000000000e+00
9.560520648956298828e-01
1.922565996646881104e-01
1.033014357089996338e-01
9.234328269958496094e-01
2.333351671695709229e-01
7.040929049253463745e-02
7.518302649259567261e-02
1.843826472759246826e-01
5.157505720853805542e-02
4.761379361152648926e-01
1.306246221065521240e-02
5.775951966643333435e-02
3.684892505407333374e-02
2.933272421360015869e-01
1.861513853073120117e-01
1.003604292869567871e+00
3.410971462726593018e-01
1.377064347267150879e+00
3.461197391152381897e-02
2.172096222639083862e-01
7.579848766326904297e-01
1.503880769014358521e-01
9.328109025955200195e-02
1.503680050373077393e-01
2.636907156556844711e-03
2.430961728096008301e-01
2.637256383895874023e-01
1.204808130860328674e-01
3.769222199916839600e-01
2.688985876739025116e-02
5.968791246414184570e-01
5.432329177856445312e-01
1.789583414793014526e-01
2.551110386848449707e-01
3.594091832637786865e-01
6.755772233009338379e-01
1.566602662205696106e-02
3.372899293899536133e+00
4.792561829090118408e-01
9.926175326108932495e-02
2.301190495491027832e-01
3.870087563991546631e-01
2.803345918655395508e-01
8.421234041452407837e-02
3.039430379867553711e-01
1.388886012136936188e-02
4.284977912902832031e-03
1.804970353841781616e-01
2.848165333271026611e-01
1.327384710311889648e-01
1.783755660057067871e+00
3.625978231430053711e-01
0.000000000000000000e+00
2.302438020706176758e-01
1.196851655840873718e-01
1.132229685783386230e+00
0.000000000000000000e+00
2.430077940225601196e-01
2.005223482847213745e-01
1.429424248635768890e-02
3.351067066192626953e+00
5.545664429664611816e-01
1.096105575561523438e+01
1.858474612236022949e+00
2.356662601232528687e-01
1.257243938744068146e-02
2.183010816574096680e+00
4.976194724440574646e-02
1.356308460235595703e-01
1.039096806198358536e-02
4.752504080533981323e-02
6.983479261398315430e-01
4.740569591522216797e-01
7.728631049394607544e-02
2.150658369064331055e+00
8.974748104810714722e-02
4.120568744838237762e-03
6.759759038686752319e-02
2.266606688499450684e-01
7.775780558586120605e-02
0.000000000000000000e+00
0.000000000000000000e+00
8.905156254768371582e-01
1.673461943864822388e-01
1.762135922908782959e-01
1.042920202016830444e-01
7.851083874702453613e-01
3.856654167175292969e-01
1.458472758531570435e-01
6.869491338729858398e-01
4.180931091308593750e+00
2.089042663574218750e+00
0.000000000000000000e+00
1.761414483189582825e-02
3.382430970668792725e-01
9.400017559528350830e-02
5.847364068031311035e-01
1.104032769799232483e-01
2.599109411239624023e-01
5.893335938453674316e-01
6.900262087583541870e-02
0.000000000000000000e+00
1.247990056872367859e-01
3.764685243368148804e-02
2.779082581400871277e-02
6.033828258514404297e-01
4.054947942495346069e-02
0.000000000000000000e+00
1.198179903440177441e-03
1.834907054901123047e+00
9.139064699411392212e-02
1.119252204895019531e+00
8.671823740005493164e-01
2.930324375629425049e-01
4.615377187728881836e-01
1.451141834259033203e-01
3.101094961166381836e-01
2.531842708587646484e+00
9.896555542945861816e-02
1.852843642234802246e+00
3.127214312553405762e-01
8.004780858755111694e-02
1.097041517496109009e-01
6.582088768482208252e-02
5.536584854125976562e-01
0.000000000000000000e+00
2.023653030395507812e+00
9.394089579582214355e-01
2.204062044620513916e-02
6.515052914619445801e-01
5.204846337437629700e-02
7.340207695960998535e-02
4.323315247893333435e-02
3.273576200008392334e-01
0.000000000000000000e+00
7.624148577451705933e-02
1.281166523694992065e-01
5.627567768096923828e-01
1.141772627830505371e+00
8.015438914299011230e-01
3.095546066761016846e-01
0.000000000000000000e+00
1.333352565765380859e+00
2.385989204049110413e-02
1.531285643577575684e-01
1.615483686327934265e-02
2.282305717468261719e+00
8.817903697490692139e-03
2.178416103124618530e-01
8.292326331138610840e-02
6.295855343341827393e-02
1.481322050094604492e-01
4.203930199146270752e-01
3.675525188446044922e+00
7.285482436418533325e-02
2.888686396181583405e-02
2.901335060596466064e-02
2.386119915172457695e-03
8.561633229255676270e-01
2.877142131328582764e-01
0.000000000000000000e+00
1.267351746559143066e+00
3.985337913036346436e-01
1.456411778926849365e-01
5.327854752540588379e-01
2.442944645881652832e-01
1.723798736929893494e-02
1.026167571544647217e-01
1.283239245414733887e+00
9.442479163408279419e-02
1.833396106958389282e-01
0.000000000000000000e+00
8.662592172622680664e-01
2.059810012578964233e-01
7.548958063125610352e-02
2.874576859176158905e-02
4.537536203861236572e-01
1.048728346824645996e+00
9.520869702100753784e-02
8.992038667201995850e-02
1.929467357695102692e-02
3.443663716316223145e-01
9.077855348587036133e-01
4.444704651832580566e-01
5.189781785011291504e-01
2.763222455978393555e-01
5.127238631248474121e-01
4.366189241409301758e-02
1.585481613874435425e-01
1.706720562651753426e-03
1.259565073996782303e-02
8.377282321453094482e-02
2.504535317420959473e-01
8.893791586160659790e-02
5.197730287909507751e-02
2.834978327155113220e-02
1.276901662349700928e-01
6.083842515945434570e-01
1.795295596122741699e+00
2.531080245971679688e+00
1.039628013968467712e-01
0.000000000000000000e+00
4.238334596157073975e-01
1.219253838062286377e-01
0.000000000000000000e+00
0.000000000000000000e+00
1.152502968907356262e-01
1.821213960647583008e-01
5.019969344139099121e-01
4.986227452754974365e-01
2.058214098215103149e-01
5.514674633741378784e-02
0.000000000000000000e+00
1.636960804462432861e-01
1.759136915206909180e+00
0.000000000000000000e+00
1.635625809431076050e-01
7.239507394842803478e-04
2.464094199240207672e-02
1.244453310966491699e+00
2.640409395098686218e-02
4.361036717891693115e-01
1.401093006134033203e-01
2.488891184329986572e-01
3.486873805522918701e-01
0.000000000000000000e+00
0.000000000000000000e+00
3.346963524818420410e-01
3.231959640979766846e-01
1.215092241764068604e-01
9.286677232012152672e-04
1.784664839506149292e-01
1.513179449830204248e-04
7.351851463317871094e-02
2.357054734602570534e-03
6.629499793052673340e-02
7.817855477333068848e-02
2.520608603954315186e-01
3.961198031902313232e-02
4.128492355346679688e+00
4.647595286369323730e-01
4.200525879859924316e-01
0.000000000000000000e+00
0.000000000000000000e+00
1.539594173431396484e+00
2.820598892867565155e-03
0.000000000000000000e+00
1.345105171203613281e-01
6.161325797438621521e-02
1.432897150516510010e-01
2.187793105840682983e-01
1.120366454124450684e+00
2.704861201345920563e-02
6.144878864288330078e-01
6.197997331619262695e-01
1.425399422645568848e+00
1.075523972511291504e+00
1.604708582162857056e-01
2.525584697723388672e-01
7.340138405561447144e-02
1.280035138130187988e+00
2.492632865905761719e+00
1.040555834770202637e-01
3.560836791992187500e+00
1.582933939062058926e-03
5.539540052413940430e-01
7.195434570312500000e-01
1.322671584784984589e-02
5.954077839851379395e-01
8.122348189353942871e-01
0.000000000000000000e+00
7.553973197937011719e-01
6.036165356636047363e-02
1.210927963256835938e+00
2.008261717855930328e-02
1.264457225799560547e+00
6.003260612487792969e-01
5.763326883316040039e-01
3.936005532741546631e-01
1.158831715583801270e+00
5.038541555404663086e-01
1.010469436645507812e+00
1.727620363235473633e-01
1.022441834211349487e-01
5.216481089591979980e-01
1.426676381379365921e-02
0.000000000000000000e+00
6.318919360637664795e-02
7.473419904708862305e-01
5.617851018905639648e-01
1.057349681854248047e+00
9.228113889694213867e-01
1.792895793914794922e-01
2.040597915649414062e+00
5.929355621337890625e-01
7.713947892189025879e-01
1.368600875139236450e-01
9.778400510549545288e-02
2.402593135833740234e+00
1.883383393287658691e-01
5.773638561367988586e-02
1.802145242691040039e+00
2.173258736729621887e-02
5.480640381574630737e-02
2.289526015520095825e-01
5.348683521151542664e-02
6.508809924125671387e-01
2.986071631312370300e-02
7.586135715246200562e-02
1.251436471939086914e-01
1.222163811326026917e-01
9.473463892936706543e-02
2.104621082544326782e-01
2.472009420394897461e+00
4.364462792873382568e-01
3.249948322772979736e-01
2.514382451772689819e-02
1.172490417957305908e-01
3.512695198878645897e-03
1.039200186729431152e+00
7.966034859418869019e-02
1.281087696552276611e-01
2.222464606165885925e-02
1.077553778886795044e-01
2.741931080818176270e-01
1.004518195986747742e-02
1.411646962165832520e+00
1.221515759825706482e-01
9.446644783020019531e-01
0.000000000000000000e+00
8.091265559196472168e-01
0.000000000000000000e+00
0.000000000000000000e+00
4.217169806361198425e-02
1.841651089489459991e-02
2.905932366847991943e-01
9.080647677183151245e-02
0.000000000000000000e+00
7.789372205734252930e-01
0.000000000000000000e+00
4.378268495202064514e-02
3.745921850204467773e-01
7.901757955551147461e-01
1.377409100532531738e-01
4.514181241393089294e-02
3.057162463665008545e-01
1.599684476852416992e+00
5.532687902450561523e-02
0.000000000000000000e+00
8.527964353561401367e-01
2.714073061943054199e-01
2.036616206169128418e-01
2.026488631963729858e-01
4.778290987014770508e-01
2.105445712804794312e-01
0.000000000000000000e+00
3.199758008122444153e-02
7.823649793863296509e-02
0.000000000000000000e+00
1.098945960402488708e-01
3.095263838768005371e-01
0.000000000000000000e+00
2.445073798298835754e-02
2.931131720542907715e-01
2.946608662605285645e-01
0.000000000000000000e+00
2.140070199966430664e+00
0.000000000000000000e+00
2.641823957674205303e-04
4.116837680339813232e-01
2.683768272399902344e-01
8.905568122863769531e-01
3.064348101615905762e-01
6.481665372848510742e-02
7.579161226749420166e-02
4.532259702682495117e-02
1.294521540403366089e-01
5.810455083847045898e-01
9.625941514968872070e-02
0.000000000000000000e+00
8.348095417022705078e-02
1.250851154327392578e-01
0.000000000000000000e+00
6.468885540962219238e-01
3.975268900394439697e-01
2.452228665351867676e-01
1.414897572249174118e-02
5.830545909702777863e-03
8.464122414588928223e-01
9.549106955528259277e-01
8.705859184265136719e-01
5.812539458274841309e-01
1.723648607730865479e-02
1.107866615056991577e-01
2.732836008071899414e-01
3.436167716979980469e+00
1.956628262996673584e-01
7.068147659301757812e-01
0.000000000000000000e+00
1.277520656585693359e-01
8.632708340883255005e-02
1.404999494552612305e-01
0.000000000000000000e+00
1.184060424566268921e-01
3.612840473651885986e-01
8.872061967849731445e-02
3.193208575248718262e-02
9.989027865231037140e-03
6.308596730232238770e-01
1.253456994891166687e-02
6.186747923493385315e-03
1.326560229063034058e-01
1.945882886648178101e-01
5.109343528747558594e-01
1.862688213586807251e-01
3.015816211700439453e-01
5.099136233329772949e-01
1.247054431587457657e-03
4.015343785285949707e-01
1.209202036261558533e-01
7.436501383781433105e-01
2.250390201807022095e-01
4.599440470337867737e-02
1.661456823348999023e-01
4.001121222972869873e-01
3.936209902167320251e-02
2.341480106115341187e-01
1.852873265743255615e-01
4.906657040119171143e-01
1.918870583176612854e-02
1.376577168703079224e-01
2.009221911430358887e-01
0.000000000000000000e+00
9.027687460184097290e-02
2.391569137573242188e+00
2.404051572084426880e-01
8.705075383186340332e-01
1.254863858222961426e+00
4.142289459705352783e-01
7.980382442474365234e-01
3.072540275752544403e-03
1.110603928565979004e+00
0.000000000000000000e+00
4.882842674851417542e-02
1.382756829261779785e-01
3.056771159172058105e-01
3.065675795078277588e-01
4.058361053466796875e-02
2.516288496553897858e-02
4.621817469596862793e-01
2.917672097682952881e-01
7.442301511764526367e-02
1.953078359365463257e-01
0.000000000000000000e+00
7.603012919425964355e-01
4.842109978199005127e-02
0.000000000000000000e+00
9.783930182456970215e-01
6.313280761241912842e-02
9.609565138816833496e-03
5.250473499298095703e+00
1.869216561317443848e-02
0.000000000000000000e+00
7.280825972557067871e-01
6.201617121696472168e-01
0.000000000000000000e+00
3.118713796138763428e-01
1.231102228164672852e+00
4.773631095886230469e-01
4.780614078044891357e-01
0.000000000000000000e+00
6.855987757444381714e-02
1.917256228625774384e-02
1.660628616809844971e-01
6.704785674810409546e-02
1.453274488449096680e-01
4.369478523731231689e-01
0.000000000000000000e+00
3.311148658394813538e-02
1.543194502592086792e-01
1.734041273593902588e-01
6.442502737045288086e-01
4.582777246832847595e-02
5.388570204377174377e-02
6.737685203552246094e-01
7.349094748497009277e-02
2.850301330909132957e-03
0.000000000000000000e+00
0.000000000000000000e+00
1.449586171656847000e-02
0.000000000000000000e+00
2.628452539443969727e+00
1.033944040536880493e-01
1.737549901008605957e-01
4.873858094215393066e-01
0.000000000000000000e+00
1.167261321097612381e-02
2.550574205815792084e-02
2.671706974506378174e-01
2.413404174149036407e-03
3.570927083492279053e-01
0.000000000000000000e+00
0.000000000000000000e+00
2.590136528015136719e-01
0.000000000000000000e+00
2.723517119884490967e-01
1.321360468864440918e-01
4.784604907035827637e-02
1.916337572038173676e-02
4.710563272237777710e-02
8.320564776659011841e-02
0.000000000000000000e+00
3.137879306450486183e-03
2.906572520732879639e-01
2.591243386268615723e-01
6.318667531013488770e-01
1.031648218631744385e-01
1.834880262613296509e-01
5.910005569458007812e-01
6.900917291641235352e-01
1.397442579269409180e+00
4.805760383605957031e-01
0.000000000000000000e+00
2.647500038146972656e-01
3.991060853004455566e-01
6.038352148607373238e-04
1.418327331542968750e+00
2.863146364688873291e-02
8.617564439773559570e-01
4.285799264907836914e-01
5.533245801925659180e-01
4.883257150650024414e-01
1.023468747735023499e-01
1.422562599182128906e+00
1.166422963142395020e+00
8.195200935006141663e-03
1.671153306961059570e-01
1.101172566413879395e+00
2.697203867137432098e-02
7.535793632268905640e-02
1.162250265479087830e-01
4.178325086832046509e-02
7.009804248809814453e-02
1.221159547567367554e-01
7.274562120437622070e-02
1.149073429405689240e-02
3.358399569988250732e-01
5.330885052680969238e-01
6.097596883773803711e-02
0.000000000000000000e+00
2.078890055418014526e-01
0.000000000000000000e+00
8.732354640960693359e-02
1.885346770286560059e-01
9.612780213356018066e-01
2.861917018890380859e-02
3.496880829334259033e-01
2.972722053527832031e-01
4.168774187564849854e-02
5.774261057376861572e-02
5.158321857452392578e-01
1.160272490233182907e-02
2.378865778446197510e-01
2.218425124883651733e-01
2.365482449531555176e-01
3.693397045135498047e-01
2.530011832714080811e-01
3.938563466072082520e-01
4.912756979465484619e-01
0.000000000000000000e+00
2.053939402103424072e-01
8.163464069366455078e-02
1.355699181556701660e+00
8.810753375291824341e-02
2.998708188533782959e-01
3.314236924052238464e-02
5.026848316192626953e-01
3.362746834754943848e-01
1.111030578613281250e-01
1.568092405796051025e-01
7.471392750740051270e-01
1.647869944572448730e-01
6.275906562805175781e-01
1.148875132203102112e-01
2.074922770261764526e-01
4.626676142215728760e-01
4.418528638780117035e-03
2.404190972447395325e-02
1.237373426556587219e-01
2.942999899387359619e-01
1.039540767669677734e+00
1.881089210510253906e+00
4.783706963062286377e-01
0.000000000000000000e+00
1.281178295612335205e-01
6.118632480502128601e-02
3.565763831138610840e-01
9.385517984628677368e-02
2.621944248676300049e-01
8.718764781951904297e-01
0.000000000000000000e+00
0.000000000000000000e+00
5.653918385505676270e-01
9.980245232582092285e-01
5.053891614079475403e-02
4.576634243130683899e-02
7.955551147460937500e-01
1.035601273179054260e-02
1.131149008870124817e-01
5.396535396575927734e-01
7.006216049194335938e-02
2.349859029054641724e-01
1.814867705106735229e-01
3.982428833842277527e-02
2.765483558177947998e-01
2.031395137310028076e-01
2.976670302450656891e-02
5.870268940925598145e-01
0.000000000000000000e+00
1.671937704086303711e-01
0.000000000000000000e+00
6.026658415794372559e-02
3.773253262042999268e-01
2.867186546325683594e+00
6.225153058767318726e-02
1.100499182939529419e-01
4.865155369043350220e-02
2.128678411245346069e-01
2.594119012355804443e-01
0.000000000000000000e+00
6.929191350936889648e-01
6.200229004025459290e-02
1.306048989295959473e+00
6.796661764383316040e-02
1.713473908603191376e-02
7.523349672555923462e-02
6.850341707468032837e-02
0.000000000000000000e+00
8.870669454336166382e-02
0.000000000000000000e+00
8.405033149756491184e-04
2.569716572761535645e-01
6.393539905548095703e-01
1.044520363211631775e-01
2.666349150240421295e-02
3.740441426634788513e-02
1.816563159227371216e-01
2.403507947921752930e+00
4.936083033680915833e-02
4.742834344506263733e-02
1.183424353599548340e+00
0.000000000000000000e+00
0.000000000000000000e+00
3.732811287045478821e-02
2.112508773803710938e+00
8.811081945896148682e-02
2.546655535697937012e-01
4.614365287125110626e-03
5.832493305206298828e-01
7.208242416381835938e-01
6.790421903133392334e-02
6.939570307731628418e-01
1.949297450482845306e-02
0.000000000000000000e+00
2.917070090770721436e-01
0.000000000000000000e+00
5.584229230880737305e-01
1.154955197125673294e-02
8.060433268547058105e-01
0.000000000000000000e+00
8.865891955792903900e-03
1.615787744522094727e-01
6.361789703369140625e-01
7.903427630662918091e-02
8.654757402837276459e-03
5.717543885111808777e-03
2.385811060667037964e-01
2.644655406475067139e-01
1.094186026602983475e-02
1.089159369468688965e+00
1.889148205518722534e-01
9.050494432449340820e-02
8.527284860610961914e-02
4.824342429637908936e-01
2.773981094360351562e-01
1.468507349491119385e-01
7.242341041564941406e-01
1.938006132841110229e-01
1.652149111032485962e-01
0.000000000000000000e+00
0.000000000000000000e+00
8.066971302032470703e-01
7.215029746294021606e-02
9.977521300315856934e-01
9.722199440002441406e-01
6.191703677177429199e-01
3.077480792999267578e-01
3.111913681030273438e+00
1.375488191843032837e-02
7.551585435867309570e-01
1.498229615390300751e-02
7.489185035228729248e-02
1.093120455741882324e+00
0.000000000000000000e+00
1.580357104539871216e-01
5.578492581844329834e-02
9.954003989696502686e-02
1.747941412031650543e-02
3.216700315475463867e+00
0.000000000000000000e+00
1.340159416198730469e+00
3.504688143730163574e-01
2.746374346315860748e-02
7.699655890464782715e-01
8.009110391139984131e-02
4.325917363166809082e-01
4.333455115556716919e-02
2.922541089355945587e-02
2.857579469680786133e+00
0.000000000000000000e+00
2.966517396271228790e-02
3.369954824447631836e-01
6.182590723037719727e-01
3.504683822393417358e-02
1.691273570060729980e+00
1.115998029708862305e+00
5.348813720047473907e-03
1.236550092697143555e+00
6.943503022193908691e-02
0.000000000000000000e+00
0.000000000000000000e+00
1.572990044951438904e-02
2.033034116029739380e-01
9.582990407943725586e-02
8.194436877965927124e-02
6.322104018181562424e-03
4.452737048268318176e-03
0.000000000000000000e+00
3.518387675285339355e-01
5.794944167137145996e-01
9.043866395950317383e-02
3.429358303546905518e-01
5.659385323524475098e-01
2.682912051677703857e-01
1.336154788732528687e-01
3.193441033363342285e-01
1.227464675903320312e-01
4.332926273345947266e-01
4.543070867657661438e-02
2.370697855949401855e-01
3.232081532478332520e-01
4.898011386394500732e-01
1.052826523780822754e+00
0.000000000000000000e+00
9.037643671035766602e-02
3.142980635166168213e-01
3.532780334353446960e-02
4.177668690681457520e-02
4.185002744197845459e-01
6.003538370132446289e-01
6.980757415294647217e-02
2.631081044673919678e-01
8.513141423463821411e-02
5.741443485021591187e-02
2.138411104679107666e-01
3.502825200557708740e-01
9.425013512372970581e-02
9.524179995059967041e-02
6.503898501396179199e-01
0.000000000000000000e+00
1.614652574062347412e-01
6.188867148011922836e-03
1.339482665061950684e+00
3.562242984771728516e-01
5.379081144928932190e-02
2.309189558029174805e+00
4.756212830543518066e-01
8.379649370908737183e-03
1.547492444515228271e-01
2.416778588667511940e-03
1.072606563568115234e+00
1.299318075180053711e-01
4.518844187259674072e-02
1.924430251121520996e+00
4.797326624393463135e-01
6.355208158493041992e-01
3.018954515457153320e+00
1.638016663491725922e-02
2.439896315336227417e-01
7.377530932426452637e-01
7.414917647838592529e-02
1.153059601783752441e-01
1.720734988339245319e-03
4.833594858646392822e-01
1.742588728666305542e-02
2.111041396856307983e-01
1.109419390559196472e-01
2.453150898218154907e-01
2.992127537727355957e-01
4.770425707101821899e-02
0.000000000000000000e+00
3.040715754032135010e-01
2.873890697956085205e-01
8.654467016458511353e-02
5.224354863166809082e-01
1.130224913358688354e-01
3.598957061767578125e-01
9.502872824668884277e-03
2.548715770244598389e-01
4.379226565361022949e-01
2.777296602725982666e-01
3.379297852516174316e-01
2.770369648933410645e-01
1.177840009331703186e-01
2.608079016208648682e-01
6.007493734359741211e-01
0.000000000000000000e+00
2.991265151649713516e-03
1.893908232450485229e-01
0.000000000000000000e+00
9.261484444141387939e-02
1.818806380033493042e-01
2.186972200870513916e-01
7.020344492048025131e-03
0.000000000000000000e+00
6.761156916618347168e-01
2.590200006961822510e-01
6.384343504905700684e-01
1.526072263717651367e+00
2.000584602355957031e+00
8.948312997817993164e-01
1.241282075643539429e-01
7.730827927589416504e-01
1.645637452602386475e-01
0.000000000000000000e+00
5.726332664489746094e-01
6.344807147979736328e-02
0.000000000000000000e+00
6.961902603507041931e-03
6.706537306308746338e-02
6.909177452325820923e-02
3.977392613887786865e-02
0.000000000000000000e+00
0.000000000000000000e+00
4.961388651281595230e-03
1.128844842314720154e-01
3.127878904342651367e-01
1.180319905281066895e+00
4.741322398185729980e-01
4.748412072658538818e-01
1.767013520002365112e-01
2.646669745445251465e-01
0.000000000000000000e+00
3.280116245150566101e-02
0.000000000000000000e+00
0.000000000000000000e+00
5.805787444114685059e-01
2.769474506378173828e+00
1.285934090614318848e+00
4.226823896169662476e-02
5.746705085039138794e-02
8.906800299882888794e-02
2.482355237007141113e-01
2.423966079950332642e-01
6.176410317420959473e-01
7.410354912281036377e-02
2.021565288305282593e-01
7.977385073900222778e-02
2.527640461921691895e-01
5.898495018482208252e-02
2.532384693622589111e-01
0.000000000000000000e+00
7.619484901428222656e+00
1.149475097656250000e+00
2.438655644655227661e-01
6.486527621746063232e-03
1.186274215579032898e-01
1.122200846672058105e+00
2.398173883557319641e-02
1.218371465802192688e-02
1.064166426658630371e-01
0.000000000000000000e+00
1.980426255613565445e-03
8.650314807891845703e-02
0.000000000000000000e+00
8.358439430594444275e-03
3.437622189521789551e-01
3.674515783786773682e-01
2.358266264200210571e-01
0.000000000000000000e+00
2.040461301803588867e-01
4.031390417367219925e-03
8.903976529836654663e-02
1.841373890638351440e-01
1.019900560379028320e+00
7.255711555480957031e-01
3.685141205787658691e-01
2.169594317674636841e-01
3.415718972682952881e-01
5.032818317413330078e-01
8.556490391492843628e-02
1.177058145403862000e-01
0.000000000000000000e+00
7.897870987653732300e-02
2.716074883937835693e-01
2.647588849067687988e-01
4.721910059452056885e-01
0.000000000000000000e+00
6.081991195678710938e-01
0.000000000000000000e+00
4.730550944805145264e-02
1.421253662556409836e-02
2.881809771060943604e-01
5.663693547248840332e-01
0.000000000000000000e+00
1.681487679481506348e+00
2.210588008165359497e-01
2.616145182400941849e-03
0.000000000000000000e+00
4.781049191951751709e-01
2.184658199548721313e-01
2.437044233083724976e-01
3.273174464702606201e-01
1.093530133366584778e-01
3.823918700218200684e-01
0.000000000000000000e+00
3.555583655834197998e-01
5.194297060370445251e-02
4.132333099842071533e-01
0.000000000000000000e+00
0.000000000000000000e+00
1.632101297378540039e+00
4.885977134108543396e-02
2.226152271032333374e-02
1.306991219520568848e+00
5.608621984720230103e-02
2.093895912170410156e+00
0.000000000000000000e+00
0.000000000000000000e+00
2.751582264900207520e-01
2.358166426420211792e-01
0.000000000000000000e+00
6.263105273246765137e-01
1.791215986013412476e-01
4.312158823013305664e-01
3.163331747055053711e-01
3.764016181230545044e-02
7.056098431348800659e-02
6.441595405340194702e-02
1.132037490606307983e-01
8.283875137567520142e-02
3.815084695816040039e-02
6.178491711616516113e-01
4.392398521304130554e-02
8.568188548088073730e-01
1.154674962162971497e-01
1.291030406951904297e+00
0.000000000000000000e+00
6.109247207641601562e-01
5.464046478271484375e+00
5.816591978073120117e-01
4.431027919054031372e-02
3.542237579822540283e-01
1.640399992465972900e-01
9.950848296284675598e-03
9.067499637603759766e-01
1.106227278709411621e+00
1.789969056844711304e-01
1.319276988506317139e-01
1.340243220329284668e-01
2.373544722795486450e-01
4.302809536457061768e-01
1.673998087644577026e-01
1.255505830049514771e-01
0.000000000000000000e+00
7.934205234050750732e-02
5.728763937950134277e-01
1.313471049070358276e-01
6.119659543037414551e-01
2.313414216041564941e-01
5.444352030754089355e-01
0.000000000000000000e+00
2.482839487493038177e-02
7.453518360853195190e-02
0.000000000000000000e+00
3.289422020316123962e-02
5.422432906925678253e-03
2.231699526309967041e-01
1.012651398777961731e-01
3.307803347706794739e-02
3.592801839113235474e-02
1.182549357414245605e+00
6.352546215057373047e-01
8.858190178871154785e-01
1.072047948837280273e-01
3.494084775447845459e-01
1.323639392852783203e+00
8.331701159477233887e-01
2.729352712631225586e-01
9.642753750085830688e-02
0.000000000000000000e+00
0.000000000000000000e+00
9.968748688697814941e-02
1.021909713745117188e+00
2.293602228164672852e-01
8.331701904535293579e-02
1.013428554870188236e-03
1.209079399704933167e-01
3.723069131374359131e-01
1.694579482078552246e+00
1.552725285291671753e-01
3.514536619186401367e-01
0.000000000000000000e+00
4.003373533487319946e-02
1.789941430091857910e+00
1.319871395826339722e-01
2.684439182281494141e+00
0.000000000000000000e+00
4.287796914577484131e-01
2.170857191085815430e-01
3.230736851692199707e-01
2.565528452396392822e-01
8.198722004890441895e-01
8.353930115699768066e-01
1.497859833762049675e-03
2.011482045054435730e-02
1.488279104232788086e-01
2.849683463573455811e-01
6.783095598220825195e-01
2.184223681688308716e-01
1.343407947570085526e-02
1.518176496028900146e-01
2.563178539276123047e-01
1.267028003931045532e-01
5.048710107803344727e-02
4.192751366645097733e-03
1.987201869487762451e-01
0.000000000000000000e+00
1.318836659193038940e-01
0.000000000000000000e+00
6.716196238994598389e-02
5.081269145011901855e-01
7.883804440498352051e-01
3.232317864894866943e-01
1.605667471885681152e-01
1.140205383300781250e+00
1.191004179418087006e-02
0.000000000000000000e+00
1.810876607894897461e+00
2.608047723770141602e-01
2.965413570404052734e+00
2.978761307895183563e-02
1.174043640494346619e-01
6.722308695316314697e-03
4.304026439785957336e-02
4.444106221199035645e-01
4.820826649665832520e-01
3.597442060708999634e-03
2.188154011964797974e-01
9.567124396562576294e-02
1.873307526111602783e-01
3.356605172157287598e-01
2.093609809875488281e+00
3.930403327103704214e-04
3.757834434509277344e-03
3.122813440859317780e-02
7.640776783227920532e-02
7.784801721572875977e-02
2.853846251964569092e-01
4.464894533157348633e-01
3.094601929187774658e-01
2.478031963109970093e-01
1.993497610092163086e-01
4.358347505331039429e-02
6.754154711961746216e-02
1.561969891190528870e-02
9.244068861007690430e-01
8.356969356536865234e-01
4.112627506256103516e+00
1.846069991588592529e-01
1.024309694766998291e-01
2.372188568115234375e-01
2.287336885929107666e-01
0.000000000000000000e+00
2.077156752347946167e-01
6.107450723648071289e-01
1.869905591011047363e-01
7.372958119958639145e-03
6.430435925722122192e-03
5.310954898595809937e-02
1.518542051315307617e+00
7.260099053382873535e-01
0.000000000000000000e+00
8.100982755422592163e-02
2.056680917739868164e-01
6.698168069124221802e-02
5.233782157301902771e-02
8.889623880386352539e-01
7.210181560367345810e-03
0.000000000000000000e+00
0.000000000000000000e+00
1.551623642444610596e-01
2.190173417329788208e-01
1.024368286132812500e+00
7.254180312156677246e-01
4.293497085571289062e+00
8.132279664278030396e-02
1.096941679716110229e-01
7.047946006059646606e-02
2.348282374441623688e-02
5.731970816850662231e-02
9.730555117130279541e-02
3.789143860340118408e-01
8.782122731208801270e-01
6.174579262733459473e-01
1.097055912017822266e+00
1.814016997814178467e-01
1.587106823921203613e+00
0.000000000000000000e+00
9.590145945549011230e-02
2.768135070800781250e-02
2.547310352325439453e+00
5.565159022808074951e-02
3.082233965396881104e-01
6.630976498126983643e-02
3.999692201614379883e-01
0.000000000000000000e+00
6.093172430992126465e-01
1.191309392452239990e-01
3.313293457031250000e-01
6.270461082458496094e-01
4.086057841777801514e-01
4.088895861059427261e-03
2.707245387136936188e-02
8.017853498458862305e-01
3.571981191635131836e-01
1.086104273796081543e+00
3.034168481826782227e+00
4.072137176990509033e-02
1.345064759254455566e+00
1.038491874933242798e-01
1.003494858741760254e-01
1.238138228654861450e-01
8.518514037132263184e-01
7.824826985597610474e-03
8.463356494903564453e-01
7.771005481481552124e-02
6.815848350524902344e-01
1.022822976112365723e+00
2.462308481335639954e-02
5.698975920677185059e-02
1.028510332107543945e+00
5.247727036476135254e-01
1.296160519123077393e-01
9.088371992111206055e-01
6.105625629425048828e-01
3.819799050688743591e-03
1.340685635805130005e-01
7.481584697961807251e-02
6.209838017821311951e-02
3.975168764591217041e-01
2.721676826477050781e+00
6.316170096397399902e-01
0.000000000000000000e+00
3.214438259601593018e-01
0.000000000000000000e+00
1.859254203736782074e-02
3.223600983619689941e-01
1.548749685287475586e+00
0.000000000000000000e+00
1.449798047542572021e-01
6.984568387269973755e-02
1.018392086029052734e+00
1.113370180130004883e+00
6.382518261671066284e-02
1.065501272678375244e-01
1.936681754887104034e-02
4.219525679945945740e-02
7.995945215225219727e-02
4.866588860750198364e-02
1.589049696922302246e-01
2.973639070987701416e-01
4.519400000572204590e-02
2.176842212677001953e+00
4.771152138710021973e-02
6.078318357467651367e-01
1.885882616043090820e+00
6.568250060081481934e-01
2.798743844032287598e-01
2.995447516441345215e-01
1.032377034425735474e-01
2.353437058627605438e-02
1.757722049951553345e-01
1.150803685188293457e+00
1.045172214508056641e+00
1.769767850637435913e-01
5.774769783020019531e-01
2.256185531616210938e+00
0.000000000000000000e+00
6.435576826333999634e-02
8.307335525751113892e-02
7.745513319969177246e-01
8.630564808845520020e-01
0.000000000000000000e+00
3.618461778387427330e-03
2.390100508928298950e-01
7.907672785222530365e-03
3.657931804656982422e+00
1.106549892574548721e-02
8.181994408369064331e-02
2.395939677953720093e-01
0.000000000000000000e+00
3.802221119403839111e-01
1.371188402175903320e+00
1.528894007205963135e-01
2.233700990676879883e+00
0.000000000000000000e+00
5.923874676227569580e-02
1.457274425774812698e-02
6.157230734825134277e-01
1.482039690017700195e-01
0.000000000000000000e+00
2.015626430511474609e-02
1.138365175575017929e-02
3.454602658748626709e-01
2.439454346895217896e-01
1.522551756352186203e-02
9.913163632154464722e-02
4.190463721752166748e-01
4.766256362199783325e-02
3.869412839412689209e-01
8.628215640783309937e-02
0.000000000000000000e+00
1.223084926605224609e+00
2.156963571906089783e-02
0.000000000000000000e+00
0.000000000000000000e+00
0.000000000000000000e+00
9.870537519454956055e-01
2.321390360593795776e-01
6.762403249740600586e-02
8.938452601432800293e-02
6.110549569129943848e-01
3.159347176551818848e-01
8.119910955429077148e-01
1.619798392057418823e-01
3.816062584519386292e-02
1.526369303464889526e-01
2.929431200027465820e-01
0.000000000000000000e+00
4.722629785537719727e-01
1.193737313151359558e-01
0.000000000000000000e+00
5.649182796478271484e-01
5.325366929173469543e-02
2.147866040468215942e-01
3.921715021133422852e+00
3.506525233387947083e-02
3.109669871628284454e-02
2.211940591223537922e-04
3.572550714015960693e-01
1.702004112303256989e-02
4.970662295818328857e-02
0.000000000000000000e+00
1.848069764673709869e-02
5.874321460723876953e-01
2.623020648956298828e+00
7.745813578367233276e-03
8.607907295227050781e-01
9.654351510107517242e-03
6.147416234016418457e-01
6.237294077873229980e-01
3.384911715984344482e-01
9.042689800262451172e-01
3.106752969324588776e-02
2.399552762508392334e-01
2.112885005772113800e-03
7.621155381202697754e-01
2.032491862773895264e-01
2.095417827367782593e-01
2.383986115455627441e-02
1.445132642984390259e-01
2.927826941013336182e-01
1.720577292144298553e-02
2.368206083774566650e-01
5.953202396631240845e-02
4.892532229423522949e-01
4.659342393279075623e-02
5.137136951088905334e-02
1.224010229110717773e+00
2.111829519271850586e-01
3.548169434070587158e-01
0.000000000000000000e+00
2.397414296865463257e-01
1.650913804769515991e-01
1.142674013972282410e-01
3.506244393065571785e-03
1.295401453971862793e-01
2.349980059079825878e-04
4.702453315258026123e-02
1.889950968325138092e-02
2.450658321380615234e+00
1.862127780914306641e-01
9.553708434104919434e-01
1.470493972301483154e-01
6.757944822311401367e-02
9.462279677391052246e-01
4.027632474899291992e-01
1.301887035369873047e-01
0.000000000000000000e+00
4.758785292506217957e-02
0.000000000000000000e+00
2.120922505855560303e-02
4.183164119720458984e+00
1.198192387819290161e-01
7.735699415206909180e-01
3.437140956521034241e-02
7.176703214645385742e-02
1.209903240203857422e+00
1.878063008189201355e-02
1.381523907184600830e-01
1.435828804969787598e+00
0.000000000000000000e+00
5.037970542907714844e-01
1.582378894090652466e-01
3.136505842208862305e+00
1.066576689481735229e-01
6.801802082918584347e-04
1.776686459779739380e-01
8.845467567443847656e-01
6.789327859878540039e-01
4.385253041982650757e-02
2.447298020124435425e-01
0.000000000000000000e+00
2.068507485091686249e-02
4.877980798482894897e-02
2.544364035129547119e-01
1.185523033142089844e+00
7.831916958093643188e-02
5.156769752502441406e-01
1.572340279817581177e-01
1.025749564170837402e+00
0.000000000000000000e+00
4.596326351165771484e-01
8.471469283103942871e-01
0.000000000000000000e+00
1.367594838142395020e+00
7.074434757232666016e-01
5.273622274398803711e-02
2.098436653614044189e-02
4.427375316619873047e+00
0.000000000000000000e+00
1.820045709609985352e-01
2.205560922622680664e+00
0.000000000000000000e+00
2.341855913400650024e-01
1.619581729173660278e-01
1.060806587338447571e-01
3.955776616930961609e-02
2.643678486347198486e-01
6.487656384706497192e-02
3.691564559936523438e+00
5.649467706680297852e-01
1.211471676826477051e+00
1.428872942924499512e-01
3.890672326087951660e-02
0.000000000000000000e+00
5.044642448425292969e+00
4.716407507658004761e-02
0.000000000000000000e+00
0.000000000000000000e+00
1.895487457513809204e-01
1.621283054351806641e+00
1.853312104940414429e-01
0.000000000000000000e+00
2.346467822790145874e-01
2.869231104850769043e-01
8.867606520652770996e-01
2.098904550075531006e-02
2.364268526434898376e-02
1.082552000880241394e-01
1.111805215477943420e-01
0.000000000000000000e+00
0.000000000000000000e+00
6.167496368288993835e-02
5.051244050264358521e-02
9.260243177413940430e-01
1.989300400018692017e-01
2.628392875194549561e-01
3.044838905334472656e-01
1.547970920801162720e-01
2.043022960424423218e-01
3.501151129603385925e-02
3.429563716053962708e-03
9.935084581375122070e-01
1.225864067673683167e-01
7.986470311880111694e-02
5.815545842051506042e-02
1.494096778333187103e-02
0.000000000000000000e+00
4.562103271484375000e+00
6.233429536223411560e-02
5.543812513351440430e-01
0.000000000000000000e+00
5.632643699645996094e-01
2.708726190030574799e-02
1.389272570610046387e+00
0.000000000000000000e+00
7.140623778104782104e-02
2.315071523189544678e-01
8.856595754623413086e-01
8.867286145687103271e-02
1.640294939279556274e-01
2.835904657840728760e-01
0.000000000000000000e+00
2.994139790534973145e-01
1.999091029167175293e+00
0.000000000000000000e+00
2.161073833703994751e-01
1.656245738267898560e-01
1.748266220092773438e-01
4.885878264904022217e-01
1.002564668655395508e+00
6.461324691772460938e-01
0.000000000000000000e+00
3.291810452938079834e-01
0.000000000000000000e+00
2.574675679206848145e-01
1.243729963898658752e-01
0.000000000000000000e+00
8.613571524620056152e-02
1.511888265609741211e+00
4.500911831855773926e-01
1.184653282165527344e+00
1.417117472738027573e-02
3.320886194705963135e-01
9.408886432647705078e-01
4.949581027030944824e-01
1.088888291269540787e-02
1.651495814323425293e+00
1.604690104722976685e-01
1.846712529659271240e-01
9.704803824424743652e-01
1.139564394950866699e+00
5.730112642049789429e-02
4.889386296272277832e-01
7.511902600526809692e-02
6.609931588172912598e-01
5.111901760101318359e-01
1.229266263544559479e-02
1.709222197532653809e-01
1.303283691406250000e+00
7.564717531204223633e-01
0.000000000000000000e+00
3.848504647612571716e-02
1.342058181762695312e-02
6.417498588562011719e-01
3.181295096874237061e-01
1.044200539588928223e+00
2.771747857332229614e-02
1.814566180109977722e-02
6.580231189727783203e-01
8.037764579057693481e-03
2.269534394145011902e-02
9.396903216838836670e-02
1.397835165262222290e-01
2.635368378832936287e-03
1.164947301149368286e-01
1.109274756163358688e-02
1.738351956009864807e-02
2.481034278869628906e+00
3.262649178504943848e-01
2.098625004291534424e-01
0.000000000000000000e+00
1.747690886259078979e-02
1.808172836899757385e-02
3.679575920104980469e-01
2.750188708305358887e-01
1.333954632282257080e-01
2.371165007352828979e-01
2.997505068778991699e-01
1.143579408526420593e-01
1.335093498229980469e+00
0.000000000000000000e+00
2.666583657264709473e-01
0.000000000000000000e+00
1.181447982788085938e+00
3.519538789987564087e-02
8.378059864044189453e-01
2.855962514877319336e-01
4.923350214958190918e-01
8.646404743194580078e-02
3.817627578973770142e-02
5.799140930175781250e-01
1.880702190101146698e-02
5.919165909290313721e-02
9.375594556331634521e-02
2.693991065025329590e-01
2.372856885194778442e-01
0.000000000000000000e+00
2.402306199073791504e-01
1.088098764419555664e+00
8.737102895975112915e-02
0.000000000000000000e+00
1.148834347724914551e+00
1.755463331937789917e-01
2.638021111488342285e-01
1.749369874596595764e-02
2.856275066733360291e-02
3.291500091552734375e+00
0.000000000000000000e+00
1.706444621086120605e+00
1.059155344963073730e+00
6.516683101654052734e-02
1.414643883705139160e+00
3.765742182731628418e-01
1.052040699869394302e-02
1.000399887561798096e-01
2.679802775382995605e-01
5.373830720782279968e-02
7.373992353677749634e-03
2.623110413551330566e-01
1.378589123487472534e-01
3.772063851356506348e-01
1.732570528984069824e-01
1.344375610351562500e+00
1.960202932357788086e+00
5.359524488449096680e-01
1.195774555206298828e+00
1.158608123660087585e-01
7.059879899024963379e-01
8.348809182643890381e-02
8.142426609992980957e-02
1.463494729250669479e-02
1.374826580286026001e-02
2.133888378739356995e-02
1.957853078842163086e+00
6.749771833419799805e-01
2.663789391517639160e-01
1.107316091656684875e-01
2.261501923203468323e-02
0.000000000000000000e+00
2.083119004964828491e-01
3.219965398311614990e-01
6.059746742248535156e-01
6.836467236280441284e-02
1.176660180091857910e+00
4.298185929656028748e-02
4.198801815509796143e-01
5.278614759445190430e-01
1.922438479959964752e-02
2.703762054443359375e-01
5.234409868717193604e-02
0.000000000000000000e+00
0.000000000000000000e+00
4.016742408275604248e-01
0.000000000000000000e+00
1.146384631283581257e-03
6.158005818724632263e-02
3.407082796096801758e+00
3.419266939163208008e-01
1.647078692913055420e-01
7.805785536766052246e-02
6.690625101327896118e-02
6.648391485214233398e-01
0.000000000000000000e+00
8.987861126661300659e-02
2.413900941610336304e-01
2.171678841114044189e-02
4.184873998165130615e-01
2.494097687304019928e-02
1.960898786783218384e-01
6.477688550949096680e-01
2.695638537406921387e-01
7.198420763015747070e-01
0.000000000000000000e+00
2.365901321172714233e-02
1.291291415691375732e-01
5.923315286636352539e-01
8.160257712006568909e-03
7.900237292051315308e-02
2.580421268939971924e-01
1.263243079185485840e+00
3.167376518249511719e+00
3.437219858169555664e-01
1.198736280202865601e-01
2.710539400577545166e-01
1.344514638185501099e-02
1.703491806983947754e-01
4.380227252840995789e-02
4.059014320373535156e-01
6.372877396643161774e-03
8.820412307977676392e-02
4.053195118904113770e-01
3.953259903937578201e-03
4.596737027168273926e-01
7.051330059766769409e-02
3.378117084503173828e-02
9.987895190715789795e-02
1.807534337043762207e+00
5.427482724189758301e-01
1.358439773321151733e-01
2.688846886157989502e-01
0.000000000000000000e+00
5.092501640319824219e-01
1.485929340124130249e-01
6.617357581853866577e-02
1.946140974760055542e-01
4.907735064625740051e-02
3.434894233942031860e-02
1.204598844051361084e-01
6.808608770370483398e-01
1.664444088935852051e+00
3.893347680568695068e-01
1.637391805648803711e+00
3.622111320495605469e+00
2.729887962341308594e-01
1.199207678437232971e-01
0.000000000000000000e+00
3.037965297698974609e-01
3.431541621685028076e-01
6.499815583229064941e-01
1.244166046380996704e-01
7.660051435232162476e-02
1.368025988340377808e-01
3.921177387237548828e-01
6.616847515106201172e-01
3.173637986183166504e-01
5.620746314525604248e-02
3.603520393371582031e-01
0.000000000000000000e+00
2.809557199478149414e+00
2.684321403503417969e-01
1.710224151611328125e-01
0.000000000000000000e+00
1.770207047462463379e+00
3.662281483411788940e-02
8.262521028518676758e-02
2.947482513263821602e-03
3.939839825034141541e-02
7.247700691223144531e-01
5.897460505366325378e-02
0.000000000000000000e+00
7.797021418809890747e-02
4.229568243026733398e-01
3.898524940013885498e-01
1.134366989135742188e-01
1.048054769635200500e-01
5.623632669448852539e-02
1.386336088180541992e-01
9.716711044311523438e-01
4.057630300521850586e-01
0.000000000000000000e+00
3.321547210216522217e-01
4.027021825313568115e-01
7.244802713394165039e-01
1.644539684057235718e-01
2.748100459575653076e-01
4.065918922424316406e-02
5.227187275886535645e-02
0.000000000000000000e+00
2.108700573444366455e-02
1.886372864246368408e-01
1.121742129325866699e-01
5.665965378284454346e-02
0.000000000000000000e+00
5.368452668190002441e-01
0.000000000000000000e+00
3.112449944019317627e-01
1.163119673728942871e+00
4.566851258277893066e-01
2.615787982940673828e-01
7.225379813462495804e-03
5.317015107721090317e-03
6.189334206283092499e-03
1.312469947151839733e-03
1.305890530347824097e-01
3.419034555554389954e-02
9.456618689000606537e-03
9.180180728435516357e-03
4.702886566519737244e-03
6.944883465766906738e-01
1.858436763286590576e-01
4.885954558849334717e-01
