6.414974480867385864e-02
5.606396198272705078e-01
0.000000000000000000e+00
4.347090721130371094e-01
1.112715125083923340e+00
0.000000000000000000e+00
6.262526148930191994e-04
0.000000000000000000e+00
7.381010055541992188e-02
0.000000000000000000e+00
9.598272442817687988e-01
5.220898985862731934e-01
0.000000000000000000e+00
0.000000000000000000e+00
1.089563012123107910e+00
1.428513377904891968e-01
7.479247450828552246e-02
1.011844426393508911e-01
6.065011024475097656e-01
2.673920691013336182e-01
0.000000000000000000e+00
2.014891952276229858e-01
5.111481621861457825e-02
1.589138507843017578e-01
0.000000000000000000e+00
6.679938733577728271e-02
5.249971151351928711e-01
4.287168011069297791e-02
5.799479782581329346e-02
0.000000000000000000e+00
1.348248958587646484e+00
0.000000000000000000e+00
1.731510460376739502e-02
0.000000000000000000e+00
4.081718623638153076e-02
1.215251803398132324e+00
1.463626772165298462e-01
5.559726357460021973e-01
8.735076785087585449e-01
1.333683431148529053e-01
4.604540020227432251e-02
5.011210963129997253e-02
5.431326106190681458e-02
2.291814237833023071e-02
6.758285164833068848e-01
4.102833569049835205e-02
0.000000000000000000e+00
9.457929730415344238e-01
1.819290965795516968e-02
1.230488061904907227e+00
1.735752671957015991e-01
5.376172661781311035e-01
7.564463019371032715e-01
4.202827513217926025e-01
3.267631530761718750e-01
1.618694961071014404e-01
8.912248536944389343e-03
1.945013999938964844e+00
3.770745545625686646e-02
7.039722800254821777e-01
3.746075928211212158e-02
0.000000000000000000e+00
4.123522043228149414e-01
2.529939115047454834e-01
0.000000000000000000e+00
1.275976598262786865e-01
4.546127468347549438e-02
3.896437585353851318e-01
4.144746065139770508e-01
0.000000000000000000e+00
1.051607847213745117e+00
5.254871845245361328e-01
0.000000000000000000e+00
1.745150797069072723e-02
0.000000000000000000e+00
0.000000000000000000e+00
1.021317690610885620e-01
4.630920588970184326e-01
4.801471829414367676e-01
2.889184653759002686e-01
7.502582073211669922e-01
4.364312887191772461e-01
5.278900265693664551e-01
3.530465662479400635e-01
3.512462973594665527e-02
4.361274719238281250e+00
1.313862949609756470e-01
1.248612403869628906e-01
0.000000000000000000e+00
6.536326408386230469e-01
4.139854907989501953e-01
9.091380983591079712e-03
5.481725931167602539e-01
0.000000000000000000e+00
0.000000000000000000e+00
0.000000000000000000e+00
1.923231333494186401e-01
6.151059269905090332e-01
7.947946786880493164e-01
3.041479289531707764e-01
4.219455420970916748e-01
2.613459229469299316e-01
0.000000000000000000e+00
2.376192092895507812e+00
1.409179329872131348e+00
2.489117160439491272e-02
1.276843994855880737e-01
8.208607882261276245e-02
1.596365213394165039e+00
7.236638069152832031e-01
1.421486437320709229e-01
4.785962700843811035e-01
9.054843336343765259e-03
9.325547143816947937e-03
1.334795206785202026e-01
0.000000000000000000e+00
3.460011482238769531e-01
0.000000000000000000e+00
2.161272019147872925e-01
0.000000000000000000e+00
3.269930839538574219e+00
7.146485894918441772e-02
0.000000000000000000e+00
4.584583640098571777e-02
5.771517276763916016e+00
2.560435980558395386e-02
1.476936880499124527e-02
2.124779939651489258e+00
4.007782414555549622e-02
1.006272360682487488e-01
8.846753090620040894e-02
1.869257655926048756e-03
0.000000000000000000e+00
1.994522288441658020e-02
0.000000000000000000e+00
1.727051846683025360e-02
6.562575697898864746e-02
0.000000000000000000e+00
4.363169074058532715e-01
1.398845911026000977e-01
2.335809729993343353e-02
1.587714672088623047e+00
4.723213613033294678e-01
1.815351486206054688e+00
6.494916230440139771e-02
5.555916577577590942e-03
2.232246547937393188e-01
2.824710449203848839e-03
1.359840761870145798e-02
3.696057200431823730e-01
2.882508993148803711e+00
5.625314116477966309e-01
6.625314243137836456e-03
6.106183305382728577e-02
7.573794573545455933e-03
7.134985178709030151e-02
1.918788626790046692e-02
4.145371913909912109e-01
8.627913147211074829e-02
8.635170757770538330e-03
2.326944842934608459e-02
1.591927409172058105e-01
0.000000000000000000e+00
4.294534921646118164e-01
5.530817806720733643e-02
1.833811402320861816e+00
5.135278701782226562e-01
2.496097087860107422e+00
2.181305438280105591e-01
3.780407309532165527e-01
7.375038862228393555e-01
0.000000000000000000e+00
3.150546178221702576e-02
2.648482918739318848e-01
0.000000000000000000e+00
9.134267270565032959e-02
0.000000000000000000e+00
1.178239732980728149e-01
2.872386872768402100e-01
1.119012832641601562e+00
0.000000000000000000e+00
5.935418978333473206e-02
1.928811222314834595e-01
9.993489831686019897e-03
1.299162805080413818e-01
5.236887335777282715e-01
1.173661462962627411e-02
5.976232290267944336e-01
2.918543294072151184e-02
2.770864404737949371e-02
2.806791067123413086e+00
9.419848322868347168e-01
1.736450642347335815e-01
9.078440070152282715e-02
0.000000000000000000e+00
6.008221302181482315e-03
3.077108561992645264e-01
1.836661934852600098e+00
1.941065937280654907e-01
1.331211067736148834e-02
0.000000000000000000e+00
7.530158013105392456e-02
3.618082404136657715e-01
2.845395803451538086e-01
0.000000000000000000e+00
4.545868840068578720e-03
1.005224347114562988e+00
4.059018611907958984e+00
1.471896618604660034e-01
1.794101953506469727e+00
4.266729112714529037e-03
3.093738257884979248e-01
2.747430801391601562e-01
1.999117970466613770e+00
1.474803090095520020e-01
4.533563274890184402e-03
2.552222728729248047e+00
0.000000000000000000e+00
8.053027093410491943e-02
9.380505979061126709e-02
8.951581083238124847e-03
6.483372449874877930e-01
1.327234953641891479e-01
4.115324467420578003e-02
1.851436309516429901e-02
1.959121108055114746e+00
7.965503334999084473e-01
1.257769227027893066e+00
0.000000000000000000e+00
1.170674338936805725e-01
1.973043233156204224e-01
5.377162247896194458e-03
1.469535678625106812e-01
1.488326042890548706e-01
1.514648646116256714e-01
5.867359638214111328e-01
2.366902083158493042e-01
1.861349046230316162e-01
0.000000000000000000e+00
3.954620361328125000e-01
6.489025056362152100e-02
4.234336614608764648e-01
1.948024928569793701e-01
0.000000000000000000e+00
0.000000000000000000e+00
2.028751932084560394e-02
0.000000000000000000e+00
5.481468886137008667e-02
6.956782657653093338e-03
0.000000000000000000e+00
1.045228391885757446e-01
5.713470652699470520e-02
0.000000000000000000e+00
2.829425632953643799e-01
1.951555728912353516e+00
9.349355846643447876e-02
1.268885534955188632e-04
0.000000000000000000e+00
5.844150185585021973e-01
4.602719843387603760e-02
2.409200370311737061e-02
1.123229265213012695e-01
1.757033728063106537e-02
1.458355039358139038e-01
6.233460456132888794e-02
0.000000000000000000e+00
0.000000000000000000e+00
3.403679132461547852e-01
1.295754760503768921e-01
8.353230543434619904e-03
7.568155974149703979e-02
0.000000000000000000e+00
0.000000000000000000e+00
6.720981001853942871e-02
1.311114872805774212e-03
3.103799521923065186e-01
4.967103246599435806e-03
0.000000000000000000e+00
9.957057237625122070e-01
1.681204885244369507e-01
2.123317122459411621e-01
7.690535392612218857e-03
2.846183776855468750e-01
9.535543620586395264e-02
1.794497668743133545e-02
3.197440207004547119e-01
0.000000000000000000e+00
9.543008804321289062e-01
4.348657608032226562e+00
1.117880493402481079e-01
8.060242235660552979e-02
0.000000000000000000e+00
0.000000000000000000e+00
1.392160654067993164e-01
0.000000000000000000e+00
0.000000000000000000e+00
1.359793990850448608e-01
4.737964570522308350e-01
5.541200190782546997e-02
2.666932716965675354e-02
1.103307157754898071e-01
1.939025335013866425e-02
4.439427256584167480e-01
1.738814637064933777e-03
2.316543273627758026e-02
3.160531520843505859e-01
3.086747415363788605e-02
0.000000000000000000e+00
0.000000000000000000e+00
2.429191112518310547e+00
4.051732420921325684e-01
6.590344309806823730e-01
8.700616657733917236e-03
7.477064609527587891e+00
0.000000000000000000e+00
4.503588676452636719e-01
6.556338071823120117e-02
3.110681772232055664e-01
7.945357821881771088e-03
4.305609166622161865e-01
0.000000000000000000e+00
1.457775831222534180e-01
8.722611702978610992e-03
7.599256634712219238e-01
4.062728583812713623e-02
0.000000000000000000e+00
0.000000000000000000e+00
7.221895735710859299e-03
3.971687331795692444e-02
5.227489024400711060e-02
1.337088793516159058e-01
2.049986273050308228e-03
2.460718303918838501e-01
3.624538183212280273e-01
6.144210323691368103e-02
9.105908274650573730e-01
2.049246430397033691e-01
5.103117227554321289e-02
1.467709988355636597e-01
0.000000000000000000e+00
2.911530248820781708e-02
6.334133148193359375e-01
1.378026455640792847e-01
1.441052276641130447e-02
1.303392648696899414e-01
5.962315201759338379e-02
0.000000000000000000e+00
3.052647113800048828e-01
1.580245941877365112e-01
1.183683797717094421e-01
0.000000000000000000e+00
8.927856087684631348e-01
7.271648943424224854e-02
9.437844157218933105e-02
1.162643311545252800e-03
2.267194986343383789e+00
2.212882973253726959e-02
4.774630814790725708e-02
0.000000000000000000e+00
1.468699052929878235e-02
7.799080848693847656e+00
9.738916158676147461e-01
0.000000000000000000e+00
1.426083743572235107e-01
7.707095742225646973e-01
9.627675414085388184e-01
7.614736258983612061e-02
0.000000000000000000e+00
6.024746894836425781e-01
2.795135788619518280e-02
2.919606566429138184e-01
0.000000000000000000e+00
1.135148778557777405e-01
5.661470293998718262e-01
3.817443549633026123e-02
2.912943959236145020e-01
2.649928927421569824e-01
9.109005928039550781e-01
0.000000000000000000e+00
2.749033272266387939e-01
2.571256756782531738e-01
1.344640016555786133e+00
0.000000000000000000e+00
4.528047982603311539e-03
7.468689680099487305e-01
8.876436948776245117e-01
1.856719106435775757e-01
1.970025151968002319e-01
0.000000000000000000e+00
7.536731362342834473e-01
8.108519911766052246e-01
9.585419297218322754e-02
5.148071795701980591e-02
3.137944964691996574e-03
3.641850501298904419e-02
1.362968534231185913e-01
0.000000000000000000e+00
1.264014691114425659e-01
1.306480288505554199e+00
1.164569139480590820e+00
0.000000000000000000e+00
1.961764574050903320e+00
1.641698926687240601e-01
9.539874643087387085e-02
2.466129325330257416e-02
9.324327111244201660e-02
4.066058993339538574e-01
6.049304734915494919e-03
1.741596758365631104e-01
3.841959238052368164e-01
0.000000000000000000e+00
1.590760946273803711e-01
1.144309714436531067e-01
0.000000000000000000e+00
4.679949879646301270e-01
7.392243295907974243e-02
2.193593978881835938e-02
3.018913269042968750e-01
6.757537722587585449e-01
1.710933446884155273e-01
0.000000000000000000e+00
2.910495698451995850e-01
2.428729459643363953e-02
7.870366573333740234e-01
6.771318316459655762e-01
0.000000000000000000e+00
2.582127094268798828e+00
1.614484786987304688e+00
9.110844731330871582e-01
7.700345944613218307e-03
2.621659994125366211e+00
2.246754447696730494e-04
2.233846634626388550e-01
0.000000000000000000e+00
0.000000000000000000e+00
2.408874034881591797e+00
4.123765230178833008e-01
1.749369204044342041e-01
1.269277930259704590e+00
4.689882695674896240e-01
1.022634133696556091e-01
0.000000000000000000e+00
1.706965863704681396e-01
6.454800963401794434e-01
6.510262191295623779e-02
0.000000000000000000e+00
2.451288998126983643e-01
3.753874301910400391e-01
5.787004902958869934e-02
0.000000000000000000e+00
6.263747215270996094e-01
0.000000000000000000e+00
2.776070535182952881e-01
1.002877368591725826e-03
1.725613951683044434e+00
2.761220932006835938e+00
7.346920669078826904e-03
0.000000000000000000e+00
0.000000000000000000e+00
2.002630382776260376e-01
5.377902388572692871e-01
0.000000000000000000e+00
2.222208529710769653e-01
7.504346370697021484e-01
3.948666527867317200e-02
7.997322082519531250e-02
2.687027156352996826e-01
4.607278406620025635e-01
1.250098049640655518e-01
4.164164513349533081e-02
1.662649661302566528e-01
1.550620198249816895e-01
1.238982751965522766e-02
2.017248153686523438e+00
2.034074813127517700e-01
1.168375730514526367e+00
2.836751937866210938e-02
1.396073549985885620e-01
4.467437043786048889e-02
1.865202784538269043e-01
2.576021105051040649e-02
4.345415115356445312e+00
4.634715616703033447e-01
2.852578647434711456e-03
7.257571220397949219e-01
4.325251653790473938e-02
2.481411546468734741e-01
4.523562267422676086e-02
2.732863426208496094e-01
2.970122098922729492e-01
7.469563484191894531e-01
3.146485567092895508e+00
9.689333289861679077e-02
4.412274956703186035e-01
2.581453323364257812e+00
2.606664784252643585e-02
2.124131619930267334e-01
3.916312381625175476e-02
4.353756457567214966e-02
3.030636906623840332e-02
0.000000000000000000e+00
1.414966732263565063e-01
1.646784424781799316e+00
1.213008910417556763e-01
4.755592346191406250e-01
3.737116977572441101e-02
2.978828907012939453e+00
4.381633996963500977e-01
6.532353162765502930e-02
2.446761354804039001e-02
1.356605887413024902e-01
1.217744126915931702e-01
4.860464856028556824e-02
2.061362564563751221e-01
0.000000000000000000e+00
4.276493936777114868e-02
9.821986407041549683e-02
2.162268400192260742e+00
0.000000000000000000e+00
6.085840612649917603e-02
1.381044387817382812e+00
2.535984218120574951e-01
8.300408720970153809e-03
4.586746450513601303e-03
6.530816853046417236e-02
2.204114496707916260e-01
0.000000000000000000e+00
1.226569712162017822e-01
1.691634774208068848e+00
5.645074248313903809e-01
0.000000000000000000e+00
0.000000000000000000e+00
4.989766776561737061e-01
1.090982742607593536e-02
0.000000000000000000e+00
8.013783954083919525e-03
7.053951621055603027e-01
4.464268982410430908e-01
3.566598296165466309e-01
4.716903343796730042e-02
4.485280513763427734e-01
1.038352966308593750e+00
1.272218534722924232e-03
3.163426518440246582e-01
1.474515050649642944e-01
1.063269019126892090e+00
8.229459524154663086e-01
1.341118663549423218e-01
1.337648928165435791e-01
0.000000000000000000e+00
2.951273135840892792e-02
6.003714725375175476e-02
3.661182522773742676e-01
2.086558565497398376e-02
0.000000000000000000e+00
0.000000000000000000e+00
3.987783789634704590e-01
6.518638692796230316e-03
0.000000000000000000e+00
2.678372561931610107e-01
6.137325242161750793e-02
2.308557033538818359e-01
2.414173185825347900e-01
9.078109264373779297e-01
6.459395587444305420e-02
5.019297078251838684e-02
9.037569761276245117e-01
2.089457213878631592e-01
1.953278854489326477e-02
0.000000000000000000e+00
4.109300076961517334e-01
2.324561960995197296e-02
2.998203737661242485e-03
1.141613125801086426e+00
1.614320129156112671e-01
1.588363051414489746e-01
2.361742407083511353e-02
0.000000000000000000e+00
2.309744596481323242e+00
0.000000000000000000e+00
8.365253359079360962e-02
1.510423421859741211e-01
6.894683092832565308e-02
1.379394531250000000e-01
2.504505634307861328e+00
5.601070821285247803e-02
3.854327201843261719e-01
9.032710641622543335e-02
1.950145661830902100e-01
2.304782420396804810e-01
1.432039886713027954e-01
3.879507780075073242e-01
8.730081319808959961e-01
1.020357534289360046e-01
0.000000000000000000e+00
5.367327332496643066e-01
7.216025143861770630e-03
6.537069380283355713e-02
3.125994652509689331e-02
1.397823989391326904e-01
1.403418332338333130e-01
1.496370792388916016e+00
1.364485621452331543e-01
4.013246893882751465e-01
3.055305182933807373e-01
2.613929986953735352e+00
2.691427767276763916e-01
5.142744183540344238e-01
2.104050874710083008e+00
1.564380526542663574e-01
4.952184110879898071e-02
8.489362895488739014e-03
3.020823597908020020e-01
1.246798783540725708e-02
5.129093676805496216e-02
5.120862126350402832e-01
0.000000000000000000e+00
3.358826935291290283e-01
0.000000000000000000e+00
3.108468651771545410e-01
4.055549502372741699e-01
0.000000000000000000e+00
1.116386502981185913e-01
1.359549760818481445e-01
1.481520414352416992e+00
3.421250104904174805e+00
3.838344663381576538e-02
1.014270424842834473e+00
0.000000000000000000e+00
5.670873448252677917e-02
8.587107062339782715e-03
2.687761783599853516e-01
0.000000000000000000e+00
3.906568288803100586e-01
0.000000000000000000e+00
7.671235799789428711e-01
1.180852353572845459e-01
1.398802518844604492e+00
8.041839301586151123e-02
2.938027381896972656e-01
7.265048027038574219e-01
0.000000000000000000e+00
2.351084351539611816e-01
4.015928506851196289e-01
9.178500622510910034e-02
5.179959535598754883e-01
4.258823692798614502e-01
0.000000000000000000e+00
0.000000000000000000e+00
1.082661300897598267e-01
2.543663047254085541e-02
9.815897047519683838e-02
1.276193372905254364e-02
0.000000000000000000e+00
1.516466617584228516e+00
1.079043507575988770e+00
0.000000000000000000e+00
3.895502805709838867e+00
0.000000000000000000e+00
4.664690047502517700e-02
2.031348180025815964e-03
8.222042769193649292e-02
1.032280325889587402e-01
4.207709431648254395e-02
0.000000000000000000e+00
1.932461023330688477e+00
8.312209248542785645e-01
1.126095186918973923e-02
2.737093269824981689e-01
0.000000000000000000e+00
4.629659950733184814e-01
1.610598117113113403e-01
0.000000000000000000e+00
2.761502265930175781e-01
1.331981718540191650e-01
6.294785439968109131e-02
9.187372326850891113e-01
9.012807607650756836e-01
0.000000000000000000e+00
2.164792865514755249e-01
4.411913752555847168e-01
1.396991014480590820e+00
4.114143550395965576e-03
4.327831566333770752e-01
2.452687360346317291e-02
1.881726831197738647e-02
5.163040757179260254e-01
0.000000000000000000e+00
3.887878730893135071e-02
1.861199736595153809e-01
1.549426317214965820e+00
2.370510250329971313e-01
1.103137657046318054e-01
0.000000000000000000e+00
3.088021837174892426e-02
9.564024209976196289e-02
2.649969160556793213e-01
3.239819407463073730e-01
0.000000000000000000e+00
2.412512898445129395e-01
2.133035808801651001e-01
2.433441579341888428e-01
1.332031369209289551e+00
0.000000000000000000e+00
1.219776719808578491e-01
1.314534991979598999e-02
5.798377394676208496e-01
8.113082051277160645e-01
6.316843628883361816e-01
7.353864312171936035e-01
1.327977895736694336e+00
1.867671906948089600e-01
0.000000000000000000e+00
3.779290914535522461e-01
7.661470025777816772e-02
4.215240478515625000e-03
2.689805030822753906e-01
1.454830616712570190e-01
4.062123596668243408e-02
9.295444935560226440e-03
0.000000000000000000e+00
1.986209303140640259e-01
3.977238386869430542e-02
2.174612507224082947e-02
0.000000000000000000e+00
1.987387612462043762e-02
1.228242274373769760e-02
0.000000000000000000e+00
1.793960481882095337e-01
1.493403408676385880e-02
2.016224861145019531e+00
0.000000000000000000e+00
8.402279578149318695e-03
7.957459092140197754e-01
8.050910234451293945e-01
1.472681045532226562e+00
2.542684376239776611e-01
0.000000000000000000e+00
2.216283977031707764e-01
0.000000000000000000e+00
9.078295230865478516e-01
1.489257216453552246e-01
1.253449171781539917e-01
0.000000000000000000e+00
2.084298431873321533e-02
3.701387718319892883e-02
3.213528916239738464e-02
1.855810731649398804e-01
2.588407993316650391e-01
7.941472530364990234e-02
2.310075610876083374e-01
3.051796182990074158e-02
8.055120110511779785e-01
6.179925799369812012e-01
6.461276207119226456e-03
1.535208709537982941e-02
3.173921108245849609e-01
9.987166523933410645e-02
8.231692314147949219e-01
5.122762918472290039e-01
5.276303291320800781e-01
1.708128601312637329e-01
2.111135721206665039e-01
0.000000000000000000e+00
2.873656749725341797e-01
5.639519914984703064e-02
0.000000000000000000e+00
6.881354004144668579e-02
0.000000000000000000e+00
2.474469691514968872e-01
1.236403822898864746e+00
4.165813699364662170e-02
1.256007909774780273e+00
6.049340590834617615e-02
7.717598974704742432e-02
0.000000000000000000e+00
9.317633695900440216e-03
5.113399028778076172e-01
2.661958523094654083e-02
1.170136407017707825e-01
2.331618405878543854e-02
1.488458067178726196e-01
0.000000000000000000e+00
1.755118817090988159e-01
1.200351305305957794e-02
7.464940547943115234e-01
7.213888224214315414e-03
1.483582556247711182e-01
4.845639169216156006e-01
0.000000000000000000e+00
7.015091180801391602e-02
8.029905557632446289e-01
2.937849760055541992e+00
5.356444045901298523e-02
2.620320953428745270e-02
1.994135603308677673e-02
0.000000000000000000e+00
0.000000000000000000e+00
1.865412235260009766e+00
7.820544838905334473e-01
2.384346537292003632e-02
3.002815723419189453e+00
3.321913257241249084e-02
6.596294045448303223e-02
1.307370793074369431e-02
1.426396518945693970e-01
9.379575401544570923e-02
1.117417309433221817e-02
3.506383299827575684e-01
0.000000000000000000e+00
1.566001027822494507e-01
1.486114561557769775e-01
0.000000000000000000e+00
1.596585512161254883e-01
7.339414209127426147e-02
1.895753890275955200e-01
0.000000000000000000e+00
7.983902841806411743e-02
1.230345726013183594e+00
1.430671215057373047e-01
0.000000000000000000e+00
2.509530633687973022e-03
1.310118287801742554e-01
1.774412244558334351e-01
2.146012306213378906e+00
0.000000000000000000e+00
1.897115558385848999e-01
1.765812635421752930e-01
7.124783396720886230e-01
7.945857942104339600e-02
3.368514776229858398e-01
1.180478811264038086e+00
2.995622344315052032e-03
2.146443724632263184e-01
1.880521699786186218e-02
9.063295088708400726e-03
0.000000000000000000e+00
0.000000000000000000e+00
3.355142176151275635e-01
0.000000000000000000e+00
1.180608153343200684e+00
3.092949651181697845e-02
3.279561875388026237e-03
2.140205502510070801e-01
0.000000000000000000e+00
9.803065061569213867e-01
2.487461715936660767e-01
8.266980201005935669e-02
1.523607522249221802e-01
0.000000000000000000e+00
0.000000000000000000e+00
0.000000000000000000e+00
8.956207334995269775e-02
3.453861922025680542e-02
0.000000000000000000e+00
1.686185240745544434e+00
8.430391550064086914e-02
0.000000000000000000e+00
4.971253126859664917e-02
3.474052846431732178e-01
0.000000000000000000e+00
5.976072698831558228e-02
1.773991882801055908e-01
4.306564573198556900e-03
1.206230595707893372e-01
2.964651398360729218e-02
3.047008216381072998e-01
7.432445883750915527e-02
0.000000000000000000e+00
1.260874420404434204e-01
3.681482076644897461e-01
3.180391490459442139e-01
1.948915272951126099e-01
8.805749006569385529e-03
1.123526453971862793e+00
7.938911207020282745e-03
8.315716683864593506e-02
2.504733577370643616e-02
7.829946279525756836e-01
0.000000000000000000e+00
5.681864917278289795e-02
1.853071004152297974e-01
1.830082982778549194e-01
7.730958610773086548e-02
2.540141582489013672e+00
2.720708725973963737e-03
1.427990049123764038e-01
1.812759190797805786e-01
1.315930671989917755e-02
0.000000000000000000e+00
6.773700118064880371e-01
8.314205333590507507e-03
1.810280382633209229e-01
5.865380167961120605e-01
5.200803875923156738e-01
1.616083979606628418e-01
1.209851875901222229e-01
5.439788699150085449e-01
2.259220123291015625e+00
0.000000000000000000e+00
1.327477693557739258e-01
9.636337757110595703e-01
2.265295200049877167e-02
0.000000000000000000e+00
3.026353009045124054e-02
6.486386805772781372e-02
0.000000000000000000e+00
7.631404399871826172e-01
9.109745919704437256e-02
1.433860044926404953e-02
8.759193122386932373e-02
2.532531261444091797e+00
0.000000000000000000e+00
3.511027991771697998e-02
4.082984924316406250e-01
0.000000000000000000e+00
3.656527400016784668e-01
7.235561031848192215e-03
4.428870677947998047e+00
4.153948277235031128e-02
6.373588442802429199e-01
6.687418222427368164e-01
0.000000000000000000e+00
0.000000000000000000e+00
5.530963540077209473e-01
4.760622978210449219e-03
1.624190248548984528e-02
6.836348772048950195e-01
1.431833952665328979e-01
0.000000000000000000e+00
4.930939972400665283e-01
2.722807526588439941e-01
3.335753222927451134e-03
0.000000000000000000e+00
9.428896009922027588e-02
0.000000000000000000e+00
6.418314576148986816e-01
0.000000000000000000e+00
1.112358942627906799e-01
1.205662488937377930e-01
1.298932075500488281e+00
6.850664615631103516e-01
2.407753169536590576e-01
1.200563430786132812e+00
5.046827197074890137e-01
0.000000000000000000e+00
5.541340112686157227e-01
3.693893849849700928e-01
1.176414847373962402e+00
3.074261546134948730e-01
1.349784899502992630e-02
0.000000000000000000e+00
0.000000000000000000e+00
2.118793576955795288e-01
5.504149794578552246e-01
4.352678775787353516e+00
8.886881172657012939e-02
0.000000000000000000e+00
1.154931262135505676e-02
4.212659001350402832e-01
7.937427163124084473e-01
3.350164275616407394e-03
0.000000000000000000e+00
4.917424321174621582e-01
2.020371109247207642e-01
3.954722080379724503e-03
0.000000000000000000e+00
1.969637513160705566e+00
6.012606620788574219e-01
0.000000000000000000e+00
6.984478980302810669e-02
0.000000000000000000e+00
6.802413463592529297e-01
2.509960532188415527e-01
2.303098561242222786e-03
4.522367939352989197e-02
0.000000000000000000e+00
1.185181364417076111e-01
1.090921312570571899e-01
3.859852254390716553e-02
1.206928864121437073e-01
5.737112164497375488e-01
0.000000000000000000e+00
0.000000000000000000e+00
0.000000000000000000e+00
5.847978591918945312e-02
6.190770119428634644e-02
1.931273460388183594e+00
2.913043461740016937e-02
0.000000000000000000e+00
1.569983810186386108e-01
5.500420182943344116e-02
0.000000000000000000e+00
3.951715305447578430e-02
1.624954342842102051e-01
0.000000000000000000e+00
1.597667574882507324e+00
1.521451771259307861e-01
0.000000000000000000e+00
1.036506053060293198e-02
6.753818131983280182e-03
1.971013844013214111e-02
8.769327402114868164e-01
5.445273593068122864e-02
0.000000000000000000e+00
0.000000000000000000e+00
6.225863695144653320e-01
1.729664765298366547e-02
1.506043598055839539e-03
9.742812253534793854e-03
1.174876540899276733e-01
4.651155173778533936e-01
0.000000000000000000e+00
2.378157079219818115e-01
6.048120856285095215e-01
4.290134459733963013e-02
0.000000000000000000e+00
0.000000000000000000e+00
3.178665637969970703e-01
8.098560571670532227e-02
1.845200777053833008e+00
4.243805110454559326e-01
6.710290908813476562e-02
4.981511533260345459e-01
8.524370938539505005e-02
7.183291912078857422e-01
0.000000000000000000e+00
1.516208350658416748e-01
0.000000000000000000e+00
5.791980028152465820e-02
6.029914021492004395e-01
0.000000000000000000e+00
1.463358879089355469e+00
0.000000000000000000e+00
1.231034547090530396e-01
1.517920792102813721e-01
6.489725112915039062e-01
7.137191481888294220e-03
0.000000000000000000e+00
2.881812863051891327e-03
1.006087422370910645e+00
1.117611527442932129e+00
1.220812369138002396e-02
1.080960631370544434e-01
1.716543436050415039e-01
2.911831438541412354e-01
7.936010509729385376e-02
0.000000000000000000e+00
1.339372098445892334e-01
1.683751195669174194e-01
2.678184807300567627e-01
2.192867845296859741e-01
9.749155044555664062e-01
0.000000000000000000e+00
6.601322889328002930e-01
4.276297986507415771e-02
1.147348657250404358e-01
4.011038839817047119e-01
1.377524167764931917e-04
1.164569631218910217e-01
1.585948765277862549e-01
8.907849341630935669e-02
2.716693095862865448e-02
5.059990286827087402e-01
0.000000000000000000e+00
1.228735223412513733e-01
2.265257686376571655e-01
2.909558415412902832e-01
1.100665424019098282e-02
3.474621474742889404e-02
3.678110614418983459e-02
1.047098875045776367e+00
4.189013242721557617e-01
2.197161503136157990e-02
1.176530480384826660e+00
2.843884751200675964e-02
4.975585639476776123e-02
2.063654422760009766e+00
5.778962280601263046e-03
3.075641095638275146e-01
7.835585623979568481e-02
0.000000000000000000e+00
2.615584135055541992e+00
1.700948690995573997e-03
0.000000000000000000e+00
9.878743439912796021e-03
1.624801993370056152e+00
9.287269413471221924e-02
1.631676197052001953e+00
1.040561199188232422e+00
6.477709114551544189e-02
1.992536522448062897e-02
1.233699396252632141e-01
0.000000000000000000e+00
2.559449076652526855e-01
0.000000000000000000e+00
4.963949620723724365e-01
0.000000000000000000e+00
3.275857269763946533e-01
2.341729998588562012e-01
1.833355575799942017e-01
1.631872504949569702e-01
1.875389963388442993e-01
5.334005355834960938e-01
4.992726072669029236e-02
9.893851876258850098e-01
0.000000000000000000e+00
1.905295299366116524e-03
2.071838639676570892e-02
6.972078233957290649e-02
2.158649079501628876e-02
8.072647452354431152e-02
6.160852313041687012e-02
1.546506881713867188e-01
4.356722831726074219e-01
2.834852039813995361e-02
3.632990121841430664e-01
1.275966286659240723e+00
3.782751504331827164e-03
0.000000000000000000e+00
0.000000000000000000e+00
5.899255871772766113e-01
5.829991102218627930e-01
5.184825658798217773e-01
1.233284622430801392e-01
9.758791327476501465e-01
5.077292919158935547e-01
1.177778616547584534e-01
3.836185634136199951e-01
2.939688414335250854e-02
8.651993423700332642e-02
0.000000000000000000e+00
6.197727322578430176e-01
1.066994667053222656e-01
2.227354981005191803e-02
0.000000000000000000e+00
1.964396595954895020e+00
5.797629356384277344e-01
1.808953285217285156e+00
1.642956495285034180e+00
9.161157906055450439e-02
0.000000000000000000e+00
8.635203838348388672e-01
0.000000000000000000e+00
2.395492553710937500e+00
1.334625631570816040e-01
2.669788710772991180e-02
1.514197945594787598e+00
2.409245073795318604e-01
0.000000000000000000e+00
2.440337181091308594e+00
5.013789981603622437e-02
2.024960368871688843e-01
1.715136617422103882e-01
1.120914101600646973e+00
1.530997037887573242e+00
9.169056415557861328e-01
6.316455453634262085e-02
1.557240188121795654e-01
1.324656009674072266e-01
7.685957849025726318e-02
4.120995402336120605e-01
3.167851865291595459e-01
2.802905738353729248e-01
4.702643454074859619e-01
4.650782644748687744e-01
9.352719187736511230e-01
3.355934843420982361e-02
3.242518007755279541e-01
5.513999238610267639e-02
1.136003807187080383e-01
1.787928193807601929e-01
4.362721368670463562e-02
5.308220386505126953e-01
9.683197736740112305e-01
0.000000000000000000e+00
1.843147096224129200e-03
4.513719305396080017e-02
0.000000000000000000e+00
2.640957236289978027e-01
0.000000000000000000e+00
8.088457398116588593e-03
1.055105403065681458e-02
0.000000000000000000e+00
6.007430609315633774e-03
0.000000000000000000e+00
6.075472831726074219e-01
5.354188680648803711e-01
1.241924427449703217e-02
8.427134156227111816e-01
3.704023733735084534e-02
1.147060871124267578e+00
7.306342720985412598e-01
2.991637468338012695e+00
4.243780374526977539e-01
1.460993196815252304e-02
1.039533615112304688e+00
1.526241540908813477e+00
0.000000000000000000e+00
1.856490969657897949e-01
0.000000000000000000e+00
5.753178894519805908e-02
9.183105081319808960e-03
1.293503195047378540e-01
5.343216061592102051e-01
2.145145833492279053e-02
8.799645304679870605e-02
2.293434292078018188e-01
4.000075161457061768e-01
8.265558630228042603e-02
8.130413293838500977e-02
5.538323521614074707e-02
3.625237196683883667e-02
1.187662601470947266e+00
2.755672633647918701e-01
1.231677606701850891e-01
0.000000000000000000e+00
2.100476175546646118e-01
1.670328974723815918e-01
3.724823240190744400e-03
6.557761430740356445e-01
2.669160127639770508e+00
1.446812868118286133e+00
1.676766395568847656e+00
1.169801652431488037e-01
1.321240901947021484e+00
0.000000000000000000e+00
1.197233446873724461e-03
1.258493423461914062e+00
5.467467904090881348e-01
0.000000000000000000e+00
0.000000000000000000e+00
1.703575998544692993e-02
2.488621473312377930e-01
1.827252805233001709e-01
1.559177339076995850e-01
2.949549674987792969e+00
1.424611926078796387e+00
1.661886461079120636e-02
3.058622404932975769e-02
8.622857742011547089e-03
1.577050328254699707e+00
0.000000000000000000e+00
4.510779380798339844e-01
7.289731502532958984e-02
0.000000000000000000e+00
0.000000000000000000e+00
0.000000000000000000e+00
3.161913901567459106e-02
9.438533335924148560e-02
8.819472789764404297e-02
1.436296403408050537e-01
2.671706378459930420e-01
1.120845153927803040e-01
0.000000000000000000e+00
1.484261155128479004e+00
9.494737721979618073e-03
9.108082205057144165e-02
0.000000000000000000e+00
1.081153899431228638e-01
5.112163424491882324e-01
0.000000000000000000e+00
5.440317392349243164e-01
2.710785627365112305e+00
4.903087392449378967e-02
4.692459106445312500e-01
1.691607236862182617e-01
0.000000000000000000e+00
1.453851908445358276e-01
1.777054369449615479e-02
5.694273114204406738e-01
1.078551560640335083e-01
5.513034462928771973e-01
4.574409872293472290e-02
0.000000000000000000e+00
3.990878909826278687e-02
2.402143478393554688e+00
8.737564831972122192e-02
1.254982203245162964e-01
4.397379979491233826e-02
9.429559856653213501e-02
0.000000000000000000e+00
2.178039550781250000e-01
9.528864622116088867e-01
1.864675283432006836e-01
3.576610684394836426e-01
1.443280577659606934e-01
1.707144975662231445e-01
3.426030576229095459e-01
0.000000000000000000e+00
2.136080980300903320e+00
0.000000000000000000e+00
4.163303077220916748e-01
5.965216457843780518e-02
0.000000000000000000e+00
1.540821433067321777e+00
8.047130107879638672e-01
1.903480738401412964e-01
9.217909723520278931e-02
1.971211582422256470e-01
1.910108804702758789e+00
6.018903851509094238e-02
1.160864353179931641e+00
1.040536046028137207e+00
4.436378777027130127e-01
8.331024087965488434e-03
1.669978737831115723e+00
4.492713510990142822e-01
2.425554692745208740e-01
8.717340230941772461e-01
0.000000000000000000e+00
0.000000000000000000e+00
2.723006159067153931e-02
4.034437239170074463e-02
1.303798556327819824e-01
1.280553988181054592e-03
2.617855072021484375e-01
0.000000000000000000e+00
3.151771068572998047e+00
2.277884632349014282e-01
2.038534164428710938e+00
0.000000000000000000e+00
1.833917200565338135e-02
3.928450345993041992e+00
0.000000000000000000e+00
0.000000000000000000e+00
2.191511914134025574e-03
0.000000000000000000e+00
3.825217187404632568e-01
6.219176650047302246e-01
2.921020507812500000e+00
0.000000000000000000e+00
2.391259558498859406e-02
2.207876890897750854e-01
7.576275616884231567e-02
0.000000000000000000e+00
0.000000000000000000e+00
4.774533957242965698e-02
3.074742555618286133e-01
5.058226585388183594e-01
9.266079664230346680e-01
6.599549055099487305e-01
3.554582893848419189e-01
5.940819978713989258e-01
2.950722873210906982e-01
9.981770999729633331e-03
2.791549265384674072e-01
7.159953005611896515e-03
0.000000000000000000e+00
2.375154644250869751e-01
2.852088809013366699e-01
6.843424439430236816e-01
1.807675659656524658e-01
0.000000000000000000e+00
4.853326827287673950e-02
8.591884970664978027e-01
0.000000000000000000e+00
1.423569560050964355e+00
1.178567782044410706e-01
1.455707788467407227e+00
4.858556389808654785e-01
1.756035089492797852e-01
3.054856695234775543e-02
3.858715295791625977e-02
6.263636983931064606e-03
0.000000000000000000e+00
4.672003909945487976e-02
1.981082409620285034e-01
3.352826833724975586e-02
3.908110558986663818e-01
1.078709866851568222e-02
2.550376206636428833e-02
1.428266316652297974e-01
6.482938528060913086e-01
2.333407849073410034e-01
7.738200426101684570e-01
3.686605021357536316e-02
1.093227975070476532e-02
2.706140995025634766e+00
1.526316553354263306e-01
1.015112876892089844e+00
9.593693539500236511e-03
3.973187804222106934e-01
1.844362467527389526e-01
3.993262350559234619e-01
2.359426617622375488e-01
1.156078934669494629e+00
4.503367543220520020e-01
6.625383347272872925e-02
2.366650290787220001e-02
2.422475069761276245e-02
0.000000000000000000e+00
0.000000000000000000e+00
3.283792734146118164e-01
2.436992898583412170e-02
1.326868653297424316e+00
2.011023759841918945e-01
1.776572585105895996e+00
1.745734363794326782e-01
1.024850964546203613e+00
1.623743057250976562e+00
0.000000000000000000e+00
8.508263528347015381e-02
0.000000000000000000e+00
1.864537596702575684e-02
1.705910414457321167e-01
1.418584212660789490e-02
3.925172984600067139e-02
3.822843134403228760e-01
1.058070302009582520e+00
0.000000000000000000e+00
0.000000000000000000e+00
3.226543664932250977e-01
4.023465216159820557e-01
1.164276003837585449e+00
1.592835187911987305e-01
0.000000000000000000e+00
4.345181956887245178e-02
0.000000000000000000e+00
2.106053590774536133e+00
0.000000000000000000e+00
1.179328002035617828e-02
0.000000000000000000e+00
6.773252971470355988e-04
0.000000000000000000e+00
1.192466355860233307e-02
2.309894800186157227e+00
3.301228880882263184e-01
3.882123564835637808e-04
4.808438569307327271e-02
8.130330592393875122e-02
3.248451650142669678e-01
9.843993932008743286e-02
2.229908704757690430e-01
2.150694429874420166e-01
1.518176794052124023e-01
5.300144851207733154e-02
3.121675252914428711e-01
1.983716934919357300e-01
3.189534321427345276e-02
1.718231663107872009e-02
7.555460184812545776e-02
4.318938255310058594e+00
2.532222867012023926e-01
2.302110008895397186e-02
7.809280753135681152e-01
3.013104386627674103e-02
0.000000000000000000e+00
3.189012408256530762e-02
0.000000000000000000e+00
5.418531224131584167e-02
0.000000000000000000e+00
5.604439973831176758e-02
3.176350593566894531e-01
1.740229964256286621e+00
6.561179459095001221e-02
1.862088218331336975e-02
1.925155869685113430e-03
9.236141107976436615e-03
3.808263540267944336e-01
1.230996549129486084e-01
7.412011027336120605e-01
8.434119224548339844e-01
1.766837537288665771e-01
1.284976862370967865e-02
3.706508576869964600e-01
9.767495095729827881e-02
1.552027463912963867e+00
7.674967050552368164e-01
2.289392426609992981e-02
5.962129682302474976e-02
1.470706164836883545e-01
3.040455281734466553e-01
0.000000000000000000e+00
0.000000000000000000e+00
2.063873782753944397e-02
3.206523656845092773e-01
1.392608284950256348e+00
9.855680465698242188e-01
3.598189949989318848e-01
1.315583437681198120e-01
7.112450003623962402e-01
3.391849622130393982e-02
7.108379155397415161e-02
4.162652790546417236e-02
3.713348507881164551e-02
0.000000000000000000e+00
1.183295771479606628e-01
3.832778194919228554e-03
1.318621486425399780e-01
0.000000000000000000e+00
1.141247749328613281e+00
0.000000000000000000e+00
0.000000000000000000e+00
0.000000000000000000e+00
4.069767426699399948e-03
5.701366462744772434e-04
4.991952478885650635e-01
1.665220409631729126e-01
1.478993594646453857e-01
1.947249174118041992e+00
2.575440645217895508e+00
0.000000000000000000e+00
6.783272624015808105e-01
1.211137771606445312e+00
1.793071329593658447e-01
7.146396040916442871e-01
1.006027404218912125e-02
1.148549795150756836e+00
1.494125574827194214e-01
0.000000000000000000e+00
2.167814254760742188e+00
1.674686312675476074e+00
2.530057132244110107e-01
4.036076664924621582e-01
2.808343410491943359e+00
1.478684693574905396e-02
4.542831480503082275e-01
3.076114133000373840e-02
4.507482945919036865e-01
1.009967178106307983e-02
2.312067002058029175e-01
2.104539424180984497e-01
5.077082663774490356e-02
5.559610724449157715e-01
1.485561728477478027e-01
3.145775198936462402e-02
4.403060767799615860e-03
3.056161105632781982e-02
4.354363381862640381e-01
0.000000000000000000e+00
7.142369449138641357e-02
5.148846507072448730e-01
3.532682061195373535e-01
1.114768628031015396e-02
3.405287861824035645e-02
5.077715516090393066e-01
7.850195169448852539e-01
9.803317487239837646e-03
1.884411573410034180e-01
0.000000000000000000e+00
0.000000000000000000e+00
3.425371944904327393e-01
1.258285045623779297e-01
1.060924679040908813e-02
6.460209935903549194e-02
1.169419407844543457e+00
1.539079993963241577e-01
4.056614357978105545e-03
4.925923645496368408e-01
7.215238213539123535e-01
4.262270331382751465e-01
6.192136555910110474e-03
5.891320109367370605e-01
0.000000000000000000e+00
4.635197576135396957e-03
0.000000000000000000e+00
2.125100612640380859e+00
1.551176905632019043e+00
5.009833574295043945e-01
4.334428012371063232e-01
1.420227885246276855e+00
0.000000000000000000e+00
1.630985736846923828e-01
0.000000000000000000e+00
2.481948882341384888e-01
6.044788956642150879e-01
0.000000000000000000e+00
0.000000000000000000e+00
3.689118623733520508e-01
2.493001073598861694e-01
4.390067100524902344e+00
1.372690349817276001e-01
1.394724398851394653e-01
6.214408874511718750e-01
3.147574067115783691e-01
1.717808283865451813e-02
2.754901647567749023e-01
2.315101176500320435e-01
2.290091037750244141e+00
0.000000000000000000e+00
0.000000000000000000e+00
0.000000000000000000e+00
2.699240148067474365e-01
4.846759885549545288e-02
1.080313697457313538e-01
3.062107786536216736e-02
0.000000000000000000e+00
8.383872918784618378e-03
2.144341319799423218e-01
1.657087355852127075e-01
1.103936880826950073e-01
8.800185322761535645e-01
2.914021611213684082e-01
8.310864567756652832e-01
3.500188887119293213e-02
0.000000000000000000e+00
2.909077890217304230e-02
2.180930376052856445e-01
4.585453309118747711e-03
4.245821759104728699e-02
0.000000000000000000e+00
0.000000000000000000e+00
2.830696664750576019e-02
2.552129141986370087e-02
2.676593363285064697e-01
1.849994897842407227e+00
3.247105702757835388e-02
4.298545420169830322e-01
7.517566084861755371e-01
7.445044815540313721e-02
3.540580868721008301e-01
3.001487553119659424e-01
4.019335901830345392e-04
1.027448996901512146e-01
7.747290730476379395e-01
2.141466923058032990e-02
1.531867235898971558e-01
2.028731256723403931e-01
1.164018988609313965e+00
5.545501232147216797e+00
1.322221755981445312e-01
0.000000000000000000e+00
1.452856883406639099e-02
2.647359669208526611e-01
9.806893765926361084e-03
3.283260166645050049e-01
2.175088226795196533e-02
0.000000000000000000e+00
4.756435453891754150e-01
1.761586070060729980e+00
3.075169324874877930e-01
6.983850598335266113e-01
0.000000000000000000e+00
1.228916645050048828e+00
3.949702084064483643e-01
1.410711705684661865e-01
9.506380558013916016e-02
1.880703419446945190e-01
4.399672895669937134e-02
3.141614794731140137e-02
6.332243233919143677e-02
1.799094490706920624e-02
5.257028341293334961e-02
0.000000000000000000e+00
8.180129528045654297e-01
5.227532610297203064e-02
2.641129493713378906e-02
2.348082065582275391e-01
3.204925358295440674e-02
3.998401225544512272e-04
1.269732713699340820e+00
4.465679638087749481e-03
1.664863079786300659e-01
6.763196587562561035e-01
3.203644752502441406e-01
1.394187193363904953e-02
0.000000000000000000e+00
0.000000000000000000e+00
1.217906326055526733e-01
0.000000000000000000e+00
4.048081114888191223e-02
9.625586867332458496e-02
2.762042582035064697e-01
3.276896476745605469e-02
6.969197392463684082e-01
3.168851137161254883e-01
0.000000000000000000e+00
6.462982296943664551e-02
2.857005000114440918e-01
1.009938240051269531e+00
2.161248475313186646e-01
2.341366261243820190e-01
0.000000000000000000e+00
1.976350992918014526e-01
1.250234693288803101e-01
1.218672022223472595e-01
4.655945301055908203e+00
1.128491610288619995e-01
3.475296497344970703e-02
2.139860242605209351e-01
3.345969021320343018e-01
4.902651011943817139e-01
2.671191990375518799e-01
7.737983018159866333e-02
4.695614874362945557e-01
8.124689012765884399e-02
2.389469593763351440e-01
8.312530070543289185e-02
1.279083847999572754e+00
3.458631932735443115e-01
0.000000000000000000e+00
3.816843926906585693e-01
3.620745241641998291e-01
1.380335688591003418e-01
0.000000000000000000e+00
3.010874092578887939e-01
0.000000000000000000e+00
0.000000000000000000e+00
0.000000000000000000e+00
2.209051698446273804e-01
4.569644033908843994e-01
8.880779743194580078e-01
1.805168576538562775e-02
4.082799553871154785e-01
2.911699533462524414e+00
0.000000000000000000e+00
0.000000000000000000e+00
1.435201913118362427e-01
2.213711664080619812e-02
1.749803870916366577e-02
1.272466063499450684e+00
5.368157289922237396e-03
0.000000000000000000e+00
4.378491401672363281e+00
0.000000000000000000e+00
1.569231986999511719e+00
6.188705563545227051e-02
3.262498602271080017e-02
3.512166142463684082e-01
1.825894117355346680e-01
0.000000000000000000e+00
1.986204832792282104e-02
0.000000000000000000e+00
0.000000000000000000e+00
2.394192218780517578e+00
1.094269156455993652e+00
1.392936825752258301e+00
4.047314450144767761e-02
1.953283250331878662e-01
2.427717298269271851e-01
4.030713081359863281e+00
4.868197068572044373e-02
1.828189641237258911e-01
0.000000000000000000e+00
0.000000000000000000e+00
5.790514945983886719e-01
1.110791921615600586e+00
3.591692075133323669e-02
8.581012487411499023e-02
3.511634469032287598e-01
8.197291493415832520e-01
0.000000000000000000e+00
2.301070541143417358e-01
1.118113636970520020e+00
9.487626701593399048e-02
1.644323579967021942e-02
5.417690426111221313e-02
0.000000000000000000e+00
1.128766983747482300e-01
6.602334976196289062e-01
2.200059825554490089e-03
7.877362370491027832e-01
1.068595983088016510e-02
1.790189594030380249e-01
1.545384228229522705e-01
9.227260202169418335e-02
1.919639408588409424e-01
6.656270623207092285e-01
1.983765065670013428e-01
3.422441706061363220e-02
3.008892238140106201e-01
2.852985262870788574e-01
3.089659148827195168e-03
1.513606682419776917e-02
1.488654501736164093e-02
3.315063118934631348e-01
1.423997431993484497e-01
0.000000000000000000e+00
1.012104153633117676e-01
1.117995604872703552e-01
0.000000000000000000e+00
0.000000000000000000e+00
2.960152551531791687e-02
3.711363673210144043e-02
8.692109584808349609e-02
1.504899747669696808e-02
1.620714664459228516e-01
3.719913656823337078e-04
3.427109122276306152e-01
2.045153856277465820e+00
2.810215577483177185e-03
4.334609210491180420e-02
1.372210502624511719e+00
0.000000000000000000e+00
1.156485602259635925e-01
2.731575444340705872e-02
4.352106451988220215e-01
5.069719552993774414e-01
1.169356983155012131e-02
2.503977715969085693e-01
4.630036652088165283e-02
3.433156013488769531e-01
0.000000000000000000e+00
0.000000000000000000e+00
3.312656641006469727e+00
2.165157079696655273e+00
1.118178293108940125e-01
6.518367677927017212e-02
1.073510665446519852e-02
2.612799033522605896e-02
7.805086672306060791e-02
2.851394750177860260e-02
1.996276259422302246e+00
1.138509530574083328e-02
8.619239926338195801e-01
2.679122686386108398e-01
1.093514800071716309e+00
2.779724542051553726e-03
5.797621011734008789e-01
1.520684745628386736e-04
1.051034196279942989e-03
3.146316766738891602e+00
3.056660294532775879e-01
1.275884032249450684e+00
1.349101513624191284e-01
0.000000000000000000e+00
2.056016772985458374e-02
0.000000000000000000e+00
9.063939750194549561e-02
1.948715746402740479e-01
3.499529361724853516e-01
6.466475725173950195e-01
7.811750750988721848e-03
1.368585675954818726e-01
1.629440933465957642e-01
3.083808161318302155e-02
5.331876501441001892e-02
4.019309207797050476e-02
3.243521153926849365e-01
1.840407587587833405e-02
0.000000000000000000e+00
0.000000000000000000e+00
4.851569607853889465e-02
2.283397674560546875e+00
1.421940978616476059e-02
4.195789992809295654e-02
1.871794462203979492e-01
6.767158396542072296e-03
2.899194508790969849e-02
2.641359269618988037e-01
2.155919820070266724e-01
1.899125427007675171e-01
2.072767168283462524e-02
0.000000000000000000e+00
6.799317151308059692e-02
0.000000000000000000e+00
1.437769979238510132e-01
2.003903090953826904e-01
4.255911335349082947e-03
2.275418758392333984e+00
1.109508331865072250e-02
2.996306419372558594e-01
5.650284234434366226e-03
0.000000000000000000e+00
5.699365865439176559e-03
4.744114726781845093e-02
4.306999146938323975e-01
2.145541273057460785e-02
7.388599216938018799e-03
0.000000000000000000e+00
7.797217965126037598e-01
6.715091317892074585e-02
7.112085819244384766e-02
1.855284571647644043e-01
5.023325607180595398e-02
4.017528146505355835e-02
0.000000000000000000e+00
2.516312837600708008e+00
4.091857671737670898e-01
1.764434576034545898e-01
6.823892146348953247e-02
9.502448439598083496e-01
7.470138370990753174e-03
0.000000000000000000e+00
9.522630572319030762e-01
5.837740376591682434e-02
0.000000000000000000e+00
1.210525512695312500e+00
1.663616742007434368e-03
0.000000000000000000e+00
1.108165681362152100e-01
4.042103290557861328e-01
4.764638468623161316e-02
1.152326464653015137e-01
6.693922281265258789e-01
5.019942298531532288e-03
2.950851619243621826e-01
2.923724427819252014e-02
1.705128550529479980e+00
2.091010332107543945e+00
4.471126496791839600e-01
1.442811727523803711e+00
3.381738439202308655e-02
1.729491233825683594e+00
1.528393328189849854e-01
8.391291499137878418e-01
3.766826540231704712e-02
8.558047562837600708e-02
0.000000000000000000e+00
8.418418765068054199e-01
5.859484151005744934e-02
0.000000000000000000e+00
1.376543045043945312e-01
1.732257604598999023e-01
0.000000000000000000e+00
1.246061548590660095e-01
1.089426595717668533e-02
2.551915049552917480e-01
5.549422502517700195e-01
2.951847910881042480e-01
2.785444021224975586e+00
3.653495907783508301e-01
1.318535767495632172e-02
1.013478450477123260e-02
1.524576246738433838e-01
9.525435417890548706e-02
6.541343927383422852e-01
0.000000000000000000e+00
4.422487616539001465e-01
1.440567672252655029e-01
0.000000000000000000e+00
7.625200599431991577e-02
1.990270614624023438e+00
1.779780238866806030e-01
0.000000000000000000e+00
6.707152351737022400e-04
7.415884733200073242e-02
0.000000000000000000e+00
0.000000000000000000e+00
2.145517617464065552e-02
4.360022246837615967e-01
7.052469998598098755e-03
0.000000000000000000e+00
4.485422372817993164e-02
1.435666694305837154e-03
6.516621112823486328e-01
3.795399144291877747e-02
1.228633761405944824e+00
1.120448857545852661e-01
0.000000000000000000e+00
0.000000000000000000e+00
0.000000000000000000e+00
0.000000000000000000e+00
2.543742954730987549e-01
3.355332612991333008e-01
8.487781137228012085e-02
1.208957552909851074e+00
6.723430007696151733e-02
2.653934359550476074e-01
7.262157648801803589e-02
1.589949131011962891e+00
0.000000000000000000e+00
6.472196429967880249e-02
8.799291253089904785e-01
1.540626883506774902e-01
6.211871653795242310e-02
6.859698891639709473e-01
0.000000000000000000e+00
1.120990440249443054e-01
5.175272822380065918e-01
0.000000000000000000e+00
1.274231523275375366e-01
2.420485734939575195e+00
2.280666828155517578e+00
2.288896441459655762e-01
2.207763493061065674e-01
2.375283464789390564e-02
8.906920552253723145e-01
1.060732752084732056e-01
3.952237367630004883e-01
5.851428508758544922e-01
0.000000000000000000e+00
4.880343973636627197e-01
2.790465950965881348e-01
1.280844807624816895e-01
2.217924356460571289e+00
1.553093641996383667e-01
7.090749740600585938e-01
1.828491210937500000e+00
8.589252084493637085e-02
2.612641453742980957e-01
7.911912798881530762e-01
6.575581431388854980e-01
9.890009760856628418e-01
9.659995138645172119e-02
5.908462684601545334e-03
7.784881591796875000e-01
1.342280745506286621e+00
1.386390924453735352e-01
5.961079522967338562e-02
0.000000000000000000e+00
2.428097873926162720e-01
7.676295191049575806e-02
1.478585451841354370e-01
2.027647733688354492e+00
2.880135923624038696e-02
1.180313676595687866e-01
0.000000000000000000e+00
1.079894661903381348e+00
1.481582224369049072e-02
0.000000000000000000e+00
5.375967547297477722e-02
3.017202317714691162e-01
3.871391713619232178e-01
0.000000000000000000e+00
8.252426385879516602e-01
1.350177973508834839e-01
0.000000000000000000e+00
6.634358316659927368e-02
0.000000000000000000e+00
1.250148098915815353e-02
3.231532573699951172e-01
0.000000000000000000e+00
6.486103534698486328e-01
2.761903762817382812e+00
3.911639377474784851e-02
8.226010948419570923e-02
6.958158016204833984e-01
1.322100907564163208e-01
2.302352041006088257e-01
1.026596291922032833e-03
0.000000000000000000e+00
0.000000000000000000e+00
5.854924917221069336e-01
3.264470770955085754e-02
2.721179127693176270e-01
1.757803745567798615e-02
7.729206234216690063e-02
5.398303736001253128e-03
1.138931512832641602e-01
0.000000000000000000e+00
3.352042660117149353e-02
3.252410650253295898e+00
7.422841154038906097e-03
6.878848187625408173e-03
0.000000000000000000e+00
6.513362377882003784e-02
7.475992441177368164e-01
3.193920850753784180e-02
2.524971961975097656e-01
1.017302200198173523e-01
0.000000000000000000e+00
3.166808560490608215e-02
0.000000000000000000e+00
2.280667126178741455e-01
1.203194856643676758e+00
2.402138710021972656e-02
