2.403308823704719543e-02
3.727196753025054932e-01
1.611286308616399765e-03
1.145600080490112305e-01
9.109253436326980591e-02
2.109925746917724609e+00
1.504450384527444839e-02
0.000000000000000000e+00
6.418389081954956055e-01
8.138564825057983398e-01
7.912120223045349121e-02
5.996074154973030090e-02
2.334180623292922974e-01
2.001974135637283325e-01
1.440566927194595337e-01
1.950578242540359497e-01
3.158647101372480392e-03
9.083697795867919922e-01
1.307673305273056030e-01
1.077846158295869827e-02
1.219050437211990356e-01
3.170129284262657166e-02
0.000000000000000000e+00
5.493026971817016602e-02
1.383757125586271286e-02
2.512031197547912598e-01
2.093439176678657532e-02
1.540836095809936523e-01
1.170686483383178711e-01
0.000000000000000000e+00
6.000969931483268738e-02
0.000000000000000000e+00
2.669636607170104980e-01
1.073794439435005188e-02
8.331909030675888062e-02
1.295048594474792480e+00
5.454552769660949707e-01
9.178031086921691895e-01
2.250760495662689209e-01
9.441912174224853516e-01
2.312639057636260986e-01
1.657127169892191887e-03
5.191769599914550781e-01
4.128880500793457031e-01
8.958213925361633301e-01
1.394039243459701538e-01
3.696277365088462830e-02
8.146977424621582031e-01
1.066840216517448425e-01
1.341911196708679199e+00
3.235878050327301025e-01
1.936811357736587524e-01
0.000000000000000000e+00
1.942683756351470947e-01
5.592101812362670898e-02
4.050279036164283752e-02
0.000000000000000000e+00
6.226084232330322266e-01
4.534842073917388916e-02
7.343088388442993164e-01
1.024029776453971863e-01
2.656977474689483643e-01
2.815643250942230225e-01
2.473283261060714722e-01
8.938582614064216614e-03
3.870577365159988403e-02
2.720037996768951416e-01
8.550976514816284180e-01
6.342749111354351044e-03
0.000000000000000000e+00
3.761596679687500000e-01
1.430045217275619507e-01
0.000000000000000000e+00
4.028559327125549316e-01
3.431799709796905518e-01
2.954016253352165222e-02
0.000000000000000000e+00
1.371683329343795776e-01
1.870104484260082245e-02
5.080853775143623352e-02
9.834530949592590332e-01
4.283154383301734924e-02
3.247458338737487793e-01
2.253175020217895508e+00
3.371472656726837158e-02
8.514840900897979736e-02
2.330347895622253418e-02
1.044056341052055359e-01
2.090530991554260254e-01
8.759826421737670898e-02
6.454390287399291992e-02
1.550997346639633179e-01
2.837907969951629639e-01
3.825792670249938965e-02
0.000000000000000000e+00
7.481289505958557129e-01
6.825346946716308594e-01
6.908961571753025055e-03
2.977130115032196045e-01
6.786553561687469482e-02
0.000000000000000000e+00
2.874587178230285645e-01
7.162621021270751953e-01
4.189085662364959717e-01
0.000000000000000000e+00
5.206367000937461853e-02
1.911735981702804565e-01
1.212749164551496506e-02
1.330629922449588776e-03
1.852414846420288086e+00
1.145804166793823242e+00
2.253957241773605347e-01
0.000000000000000000e+00
1.476214051246643066e+00
1.578207463026046753e-01
0.000000000000000000e+00
6.694498658180236816e-01
1.274632066488265991e-01
2.753624916076660156e-01
0.000000000000000000e+00
2.374949455261230469e+00
0.000000000000000000e+00
3.255083784461021423e-02
0.000000000000000000e+00
6.100360870361328125e+00
1.286445884034037590e-03
5.243296623229980469e-01
2.259610220789909363e-02
1.194649100303649902e+00
1.567123830318450928e-01
3.512936085462570190e-02
2.841109931468963623e-01
3.083103895187377930e-01
0.000000000000000000e+00
1.770577728748321533e-01
7.353609055280685425e-02
5.369937792420387268e-02
3.340809419751167297e-02
5.193221941590309143e-02
6.382027268409729004e-01
9.213319420814514160e-02
8.271133899688720703e-02
9.549406170845031738e-01
5.718784928321838379e-01
2.281542271375656128e-01
8.605484962463378906e-01
6.095779244787991047e-04
1.045513391494750977e+00
0.000000000000000000e+00
9.498880058526992798e-02
1.482529640197753906e+00
2.687576413154602051e-02
2.486776113510131836e-01
1.130757853388786316e-01
3.719812929630279541e-01
1.088589150458574295e-02
2.616647817194461823e-02
1.410753652453422546e-02
8.459881879389286041e-03
2.393671683967113495e-02
3.430501744151115417e-02
0.000000000000000000e+00
1.008516252040863037e-01
3.668997585773468018e-01
1.946134865283966064e-02
9.012753963470458984e-01
0.000000000000000000e+00
1.037408113479614258e-01
1.034586951136589050e-01
7.740027457475662231e-02
6.546459794044494629e-01
6.590391695499420166e-02
0.000000000000000000e+00
1.167557165026664734e-01
0.000000000000000000e+00
8.794291019439697266e-01
0.000000000000000000e+00
8.552867174148559570e-01
2.001772969961166382e-01
2.664358019828796387e-01
2.458959668874740601e-01
1.011457219719886780e-01
0.000000000000000000e+00
1.010644882917404175e-01
1.223665177822113037e-01
2.982086036354303360e-03
2.087118327617645264e-01
7.317200303077697754e-01
4.063108563423156738e-02
6.133407354354858398e-02
4.532313823699951172e+00
4.839346110820770264e-01
0.000000000000000000e+00
6.483401358127593994e-02
7.672544568777084351e-02
3.070173319429159164e-03
3.045889437198638916e-01
5.715026259422302246e-01
3.563724085688591003e-02
6.454090029001235962e-02
2.538881599903106689e-01
6.982561349868774414e-01
1.719381101429462433e-02
2.351375296711921692e-02
5.974181741476058960e-02
0.000000000000000000e+00
1.792651265859603882e-01
4.467214584350585938e+00
1.917795091867446899e-01
1.940038241446018219e-02
3.180195018649101257e-02
1.298049688339233398e-01
2.135811932384967804e-02
8.253535628318786621e-01
4.637759178876876831e-02
1.838247478008270264e-01
2.348560810089111328e+00
1.002190075814723969e-02
3.020937182009220123e-02
1.007265150547027588e-01
3.353971242904663086e-02
2.894098758697509766e-01
3.282685764133930206e-03
0.000000000000000000e+00
3.892260044813156128e-02
6.795826554298400879e-01
7.031507790088653564e-02
1.816956996917724609e-01
1.248903945088386536e-01
1.481478512287139893e-01
6.551133841276168823e-02
1.578482091426849365e-01
1.130950301885604858e-01
0.000000000000000000e+00
0.000000000000000000e+00
1.086728096008300781e+00
4.627704322338104248e-01
1.450137421488761902e-02
0.000000000000000000e+00
9.624520316720008850e-04
6.292612552642822266e-01
2.311581559479236603e-02
0.000000000000000000e+00
1.533180847764015198e-02
7.215312123298645020e-02
1.925904750823974609e-01
1.608072966337203979e-02
0.000000000000000000e+00
0.000000000000000000e+00
1.397755742073059082e-01
2.889981865882873535e-02
2.691131234169006348e-01
0.000000000000000000e+00
8.307476527988910675e-04
1.219386816024780273e+00
4.468958824872970581e-02
4.819354042410850525e-03
4.248935438226908445e-04
0.000000000000000000e+00
1.946163624525070190e-01
4.641705006361007690e-02
7.257506716996431351e-03
7.132420539855957031e-01
0.000000000000000000e+00
1.348460186272859573e-02
3.276722133159637451e-02
0.000000000000000000e+00
6.113721802830696106e-02
5.270194411277770996e-01
2.121126651763916016e-01
1.709969341754913330e-01
2.193870693445205688e-01
1.669466495513916016e-01
3.832075297832489014e-01
2.830896973609924316e-01
1.490512490272521973e-01
0.000000000000000000e+00
0.000000000000000000e+00
2.166092991828918457e-01
6.307067275047302246e-01
0.000000000000000000e+00
3.658432960510253906e-01
7.749971747398376465e-02
5.909009836614131927e-03
7.817256450653076172e-01
3.289969265460968018e-01
1.430241391062736511e-03
4.637278318405151367e-01
1.697380185127258301e+00
1.294419020414352417e-01
8.809270858764648438e-01
8.735420554876327515e-02
1.235483027994632721e-02
4.337372779846191406e-01
0.000000000000000000e+00
1.448915153741836548e-01
1.369587481021881104e-01
1.270199567079544067e-01
2.308453805744647980e-02
1.021184444427490234e+00
2.431624680757522583e-01
2.720979228615760803e-02
1.243215441703796387e+00
1.067444756627082825e-01
1.562097854912281036e-02
1.638095080852508545e-01
6.234139204025268555e-01
0.000000000000000000e+00
0.000000000000000000e+00
5.202468037605285645e-01
6.773377209901809692e-02
7.534956559538841248e-03
0.000000000000000000e+00
1.247467637062072754e+00
0.000000000000000000e+00
2.362505495548248291e-01
1.859626173973083496e-02
1.847782880067825317e-01
2.826269567012786865e-01
1.729221493005752563e-01
5.033156648278236389e-02
5.737522244453430176e-01
3.624726831912994385e-01
8.504104614257812500e-02
8.969851583242416382e-02
0.000000000000000000e+00
7.852879911661148071e-02
1.325360536575317383e-01
0.000000000000000000e+00
5.809879899024963379e-01
4.141403827816247940e-03
6.835667788982391357e-02
7.314546406269073486e-02
7.082189321517944336e-01
0.000000000000000000e+00
0.000000000000000000e+00
1.210816949605941772e-01
2.484560944139957428e-02
0.000000000000000000e+00
7.005923986434936523e-02
1.232407569885253906e+00
0.000000000000000000e+00
1.067755371332168579e-02
1.310466043651103973e-02
1.684704609215259552e-02
1.587062142789363861e-02
0.000000000000000000e+00
5.678362250328063965e-01
1.152910143136978149e-01
2.815002761781215668e-02
3.805547952651977539e-01
7.460388541221618652e-02
1.310176700353622437e-01
0.000000000000000000e+00
0.000000000000000000e+00
1.798884630203247070e+00
6.241095811128616333e-02
2.642737329006195068e-01
2.284049987792968750e-03
0.000000000000000000e+00
4.821334362030029297e+00
3.071376979351043701e-01
1.560918893665075302e-02
0.000000000000000000e+00
4.521628320217132568e-01
3.407307565212249756e-01
1.967418491840362549e-01
9.068794548511505127e-02
2.902161478996276855e-01
4.759907349944114685e-02
1.799359023571014404e-01
1.031526774168014526e-01
3.155979514122009277e-02
3.053413629531860352e-01
2.023903429508209229e-01
1.136597752571105957e+00
3.934879004955291748e-01
4.234943538904190063e-02
2.646853923797607422e-01
6.057066917419433594e-01
3.788482546806335449e-01
5.149038314819335938e+00
0.000000000000000000e+00
9.799025207757949829e-02
5.579906105995178223e-01
8.008954674005508423e-02
0.000000000000000000e+00
2.664671838283538818e-01
1.238412503153085709e-02
0.000000000000000000e+00
9.073095321655273438e-01
2.938290126621723175e-03
0.000000000000000000e+00
2.984779886901378632e-03
7.628156542778015137e-01
2.101841121912002563e-01
1.441767960786819458e-01
9.892066940665245056e-03
1.484622247517108917e-02
4.247406125068664551e-01
2.318075150251388550e-01
1.779578328132629395e+00
2.181095778942108154e-01
0.000000000000000000e+00
9.162322282791137695e-01
9.048166126012802124e-02
6.547746062278747559e-02
1.035723164677619934e-01
5.056853890419006348e-01
1.066212654113769531e+00
0.000000000000000000e+00
7.673726975917816162e-02
2.132864743471145630e-01
1.348458677530288696e-01
1.211774945259094238e-01
5.694941878318786621e-01
6.162536516785621643e-02
6.504924297332763672e-01
1.078969519585371017e-02
0.000000000000000000e+00
0.000000000000000000e+00
7.919239252805709839e-02
3.274667561054229736e-01
5.129854083061218262e-01
3.059484004974365234e+00
1.939262896776199341e-01
1.741210818290710449e+00
9.399811029434204102e-01
0.000000000000000000e+00
1.158333420753479004e-01
4.035160541534423828e-01
7.376424968242645264e-02
5.031246542930603027e-01
0.000000000000000000e+00
1.474139280617237091e-02
7.644337415695190430e-02
5.849733576178550720e-02
6.151939556002616882e-02
2.656638026237487793e-01
3.857107758522033691e-01
7.337564975023269653e-02
4.712267220020294189e-02
9.947199374437332153e-02
5.314583778381347656e-01
3.826418658718466759e-03
2.272288203239440918e-01
9.976183176040649414e-01
4.610611796379089355e-01
7.226877659559249878e-02
1.725668460130691528e-01
1.644768565893173218e-02
3.522899448871612549e-01
5.008776485919952393e-02
8.657194674015045166e-02
3.554009497165679932e-01
7.017875313758850098e-01
1.353183528408408165e-03
0.000000000000000000e+00
1.745976060628890991e-01
1.644318252801895142e-01
2.671841904520988464e-02
7.515460997819900513e-02
8.550998754799365997e-03
0.000000000000000000e+00
2.380838245153427124e-02
3.902120888233184814e-01
7.463535293936729431e-03
1.960878968238830566e-01
1.339353770017623901e-01
6.152129769325256348e-01
1.494581438601016998e-02
2.672252357006072998e-01
6.811072677373886108e-02
2.876816034317016602e+00
2.820405662059783936e-01
4.999290466308593750e+00
3.503916040062904358e-02
2.597874999046325684e-01
2.708977274596691132e-02
1.064128518104553223e+00
4.242052435874938965e-01
1.116192713379859924e-01
1.145885109901428223e+00
5.816899612545967102e-02
8.273615241050720215e-01
1.675329953432083130e-01
8.684358000755310059e-02
3.029981851577758789e-01
5.075649619102478027e-01
7.776286602020263672e-01
6.223824024200439453e-01
6.379714012145996094e-01
2.632807791233062744e-01
0.000000000000000000e+00
3.350477814674377441e-01
0.000000000000000000e+00
1.282144337892532349e-01
0.000000000000000000e+00
0.000000000000000000e+00
1.131293457001447678e-02
8.018952608108520508e-02
1.010177470743656158e-02
1.014102220535278320e+00
5.940811634063720703e-01
9.924858212471008301e-01
5.329170078039169312e-02
5.312685966491699219e-01
7.457115221768617630e-03
4.131099581718444824e-01
0.000000000000000000e+00
3.357527405023574829e-02
9.417843073606491089e-03
6.506443619728088379e-01
8.394323289394378662e-02
3.600504947826266289e-03
4.987102467566728592e-03
3.190995156764984131e-01
4.261422753334045410e-01
1.027630120515823364e-01
2.238203883171081543e-01
7.872365713119506836e-01
1.202564835548400879e-01
7.083001732826232910e-02
1.396967656910419464e-02
1.517216302454471588e-02
2.954184412956237793e-01
1.268354207277297974e-01
5.420881789177656174e-03
2.797546684741973877e-01
1.970193982124328613e-01
0.000000000000000000e+00
1.693137764930725098e+00
2.268825471401214600e-01
0.000000000000000000e+00
2.328119426965713501e-02
0.000000000000000000e+00
1.341652274131774902e-01
1.918756961822509766e-01
1.108830496668815613e-01
2.830145880579948425e-02
4.038004279136657715e-01
5.601973533630371094e-01
1.806373475119471550e-03
6.482952833175659180e-02
1.384205073118209839e-01
7.346195727586746216e-02
7.006107363849878311e-03
5.974704399704933167e-02
3.266414701938629150e-01
2.051931321620941162e-01
8.146729469299316406e-01
1.141860410571098328e-01
2.904462628066539764e-02
6.818182766437530518e-02
0.000000000000000000e+00
1.979061067104339600e-01
2.382639497518539429e-01
0.000000000000000000e+00
0.000000000000000000e+00
2.077230364084243774e-01
1.451144069433212280e-01
5.147194862365722656e-01
3.262057602405548096e-01
5.538575649261474609e-01
5.528554692864418030e-02
1.080235932022333145e-02
2.147584706544876099e-01
2.013859897851943970e-02
6.980732083320617676e-02
1.467321068048477173e-02
1.899334043264389038e-02
5.862354859709739685e-02
0.000000000000000000e+00
2.837628722190856934e-01
5.733293890953063965e-01
7.918625324964523315e-02
6.777786649763584137e-03
7.217600475996732712e-03
5.028149485588073730e-01
3.179467516019940376e-03
6.830017268657684326e-02
1.834035851061344147e-02
5.169213935732841492e-02
4.394749552011489868e-02
1.737071573734283447e-01
1.764888018369674683e-01
6.571794748306274414e-01
1.067952252924442291e-02
6.616218388080596924e-02
6.480613723397254944e-03
7.505663037300109863e-01
3.877471759915351868e-02
9.951569885015487671e-02
1.233114480972290039e+00
0.000000000000000000e+00
2.062682807445526123e-02
3.092896938323974609e-02
5.678708106279373169e-02
1.513413060456514359e-02
8.029656857252120972e-02
8.260563760995864868e-02
3.745951354503631592e-01
1.141513139009475708e-02
8.288652636110782623e-03
3.390215635299682617e-01
3.627912327647209167e-02
1.089084148406982422e-02
0.000000000000000000e+00
3.567281723022460938e+00
9.933052211999893188e-02
0.000000000000000000e+00
5.565770268440246582e-01
2.432922273874282837e-02
4.368104413151741028e-02
9.887429326772689819e-02
4.258731901645660400e-01
0.000000000000000000e+00
0.000000000000000000e+00
8.437025547027587891e-02
3.185534849762916565e-03
1.305845022201538086e+00
1.047647595405578613e-01
1.064629480242729187e-02
1.195953488349914551e+00
3.015744090080261230e-01
2.941664159297943115e-01
3.007703125476837158e-01
2.321509122848510742e+00
0.000000000000000000e+00
0.000000000000000000e+00
1.403352916240692139e-01
8.084592968225479126e-02
5.593368038535118103e-02
3.380817770957946777e-01
0.000000000000000000e+00
2.997629642486572266e-01
0.000000000000000000e+00
1.130210041999816895e+00
0.000000000000000000e+00
1.701927185058593750e-01
6.964859366416931152e-01
0.000000000000000000e+00
5.045002698898315430e-01
2.757753729820251465e-01
0.000000000000000000e+00
1.226084828376770020e+00
4.261977970600128174e-01
7.364192605018615723e-02
1.333361957222223282e-02
6.261090748012065887e-03
0.000000000000000000e+00
1.031981259584426880e-01
1.082029864192008972e-01
0.000000000000000000e+00
6.421536803245544434e-01
3.859961986541748047e+00
1.476521939039230347e-01
5.144191384315490723e-01
1.953275203704833984e-01
7.825315594673156738e-01
2.854287624359130859e-01
8.425167798995971680e-01
3.882965072989463806e-02
4.099040925502777100e-01
1.249962951987981796e-03
6.983069777488708496e-01
8.935230970382690430e-01
4.384518787264823914e-02
2.262164354324340820e-01
1.276699751615524292e-01
4.476779997348785400e-01
4.050427377223968506e-01
5.114185623824596405e-03
7.377741276286542416e-04
6.948044057935476303e-03
0.000000000000000000e+00
4.543735086917877197e-01
8.673350811004638672e-01
5.383452773094177246e-01
8.085377216339111328e-01
9.769325144588947296e-03
0.000000000000000000e+00
7.655905932188034058e-02
2.068309783935546875e-01
1.883614212274551392e-01
2.257951647043228149e-01
4.306554421782493591e-02
2.051774598658084869e-02
1.316704303026199341e-01
1.317655551247298717e-03
3.464227020740509033e-01
6.744255423545837402e-01
2.946688421070575714e-02
0.000000000000000000e+00
0.000000000000000000e+00
3.977699577808380127e-01
2.249347977340221405e-03
1.656040102243423462e-01
0.000000000000000000e+00
1.080710664391517639e-01
9.804698228836059570e-01
6.990181654691696167e-02
3.394292593002319336e-01
1.415810268372297287e-02
0.000000000000000000e+00
0.000000000000000000e+00
3.680195808410644531e-01
1.689925342798233032e-01
9.352271258831024170e-02
2.746916115283966064e-01
9.455182552337646484e-01
1.274760812520980835e-01
1.662246882915496826e-02
2.467513084411621094e-03
0.000000000000000000e+00
1.544668674468994141e-01
1.712829023599624634e-01
3.920314088463783264e-02
8.045475929975509644e-02
0.000000000000000000e+00
3.916431963443756104e-02
1.738103777170181274e-01
6.632361561059951782e-02
1.604627259075641632e-02
0.000000000000000000e+00
1.519362069666385651e-02
0.000000000000000000e+00
4.797755554318428040e-02
9.835761040449142456e-02
0.000000000000000000e+00
2.447036266326904297e+00
0.000000000000000000e+00
1.630314067006111145e-02
8.685557842254638672e-01
0.000000000000000000e+00
5.591229796409606934e-01
0.000000000000000000e+00
1.975028812885284424e-01
4.295119643211364746e-02
6.672767549753189087e-02
6.125482320785522461e-01
2.056553661823272705e-01
6.584939360618591309e-02
1.535698026418685913e-01
3.220559060573577881e-01
2.233404368162155151e-01
4.282560944557189941e-02
1.330025377683341503e-03
8.186089689843356609e-05
2.875415086746215820e-01
0.000000000000000000e+00
1.842062771320343018e-01
3.047409951686859131e-01
2.868488729000091553e-01
3.334196805953979492e-01
1.316498070955276489e-01
1.598188728094100952e-01
9.928029030561447144e-02
1.106778979301452637e+00
4.251870214939117432e-01
1.099472761154174805e+00
2.340485453605651855e-01
5.581722129136323929e-03
2.510677576065063477e-01
3.174869418144226074e-01
2.028991132974624634e-01
1.458793226629495621e-02
1.782021820545196533e-01
3.580700606107711792e-02
2.653341889381408691e-01
5.663120746612548828e-01
7.474172115325927734e-02
2.433450222015380859e+00
1.665331125259399414e-01
0.000000000000000000e+00
0.000000000000000000e+00
4.156774282455444336e-02
5.163536667823791504e-01
4.987505972385406494e-01
7.156572937965393066e-01
2.164107412099838257e-01
2.723129987716674805e-01
0.000000000000000000e+00
1.007068976759910583e-01
1.178264617919921875e-01
5.027089715003967285e-01
1.253602206707000732e-01
1.635866612195968628e-01
6.355680227279663086e-01
2.718017697334289551e-01
5.666973069310188293e-02
0.000000000000000000e+00
2.539091825485229492e+00
0.000000000000000000e+00
2.130561023950576782e-01
3.087146282196044922e-01
3.043173998594284058e-02
3.743966110050678253e-03
8.467407822608947754e-01
3.198361694812774658e-01
9.363978356122970581e-02
3.504950106143951416e-01
8.148028701543807983e-02
5.958735346794128418e-01
1.376920100301504135e-02
3.675939515233039856e-02
6.802298873662948608e-02
3.155910372734069824e-01
0.000000000000000000e+00
4.043270349502563477e-01
4.490958154201507568e-01
5.519410595297813416e-02
2.018557302653789520e-02
1.999987512826919556e-01
1.962975412607192993e-02
1.446829177439212799e-02
6.250497698783874512e-01
7.353589404374361038e-03
1.295275688171386719e+00
2.632191963493824005e-02
9.968622587621212006e-03
3.133095800876617432e-01
6.894763112068176270e-01
2.611523568630218506e-01
4.680614948272705078e+00
2.915155142545700073e-02
1.800027787685394287e-01
2.833701670169830322e-01
1.333470582962036133e+00
2.941918969154357910e-01
3.438179194927215576e-02
1.781506299972534180e+00
0.000000000000000000e+00
1.067657247185707092e-01
0.000000000000000000e+00
1.280548274517059326e-01
4.162649624049663544e-03
1.613795310258865356e-01
2.882850728929042816e-02
1.499850392341613770e+00
3.237514495849609375e-01
4.462008476257324219e-01
0.000000000000000000e+00
6.416659802198410034e-02
4.456244111061096191e-01
1.683020472526550293e+00
3.737461753189563751e-03
0.000000000000000000e+00
0.000000000000000000e+00
6.787391901016235352e-01
2.147893980145454407e-02
6.348552554845809937e-02
0.000000000000000000e+00
0.000000000000000000e+00
2.192311920225620270e-02
6.792941093444824219e-01
1.099818870425224304e-01
2.932155132293701172e-01
4.713964462280273438e-02
0.000000000000000000e+00
6.162453815340995789e-02
6.448529958724975586e-01
0.000000000000000000e+00
9.726420044898986816e-03
5.307208746671676636e-02
6.416577100753784180e-02
0.000000000000000000e+00
1.495286822319030762e-01
0.000000000000000000e+00
1.850326359272003174e-02
4.322990477085113525e-01
6.800918579101562500e-01
0.000000000000000000e+00
6.286481767892837524e-02
5.232893228530883789e-01
0.000000000000000000e+00
8.681866456754505634e-04
4.656737148761749268e-01
1.396073102951049805e-01
1.499281674623489380e-01
4.759662970900535583e-02
2.605500817298889160e-01
6.158469617366790771e-02
2.612711787223815918e-01
5.446599125862121582e-01
6.098912358283996582e-01
1.547162085771560669e-01
7.073306441307067871e-01
1.272737085819244385e-01
3.212034329771995544e-02
2.212626934051513672e+00
1.228858008980751038e-01
5.065857768058776855e-01
8.039526939392089844e-01
3.801054656505584717e-01
1.248195543885231018e-01
1.951552778482437134e-01
1.138722971081733704e-01
5.271151661872863770e-01
5.492964759469032288e-03
1.389847755432128906e+00
8.893435597419738770e-01
7.597991079092025757e-02
7.367041707038879395e-02
0.000000000000000000e+00
7.426315546035766602e-02
2.223203182220458984e-01
0.000000000000000000e+00
2.564772665500640869e-01
5.213071033358573914e-02
1.390463113784790039e-01
2.697570621967315674e-01
2.133709639310836792e-01
1.929767802357673645e-02
3.702359497547149658e-01
9.407695382833480835e-02
1.163164433091878891e-02
9.713602066040039062e-02
6.752037256956100464e-02
0.000000000000000000e+00
3.832004368305206299e-01
5.823683738708496094e-01
2.181124873459339142e-02
5.486582592129707336e-02
1.046437174081802368e-01
3.951798379421234131e-02
2.674964256584644318e-02
9.644002914428710938e-01
9.689272381365299225e-03
9.102132320404052734e-01
1.503955479711294174e-02
2.347234189510345459e-01
1.513864398002624512e-01
9.194609709084033966e-03
0.000000000000000000e+00
1.729565382003784180e+00
1.196335852146148682e-01
1.385760772973299026e-02
1.467064172029495239e-01
0.000000000000000000e+00
6.688973307609558105e-02
4.301372468471527100e-01
4.200317338109016418e-02
2.130228579044342041e-01
1.541614532470703125e-02
2.083875685930252075e-01
2.457361936569213867e+00
4.777193367481231689e-01
4.757141470909118652e-01
5.772185325622558594e-01
0.000000000000000000e+00
0.000000000000000000e+00
0.000000000000000000e+00
1.106245070695877075e-02
2.570204734802246094e-01
5.670177936553955078e-01
2.224338650703430176e-01
1.862848997116088867e-01
6.758351922035217285e-01
9.946057945489883423e-02
2.394342422485351562e+00
1.203635521233081818e-02
6.282740831375122070e-02
1.975092142820358276e-01
5.868089501745998859e-04
0.000000000000000000e+00
2.332194447517395020e-01
1.038321256637573242e+00
2.603165805339813232e-01
0.000000000000000000e+00
8.639968037605285645e-01
2.924313843250274658e-01
2.813978865742683411e-02
2.205412626266479492e+00
0.000000000000000000e+00
2.745984308421611786e-02
1.883629560470581055e-01
1.710930094122886658e-02
0.000000000000000000e+00
0.000000000000000000e+00
7.049983739852905273e-02
1.019895523786544800e-01
1.929170452058315277e-02
7.149975895881652832e-01
2.529256939888000488e-01
3.614162653684616089e-02
4.602641165256500244e-01
1.482673525810241699e+00
2.024018950760364532e-02
6.048622727394104004e-02
3.547355234622955322e-01
2.840310335159301758e-01
2.367003560066223145e-01
8.893282413482666016e-01
0.000000000000000000e+00
3.699210239574313164e-03
9.479274600744247437e-02
0.000000000000000000e+00
1.361477095633745193e-02
0.000000000000000000e+00
1.136413365602493286e-01
1.764975786209106445e-01
8.640754222869873047e-01
2.907785475254058838e-01
4.546862244606018066e-01
2.256667055189609528e-02
2.052514813840389252e-02
1.419899463653564453e-01
2.320588529109954834e-01
7.648670673370361328e-02
1.663173898123204708e-03
3.971354663372039795e-02
1.098865121603012085e-01
0.000000000000000000e+00
7.694187760353088379e-01
0.000000000000000000e+00
1.106050238013267517e-01
7.329198997467756271e-03
4.073405861854553223e-01
2.554799616336822510e-01
2.242473512887954712e-02
1.280723661184310913e-01
3.666943609714508057e-01
0.000000000000000000e+00
0.000000000000000000e+00
3.936749696731567383e-01
0.000000000000000000e+00
2.287479117512702942e-03
1.601792685687541962e-02
1.365643087774515152e-02
1.369555592536926270e-01
4.210506752133369446e-02
5.513308644294738770e-01
0.000000000000000000e+00
7.277295589447021484e-01
4.688129425048828125e-01
1.292428255081176758e+00
1.488330867141485214e-02
7.934866845607757568e-02
0.000000000000000000e+00
9.130162745714187622e-02
8.789412677288055420e-03
9.530571289360523224e-03
1.829577051103115082e-02
1.710907518863677979e-01
4.786107223480939865e-03
1.835534274578094482e-01
1.402676403522491455e-01
4.105251729488372803e-01
1.533531993627548218e-01
2.862485647201538086e-01
0.000000000000000000e+00
3.073571026325225830e-01
0.000000000000000000e+00
3.404495418071746826e-01
1.000734448432922363e+00
2.162361592054367065e-01
9.966705441474914551e-01
7.400261163711547852e-01
4.875752627849578857e-01
4.706280827522277832e-01
6.502010822296142578e+00
4.053682833909988403e-02
2.353347539901733398e-01
1.401814371347427368e-01
3.726973235607147217e-01
8.681802749633789062e-01
3.234691917896270752e-02
1.730410382151603699e-03
6.838368624448776245e-02
4.319710284471511841e-02
1.799737811088562012e-01
6.213183403015136719e-01
0.000000000000000000e+00
1.874797162599861622e-04
1.289213150739669800e-01
2.584399878978729248e-01
4.147339761257171631e-01
2.157482057809829712e-01
3.942504525184631348e-02
3.651475533843040466e-02
0.000000000000000000e+00
2.099427700042724609e+00
8.444920182228088379e-02
2.026765346527099609e-01
4.281524568796157837e-03
3.376409709453582764e-01
2.051397264003753662e-01
1.705725193023681641e-01
7.353472113609313965e-01
2.741863019764423370e-02
1.546694755554199219e+00
5.156233534216880798e-02
0.000000000000000000e+00
7.705452293157577515e-02
0.000000000000000000e+00
5.933055281639099121e-01
9.984485805034637451e-02
4.812066256999969482e-01
5.420303940773010254e-01
0.000000000000000000e+00
2.596525847911834717e-02
3.332164287567138672e-01
1.355858445167541504e-01
0.000000000000000000e+00
4.969268441200256348e-01
5.500889942049980164e-02
4.219324886798858643e-02
2.920330166816711426e-01
3.597312569618225098e-01
6.301848217844963074e-03
1.227649003267288208e-01
6.424990892410278320e-01
2.878888323903083801e-02
5.144040584564208984e-01
9.773474931716918945e-01
4.682471156120300293e-01
2.714585326611995697e-02
0.000000000000000000e+00
0.000000000000000000e+00
5.375642180442810059e-01
4.775950908660888672e-01
8.851980790495872498e-03
5.157196521759033203e-01
4.793610796332359314e-02
5.610068440437316895e-01
4.495952650904655457e-02
3.938503265380859375e-01
5.548113211989402771e-02
5.663544535636901855e-01
1.807098388671875000e-01
0.000000000000000000e+00
5.238753557205200195e-01
4.090699926018714905e-02
3.899131417274475098e-01
2.929847873747348785e-02
7.746030390262603760e-02
3.416788280010223389e-01
1.195315718650817871e+00
1.487234473228454590e+00
7.441721111536026001e-02
1.385317742824554443e-02
3.461105376482009888e-02
9.284912794828414917e-02
4.492734432220458984e+00
5.174473300576210022e-02
5.768383666872978210e-02
3.291651308536529541e-01
1.134110093116760254e-01
5.818159133195877075e-02
2.127482175827026367e+00
0.000000000000000000e+00
3.248901963233947754e-01
4.729215428233146667e-02
5.653499364852905273e-01
0.000000000000000000e+00
1.131200864911079407e-01
1.152643203735351562e+00
4.392547532916069031e-02
1.056534722447395325e-01
0.000000000000000000e+00
3.296101465821266174e-02
1.748915761709213257e-02
4.271956905722618103e-02
0.000000000000000000e+00
4.718198478221893311e-01
8.826165646314620972e-02
3.326097726821899414e-01
1.231086701154708862e-01
6.126965209841728210e-02
1.230323687195777893e-01
1.034499406814575195e-01
6.493478417396545410e-01
6.726907938718795776e-02
7.688966393470764160e-02
1.045325323939323425e-01
8.255310058593750000e-01
6.697585433721542358e-02
2.168043375015258789e+00
1.294337119907140732e-02
2.650336548686027527e-02
1.402853429317474365e-01
8.110455423593521118e-02
4.615952447056770325e-02
0.000000000000000000e+00
1.003540605306625366e-01
7.816802859306335449e-01
3.280162066221237183e-02
1.595953851938247681e-01
3.954902887344360352e-01
5.116761103272438049e-02
2.122970670461654663e-01
3.244027495384216309e-01
9.134945869445800781e-01
6.684340834617614746e-01
1.823811419308185577e-02
7.138538956642150879e-01
2.703015804290771484e-01
1.055405959486961365e-01
4.405718296766281128e-02
1.777489483356475830e-01
3.464470803737640381e-01
2.025590091943740845e-02
8.562861382961273193e-02
6.619796901941299438e-02
3.329233080148696899e-02
0.000000000000000000e+00
0.000000000000000000e+00
9.399741888046264648e-02
1.506915390491485596e-01
1.647889614105224609e-01
0.000000000000000000e+00
1.654371470212936401e-01
8.267881721258163452e-02
3.256356120109558105e-01
8.870463818311691284e-02
4.712203145027160645e-02
2.648385465145111084e-01
5.631481483578681946e-02
2.485728412866592407e-01
8.199467062950134277e-01
1.416743874549865723e+00
5.860043048858642578e+00
0.000000000000000000e+00
2.734600752592086792e-02
2.541466616094112396e-03
2.049495577812194824e-01
4.298320040106773376e-02
2.062265872955322266e+00
7.383353263139724731e-02
0.000000000000000000e+00
4.580871760845184326e-02
3.696922063827514648e-01
8.471868187189102173e-02
2.662109434604644775e-01
3.155163675546646118e-02
5.738082528114318848e-01
7.704888284206390381e-02
5.361785646528005600e-03
1.063207257539033890e-02
2.917152047157287598e-01
3.820139646530151367e+00
4.326859712600708008e-01
6.165175437927246094e-01
3.037640452384948730e-01
4.708153009414672852e-02
6.946206092834472656e-02
7.907529175281524658e-02
5.861862748861312866e-02
2.305208705365657806e-02
6.927174329757690430e-02
6.772663444280624390e-02
3.327520787715911865e-01
1.080124154686927795e-01
0.000000000000000000e+00
1.088043898344039917e-01
8.209563493728637695e-01
1.295352131128311157e-01
2.334037542343139648e+00
2.852514684200286865e-01
1.175650507211685181e-01
8.885800242424011230e-01
7.488893866539001465e-01
1.978572905063629150e-01
2.516946196556091309e-01
0.000000000000000000e+00
0.000000000000000000e+00
2.195287495851516724e-01
9.843738377094268799e-02
3.731796145439147949e-02
3.506814241409301758e-01
2.399149686098098755e-01
5.535947680473327637e-01
2.846526205539703369e-01
0.000000000000000000e+00
2.283879369497299194e-01
1.771741807460784912e-01
0.000000000000000000e+00
8.115321397781372070e-02
7.068030834197998047e-01
0.000000000000000000e+00
5.623601377010345459e-02
2.159567475318908691e-01
2.450006961822509766e+00
1.138084530830383301e-01
3.132577538490295410e-01
1.072502493858337402e+00
4.220028407871723175e-03
4.803064838051795959e-02
7.485701143741607666e-02
1.715186536312103271e-01
2.534474246203899384e-02
2.782453894615173340e-01
8.373965024948120117e-01
2.160522937774658203e-01
5.026499927043914795e-02
7.595925033092498779e-02
0.000000000000000000e+00
1.159815490245819092e-01
1.455323100090026855e+00
5.646559000015258789e-01
1.580013334751129150e-01
8.958086371421813965e-02
7.275635004043579102e-01
0.000000000000000000e+00
0.000000000000000000e+00
8.784173429012298584e-02
1.867357194423675537e-01
2.037128508090972900e-01
6.225399374961853027e-01
6.661611050367355347e-02
4.588984325528144836e-02
2.807528376579284668e-01
8.237972110509872437e-02
3.410486131906509399e-02
1.332401931285858154e-01
4.961524605751037598e-01
0.000000000000000000e+00
0.000000000000000000e+00
8.760928176343441010e-03
7.809185385704040527e-01
4.157295078039169312e-02
1.213752478361129761e-02
1.964052319526672363e+00
3.120230734348297119e-01
5.721054226160049438e-02
7.672770321369171143e-02
6.060342863202095032e-02
2.263500094413757324e-01
2.304747998714447021e-01
1.059477217495441437e-02
0.000000000000000000e+00
1.798100024461746216e-01
2.694028019905090332e-01
3.036456704139709473e-01
7.253948599100112915e-03
2.999581396579742432e-01
2.508955895900726318e-01
3.076154589653015137e-01
0.000000000000000000e+00
3.106855787336826324e-02
6.053175926208496094e-01
1.724568605422973633e+00
2.546451091766357422e-01
8.334019035100936890e-02
7.549482863396406174e-03
0.000000000000000000e+00
5.665432214736938477e-01
5.683482438325881958e-02
1.910278201103210449e-01
3.831331729888916016e-01
1.601733863353729248e-01
0.000000000000000000e+00
0.000000000000000000e+00
7.309109568595886230e-01
7.732859253883361816e-01
0.000000000000000000e+00
1.570036768913269043e+00
3.370057642459869385e-01
1.761349916458129883e+00
9.902356266975402832e-01
6.494849175214767456e-02
5.875968933105468750e-02
1.056661829352378845e-01
1.881462149322032928e-02
7.374117523431777954e-02
4.670594632625579834e-02
3.612571358680725098e-01
0.000000000000000000e+00
1.017552986741065979e-01
1.845299452543258667e-01
1.616987958550453186e-02
2.507243156433105469e-01
5.495598912239074707e-02
0.000000000000000000e+00
1.997725814580917358e-01
5.437485873699188232e-03
2.318970412015914917e-01
3.221778273582458496e-01
0.000000000000000000e+00
1.786899685859680176e+00
3.489813208580017090e-01
5.939829945564270020e-01
5.416887346655130386e-03
3.985460102558135986e-01
3.879367141053080559e-03
5.020403489470481873e-02
4.357987344264984131e-01
0.000000000000000000e+00
0.000000000000000000e+00
0.000000000000000000e+00
0.000000000000000000e+00
1.508449196815490723e+00
1.711226701736450195e-01
2.037111856043338776e-02
1.515856683254241943e-01
0.000000000000000000e+00
4.174957275390625000e-01
1.514097582548856735e-02
1.652329973876476288e-02
5.744705349206924438e-02
0.000000000000000000e+00
4.466418325901031494e-01
2.015982381999492645e-02
2.623598873615264893e-01
4.324887990951538086e-01
4.632563143968582153e-02
1.300582438707351685e-01
8.052160963416099548e-03
1.199869394302368164e+00
0.000000000000000000e+00
0.000000000000000000e+00
8.488309383392333984e-01
1.435568034648895264e-01
1.281515955924987793e+00
8.830247819423675537e-02
5.087237358093261719e-01
1.995292454957962036e-01
9.157113730907440186e-02
1.625197082757949829e-01
9.857791066169738770e-01
2.055773586034774780e-01
2.865107059478759766e-01
5.752565804868936539e-03
1.120637878775596619e-01
1.953824162483215332e-01
1.550379514694213867e+00
3.586710616946220398e-02
1.538687199354171753e-01
2.012986540794372559e-01
9.217515587806701660e-03
1.466479450464248657e-01
2.318317070603370667e-02
1.030860662460327148e+00
2.418346852064132690e-01
3.285174965858459473e-01
4.920296370983123779e-02
5.830493196845054626e-02
2.693268656730651855e-01
0.000000000000000000e+00
8.417081087827682495e-02
1.132095679640769958e-01
3.418852567672729492e+00
0.000000000000000000e+00
0.000000000000000000e+00
6.699699759483337402e-01
1.019945517182350159e-01
4.672796428203582764e-01
5.792332813143730164e-02
3.010911047458648682e-01
6.672983616590499878e-02
0.000000000000000000e+00
1.327821169979870319e-03
1.205140054225921631e-01
1.235574007034301758e+00
2.553977668285369873e-01
7.104370277374982834e-03
0.000000000000000000e+00
1.302501745522022247e-02
1.282938872464001179e-03
1.713010817766189575e-01
3.472026586532592773e-01
1.270489543676376343e-01
0.000000000000000000e+00
5.075471997261047363e-01
8.676563948392868042e-02
0.000000000000000000e+00
4.489908367395401001e-02
1.753770411014556885e-01
1.199839487671852112e-01
7.207939773797988892e-02
4.522452950477600098e-01
1.414211392402648926e-01
0.000000000000000000e+00
5.858026817440986633e-02
2.791819274425506592e-01
4.599486291408538818e-01
4.227260947227478027e-01
4.750555455684661865e-01
3.167219460010528564e-01
2.744014374911785126e-02
0.000000000000000000e+00
8.252367377281188965e-03
4.033435881137847900e-01
2.159180864691734314e-02
1.187113046646118164e+00
5.470317602157592773e-02
3.413152396678924561e-01
5.025377031415700912e-04
4.710949420928955078e+00
2.823479240760207176e-03
2.596265971660614014e-01
3.142770007252693176e-02
1.608756780624389648e-01
3.320326507091522217e-01
0.000000000000000000e+00
1.485672313719987869e-02
3.294689208269119263e-02
1.820639818906784058e-01
1.866389811038970947e-01
1.563317030668258667e-01
2.061701536178588867e+00
6.136551033705472946e-03
5.500712990760803223e-01
8.713663555681705475e-03
4.591168835759162903e-02
1.846476197242736816e-01
2.403717488050460815e-01
6.474138051271438599e-02
1.806040406227111816e+00
3.728643655776977539e-01
1.871856451034545898e-01
1.218299746513366699e+00
7.907599210739135742e-02
0.000000000000000000e+00
5.693672299385070801e-01
1.238542124629020691e-01
5.332105755805969238e-01
1.022110342979431152e+00
5.295825004577636719e-01
5.585261620581150055e-03
1.387279927730560303e-01
4.481759294867515564e-02
0.000000000000000000e+00
3.036637790501117706e-03
5.287699401378631592e-02
0.000000000000000000e+00
7.356981746852397919e-03
5.040873885154724121e-01
3.415804356336593628e-02
0.000000000000000000e+00
2.088868431746959686e-02
3.179127722978591919e-02
3.557221889495849609e-01
0.000000000000000000e+00
3.948977217078208923e-02
9.903317689895629883e-01
2.771635353565216064e-01
2.798786759376525879e-02
2.360943332314491272e-02
0.000000000000000000e+00
6.005595624446868896e-02
3.463160395622253418e-01
0.000000000000000000e+00
3.708561137318611145e-02
1.128893941640853882e-01
1.408959925174713135e-01
1.496999710798263550e-01
6.892506778240203857e-02
0.000000000000000000e+00
1.275675892829895020e+00
2.189999371767044067e-01
3.562905490398406982e-01
1.394445076584815979e-02
0.000000000000000000e+00
4.128945060074329376e-03
1.376944184303283691e-01
6.038386225700378418e-01
9.121505022048950195e-01
4.084542766213417053e-02
1.371040493249893188e-01
9.613993018865585327e-02
2.971855551004409790e-02
7.700428366661071777e-02
1.998959807679057121e-03
7.955500483512878418e-01
2.301686629652976990e-02
1.648189425468444824e-01
1.505740880966186523e-01
7.398307919502258301e-01
1.853708475828170776e-01
2.895281314849853516e+00
8.418501354753971100e-03
6.558284163475036621e-02
4.477825164794921875e-01
4.639179259538650513e-02
0.000000000000000000e+00
5.381546616554260254e-01
1.985043734312057495e-01
1.091584086418151855e+00
8.594922721385955811e-02
8.283953182399272919e-03
1.565015874803066254e-02
1.164936661720275879e+00
4.451023936271667480e-01
0.000000000000000000e+00
5.010531544685363770e-01
1.549801379442214966e-01
1.914314329624176025e-01
2.121349982917308807e-02
0.000000000000000000e+00
1.961210509762167931e-03
1.025679588317871094e+00
3.360276222229003906e-01
3.172823488712310791e-01
4.242618381977081299e-01
2.351141534745693207e-02
1.385584115982055664e+00
3.117879033088684082e-01
1.163213849067687988e-01
2.446703463792800903e-01
3.371213078498840332e-01
1.669851392507553101e-01
2.589542127680033445e-04
0.000000000000000000e+00
2.072515636682510376e-01
1.211363554000854492e+00
1.202829480171203613e-01
1.929003000259399414e-01
3.791319951415061951e-02
1.048570573329925537e-01
1.749601811170578003e-01
0.000000000000000000e+00
1.592649966478347778e-01
8.660097420215606689e-02
8.030592203140258789e-01
3.883247496560215950e-03
1.604523807764053345e-01
1.842559874057769775e-02
3.866468742489814758e-02
1.089563131332397461e+00
0.000000000000000000e+00
0.000000000000000000e+00
4.281875863671302795e-02
8.276283740997314453e-03
0.000000000000000000e+00
4.429263770580291748e-01
1.315182540565729141e-03
1.749902814626693726e-01
6.618584394454956055e-01
0.000000000000000000e+00
1.230368986725807190e-01
1.711490154266357422e-01
1.062553748488426208e-02
1.687705159187316895e+00
8.115665614604949951e-02
2.020302414894104004e-01
2.612822353839874268e-01
0.000000000000000000e+00
1.575552970170974731e-01
4.440622776746749878e-02
3.847294151782989502e-01
1.369016468524932861e-01
0.000000000000000000e+00
7.728237193077802658e-03
8.083233982324600220e-02
0.000000000000000000e+00
0.000000000000000000e+00
1.903331726789474487e-01
2.583558559417724609e-01
3.208262100815773010e-02
1.540730714797973633e+00
0.000000000000000000e+00
1.757043004035949707e+00
2.942517399787902832e-01
1.685814410448074341e-01
0.000000000000000000e+00
3.180198967456817627e-01
7.288248538970947266e-01
2.169173955917358398e-01
2.755559794604778290e-02
4.770135879516601562e-02
8.307641744613647461e-02
6.612050533294677734e-02
1.389135420322418213e-01
7.687996029853820801e-01
0.000000000000000000e+00
1.141262650489807129e+00
2.645943760871887207e-01
0.000000000000000000e+00
2.870262622833251953e+00
7.793462276458740234e-01
7.702335715293884277e-01
1.667032483965158463e-04
7.910414785146713257e-02
1.021390706300735474e-01
1.538597326725721359e-02
2.875706911087036133e+00
4.244912266731262207e-01
4.877170175313949585e-02
3.997393883764743805e-03
2.071947008371353149e-01
7.071296572685241699e-01
1.029421389102935791e-01
2.944247722625732422e-01
0.000000000000000000e+00
0.000000000000000000e+00
5.706961452960968018e-02
2.729224972426891327e-02
1.636378645896911621e+00
2.311790883541107178e-01
3.939400240778923035e-02
1.733270473778247833e-02
5.589314699172973633e-01
7.609189301729202271e-02
9.381598792970180511e-03
1.174931153655052185e-01
8.366725407540798187e-03
7.374174147844314575e-02
0.000000000000000000e+00
7.600805908441543579e-02
7.166228294372558594e-01
1.176732107996940613e-01
1.530706882476806641e-01
1.389523595571517944e-01
2.621787786483764648e-01
3.170870942994952202e-03
2.846290469169616699e-01
3.976276516914367676e-02
3.729008510708808899e-02
1.344960570335388184e+00
1.615893006324768066e+00
0.000000000000000000e+00
5.429199896752834320e-03
2.094492673873901367e+00
0.000000000000000000e+00
2.941196560859680176e-01
8.966870903968811035e-01
0.000000000000000000e+00
4.699199646711349487e-02
8.124128729104995728e-02
5.984432250261306763e-02
1.572901010513305664e-01
1.686230897903442383e-01
0.000000000000000000e+00
3.757540941238403320e+00
8.356178402900695801e-01
1.411217600107192993e-01
9.423223137855529785e-02
8.688316494226455688e-02
1.975907571613788605e-02
1.486469864845275879e+00
7.295095361769199371e-03
0.000000000000000000e+00
5.448379740118980408e-02
2.742367386817932129e-01
1.194028615951538086e+00
3.449554368853569031e-02
5.139476060867309570e-01
3.309072852134704590e-01
4.588841274380683899e-02
4.201566874980926514e-01
2.093883813358843327e-04
6.239593625068664551e-01
1.000833988189697266e+00
0.000000000000000000e+00
1.247719749808311462e-01
2.961777746677398682e-01
6.137351505458354950e-03
4.052641093730926514e-01
2.394913583993911743e-01
1.837266385555267334e-01
3.117451444268226624e-02
7.541338801383972168e-01
1.413891613483428955e-01
2.871691882610321045e-01
2.361703962087631226e-01
7.155061513185501099e-02
2.293167561292648315e-01
8.695409446954727173e-02
0.000000000000000000e+00
2.170414477586746216e-01
1.022650748491287231e-01
1.131994500756263733e-01
0.000000000000000000e+00
0.000000000000000000e+00
2.188094519078731537e-02
1.612541079521179199e-02
1.321479827165603638e-01
8.866418153047561646e-03
4.674361050128936768e-01
0.000000000000000000e+00
6.820248812437057495e-02
8.507716059684753418e-01
4.378381371498107910e-01
3.002320230007171631e-02
2.749313116073608398e-01
8.914592266082763672e-01
3.498661331832408905e-03
5.209405720233917236e-02
2.301600694656372070e+00
4.358334839344024658e-02
4.276942927390336990e-03
2.448758333921432495e-01
1.235931068658828735e-01
4.034096896648406982e-01
4.605273902416229248e-02
3.209203481674194336e-01
1.459067612886428833e-01
1.631786227226257324e-01
0.000000000000000000e+00
4.682708904147148132e-02
2.587130069732666016e-01
2.769220769405364990e-01
0.000000000000000000e+00
2.510151863098144531e+00
2.046951353549957275e-01
6.424161046743392944e-02
3.593591228127479553e-02
3.665334880352020264e-01
1.905312389135360718e-02
1.241221725940704346e-01
0.000000000000000000e+00
3.449466452002525330e-02
1.689490526914596558e-01
3.066000640392303467e-01
3.332774043083190918e-01
1.397611856460571289e+00
0.000000000000000000e+00
5.770869180560112000e-02
1.307579968124628067e-02
7.290896177291870117e-01
1.591177463531494141e+00
5.426801443099975586e-01
2.365460246801376343e-01
8.404282331466674805e-01
2.316759079694747925e-01
8.145099133253097534e-02
7.464786060154438019e-03
5.458627361804246902e-03
4.723408818244934082e-01
0.000000000000000000e+00
1.923826932907104492e+00
0.000000000000000000e+00
4.895281419157981873e-02
4.078336060047149658e-01
0.000000000000000000e+00
0.000000000000000000e+00
1.377626955509185791e-01
1.243170127272605896e-01
0.000000000000000000e+00
1.346496045589447021e-01
0.000000000000000000e+00
2.096731215715408325e-01
2.105988711118698120e-01
1.563655026257038116e-02
0.000000000000000000e+00
3.602064028382301331e-02
0.000000000000000000e+00
4.273960366845130920e-02
3.201857209205627441e-01
9.862169623374938965e-02
5.060031637549400330e-02
2.974205091595649719e-02
6.993387937545776367e-01
5.232219696044921875e-01
1.922097355127334595e-01
2.713830210268497467e-02
6.749355047941207886e-02
0.000000000000000000e+00
1.248706817626953125e+00
7.116468250751495361e-02
0.000000000000000000e+00
6.914105266332626343e-02
2.560150623321533203e-01
0.000000000000000000e+00
5.203459039330482483e-02
5.943530797958374023e-01
0.000000000000000000e+00
1.925211995840072632e-01
0.000000000000000000e+00
5.483766645193099976e-02
1.060690045356750488e+00
0.000000000000000000e+00
1.507729738950729370e-01
7.376331686973571777e-01
5.166858900338411331e-04
0.000000000000000000e+00
1.111306428909301758e+00
0.000000000000000000e+00
8.030157536268234253e-02
0.000000000000000000e+00
1.165294423699378967e-01
7.468094676733016968e-02
0.000000000000000000e+00
9.573694467544555664e-01
2.844658613204956055e+00
1.038173437118530273e-01
1.209004521369934082e-01
7.701103091239929199e-01
0.000000000000000000e+00
0.000000000000000000e+00
5.843381285667419434e-01
3.005405515432357788e-02
2.671675570309162140e-02
1.321681886911392212e-01
0.000000000000000000e+00
1.237043663859367371e-01
2.641514241695404053e-01
6.083140373229980469e-01
4.319173097610473633e-02
0.000000000000000000e+00
1.170649290084838867e+00
9.191964566707611084e-02
8.350809812545776367e-01
9.115396440029144287e-02
3.885079408064484596e-03
0.000000000000000000e+00
1.835258305072784424e-01
2.825661897659301758e-01
7.778236269950866699e-01
2.529913485050201416e-01
4.058171436190605164e-02
2.348043620586395264e-01
2.629934996366500854e-02
0.000000000000000000e+00
1.202184357680380344e-03
1.094483286142349243e-01
1.257611751556396484e+00
5.101330578327178955e-02
3.871742188930511475e-01
9.176419675350189209e-02
2.675952017307281494e-02
2.268647104501724243e-01
5.764665007591247559e-01
7.322762012481689453e-01
4.550275951623916626e-02
7.030594348907470703e-02
1.413055136799812317e-02
3.702152147889137268e-02
0.000000000000000000e+00
2.638133987784385681e-02
4.177825450897216797e-01
1.245330214500427246e+00
1.260544896125793457e+00
6.387144792824983597e-03
1.512382477521896362e-01
4.586081579327583313e-02
1.088974531739950180e-02
1.770652532577514648e-01
1.532417833805084229e-01
8.873830735683441162e-02
0.000000000000000000e+00
1.273422129452228546e-02
9.344001859426498413e-02
4.922393709421157837e-02
2.149558216333389282e-01
3.917770385742187500e-01
1.460044682025909424e-01
4.376474618911743164e-01
1.073611155152320862e-01
1.736265420913696289e-01
5.044908076524734497e-02
0.000000000000000000e+00
3.192051053047180176e-01
1.566959470510482788e-01
4.403452277183532715e-01
3.100459575653076172e-01
1.771070994436740875e-02
1.082166194915771484e+00
4.110442698001861572e-01
0.000000000000000000e+00
8.545828610658645630e-02
1.230942830443382263e-01
2.466847598552703857e-01
4.176753386855125427e-02
1.636028476059436798e-02
9.356452226638793945e-01
2.184717543423175812e-02
1.356883496046066284e-01
1.906305253505706787e-01
0.000000000000000000e+00
1.787664890289306641e-01
7.406762838363647461e-01
1.425231397151947021e-01
0.000000000000000000e+00
8.701942861080169678e-03
3.280335962772369385e-01
1.372309029102325439e-01
1.491646319627761841e-01
1.272980421781539917e-01
9.406951814889907837e-02
7.055589556694030762e-02
1.258159801363945007e-02
0.000000000000000000e+00
1.042734265327453613e+00
5.307869054377079010e-03
8.263457566499710083e-02
1.010613918304443359e+00
4.365059137344360352e-01
1.235461115837097168e+00
2.256312221288681030e-01
0.000000000000000000e+00
2.996498346328735352e-01
0.000000000000000000e+00
1.802964881062507629e-02
4.398236274719238281e-01
5.275255441665649414e-01
4.798787236213684082e-01
4.346751272678375244e-01
1.186060607433319092e-01
7.058602571487426758e-02
0.000000000000000000e+00
2.657797932624816895e-01
8.496714755892753601e-03
1.524026513099670410e+00
2.183715850114822388e-01
0.000000000000000000e+00
0.000000000000000000e+00
0.000000000000000000e+00
1.320613082498311996e-02
7.161524891853332520e-01
9.760354459285736084e-02
0.000000000000000000e+00
3.486028313636779785e-01
0.000000000000000000e+00
2.138445898890495300e-02
1.940105110406875610e-02
2.140140347182750702e-02
5.109816789627075195e-01
3.368462901562452316e-03
2.756471335887908936e-01
9.687777608633041382e-02
1.659388244152069092e-01
1.907339572906494141e+00
1.413909792900085449e-01
1.724419295787811279e-01
1.133001074194908142e-01
1.686439514160156250e+00
1.202212572097778320e+00
2.170946076512336731e-02
3.446590006351470947e-01
9.760619141161441803e-03
0.000000000000000000e+00
2.461325190961360931e-02
2.773411385715007782e-02
2.120724916458129883e-01
0.000000000000000000e+00
8.031769096851348877e-02
0.000000000000000000e+00
4.729357082396745682e-03
4.471297189593315125e-02
1.309549510478973389e-01
1.584517598152160645e+00
8.742153644561767578e-03
0.000000000000000000e+00
1.217999029904603958e-02
2.807010523974895477e-02
1.278048846870660782e-02
1.814753711223602295e-01
2.946522235870361328e-01
2.252883166074752808e-01
0.000000000000000000e+00
1.556220352649688721e-01
1.118081659078598022e-01
8.149302750825881958e-02
4.900838434696197510e-02
3.338222205638885498e-01
