2.428234964609146118e-01
2.615900754928588867e+00
3.233935218304395676e-03
9.623017907142639160e-02
2.247036844491958618e-01
0.000000000000000000e+00
1.725554279983043671e-02
3.257320225238800049e-01
6.550039052963256836e-01
1.787390410900115967e-01
1.321755647659301758e+00
1.193662643432617188e+00
3.763979673385620117e-01
1.233516260981559753e-01
4.951329231262207031e-01
1.176445484161376953e+00
7.651227116584777832e-01
6.924347579479217529e-02
3.813491463661193848e-01
1.465883016586303711e+00
3.699196875095367432e-02
9.108928591012954712e-02
2.522707544267177582e-02
1.333056669682264328e-02
1.570425510406494141e+00
2.024885714054107666e-01
1.702382445335388184e+00
1.731639951467514038e-01
2.163724452257156372e-01
9.438052773475646973e-01
2.310873270034790039e+00
8.085229873657226562e+00
5.608455836772918701e-02
3.345552980899810791e-01
0.000000000000000000e+00
0.000000000000000000e+00
5.340841133147478104e-03
2.070425033569335938e+00
2.934815920889377594e-02
4.798447340726852417e-02
3.857625007629394531e+00
0.000000000000000000e+00
1.395753026008605957e-01
8.772966265678405762e-01
5.139725208282470703e-01
1.908000111579895020e+00
1.791749715805053711e+00
1.487038284540176392e-01
2.893958389759063721e-01
3.673148155212402344e-01
2.746401131153106689e-01
2.174317836761474609e-01
4.181967675685882568e-01
0.000000000000000000e+00
1.273513585329055786e-02
8.358408212661743164e-01
0.000000000000000000e+00
2.341851145029067993e-01
1.307322084903717041e-02
5.690015479922294617e-02
9.153495430946350098e-01
4.855587482452392578e-01
5.426628589630126953e-01
9.692611694335937500e-01
1.998722791671752930e+00
3.843504488468170166e-01
1.687648653984069824e+00
1.878085494041442871e+00
0.000000000000000000e+00
9.931413456797599792e-03
3.832599878311157227e+00
4.507389962673187256e-01
0.000000000000000000e+00
4.334021508693695068e-01
9.920378774404525757e-02
1.686003565788269043e+00
1.578045338392257690e-01
7.125213146209716797e-01
3.346757590770721436e-01
1.249184086918830872e-01
1.593115925788879395e+00
6.117400527000427246e-01
8.044937849044799805e-01
2.136539220809936523e-01
5.162987112998962402e-01
6.541667580604553223e-01
2.066925615072250366e-01
7.599521428346633911e-02
0.000000000000000000e+00
6.283918619155883789e-01
0.000000000000000000e+00
1.764653325080871582e-01
3.521146178245544434e-01
0.000000000000000000e+00
1.150411128997802734e+00
0.000000000000000000e+00
8.295307755470275879e-01
1.208760857582092285e+00
1.816185593605041504e+00
1.475976586341857910e+00
5.134500265121459961e-01
1.330546140670776367e-01
2.991903722286224365e-01
4.223129749298095703e-01
2.751455008983612061e-01
9.903824329376220703e-01
2.496825307607650757e-01
4.534831047058105469e-01
8.428027853369712830e-03
8.253024220466613770e-01
3.975680470466613770e-02
2.007435798645019531e+00
6.072575449943542480e-01
6.338565051555633545e-02
6.332385540008544922e-01
0.000000000000000000e+00
2.096292935311794281e-02
7.063881754875183105e-01
5.437334179878234863e-01
5.268427729606628418e-01
3.422555327415466309e-01
0.000000000000000000e+00
5.178126692771911621e-02
4.700625538825988770e-01
5.898897171020507812e+00
4.933049902319908142e-02
3.860357105731964111e-01
1.995240330696105957e+00
8.111094236373901367e-01
1.633392572402954102e-01
1.331308841705322266e+00
5.715671181678771973e-01
1.463978767395019531e+00
4.139617085456848145e-02
2.242697328329086304e-01
5.220918357372283936e-02
1.470425009727478027e+00
7.563092708587646484e-01
2.761332511901855469e+00
3.877927958965301514e-01
1.015418052673339844e+00
1.677842289209365845e-01
4.903838634490966797e-01
5.501285791397094727e-01
0.000000000000000000e+00
5.760069936513900757e-02
2.590811848640441895e-01
3.641844391822814941e-01
1.493639588356018066e+00
8.430039882659912109e-02
4.613173961639404297e+00
1.031414985656738281e+00
4.911395534873008728e-02
3.890970349311828613e-02
1.430847644805908203e-01
6.945373117923736572e-02
1.654728651046752930e+00
5.458173155784606934e-02
3.807808160781860352e-01
2.477214336395263672e-01
1.266427896916866302e-02
7.262269854545593262e-01
7.585728764533996582e-01
2.649396955966949463e-01
6.434209942817687988e-01
8.337583541870117188e+00
6.230895966291427612e-02
9.869788885116577148e-01
4.514307677745819092e-01
2.682241201400756836e-01
1.331713676452636719e+00
9.421266913414001465e-01
3.481900691986083984e-01
1.776518970727920532e-01
0.000000000000000000e+00
1.619495451450347900e-02
7.000645995140075684e-01
5.086315274238586426e-01
4.489016160368919373e-02
2.734519481658935547e+00
4.010767459869384766e+00
9.830487370491027832e-01
1.325532048940658569e-01
2.632001414895057678e-02
7.993211597204208374e-02
4.649282097816467285e-01
1.351271383464336395e-02
2.756208181381225586e-01
2.119372785091400146e-02
3.718751370906829834e-01
1.203602552413940430e-01
6.195857524871826172e-01
1.039541244506835938e+00
1.400210857391357422e-01
2.305980585515499115e-02
4.421313107013702393e-02
1.704886913299560547e+00
2.435443364083766937e-02
2.326033264398574829e-01
1.708863258361816406e+00
7.042247056961059570e-01
0.000000000000000000e+00
0.000000000000000000e+00
1.214119434356689453e+00
6.007746234536170959e-02
1.427944377064704895e-02
4.932319521903991699e-01
1.085745930671691895e+00
0.000000000000000000e+00
2.487991005182266235e-02
4.513400197029113770e-01
9.647173285484313965e-01
2.881592214107513428e-01
6.579085588455200195e-01
2.672446072101593018e-01
8.247769474983215332e-01
8.343099355697631836e-01
1.519374102354049683e-01
2.151959761977195740e-02
8.432436585426330566e-01
1.576289534568786621e+00
2.013706415891647339e-01
8.832476735115051270e-01
3.058390021324157715e-01
4.017493501305580139e-02
4.981043338775634766e-01
3.118984699249267578e-01
7.919777035713195801e-01
2.655436992645263672e-01
7.541580200195312500e-01
1.569199413061141968e-01
5.881420969963073730e-01
1.072583198547363281e+00
6.380197405815124512e-02
6.907683610916137695e-01
0.000000000000000000e+00
2.298575825989246368e-02
4.439847469329833984e-01
2.894127070903778076e-01
6.746844202280044556e-02
2.916343212127685547e-01
1.726666450500488281e+00
4.350791573524475098e-01
5.940591096878051758e-01
1.377549886703491211e+00
5.423764698207378387e-03
9.487001597881317139e-02
2.416662126779556274e-01
1.234004870057106018e-01
4.387125372886657715e-01
5.070923641324043274e-02
4.359004795551300049e-01
1.267247080802917480e+00
8.743994832038879395e-01
5.529973506927490234e-01
2.715315520763397217e-01
1.421119272708892822e-01
1.416562199592590332e-01
2.220618486404418945e+00
4.662405550479888916e-01
5.638566017150878906e-01
1.209261536598205566e+00
7.759877204895019531e+00
3.246696889400482178e-01
2.116830050945281982e-01
0.000000000000000000e+00
0.000000000000000000e+00
4.189916253089904785e-01
6.276783943176269531e-01
8.079465627670288086e-01
2.330022901296615601e-01
1.236894354224205017e-01
2.516469359397888184e-01
0.000000000000000000e+00
4.356259852647781372e-02
1.608761072158813477e+00
3.967647850513458252e-01
6.101402640342712402e-01
5.314690470695495605e-01
3.482387959957122803e-01
3.863062560558319092e-01
3.867062926292419434e-01
0.000000000000000000e+00
4.614017009735107422e-01
2.024225741624832153e-01
5.137391090393066406e-01
2.876647412776947021e-01
1.020153164863586426e+00
2.078326642513275146e-01
5.984984040260314941e-01
1.196953654289245605e+00
8.338735699653625488e-01
8.975657224655151367e-01
3.562687337398529053e-01
1.892839521169662476e-01
4.040056765079498291e-01
1.254100561141967773e+00
8.115167729556560516e-03
4.224293231964111328e-01
1.784537434577941895e-01
2.247904986143112183e-01
3.067734241485595703e-01
9.645906686782836914e-01
1.270287156105041504e+00
1.700548291206359863e+00
3.601978421211242676e-01
5.615665912628173828e-01
8.835374377667903900e-03
3.128844797611236572e-01
1.734938025474548340e+00
3.954387903213500977e-01
1.279486298561096191e+00
1.033820629119873047e+00
8.754848837852478027e-01
0.000000000000000000e+00
6.710698604583740234e-01
1.633732795715332031e+00
4.422985315322875977e-01
1.206928342580795288e-01
1.561061888933181763e-01
7.538056373596191406e-01
1.095129027962684631e-01
1.006931066513061523e+00
2.625077247619628906e+00
9.934524297714233398e-01
4.268062710762023926e-01
1.063050031661987305e-01
2.980212688446044922e+00
6.506775617599487305e-01
4.978649318218231201e-01
2.123909741640090942e-01
1.019794400781393051e-02
2.251297473907470703e+00
1.392917275428771973e+00
2.655244171619415283e-01
4.971407353878021240e-01
1.424074649810791016e+00
4.458613321185112000e-02
2.088958501815795898e+00
4.324195324443280697e-04
8.881149888038635254e-01
0.000000000000000000e+00
8.558801412582397461e-01
5.745082497596740723e-01
1.242603547871112823e-02
3.602964878082275391e-01
5.879928544163703918e-02
5.103291273117065430e-01
8.358274353668093681e-04
4.593522846698760986e-01
2.938435599207878113e-02
2.068924903869628906e-02
1.720326542854309082e-01
3.073861002922058105e-01
1.743473708629608154e-01
3.359663188457489014e-01
2.001166492700576782e-01
4.685818850994110107e-01
4.403644204139709473e-01
2.294816821813583374e-01
3.417507559061050415e-02
2.431915849447250366e-01
3.089833259582519531e-02
2.783143222332000732e-01
4.345615208148956299e-01
1.883495151996612549e-01
5.620618462562561035e-01
4.890816658735275269e-02
2.912956755608320236e-03
1.130632385611534119e-01
6.585925221443176270e-01
4.783886969089508057e-01
1.188247576355934143e-01
7.768937200307846069e-02
2.006647586822509766e-01
4.350265860557556152e-02
1.320176478475332260e-02
8.360249549150466919e-02
3.143756985664367676e-01
0.000000000000000000e+00
0.000000000000000000e+00
3.609562218189239502e-01
2.827195078134536743e-02
9.785734862089157104e-02
2.440651319921016693e-02
2.348167896270751953e-01
2.262850254774093628e-01
4.469506442546844482e-02
3.373434245586395264e-01
7.253361344337463379e-01
8.637183159589767456e-02
1.958185136318206787e-01
4.203426241874694824e-01
4.765633046627044678e-01
1.595450639724731445e-01
3.580760657787322998e-01
3.436379507184028625e-02
7.230615615844726562e-01
1.774241775274276733e-01
8.291081190109252930e-01
1.306338906288146973e+00
8.634795993566513062e-02
2.206116437911987305e+00
9.467236399650573730e-01
2.208793014287948608e-01
0.000000000000000000e+00
3.305165097117424011e-03
1.020383119583129883e+00
2.074325799942016602e+00
0.000000000000000000e+00
0.000000000000000000e+00
1.843841373920440674e-01
5.583742856979370117e-01
9.100334048271179199e-01
6.814630329608917236e-02
3.013675808906555176e-01
6.385641545057296753e-02
1.062160804867744446e-01
3.360735774040222168e-01
8.061531186103820801e-01
2.598521709442138672e-01
1.115305662155151367e+00
2.558159269392490387e-02
1.253760814666748047e+00
3.561346232891082764e-01
3.499797582626342773e-01
6.095505952835083008e-01
1.382935166358947754e+00
6.078162416815757751e-02
5.820180103182792664e-02
0.000000000000000000e+00
2.737035788595676422e-02
6.526767015457153320e-01
4.171167910099029541e-01
0.000000000000000000e+00
3.166624903678894043e-02
7.481874227523803711e-01
3.731956481933593750e-01
9.313437342643737793e-02
1.752180419862270355e-02
6.394052505493164062e-01
3.702601650729775429e-03
1.493135690689086914e-01
7.213267683982849121e-02
2.968829274177551270e-01
2.549287080764770508e-01
1.054171025753021240e-01
2.219539403915405273e+00
2.129363268613815308e-01
3.235582262277603149e-03
2.991218268871307373e-01
7.211042940616607666e-02
1.032498002052307129e+00
4.178098440170288086e-01
1.281764358282089233e-01
8.123354911804199219e-01
3.334448933601379395e-01
3.885377645492553711e-01
5.354726910591125488e-01
1.078611135482788086e+00
5.133398175239562988e-01
7.464200258255004883e-02
2.395757436752319336e-01
8.096978068351745605e-01
1.131555199623107910e+00
2.197347432374954224e-01
8.297403454780578613e-01
1.383814811706542969e+00
6.097337007522583008e-01
4.408394992351531982e-01
8.906543254852294922e-02
3.974362850189208984e+00
1.675902456045150757e-01
6.241629719734191895e-01
9.242677688598632812e-01
2.924571931362152100e-01
2.036308050155639648e-01
8.426787853240966797e-01
9.062945842742919922e-02
3.254589438438415527e-01
1.828976869583129883e-01
1.971308708190917969e+00
2.856213450431823730e-01
1.442365497350692749e-01
6.054711937904357910e-01
1.148894786834716797e+00
7.483344078063964844e-01
6.871805191040039062e-01
7.150761485099792480e-01
4.174508750438690186e-01
2.231261134147644043e-01
1.429329395294189453e+00
1.199211105704307556e-01
0.000000000000000000e+00
7.718467116355895996e-01
7.710675597190856934e-01
1.385043710470199585e-01
5.116257444024085999e-02
1.264752626419067383e+00
5.333478003740310669e-02
3.654360473155975342e-01
0.000000000000000000e+00
3.748255491256713867e+00
3.856162130832672119e-01
3.587029874324798584e-01
1.619062721729278564e-01
9.872007369995117188e-02
1.800297014415264130e-02
3.288609683513641357e-01
6.493849754333496094e-01
1.473322659730911255e-01
3.544577360153198242e+00
5.404821634292602539e-01
4.336283206939697266e-01
3.723791539669036865e-01
1.798084676265716553e-01
5.776356458663940430e-01
5.280256271362304688e-01
6.861508488655090332e-01
2.150170058012008667e-01
1.234170943498611450e-01
1.978808641433715820e+00
4.618715643882751465e-01
3.871457278728485107e-01
7.216439116746187210e-03
3.495128631591796875e+00
3.025533258914947510e-01
1.858709752559661865e-01
1.123126029968261719e+00
1.185530424118041992e-01
1.373637188225984573e-02
7.911674976348876953e-01
7.386930286884307861e-02
5.669416189193725586e-01
5.767142176628112793e-01
2.216130971908569336e+00
4.544700980186462402e-01
4.132196605205535889e-01
1.119207978248596191e+00
9.952764511108398438e-01
2.273973375558853149e-01
4.473013579845428467e-01
1.238946056365966797e+01
2.826955318450927734e-01
2.643422223627567291e-03
7.803326845169067383e-01
2.167037248611450195e+00
9.103715419769287109e-02
0.000000000000000000e+00
5.653447508811950684e-01
4.552368074655532837e-02
7.935325801372528076e-02
5.068019032478332520e-01
4.628998935222625732e-01
0.000000000000000000e+00
6.859690546989440918e-01
1.146569624543190002e-01
2.614310979843139648e-01
9.332104325294494629e-01
5.409250855445861816e-01
7.999652028083801270e-01
1.092211753129959106e-01
1.052827358245849609e+00
6.450067162513732910e-01
7.963541895151138306e-02
1.704442739486694336e+00
2.586443722248077393e-01
8.393641710281372070e-01
8.438543230295181274e-02
5.730695649981498718e-02
1.755141019821166992e-01
1.460072875022888184e+00
1.431080698966979980e-01
1.162438318133354187e-01
9.819794297218322754e-01
9.884003400802612305e-01
8.127543330192565918e-01
3.225555121898651123e-01
3.599065542221069336e-01
1.690993785858154297e+00
6.512711644172668457e-01
2.099258303642272949e-01
1.225031375885009766e+00
3.746831417083740234e-01
1.091827377676963806e-01
0.000000000000000000e+00
4.609853774309158325e-02
2.727674841880798340e-01
4.308133602142333984e+00
0.000000000000000000e+00
5.351505801081657410e-02
2.048152387142181396e-01
2.322587519884109497e-01
5.567994713783264160e-01
4.110769033432006836e-01
3.366274237632751465e-01
4.287738502025604248e-01
2.990957796573638916e-01
7.777792215347290039e-01
5.107238292694091797e-01
2.354408502578735352e+00
1.472261697053909302e-01
2.696081101894378662e-01
2.183581590652465820e-01
5.146833881735801697e-02
2.181010693311691284e-01
3.495741486549377441e-01
1.024385765194892883e-01
3.415286540985107422e+00
4.863019287586212158e-01
1.594146043062210083e-01
2.382911043241620064e-03
3.369654417037963867e-01
1.442605406045913696e-01
0.000000000000000000e+00
5.601522326469421387e-01
3.447920083999633789e-02
6.613804399967193604e-02
5.901110172271728516e-01
2.244162708520889282e-01
0.000000000000000000e+00
5.864622071385383606e-02
2.515114307403564453e+00
5.161359906196594238e-01
2.040674686431884766e+00
3.279404640197753906e-01
5.267638564109802246e-01
1.195484176278114319e-01
1.164115369319915771e-01
1.205723881721496582e+00
5.016350150108337402e-01
1.182269930839538574e+00
5.446109175682067871e-02
3.128940239548683167e-02
7.892153859138488770e-01
4.474532902240753174e-01
0.000000000000000000e+00
6.029093265533447266e-01
4.286053776741027832e-02
0.000000000000000000e+00
6.593865901231765747e-02
2.719831466674804688e+00
2.893496453762054443e-01
2.000110149383544922e-01
2.137421220541000366e-01
9.263686835765838623e-02
7.643679529428482056e-02
6.493153516203165054e-03
0.000000000000000000e+00
3.809943795204162598e-02
5.656876564025878906e-01
1.028103947639465332e+00
7.203205823898315430e-01
1.534328818321228027e+00
3.171533346176147461e-01
2.205182909965515137e-01
3.172270208597183228e-02
3.753033876419067383e-01
3.248136341571807861e-01
2.949704825878143311e-01
1.463990926742553711e+00
3.063663467764854431e-02
1.059677600860595703e+00
2.013523280620574951e-01
4.013613797724246979e-03
5.435423925518989563e-02
0.000000000000000000e+00
3.306421935558319092e-01
5.049368143081665039e-01
3.983733430504798889e-02
5.798790231347084045e-02
8.203041553497314453e-01
9.666471928358078003e-02
1.602632641792297363e+00
2.186824381351470947e-01
7.819188833236694336e-01
5.210186243057250977e-01
1.200244069099426270e+00
3.699043035507202148e+00
3.063524663448333740e-01
1.875028491020202637e+00
0.000000000000000000e+00
7.556044310331344604e-02
1.515104293823242188e+00
8.714914321899414062e-01
2.158962190151214600e-01
1.688711643218994141e-01
1.025682210922241211e+00
4.300692677497863770e-02
6.207390874624252319e-02
1.808245331048965454e-01
1.204275563359260559e-01
5.534762889146804810e-02
7.634304761886596680e-01
6.757870316505432129e-01
2.104888409376144409e-01
1.206334948539733887e+00
2.251882791519165039e+00
7.557274699211120605e-01
2.246311753988265991e-01
1.101542353630065918e+00
4.920148253440856934e-01
5.068481564521789551e-01
8.008869886398315430e-01
1.275765150785446167e-01
8.030078411102294922e-01
1.420352756977081299e-01
2.632398009300231934e-01
1.301577407866716385e-02
3.065927326679229736e-01
1.282984972000122070e+00
2.260676175355911255e-01
9.227685928344726562e-01
9.524166584014892578e-02
4.435147643089294434e-01
2.637446224689483643e-01
5.980069041252136230e-01
3.409926295280456543e-01
0.000000000000000000e+00
6.358361244201660156e-02
6.443375349044799805e-02
3.314442560076713562e-02
4.582707211375236511e-02
1.259841769933700562e-01
1.985555887222290039e-01
7.282385230064392090e-02
8.812586218118667603e-02
7.670516371726989746e-01
4.859540984034538269e-02
6.101218461990356445e-01
7.432729005813598633e-01
1.846814453601837158e-01
2.229784727096557617e-01
4.963720321655273438e+00
9.721693396568298340e-02
1.552209377288818359e+00
2.126254558563232422e+00
1.471549391746520996e+00
2.167811840772628784e-01
8.388302922248840332e-01
1.395209431648254395e+00
6.457030773162841797e-01
6.687658280134201050e-02
1.394201517105102539e-01
3.298817873001098633e-01
6.447873115539550781e-01
1.541568189859390259e-01
8.578089475631713867e-01
1.042671203613281250e-01
0.000000000000000000e+00
1.541884779930114746e+00
1.230270504951477051e+00
4.629445672035217285e-01
1.142872497439384460e-01
2.734248936176300049e-01
3.895288705825805664e-01
3.810262680053710938e-02
1.594817731529474258e-03
4.332809448242187500e-01
1.938263177871704102e-01
1.853798478841781616e-01
1.099176287651062012e+00
1.571136415004730225e-01
1.432303041219711304e-01
1.304528355598449707e+00
1.050427317619323730e+00
0.000000000000000000e+00
3.991499077528715134e-03
4.715934395790100098e-01
1.422916293144226074e+00
1.025714278221130371e+00
4.743339717388153076e-01
7.417338341474533081e-02
3.287294209003448486e-01
9.896675497293472290e-02
1.614741683006286621e+00
1.130653858184814453e+00
1.723129749298095703e-01
1.801011413335800171e-01
2.736957371234893799e-01
7.313967943191528320e-01
2.768090963363647461e-01
7.554187178611755371e-01
7.248081732541322708e-03
9.695981144905090332e-01
7.943094968795776367e-01
6.413758546113967896e-02
1.286602765321731567e-01
1.834979891777038574e+00
7.842236757278442383e-01
4.218920171260833740e-01
8.088345080614089966e-02
3.455156683921813965e-01
9.593922644853591919e-02
8.611807823181152344e-01
2.560163497924804688e+00
1.038968324661254883e+00
9.577638506889343262e-01
5.311235189437866211e-01
4.238127768039703369e-01
1.906183660030364990e-01
7.326914668083190918e-01
1.579628467559814453e+00
8.526217192411422729e-02
9.602022171020507812e-02
1.092367768287658691e-01
4.012320637702941895e-01
3.585910797119140625e+00
4.726595878601074219e-01
5.432140827178955078e-01
0.000000000000000000e+00
6.587874144315719604e-02
1.691488474607467651e-01
1.845450848340988159e-01
3.978123515844345093e-02
1.966057866811752319e-01
4.337179362773895264e-01
9.600466489791870117e-01
1.104348823428153992e-01
1.683356881141662598e+00
3.298697173595428467e-01
3.052346706390380859e-01
0.000000000000000000e+00
2.206286042928695679e-02
4.370940685272216797e+00
4.928797110915184021e-02
0.000000000000000000e+00
2.835848927497863770e-01
2.613234519958496094e-01
2.462006062269210815e-01
2.681332267820835114e-02
1.560214813798666000e-02
4.289844259619712830e-02
2.352002561092376709e-01
2.232390791177749634e-01
0.000000000000000000e+00
5.855116620659828186e-02
6.430747359991073608e-02
1.385984778404235840e+00
1.313081979751586914e-01
5.816116929054260254e-01
1.188813686370849609e+00
3.978345692157745361e-01
7.985364794731140137e-01
1.191728711128234863e+00
1.703744053840637207e+00
4.476647377014160156e-01
2.098760753870010376e-01
4.920846521854400635e-01
3.315733969211578369e-01
2.409171611070632935e-01
3.521710336208343506e-01
1.343009769916534424e-01
1.216620877385139465e-01
2.722600102424621582e-01
6.460691690444946289e-01
0.000000000000000000e+00
3.134746313095092773e+00
1.690914928913116455e-01
2.600747644901275635e-01
0.000000000000000000e+00
1.476656794548034668e-01
1.251922547817230225e-02
4.622430354356765747e-02
1.316885650157928467e-01
3.767516374588012695e+00
1.853208690881729126e-01
1.868775784969329834e-01
7.341527193784713745e-02
2.797740697860717773e-01
3.428106784820556641e+00
1.393530964851379395e+00
1.254844814538955688e-01
9.303641505539417267e-03
3.298707306385040283e-01
1.096453983336687088e-02
1.294830739498138428e-01
0.000000000000000000e+00
4.629947841167449951e-01
1.829708553850650787e-02
1.579248607158660889e-01
5.840748175978660583e-02
1.986121535301208496e-01
2.989805459976196289e+00
3.581087589263916016e-01
5.330561995506286621e-01
3.127239271998405457e-02
5.907000899314880371e-01
5.553236603736877441e-02
1.110551226884126663e-02
1.403558999300003052e-01
1.754792034626007080e-01
2.299342304468154907e-01
5.251055955886840820e-01
1.107275765389204025e-02
8.990701436996459961e-01
3.714127838611602783e-01
6.234962344169616699e-01
4.880097866058349609e+00
4.517021477222442627e-01
0.000000000000000000e+00
3.138697385787963867e+00
1.026717901229858398e+00
2.885478176176548004e-02
7.842392325401306152e-01
1.369209885597229004e+00
2.974091470241546631e-01
6.251497268676757812e-01
0.000000000000000000e+00
2.499261647462844849e-01
8.216790109872817993e-02
7.646072506904602051e-01
1.023380160331726074e+00
0.000000000000000000e+00
6.264318227767944336e-01
1.854791119694709778e-02
2.594600021839141846e-01
4.497657418251037598e-01
5.774496197700500488e-01
4.453436285257339478e-02
1.937938809394836426e+00
1.859457790851593018e-02
1.887021213769912720e-01
1.584025919437408447e-01
3.410189449787139893e-01
1.723611831665039062e+00
3.743805289268493652e-01
2.849546670913696289e-01
3.116696774959564209e-01
8.296900987625122070e-02
4.792016446590423584e-01
7.598251849412918091e-02
7.489033043384552002e-02
1.224055051803588867e+00
7.835408449172973633e-01
1.629288494586944580e-01
2.624029479920864105e-02
3.590536415576934814e-01
6.037075519561767578e-01
2.406056225299835205e-01
3.343231976032257080e-02
3.064906895160675049e-01
7.790186405181884766e-01
5.841267704963684082e-01
1.030125975608825684e+00
6.900782585144042969e-01
3.786063790321350098e-01
0.000000000000000000e+00
2.587675333023071289e+00
6.506680250167846680e-01
5.055462718009948730e-01
8.255368471145629883e-02
3.342291414737701416e-01
4.780578985810279846e-02
1.335765719413757324e+00
6.851466298103332520e-01
2.669818401336669922e-01
4.012333750724792480e-01
3.793548345565795898e-01
2.849953174591064453e-01
4.780189096927642822e-01
7.462313771247863770e-01
2.118691951036453247e-01
6.245805621147155762e-01
1.468105912208557129e-01
1.740061640739440918e-01
3.216616511344909668e-01
2.341352552175521851e-01
3.600602149963378906e-01
3.811132609844207764e-01
3.087285161018371582e-01
1.815307140350341797e-01
2.047765552997589111e-01
5.860957782715559006e-03
6.735109686851501465e-01
1.553252786397933960e-01
1.213962197303771973e+00
8.420852422714233398e-01
0.000000000000000000e+00
3.925256431102752686e-02
5.235636234283447266e-01
9.492856264114379883e-01
2.663385570049285889e-01
3.240425288677215576e-01
1.442538797855377197e-01
1.680834889411926270e+00
6.074706315994262695e-01
6.402829289436340332e-01
5.536080002784729004e-01
1.679232716560363770e-01
1.381100416183471680e+00
6.778463125228881836e-01
2.517167031764984131e-01
3.086172342300415039e-01
4.332632943987846375e-02
6.600582599639892578e-01
1.010010957717895508e+00
1.904106587171554565e-01
1.229389548301696777e+00
7.813069820404052734e-01
5.771368145942687988e-01
7.160300612449645996e-01
1.630264073610305786e-01
2.251380831003189087e-01
3.026980400085449219e+00
0.000000000000000000e+00
4.497234523296356201e-01
8.691032528877258301e-01
1.036712899804115295e-01
5.824209749698638916e-02
2.860023975372314453e-01
3.612643182277679443e-01
2.070178240537643433e-01
4.035642445087432861e-01
1.952408432960510254e+00
5.193864107131958008e-01
4.304802119731903076e-01
5.551068782806396484e-01
1.099929213523864746e-01
2.127232402563095093e-01
2.332433909177780151e-01
4.615004062652587891e-01
1.549099683761596680e+00
3.588246703147888184e-01
1.145845558494329453e-02
4.750446677207946777e-01
1.306421309709548950e-01
3.994372487068176270e-01
1.237737655639648438e+00
1.753058582544326782e-01
7.152963876724243164e-01
0.000000000000000000e+00
1.745413616299629211e-02
1.058691367506980896e-02
5.727038979530334473e-01
3.634741902351379395e-01
1.068206071853637695e+00
3.581760883331298828e+00
7.466719746589660645e-01
0.000000000000000000e+00
7.902176380157470703e-01
2.446141839027404785e-02
2.158362865447998047e-01
8.204562067985534668e-01
0.000000000000000000e+00
4.255452454090118408e-01
2.092982769012451172e+00
0.000000000000000000e+00
2.161994874477386475e-01
1.847799983806908131e-03
9.370505809783935547e-01
8.473744392395019531e-01
5.080732107162475586e-01
7.313078269362449646e-03
3.494077324867248535e-01
5.136453732848167419e-02
2.716358564794063568e-02
2.742933511734008789e+00
8.955838680267333984e-01
1.195671916007995605e+00
5.336694717407226562e-01
9.834439158439636230e-01
0.000000000000000000e+00
7.442471981048583984e-01
1.524850279092788696e-01
5.577588677406311035e-01
5.018739402294158936e-02
6.272066235542297363e-01
6.884032487869262695e-01
2.686137676239013672e+00
1.609437227249145508e+00
1.353508114814758301e+00
4.007490873336791992e-01
7.625582814216613770e-01
3.644490242004394531e-01
4.099240601062774658e-01
2.225400507450103760e-01
8.325313925743103027e-01
5.976531188935041428e-03
8.820425271987915039e-01
2.957057654857635498e-01
5.279409289360046387e-01
3.343546390533447266e-01
1.368397623300552368e-01
9.220685362815856934e-01
8.624694892205297947e-04
3.901643306016921997e-02
3.866257071495056152e-01
9.354934096336364746e-03
2.123140096664428711e-01
1.849630594253540039e+00
6.019476056098937988e-01
1.214139103889465332e+00
1.598489731550216675e-01
2.143294550478458405e-02
7.881080508232116699e-01
3.312807977199554443e-01
7.185236811637878418e-01
4.793621897697448730e-01
0.000000000000000000e+00
2.137682735919952393e-01
8.727408200502395630e-02
1.149547174572944641e-01
1.778553366661071777e+00
1.027600541710853577e-01
3.583709716796875000e+00
3.254486918449401855e-01
1.048897057771682739e-01
4.844374358654022217e-01
1.163521185517311096e-01
2.404612898826599121e-01
1.944673776626586914e+00
5.825277417898178101e-02
7.688478231430053711e-01
1.775718629360198975e-01
6.462578177452087402e-01
3.789708018302917480e-02
2.870437383651733398e+00
2.928339481353759766e+00
4.331868886947631836e-01
2.126587927341461182e-02
2.898205518722534180e-01
3.885428011417388916e-01
9.851765632629394531e-01
2.351003885269165039e+00
1.467149734497070312e+00
3.961580693721771240e-01
1.327086210250854492e+00
1.096572820097208023e-02
2.253406643867492676e-01
5.695350766181945801e-01
3.584008812904357910e-01
3.019564151763916016e-01
2.931698858737945557e-01
2.817144095897674561e-01
9.934487938880920410e-02
2.947311699390411377e-01
6.695002317428588867e-01
9.906997531652450562e-02
1.266376137733459473e+00
2.598665475845336914e+00
5.385576486587524414e-01
1.702762842178344727e+00
2.061912417411804199e-01
8.666503429412841797e-01
1.111875176429748535e+00
1.441549181938171387e+00
1.297394394874572754e+00
4.191377460956573486e-01
4.912926554679870605e-01
1.092787384986877441e-01
1.999175399541854858e-01
1.504826992750167847e-01
2.916473388671875000e+00
3.585395868867635727e-03
1.014608979225158691e+00
6.430311203002929688e-01
1.099930763244628906e+00
3.220719397068023682e-01
1.042830720543861389e-01
3.402945026755332947e-02
5.569865107536315918e-01
1.825732231140136719e+00
1.050580263137817383e+00
4.703812897205352783e-01
1.120636820793151855e+00
5.389574915170669556e-02
4.095071256160736084e-01
5.658819675445556641e-01
1.265902757644653320e+00
5.371617078781127930e-01
0.000000000000000000e+00
1.315458863973617554e-01
1.109670698642730713e-01
7.996746897697448730e-01
1.782066188752651215e-02
3.977082371711730957e-01
1.617909193038940430e+00
3.371858298778533936e-01
2.156533487141132355e-02
8.668655902147293091e-02
2.824788689613342285e-01
1.241393327713012695e+00
3.673715889453887939e-01
2.750757932662963867e+00
9.315732866525650024e-02
1.226055979728698730e+00
5.217868089675903320e-01
5.153492689132690430e-01
8.682671189308166504e-02
3.716957755386829376e-03
3.183901906013488770e-01
2.836675345897674561e-01
5.984396934509277344e-01
5.736180394887924194e-02
7.572208046913146973e-01
2.173389308154582977e-02
2.399957031011581421e-01
9.327036738395690918e-01
1.236113756895065308e-01
1.265067338943481445e+00
0.000000000000000000e+00
8.173802495002746582e-02
4.581094086170196533e-01
1.297167092561721802e-01
2.873772941529750824e-02
8.176565915346145630e-02
3.487094044685363770e-01
3.970368504524230957e-01
3.472617268562316895e-01
4.258071631193161011e-02
1.676886916160583496e+00
1.192642599344253540e-01
1.126538038253784180e+00
3.730768561363220215e-01
2.273794651031494141e+00
1.108344078063964844e+00
8.169179558753967285e-01
1.048782020807266235e-01
2.828806936740875244e-01
3.042556643486022949e-01
2.749093472957611084e-01
8.677379608154296875e+00
2.206617295742034912e-01
3.006633520126342773e-01
1.612278074026107788e-01
7.489972710609436035e-01
2.163697220385074615e-02
4.871763885021209717e-01
1.040561050176620483e-01
1.531109511852264404e-01
8.043290972709655762e-01
1.100905299186706543e+00
7.193320989608764648e-02
2.121010541915893555e+00
3.822189569473266602e-01
3.176176249980926514e-01
4.476094245910644531e-02
3.094041943550109863e-01
0.000000000000000000e+00
1.530356258153915405e-01
5.838300660252571106e-02
9.090708494186401367e-01
3.865076601505279541e-01
8.419405668973922729e-02
0.000000000000000000e+00
1.514228940010070801e+00
3.531247377395629883e-01
5.641788244247436523e-02
6.436334550380706787e-02
6.198034882545471191e-01
1.308207958936691284e-01
3.591950535774230957e-01
4.065920412540435791e-01
1.052050948143005371e+00
1.465877443552017212e-01
0.000000000000000000e+00
5.006352439522743225e-04
9.126576781272888184e-01
1.515010297298431396e-01
7.348217964172363281e-01
3.567979633808135986e-01
3.358281552791595459e-01
2.536648511886596680e+00
6.787993907928466797e-01
7.646169662475585938e-01
3.241580352187156677e-02
4.234065711498260498e-01
9.760799817740917206e-03
3.426666021347045898e+00
0.000000000000000000e+00
1.794930100440979004e-01
6.695455312728881836e-01
1.978028714656829834e-01
3.458558619022369385e-01
7.207811474800109863e-01
1.915422976016998291e-01
1.766442656517028809e-01
5.187565803527832031e+00
1.388373076915740967e-01
1.574271321296691895e+00
2.028422355651855469e+00
2.592320144176483154e-01
1.710097193717956543e-01
2.768681347370147705e-01
1.225085034966468811e-01
1.695680767297744751e-01
2.058771848678588867e-01
8.822948932647705078e-01
5.184994935989379883e-01
5.001677870750427246e-01
2.453226000070571899e-01
4.533366858959197998e-01
0.000000000000000000e+00
6.521483063697814941e-01
1.328748464584350586e+00
1.805920839309692383e+00
7.904905080795288086e-02
9.779784679412841797e-01
9.884649515151977539e-01
4.141320884227752686e-01
3.388845920562744141e-01
3.389205038547515869e-01
1.289701461791992188e+00
2.337941676378250122e-01
5.728193521499633789e-01
3.896877169609069824e-02
0.000000000000000000e+00
8.370970934629440308e-02
5.511933704838156700e-04
8.409169316291809082e-01
0.000000000000000000e+00
0.000000000000000000e+00
9.767999649047851562e-01
6.691063940525054932e-02
2.654169797897338867e-01
5.294629186391830444e-02
0.000000000000000000e+00
3.964527249336242676e-01
0.000000000000000000e+00
6.215351168066263199e-03
9.098491072654724121e-01
4.154200106859207153e-02
6.802201271057128906e-01
2.404339909553527832e-01
3.308177590370178223e-01
4.866969771683216095e-03
0.000000000000000000e+00
1.190211415290832520e+00
0.000000000000000000e+00
6.767041683197021484e-01
2.838518023490905762e-01
7.626609206199645996e-01
0.000000000000000000e+00
0.000000000000000000e+00
1.319469213485717773e+00
4.209052622318267822e-01
6.740110460668802261e-03
8.534975051879882812e-01
1.216740086674690247e-01
3.014901280403137207e-01
1.242369532585144043e+00
2.794359624385833740e-01
1.282605290412902832e+00
5.906244739890098572e-02
1.529610902070999146e-01
9.907307624816894531e-01
5.995291471481323242e-01
2.027533203363418579e-01
1.591616570949554443e-01
5.749800205230712891e-01
1.473632693290710449e+00
3.283372521400451660e-01
0.000000000000000000e+00
1.748918592929840088e-01
9.587332010269165039e-01
1.284104734659194946e-01
2.617600440979003906e+00
1.045557260513305664e+00
5.431380271911621094e-01
1.281700253486633301e+00
1.019801974296569824e+00
1.020264625549316406e-01
3.059196770191192627e-01
9.090812206268310547e-01
4.070147871971130371e-02
3.746279478073120117e-01
1.005277752876281738e+00
4.693485498428344727e-01
9.278912097215652466e-02
1.349508166313171387e-01
2.912140786647796631e-01
2.799316346645355225e-01
1.405766367912292480e+00
7.127000689506530762e-01
2.948119342327117920e-01
5.973122715950012207e-01
1.613553762435913086e-01
6.035756587982177734e+00
4.096002783626317978e-03
4.000625312328338623e-01
0.000000000000000000e+00
8.343582749366760254e-01
6.830213665962219238e-01
4.292532503604888916e-01
1.921228885650634766e+00
1.484996199607849121e+00
9.634433388710021973e-01
3.100766539573669434e-01
1.286698281764984131e-01
4.265571534633636475e-01
3.713353872299194336e-01
8.761795759201049805e-01
5.060704946517944336e-01
5.549588054418563843e-02
0.000000000000000000e+00
3.576263785362243652e-01
4.971842765808105469e-01
9.491115808486938477e-02
5.387122631072998047e-01
4.049941897392272949e-02
1.879669129848480225e-01
8.488274365663528442e-02
6.500816345214843750e-01
1.307556033134460449e+00
1.309051513671875000e+00
2.713470719754695892e-02
2.178753465414047241e-01
0.000000000000000000e+00
1.093702435493469238e+00
3.122235238552093506e-01
1.323794573545455933e-01
1.620396077632904053e-01
1.319703180342912674e-02
6.171864271163940430e-01
1.161419823765754700e-01
7.615711539983749390e-02
3.705383241176605225e-01
1.815174072980880737e-01
2.802248597145080566e-01
4.803214669227600098e-01
6.751233339309692383e-02
3.502211272716522217e-01
3.917859196662902832e-01
1.267523288726806641e+00
8.610089868307113647e-02
1.542155593633651733e-01
2.526881694793701172e+00
3.090272545814514160e-01
1.706524014472961426e+00
4.294045642018318176e-02
5.760794878005981445e-01
7.711683213710784912e-02
2.897868156433105469e-01
2.584462165832519531e+00
1.899115920066833496e+00
5.759146809577941895e-01
1.067614316940307617e+00
1.140914037823677063e-01
6.742768734693527222e-02
1.474298536777496338e-02
4.216246306896209717e-01
6.212001442909240723e-01
1.690754741430282593e-01
4.568093419075012207e-01
1.999811828136444092e-01
6.414816528558731079e-02
7.182578742504119873e-02
4.915894567966461182e-01
0.000000000000000000e+00
4.545444250106811523e-01
1.124440506100654602e-01
6.533877253532409668e-01
3.092595608904957771e-03
1.224000677466392517e-01
3.452265262603759766e-01
1.463453751057386398e-02
1.346983313560485840e+00
0.000000000000000000e+00
5.315549969673156738e-01
4.938783347606658936e-01
5.163781344890594482e-03
3.758301734924316406e-01
7.053176164627075195e-01
1.717471480369567871e-01
1.793669462203979492e-01
5.262470245361328125e-02
1.067665100097656250e+00
1.810700893402099609e-01
6.549213081598281860e-02
2.938165068626403809e-01
6.388530135154724121e-02
3.659895658493041992e-01
3.116460144519805908e-01
5.924282222986221313e-02
1.097553130239248276e-02
9.545356035232543945e-01
2.778474241495132446e-02
3.393587470054626465e-01
8.443024158477783203e-01
2.023500680923461914e+00
4.147602617740631104e-02
2.672212421894073486e-01
1.454349011182785034e-01
4.713958501815795898e-01
9.795860052108764648e-01
1.799819916486740112e-01
1.711128205060958862e-01
1.389467567205429077e-01
3.179952874779701233e-02
4.443919062614440918e-01
1.171441793441772461e+00
1.898417025804519653e-01
8.827067017555236816e-01
2.492457032203674316e-01
9.496417641639709473e-01
2.167202997952699661e-03
2.330002933740615845e-02
4.727220833301544189e-01
2.771945238113403320e+00
1.190187454223632812e+00
1.213670253753662109e+00
5.512977242469787598e-01
1.312988877296447754e+00
1.125782847404479980e+00
2.604638040065765381e-02
1.247582733631134033e-01
5.097383260726928711e-01
0.000000000000000000e+00
2.538126409053802490e-01
2.403393507003784180e+00
9.675574898719787598e-01
2.405159473419189453e+00
6.397104859352111816e-01
5.509357154369354248e-02
6.377879381179809570e-01
1.152466893196105957e+00
7.691249251365661621e-01
1.210563629865646362e-01
1.415558338165283203e+00
1.139844954013824463e-01
1.278872251510620117e+00
6.832300219684839249e-03
9.770288318395614624e-02
1.360952615737915039e+00
4.087733328342437744e-01
5.540695041418075562e-02
3.914109766483306885e-01
8.043056726455688477e-02
1.110438108444213867e+00
3.452884256839752197e-01
3.981029987335205078e-01
2.297813296318054199e-01
1.608117818832397461e+00
1.177905425429344177e-01
6.273174658417701721e-03
3.553766608238220215e-01
9.306086301803588867e-01
2.456001043319702148e-01
3.132992610335350037e-02
1.473516374826431274e-01
3.637684285640716553e-01
4.523284733295440674e-01
4.353159368038177490e-01
1.377006322145462036e-01
7.310346364974975586e-01
7.830221205949783325e-03
4.856469929218292236e-01
2.842783927917480469e-01
6.869435310363769531e-02
3.636733770370483398e+00
3.101222515106201172e-01
4.636112153530120850e-01
8.626655489206314087e-02
7.403202354907989502e-02
1.978130787611007690e-01
1.116248965263366699e+00
3.650478720664978027e-01
8.852148056030273438e-01
1.304925978183746338e-01
1.277962970733642578e+01
0.000000000000000000e+00
0.000000000000000000e+00
4.263161122798919678e-02
3.367889672517776489e-02
1.417708545923233032e-01
1.762883901596069336e+00
6.295969337224960327e-02
4.240418374538421631e-01
2.410278320312500000e+00
1.689534902572631836e+00
1.319841593503952026e-01
3.359200358390808105e-01
8.083445429801940918e-01
8.140919804573059082e-01
8.092953562736511230e-01
0.000000000000000000e+00
4.118105769157409668e-01
1.502947449684143066e+00
4.203970134258270264e-01
1.291933096945285797e-02
1.083944439888000488e-01
3.142115473747253418e-01
7.057377696037292480e-01
4.863345995545387268e-03
7.960306406021118164e-01
3.047084212303161621e-01
2.642636299133300781e-01
1.931174546480178833e-01
0.000000000000000000e+00
3.520947694778442383e-01
1.254037618637084961e+00
1.396961063146591187e-01
1.127058714628219604e-01
1.270544975996017456e-01
7.904580831527709961e-01
2.438353151082992554e-01
1.740698888897895813e-02
1.052560806274414062e-01
4.786252677440643311e-01
7.051929831504821777e-02
1.228254318237304688e+00
2.531954050064086914e-01
4.005894064903259277e-01
1.088086009025573730e+00
6.659403443336486816e-01
0.000000000000000000e+00
3.982289433479309082e-01
4.540901184082031250e-01
0.000000000000000000e+00
7.408761978149414062e-01
2.800748348236083984e-01
7.932978868484497070e-02
1.573603302240371704e-01
6.909798383712768555e-01
1.626963138580322266e+00
8.934025168418884277e-01
7.672739773988723755e-02
2.413560636341571808e-02
3.889482021331787109e-01
1.517903804779052734e-01
1.586487740278244019e-01
1.334857642650604248e-01
7.957270145416259766e-01
3.651740789413452148e+00
3.347859680652618408e-01
3.692722693085670471e-02
5.094153881072998047e-01
3.560508489608764648e-01
1.554177403450012207e-01
1.212999895215034485e-01
1.156320609152317047e-02
1.106144070625305176e+00
4.550149440765380859e-01
4.375085234642028809e-02
0.000000000000000000e+00
5.881674587726593018e-02
3.234849497675895691e-02
8.757121562957763672e-01
1.255973055958747864e-02
1.612086057662963867e+00
8.437522500753402710e-02
0.000000000000000000e+00
0.000000000000000000e+00
3.688034117221832275e-01
4.059295654296875000e-01
4.323970973491668701e-01
2.248988866806030273e+00
0.000000000000000000e+00
6.874454021453857422e-01
1.067317247390747070e+00
8.573813438415527344e-01
4.551636576652526855e-01
2.945214807987213135e-01
1.183880567550659180e+00
1.067656129598617554e-01
2.896579802036285400e-01
1.228640899062156677e-01
2.375326305627822876e-01
1.199445948004722595e-01
8.518798649311065674e-02
1.138002872467041016e+00
7.774944901466369629e-01
3.204198479652404785e-01
7.803447544574737549e-02
1.038546085357666016e+00
7.352881431579589844e-01
1.043946966528892517e-01
1.824294449761509895e-03
4.946685209870338440e-02
2.003725618124008179e-01
1.515980926342308521e-03
0.000000000000000000e+00
4.119874238967895508e-01
3.039661347866058350e-01
3.624180853366851807e-01
5.251914858818054199e-01
3.554069995880126953e-01
6.709726452827453613e-01
1.129937097430229187e-01
0.000000000000000000e+00
5.755952373147010803e-02
1.093760371208190918e+00
5.226522088050842285e-01
9.185361117124557495e-02
1.490851193666458130e-01
9.854292497038841248e-03
3.981157392263412476e-02
7.673135995864868164e-01
8.789915591478347778e-02
5.841668844223022461e-01
2.101245224475860596e-01
3.291225805878639221e-02
3.466048976406455040e-03
5.666292831301689148e-02
0.000000000000000000e+00
4.552513062953948975e-01
4.693024754524230957e-01
4.154351949691772461e-01
4.521344304084777832e-01
1.477438211441040039e-01
9.236742854118347168e-01
0.000000000000000000e+00
2.674857676029205322e-01
2.601401805877685547e-01
2.785014212131500244e-01
6.625604629516601562e-02
1.638957262039184570e-01
4.513156712055206299e-01
1.016714945435523987e-01
6.605911254882812500e-02
2.376727610826492310e-01
7.954327464103698730e-01
2.501296401023864746e-01
4.789937138557434082e-01
4.091300964355468750e-01
1.610551625490188599e-01
2.729475200176239014e-01
9.335748851299285889e-02
1.024289429187774658e-01
4.411041140556335449e-01
6.206927299499511719e-01
0.000000000000000000e+00
3.096625208854675293e-01
6.172100305557250977e-01
7.086769342422485352e-01
1.559558987617492676e+00
2.590101025998592377e-02
1.009480118751525879e+00
7.245676517486572266e-01
5.915909409523010254e-01
2.953826636075973511e-02
0.000000000000000000e+00
1.364291429519653320e+00
2.635690569877624512e-02
2.063491940498352051e-01
5.137504339218139648e-01
1.707356572151184082e-01
1.251949548721313477e+00
3.590881451964378357e-02
1.112840056419372559e+00
1.043934345245361328e+00
3.345616459846496582e-01
3.766723871231079102e-01
2.678309977054595947e-01
0.000000000000000000e+00
1.406240463256835938e-02
4.606594145298004150e-01
1.848488688468933105e+00
3.776722401380538940e-02
5.763478577136993408e-02
3.010512888431549072e-01
8.158720135688781738e-01
9.487681835889816284e-02
5.664237737655639648e-01
2.823064625263214111e-01
1.127666592597961426e+00
1.061160638928413391e-01
1.114173531532287598e-01
3.444837173447012901e-03
6.321905255317687988e-01
1.196707785129547119e-01
2.757236480712890625e+00
1.632366776466369629e-01
3.425723314285278320e-02
1.985440492630004883e+00
3.777107596397399902e-02
3.732751309871673584e-02
0.000000000000000000e+00
4.536782205104827881e-01
6.272901594638824463e-02
1.517857015132904053e-01
9.466609358787536621e-01
3.325362205505371094e-01
6.302438974380493164e-01
3.926213979721069336e-01
5.133931636810302734e-01
7.311319559812545776e-02
2.976328134536743164e-01
2.778911590576171875e-02
8.394159376621246338e-02
6.649088859558105469e-01
2.764911763370037079e-02
8.180185556411743164e-01
2.182222902774810791e-02
3.657675385475158691e-01
1.355639815330505371e+00
1.241787672042846680e+00
2.990602254867553711e-01
3.779098987579345703e-01
0.000000000000000000e+00
2.229448109865188599e-01
3.943528514355421066e-03
1.559924334287643433e-01
1.444756031036376953e+00
2.017744064331054688e+00
3.534539788961410522e-02
4.733020961284637451e-01
1.010753035545349121e+00
1.631072759628295898e-01
9.937261044979095459e-02
1.250349432229995728e-01
1.271241188049316406e+00
6.686993598937988281e+00
0.000000000000000000e+00
1.565101742744445801e+00
4.546984434127807617e-01
3.890171051025390625e-01
4.139317199587821960e-02
6.991571784019470215e-01
5.789209008216857910e-01
2.138082504272460938e+00
0.000000000000000000e+00
7.608231306076049805e-01
6.511772871017456055e-01
2.945449650287628174e-01
1.404912769794464111e-01
5.953798294067382812e-01
6.086664646863937378e-02
5.168867111206054688e-01
2.316364794969558716e-01
4.747549057006835938e+00
5.604506134986877441e-01
4.191158339381217957e-02
8.823435753583908081e-03
7.739599347114562988e-01
6.886573433876037598e-01
1.633912697434425354e-02
1.763822555541992188e+00
1.720371127128601074e+00
0.000000000000000000e+00
0.000000000000000000e+00
2.518753409385681152e-01
7.608681172132492065e-02
1.840722203254699707e+00
4.664107859134674072e-01
3.146228492259979248e-01
1.409647703170776367e+00
1.651478558778762817e-01
3.881235718727111816e-01
3.142987564206123352e-02
1.269228309392929077e-01
1.059025645256042480e+00
1.785794258117675781e+00
6.722849607467651367e-02
5.599938631057739258e-01
9.051020145416259766e-01
9.254250526428222656e-01
9.262369871139526367e-01
1.181084755808115005e-02
0.000000000000000000e+00
6.234872154891490936e-03
4.368707239627838135e-01
4.789461493492126465e-01
0.000000000000000000e+00
2.292433381080627441e-01
1.370725035667419434e+00
4.572524726390838623e-01
1.198823213577270508e+00
2.100231945514678955e-01
0.000000000000000000e+00
2.309959530830383301e-01
1.385610364377498627e-02
1.225760057568550110e-01
1.482893247157335281e-02
6.911456584930419922e-01
1.844650506973266602e-01
5.451382398605346680e-01
3.484438359737396240e-01
1.434557199478149414e+00
5.962581038475036621e-01
9.109241962432861328e-01
9.534082412719726562e-01
8.631207346916198730e-01
5.507035255432128906e-01
2.770117223262786865e-01
8.195985555648803711e-01
3.249039407819509506e-03
3.619402170181274414e+00
2.015206776559352875e-02
6.736629009246826172e-01
1.187082380056381226e-02
2.303785085678100586e+00
6.075010299682617188e-01
6.659070253372192383e-01
1.283170700073242188e+00
1.582793742418289185e-01
4.795715808868408203e-01
1.211248159408569336e+00
2.840286195278167725e-01
9.050728678703308105e-01
6.741890311241149902e-01
2.978639900684356689e-01
3.055422566831111908e-02
4.135468900203704834e-01
3.498952388763427734e-01
0.000000000000000000e+00
4.192129671573638916e-01
8.542012423276901245e-03
1.114801764488220215e-01
2.481631278991699219e+00
7.512348890304565430e-02
4.126660227775573730e-01
6.082392930984497070e-01
3.089718222618103027e-01
4.239585399627685547e-01
2.063854217529296875e+00
6.162206530570983887e-01
4.720725864171981812e-02
1.213653922080993652e+00
7.167837023735046387e-01
1.118197687901556492e-03
2.280894666910171509e-01
3.286917209625244141e-01
7.974925041198730469e-01
4.101991355419158936e-01
9.746376276016235352e-01
1.091752290725708008e+00
2.690830230712890625e-01
2.433691769838333130e-01
2.216934710741043091e-01
3.415080904960632324e-02
1.576559782028198242e+00
1.635439097881317139e-01
8.931525230407714844e+00
8.201998472213745117e-02
7.993900775909423828e-01
0.000000000000000000e+00
5.519617199897766113e-01
2.477644532918930054e-01
9.335952252149581909e-02
1.420701593160629272e-01
1.461931467056274414e-01
8.314734697341918945e-02
1.010631203651428223e+00
6.891482472419738770e-01
2.465741038322448730e-01
6.407068371772766113e-01
1.189742758870124817e-01
4.948689416050910950e-02
2.857309579849243164e-01
6.453748047351837158e-02
2.307162992656230927e-02
1.520669311285018921e-01
4.068101942539215088e-02
8.991355895996093750e-01
1.686116494238376617e-02
6.463427543640136719e-01
1.275258958339691162e-01
5.018595457077026367e-01
1.163913011550903320e-01
4.776773452758789062e+00
1.611295104026794434e+00
4.880822598934173584e-01
5.529026985168457031e-01
1.203340217471122742e-01
9.112500585615634918e-03
2.346247434616088867e+00
1.900590956211090088e-01
3.173009157180786133e-01
4.387574195861816406e-01
6.517587900161743164e-01
4.479099214076995850e-01
7.360465824604034424e-02
3.006798982620239258e+00
3.882867991924285889e-01
3.969119861721992493e-02
7.881643623113632202e-02
1.440521478652954102e-01
7.040092349052429199e-01
1.729454517364501953e+00
2.535702228546142578e+00
4.876817226409912109e+00
2.245660543441772461e+00
1.501699164509773254e-02
1.089249491691589355e+00
1.309408426284790039e+00
3.072206676006317139e-01
2.939525842666625977e-01
1.581767499446868896e-01
2.330449819564819336e-01
7.198925316333770752e-02
8.890324272215366364e-03
2.035008221864700317e-01
1.368241786956787109e+00
1.343868672847747803e-01
3.640017509460449219e-01
1.205482557415962219e-01
2.696321904659271240e-01
2.588905766606330872e-02
1.515690207481384277e+00
4.575574770569801331e-02
1.857953965663909912e-01
9.892399311065673828e-01
1.573980450630187988e-01
1.449095606803894043e-01
5.785856246948242188e-01
2.478616312146186829e-02
1.241402626037597656e+00
0.000000000000000000e+00
2.276432327926158905e-02
4.820893406867980957e-01
6.546701192855834961e-01
3.859718143939971924e-02
6.787061691284179688e-03
1.732298359274864197e-02
1.739443987607955933e-01
0.000000000000000000e+00
4.133111536502838135e-01
4.418652653694152832e-01
6.938394508324563503e-04
2.675668895244598389e-01
0.000000000000000000e+00
8.045897266129031777e-05
6.429501622915267944e-02
7.443603277206420898e-01
1.113196760416030884e-01
1.737244310788810253e-03
2.270414590835571289e+00
3.724435269832611084e-01
9.647313356399536133e-01
2.394886016845703125e-01
3.926882147789001465e-01
4.324709996581077576e-02
5.455436229705810547e+00
6.029766798019409180e-01
4.983547031879425049e-01
1.955186724662780762e-01
8.759517073631286621e-01
1.293372869491577148e+00
3.652288615703582764e-01
4.021689891815185547e-01
9.523915052413940430e-01
1.261968374252319336e+00
2.246332354843616486e-02
1.083001121878623962e-01
2.558482438325881958e-02
8.368706107139587402e-01
1.458788514137268066e-01
1.106336489319801331e-01
4.309466481208801270e-02
1.383495479822158813e-01
3.551212251186370850e-01
1.959308050572872162e-02
1.262568682432174683e-01
2.901535946875810623e-03
3.276149630546569824e-01
3.239414691925048828e-01
