1.392788290977478027e-01
4.831835627555847168e-02
4.731093347072601318e-01
0.000000000000000000e+00
0.000000000000000000e+00
1.334326863288879395e-01
7.204768806695938110e-02
7.037658244371414185e-02
3.447273746132850647e-02
4.863488972187042236e-01
1.380190998315811157e-02
3.808484598994255066e-02
2.972290478646755219e-02
1.675938516855239868e-01
4.427445307374000549e-02
3.350698947906494141e-01
6.383096575736999512e-01
0.000000000000000000e+00
1.305085048079490662e-02
0.000000000000000000e+00
2.449878007173538208e-01
1.214077323675155640e-02
2.274885028600692749e-01
2.600681595504283905e-02
5.042532086372375488e-01
1.965817809104919434e-02
2.413368672132492065e-01
1.017883867025375366e-01
0.000000000000000000e+00
1.918459683656692505e-02
4.053305387496948242e-01
3.765806853771209717e-01
4.111677706241607666e-01
1.361467987298965454e-01
0.000000000000000000e+00
0.000000000000000000e+00
0.000000000000000000e+00
2.537835240364074707e-01
0.000000000000000000e+00
1.064661443233489990e-01
1.773742198944091797e+00
5.492742657661437988e-01
1.356538832187652588e-01
1.420539021492004395e-01
0.000000000000000000e+00
0.000000000000000000e+00
7.999750226736068726e-02
1.186404563486576080e-02
0.000000000000000000e+00
1.738851368427276611e-01
6.264510750770568848e-02
5.718274116516113281e-01
1.429355819709599018e-03
4.103093221783638000e-02
2.606935799121856689e-01
5.857825279235839844e-02
6.097022816538810730e-02
0.000000000000000000e+00
1.477809846401214600e-01
1.247907727956771851e-01
1.892362342914566398e-04
3.235376179218292236e-01
6.318260431289672852e-01
0.000000000000000000e+00
0.000000000000000000e+00
9.150881320238113403e-02
0.000000000000000000e+00
6.114327430725097656e+00
0.000000000000000000e+00
1.084671616554260254e-01
1.345026969909667969e+00
1.006382852792739868e-01
0.000000000000000000e+00
9.269782155752182007e-02
0.000000000000000000e+00
3.006201982498168945e-01
7.093098759651184082e-01
1.973992399871349335e-02
1.135818362236022949e+00
0.000000000000000000e+00
1.481088757514953613e+00
0.000000000000000000e+00
0.000000000000000000e+00
1.806465536355972290e-02
1.107678040862083435e-01
3.742441913345828652e-05
3.843660652637481689e-02
2.649522386491298676e-02
8.128120750188827515e-02
2.121411380358040333e-04
0.000000000000000000e+00
3.685902629513293505e-04
3.635063171386718750e-01
1.573244854807853699e-02
0.000000000000000000e+00
0.000000000000000000e+00
7.698142528533935547e-02
1.734770648181438446e-02
1.952345252037048340e+00
2.013058215379714966e-01
1.906056851148605347e-01
1.635261178016662598e+00
0.000000000000000000e+00
3.155122697353363037e-02
0.000000000000000000e+00
3.324439749121665955e-02
0.000000000000000000e+00
0.000000000000000000e+00
0.000000000000000000e+00
2.416461944580078125e+00
0.000000000000000000e+00
1.031449213624000549e-01
0.000000000000000000e+00
3.571770787239074707e-01
7.519096732139587402e-01
2.726701833307743073e-02
1.588600724935531616e-01
1.620443314313888550e-01
2.570579051971435547e-01
0.000000000000000000e+00
7.021501660346984863e-02
2.893064916133880615e-01
0.000000000000000000e+00
7.725279033184051514e-02
6.595428466796875000e+00
5.996323004364967346e-02
0.000000000000000000e+00
7.140976190567016602e-01
5.922099575400352478e-02
1.463378071784973145e-01
1.142262458801269531e+00
4.604032263159751892e-02
0.000000000000000000e+00
1.080043092370033264e-01
5.027429200708866119e-03
4.746789485216140747e-02
6.277487874031066895e-01
2.773055806756019592e-02
6.322652697563171387e-01
1.758580282330513000e-02
0.000000000000000000e+00
1.121001988649368286e-01
5.225913226604461670e-02
3.073121607303619385e-01
0.000000000000000000e+00
0.000000000000000000e+00
5.319311097264289856e-02
1.303829848766326904e-01
1.581552028656005859e-01
3.697696328163146973e-02
1.668673753738403320e+00
0.000000000000000000e+00
1.990671753883361816e-01
0.000000000000000000e+00
2.581929787993431091e-03
4.696074128150939941e-02
2.075229305773973465e-03
0.000000000000000000e+00
0.000000000000000000e+00
2.914507873356342316e-03
1.205470226705074310e-02
1.040228307247161865e-01
8.264138549566268921e-02
0.000000000000000000e+00
9.465099126100540161e-02
4.483717441558837891e+00
8.939847350120544434e-03
0.000000000000000000e+00
0.000000000000000000e+00
1.697928309440612793e-01
2.671854794025421143e-01
8.345685899257659912e-02
1.473400043323636055e-03
0.000000000000000000e+00
0.000000000000000000e+00
1.209167093038558960e-01
2.108964174985885620e-01
0.000000000000000000e+00
0.000000000000000000e+00
2.435566484928131104e-01
2.571108341217041016e+00
5.464891195297241211e-01
1.464037746191024780e-01
0.000000000000000000e+00
9.356357902288436890e-02
0.000000000000000000e+00
2.599630970507860184e-03
7.843457907438278198e-02
0.000000000000000000e+00
0.000000000000000000e+00
0.000000000000000000e+00
1.523138284683227539e-01
0.000000000000000000e+00
2.373099774122238159e-01
0.000000000000000000e+00
3.651563078165054321e-03
1.186620950698852539e+00
4.805980250239372253e-02
9.633084386587142944e-02
6.633007526397705078e-02
1.647925525903701782e-01
2.742525248322635889e-04
5.175091624259948730e-01
1.710375770926475525e-02
1.029347479343414307e-01
1.100724283605813980e-02
1.210244372487068176e-02
1.960711836814880371e+00
4.886598885059356689e-02
1.177639351226389408e-03
4.914546385407447815e-02
2.453545108437538147e-02
2.784145181067287922e-05
0.000000000000000000e+00
3.388745477423071861e-03
0.000000000000000000e+00
2.418296188116073608e-01
0.000000000000000000e+00
3.965900838375091553e-02
4.670723155140876770e-02
1.279480904340744019e-01
5.964746475219726562e-01
1.423686742782592773e-01
1.977925598621368408e-01
1.003719568252563477e-01
5.235240235924720764e-02
1.927749067544937134e-01
6.189482659101486206e-02
4.848593771457672119e-01
1.728494465351104736e-01
0.000000000000000000e+00
7.014315575361251831e-02
2.320964634418487549e-01
9.697347879409790039e-02
7.053659856319427490e-02
8.875018358230590820e-02
2.251064591109752655e-02
0.000000000000000000e+00
0.000000000000000000e+00
4.065435845404863358e-03
3.728252649307250977e-02
7.081494200974702835e-03
4.566681385040283203e-01
1.231089606881141663e-01
0.000000000000000000e+00
1.775880157947540283e-01
5.172765627503395081e-02
0.000000000000000000e+00
9.255129261873662472e-04
7.961434870958328247e-02
4.754123687744140625e-01
1.214602589607238770e-01
4.664535820484161377e-02
0.000000000000000000e+00
0.000000000000000000e+00
8.093388378620147705e-02
3.809819221496582031e-01
5.238524675369262695e-01
2.435119450092315674e-01
6.628212332725524902e-02
4.483047872781753540e-02
5.951995961368083954e-03
5.205140590667724609e+00
0.000000000000000000e+00
1.706163287162780762e-01
2.849558368325233459e-02
2.031435072422027588e-01
6.665896624326705933e-03
1.558745186775922775e-02
8.483098819851875305e-03
3.564343750476837158e-01
0.000000000000000000e+00
5.103659629821777344e-02
5.162538960576057434e-02
7.888206094503402710e-02
4.656489938497543335e-02
0.000000000000000000e+00
8.612080663442611694e-02
9.960940480232238770e-02
5.929697304964065552e-02
9.278717637062072754e-02
7.120063062757253647e-03
2.305603474378585815e-01
0.000000000000000000e+00
2.407294064760208130e-01
5.838162302970886230e-01
2.691170573234558105e-01
2.772791385650634766e-01
1.528868198394775391e+00
1.373460054397583008e+00
5.982271432876586914e-01
8.374646306037902832e-02
1.210503187030553818e-02
1.838547885417938232e-01
0.000000000000000000e+00
4.215355217456817627e-01
9.308147244155406952e-03
0.000000000000000000e+00
0.000000000000000000e+00
8.689726702868938446e-03
0.000000000000000000e+00
4.843883216381072998e-01
7.015899568796157837e-02
0.000000000000000000e+00
3.696843236684799194e-02
4.527165889739990234e-01
4.934295266866683960e-02
1.616054587066173553e-02
9.344716556370258331e-03
0.000000000000000000e+00
0.000000000000000000e+00
2.556989789009094238e-01
9.938166290521621704e-02
6.291649769991636276e-03
7.937025278806686401e-03
0.000000000000000000e+00
0.000000000000000000e+00
0.000000000000000000e+00
1.369848251342773438e-01
0.000000000000000000e+00
0.000000000000000000e+00
0.000000000000000000e+00
1.087375998497009277e+00
2.468397654592990875e-02
4.634246826171875000e-01
4.741258919239044189e-02
4.330452159047126770e-02
1.550312280654907227e+00
1.629175990819931030e-01
5.336861610412597656e-01
1.715247482061386108e-01
0.000000000000000000e+00
3.839534521102905273e-01
2.632594853639602661e-02
2.411659806966781616e-01
2.543717063963413239e-02
1.149675369262695312e+00
1.505456119775772095e-01
1.372373402118682861e-01
1.976640895009040833e-03
0.000000000000000000e+00
1.791931688785552979e-01
3.637577295303344727e-01
0.000000000000000000e+00
3.233252791687846184e-03
0.000000000000000000e+00
0.000000000000000000e+00
1.543709337711334229e-01
3.219204843044281006e-01
1.169600617140531540e-02
2.572955787181854248e-01
9.380512870848178864e-03
1.724451929330825806e-01
3.963876143097877502e-02
6.636938452720642090e-02
2.152748033404350281e-02
4.259200766682624817e-03
2.173507027328014374e-02
7.343663573265075684e-01
5.383958667516708374e-02
6.839488148689270020e-01
6.063466668128967285e-01
0.000000000000000000e+00
2.910157442092895508e-01
3.540351688861846924e-01
4.843733739107847214e-03
8.684265613555908203e-01
4.938900470733642578e-03
2.841557860374450684e-01
0.000000000000000000e+00
4.109990783035755157e-03
2.993088066577911377e-01
3.699790313839912415e-02
3.455224260687828064e-02
5.157777294516563416e-02
1.020054426044225693e-02
1.563683599233627319e-01
2.829191740602254868e-03
4.616613686084747314e-01
8.208023756742477417e-02
1.693912665359675884e-03
3.051209688186645508e+00
1.221936196088790894e-01
0.000000000000000000e+00
0.000000000000000000e+00
3.613276183605194092e-01
0.000000000000000000e+00
1.183138117194175720e-01
0.000000000000000000e+00
7.404340803623199463e-02
0.000000000000000000e+00
3.832533061504364014e-01
1.035446897149085999e-01
5.690063163638114929e-02
2.013493031263351440e-01
7.987726926803588867e-01
9.268256835639476776e-03
3.193482011556625366e-02
0.000000000000000000e+00
9.993071435019373894e-04
8.674164116382598877e-02
4.603961110115051270e-02
0.000000000000000000e+00
0.000000000000000000e+00
3.728947788476943970e-02
1.683451607823371887e-02
7.757317274808883667e-03
3.807475864887237549e-01
2.096673548221588135e-01
1.004302024841308594e+00
2.018904872238636017e-02
0.000000000000000000e+00
3.290010988712310791e-01
1.115994974970817566e-01
1.110650777816772461e+00
0.000000000000000000e+00
5.789470672607421875e-02
2.033511996269226074e-01
0.000000000000000000e+00
2.899538166821002960e-02
7.617932558059692383e-02
0.000000000000000000e+00
1.049019768834114075e-01
8.849766254425048828e-01
0.000000000000000000e+00
3.608870133757591248e-02
2.062978506088256836e+00
2.676624059677124023e-01
3.055471181869506836e-01
0.000000000000000000e+00
1.363138914108276367e+00
5.896928254514932632e-03
4.823206901550292969e+00
5.471626669168472290e-02
1.272401958703994751e-01
4.829984307289123535e-01
3.018198907375335693e-02
0.000000000000000000e+00
2.511978149414062500e-01
1.120481081306934357e-02
6.450518965721130371e-01
3.625786921475082636e-04
0.000000000000000000e+00
0.000000000000000000e+00
1.849403977394104004e-02
1.328748837113380432e-02
3.663107380270957947e-02
1.643173247575759888e-01
2.561601996421813965e-01
3.271418064832687378e-02
3.733136504888534546e-02
0.000000000000000000e+00
1.264837235212326050e-01
0.000000000000000000e+00
0.000000000000000000e+00
2.035773992538452148e+00
1.453352272510528564e-01
4.504473209381103516e-01
1.150989532470703125e-01
1.698549091815948486e-01
0.000000000000000000e+00
2.981410324573516846e-01
8.779152035713195801e-01
7.130542397499084473e-01
1.524355728179216385e-02
8.199857547879219055e-03
1.468978077173233032e-02
4.455246329307556152e-01
0.000000000000000000e+00
2.222944498062133789e-01
7.846318930387496948e-02
2.031504631042480469e+00
1.578362882137298584e-01
1.062706351280212402e+00
6.150529384613037109e-01
2.819368362426757812e+00
2.356041520833969116e-01
3.606608211994171143e-01
0.000000000000000000e+00
0.000000000000000000e+00
0.000000000000000000e+00
0.000000000000000000e+00
4.437065124511718750e-02
7.365021854639053345e-02
0.000000000000000000e+00
0.000000000000000000e+00
0.000000000000000000e+00
1.046645641326904297e-02
2.080693542957305908e-01
9.596395492553710938e-01
1.510989665985107422e-02
5.054469108581542969e-01
7.213936001062393188e-02
2.825150266289710999e-02
3.003855794668197632e-02
4.974253475666046143e-03
0.000000000000000000e+00
6.748994588851928711e-01
1.394179612398147583e-01
1.631874032318592072e-02
4.827164113521575928e-02
0.000000000000000000e+00
2.092697143554687500e+00
1.470337156206369400e-04
5.050077438354492188e-01
3.523534163832664490e-02
9.776485152542591095e-03
6.705597974359989166e-03
5.733020976185798645e-02
6.560007110238075256e-03
8.526736497879028320e-02
1.009990945458412170e-01
6.214414164423942566e-02
1.394731253385543823e-01
7.354713976383209229e-02
0.000000000000000000e+00
5.801927298307418823e-02
1.306381225585937500e-01
2.448652684688568115e-01
9.371438995003700256e-03
5.147986114025115967e-02
4.889979586005210876e-02
1.788922026753425598e-02
1.731459796428680420e-02
0.000000000000000000e+00
1.805854588747024536e-01
0.000000000000000000e+00
9.446579962968826294e-03
0.000000000000000000e+00
1.758368685841560364e-02
0.000000000000000000e+00
3.821253478527069092e-01
9.996055960655212402e-01
6.953474134206771851e-02
1.813809573650360107e-01
9.050190448760986328e-01
0.000000000000000000e+00
0.000000000000000000e+00
3.285232186317443848e-01
0.000000000000000000e+00
8.430415391921997070e-02
4.543803930282592773e-01
5.536652088165283203e+00
0.000000000000000000e+00
9.759161621332168579e-02
3.662126302719116211e+00
2.323448807001113892e-01
7.337716966867446899e-02
3.021803684532642365e-02
4.563216686248779297e+00
3.309717774391174316e-02
0.000000000000000000e+00
3.151414096355438232e-01
2.753172069787979126e-02
3.708527982234954834e-02
1.082513704895973206e-01
4.361691419035196304e-03
1.420689076185226440e-01
1.697841584682464600e-01
0.000000000000000000e+00
1.472684275358915329e-02
2.756375372409820557e-01
0.000000000000000000e+00
8.800707012414932251e-02
0.000000000000000000e+00
3.136966004967689514e-02
8.874262869358062744e-02
0.000000000000000000e+00
2.362703531980514526e-02
3.106531500816345215e-02
1.396563556045293808e-02
0.000000000000000000e+00
0.000000000000000000e+00
9.972245246171951294e-02
9.804589301347732544e-02
2.468574345111846924e-01
1.030755266547203064e-01
1.497852616012096405e-03
0.000000000000000000e+00
2.616216540336608887e-01
2.052796036005020142e-01
8.502061665058135986e-02
2.340688109397888184e-01
1.841395497322082520e-01
9.754890203475952148e-02
3.898829221725463867e-02
1.209401488304138184e-01
8.827082929201424122e-04
2.626092433929443359e+00
0.000000000000000000e+00
5.372256785631179810e-02
1.360635459423065186e-01
3.151713311672210693e-01
5.352926626801490784e-02
5.079414695501327515e-03
1.871368475258350372e-02
6.768897874280810356e-04
1.049122493714094162e-02
2.157642394304275513e-01
0.000000000000000000e+00
2.806053683161735535e-02
3.324390351772308350e-01
4.138530697673559189e-03
1.255570650100708008e-01
1.179567575454711914e+00
0.000000000000000000e+00
0.000000000000000000e+00
1.006400305777788162e-02
2.079813957214355469e+00
1.538584474474191666e-03
4.607287794351577759e-02
7.248019576072692871e-01
0.000000000000000000e+00
0.000000000000000000e+00
5.174637436866760254e-01
2.688087224960327148e-01
6.537051498889923096e-02
1.408810466527938843e-01
0.000000000000000000e+00
8.390509174205362797e-04
5.273752212524414062e-01
1.765118092298507690e-01
1.049729466438293457e+00
5.054203867912292480e-01
5.908285826444625854e-02
6.201153993606567383e-01
1.787239760160446167e-01
9.362509846687316895e-01
6.384424120187759399e-02
0.000000000000000000e+00
1.836855411529541016e-01
4.031788557767868042e-02
1.261861622333526611e-01
5.434850603342056274e-02
3.510869741439819336e-01
4.053581133484840393e-02
0.000000000000000000e+00
1.171935200691223145e+00
2.493202090263366699e-01
1.369491405785083771e-02
5.952109694480895996e-01
2.875564992427825928e-01
2.709492295980453491e-02
2.537840902805328369e-01
2.884654700756072998e-02
2.251690067350864410e-02
2.607655227184295654e-01
0.000000000000000000e+00
1.513359509408473969e-02
2.419355884194374084e-02
5.183601975440979004e-01
1.378597039729356766e-02
3.514904081821441650e-01
4.788556694984436035e-01
8.522942066192626953e-01
1.177607297897338867e+00
0.000000000000000000e+00
6.979865580797195435e-02
8.061438798904418945e-02
6.969683170318603516e-01
2.196931093931198120e-01
9.761588647961616516e-03
7.340900599956512451e-02
5.424440503120422363e-01
1.696048229932785034e-01
0.000000000000000000e+00
1.611507177352905273e+00
2.954685501754283905e-02
2.161760814487934113e-03
1.854329183697700500e-02
3.023254685103893280e-03
0.000000000000000000e+00
0.000000000000000000e+00
7.549431640654802322e-03
1.119625288993120193e-02
4.750028997659683228e-02
3.280304372310638428e-01
1.420100033283233643e-02
4.127499103546142578e+00
6.246713176369667053e-02
0.000000000000000000e+00
0.000000000000000000e+00
0.000000000000000000e+00
5.979153513908386230e-01
5.085673183202743530e-02
8.293966203927993774e-02
3.406494483351707458e-02
0.000000000000000000e+00
3.374150395393371582e-02
6.633619964122772217e-02
0.000000000000000000e+00
0.000000000000000000e+00
3.965037316083908081e-02
4.195310547947883606e-02
2.835605442523956299e-01
1.570748388767242432e-01
0.000000000000000000e+00
4.236480593681335449e-01
0.000000000000000000e+00
1.240102797746658325e-01
2.324065417051315308e-01
2.740914700552821159e-03
0.000000000000000000e+00
2.966708503663539886e-02
0.000000000000000000e+00
2.975704371929168701e-01
1.081091880798339844e+00
2.931964993476867676e-01
1.663302183151245117e-01
1.257662028074264526e-01
2.667640447616577148e-01
1.000236570835113525e-01
5.933770537376403809e-02
3.115325467661023140e-03
0.000000000000000000e+00
1.189361140131950378e-01
3.498348295688629150e-01
2.017615735530853271e-02
3.041267096996307373e-01
8.355776779353618622e-03
4.069021344184875488e-02
4.824475944042205811e-02
0.000000000000000000e+00
5.366206169128417969e-04
1.534524708986282349e-01
2.617635205388069153e-02
0.000000000000000000e+00
3.841660618782043457e-01
3.237944561988115311e-03
0.000000000000000000e+00
1.332682520151138306e-01
7.725763916969299316e-01
3.225363418459892273e-02
2.768964767456054688e+00
2.396301180124282837e-02
8.385578170418739319e-03
1.548287570476531982e-01
0.000000000000000000e+00
5.669711530208587646e-02
1.529121305793523788e-02
6.574210524559020996e-01
2.176781557500362396e-02
0.000000000000000000e+00
1.597819477319717407e-01
7.084771990776062012e-01
5.180428549647331238e-02
4.629419744014739990e-01
1.559557467699050903e-01
7.599887251853942871e-02
5.485825613141059875e-02
0.000000000000000000e+00
6.358039379119873047e-01
2.037650905549526215e-02
8.729206770658493042e-02
1.025114115327596664e-02
0.000000000000000000e+00
0.000000000000000000e+00
1.347843706607818604e-01
7.458795905113220215e-01
8.050267100334167480e-01
0.000000000000000000e+00
3.629058599472045898e-02
3.066486306488513947e-02
0.000000000000000000e+00
1.999827921390533447e-01
1.039332430809736252e-02
1.815561950206756592e-01
0.000000000000000000e+00
2.656410448253154755e-02
1.932561248540878296e-01
4.581961333751678467e-01
2.193537205457687378e-01
3.275284767150878906e-01
2.393549680709838867e-01
3.345308452844619751e-02
0.000000000000000000e+00
6.584172248840332031e-01
4.330889582633972168e-01
5.676921010017395020e-01
1.770168244838714600e-01
4.577563330531120300e-02
2.366504445672035217e-02
3.250704109668731689e-01
0.000000000000000000e+00
1.147599816322326660e-01
6.038198713213205338e-03
1.152707457542419434e+00
1.632365398108959198e-02
5.539615750312805176e-01
6.355024129152297974e-02
1.331323385238647461e-01
0.000000000000000000e+00
1.531245350837707520e+00
0.000000000000000000e+00
3.936397433280944824e-01
9.376472979784011841e-02
0.000000000000000000e+00
1.968448460102081299e-01
0.000000000000000000e+00
2.670288681983947754e-01
0.000000000000000000e+00
2.636878490447998047e-01
1.388324946165084839e-01
2.305649220943450928e-02
6.387172732502222061e-03
1.309411525726318359e-01
7.668554782867431641e-02
2.550268173217773438e+00
3.313200771808624268e-01
0.000000000000000000e+00
3.826419264078140259e-02
6.589987874031066895e-02
0.000000000000000000e+00
1.020941659808158875e-01
2.269489131867885590e-02
0.000000000000000000e+00
1.875093765556812286e-02
0.000000000000000000e+00
2.003838270902633667e-01
0.000000000000000000e+00
8.837617002427577972e-03
1.186926010996103287e-02
1.015502512454986572e-01
2.626667264848947525e-04
7.684762001037597656e+00
3.215157613158226013e-02
3.950693458318710327e-02
0.000000000000000000e+00
2.484516948461532593e-01
4.886446297168731689e-01
0.000000000000000000e+00
0.000000000000000000e+00
0.000000000000000000e+00
2.232252657413482666e-01
0.000000000000000000e+00
1.106793731451034546e-01
8.769385516643524170e-03
0.000000000000000000e+00
0.000000000000000000e+00
4.994564056396484375e-01
0.000000000000000000e+00
1.272959355264902115e-02
1.508608907461166382e-01
4.149041697382926941e-02
1.787722408771514893e-01
5.772591233253479004e-01
2.496568486094474792e-03
0.000000000000000000e+00
0.000000000000000000e+00
9.899063408374786377e-02
5.645008385181427002e-02
0.000000000000000000e+00
4.950983822345733643e-02
0.000000000000000000e+00
5.969275161623954773e-02
1.441097632050514221e-02
1.244917884469032288e-01
2.909782528877258301e-01
2.890869602560997009e-02
7.333617657423019409e-02
0.000000000000000000e+00
1.584337651729583740e-01
0.000000000000000000e+00
1.224305033683776855e+00
3.346269577741622925e-02
0.000000000000000000e+00
3.824028074741363525e-01
1.116130203008651733e-01
3.500165343284606934e-01
5.790250897407531738e-01
1.790534146130084991e-02
9.023535065352916718e-03
0.000000000000000000e+00
1.369288563728332520e-01
0.000000000000000000e+00
3.731471300125122070e-02
0.000000000000000000e+00
2.161416262388229370e-01
1.213883161544799805e+00
3.722439054399728775e-03
0.000000000000000000e+00
1.585021382197737694e-04
0.000000000000000000e+00
5.571800470352172852e-02
1.382677257061004639e-01
4.872188344597816467e-02
0.000000000000000000e+00
6.506220102310180664e-01
7.783308625221252441e-02
0.000000000000000000e+00
5.027740821242332458e-02
2.305028587579727173e-02
5.026431679725646973e-01
2.548252940177917480e-01
1.432108521461486816e+00
2.877463996410369873e-01
2.196647226810455322e-02
4.190146028995513916e-01
7.861972332000732422e+00
0.000000000000000000e+00
2.698489651083946228e-02
5.751053690910339355e-01
1.351549662649631500e-02
5.928022414445877075e-02
7.378685288131237030e-03
3.320932388305664062e-03
7.560849934816360474e-02
9.359459392726421356e-03
1.163284853100776672e-02
0.000000000000000000e+00
4.430993460118770599e-03
2.680144459009170532e-02
4.441972076892852783e-02
1.795052051544189453e+00
1.216837838292121887e-01
2.939113676548004150e-01
0.000000000000000000e+00
0.000000000000000000e+00
1.820632815361022949e-02
3.922415152192115784e-02
0.000000000000000000e+00
4.373612999916076660e-02
2.401835657656192780e-02
1.048386245965957642e-01
0.000000000000000000e+00
1.454362552613019943e-02
4.992180317640304565e-02
8.517639338970184326e-02
1.135241612792015076e-01
0.000000000000000000e+00
1.659786999225616455e-01
1.145431678742170334e-02
2.589032649993896484e-01
2.380169481039047241e-01
5.803453326225280762e-01
5.629463791847229004e-01
1.278176456689834595e-01
2.026393413543701172e-01
3.218668699264526367e-01
5.579622089862823486e-02
7.896956056356430054e-03
3.003814518451690674e-01
0.000000000000000000e+00
0.000000000000000000e+00
1.076107621192932129e+00
0.000000000000000000e+00
2.006998211145401001e-01
7.199338078498840332e-01
0.000000000000000000e+00
2.437459975481033325e-01
0.000000000000000000e+00
2.344058593735098839e-03
0.000000000000000000e+00
9.946245700120925903e-03
2.380609512329101562e-02
1.891231656074523926e+00
4.574070870876312256e-01
2.254625409841537476e-02
8.549826592206954956e-02
6.593882292509078979e-02
1.160968661308288574e+00
2.214397341012954712e-01
4.637048020958900452e-02
1.343407928943634033e-01
0.000000000000000000e+00
4.036290049552917480e-01
5.023329704999923706e-02
1.267931461334228516e-01
7.701974362134933472e-02
1.982973515987396240e-02
0.000000000000000000e+00
2.172313481569290161e-01
5.697347689419984818e-03
1.935962736606597900e-01
9.390455670654773712e-03
4.094336628913879395e-01
3.752950191497802734e+00
7.707162760198116302e-03
2.647897228598594666e-02
1.976873353123664856e-02
3.753705024719238281e-01
1.156907558441162109e+00
7.237677462399005890e-03
2.574003040790557861e-01
5.698585137724876404e-02
0.000000000000000000e+00
0.000000000000000000e+00
7.202551960945129395e-01
2.753848135471343994e-01
1.079636588692665100e-01
3.385291099548339844e-01
0.000000000000000000e+00
2.905322983860969543e-02
1.046038746833801270e+00
1.517658829689025879e-01
1.573876142501831055e-01
5.932779610157012939e-02
0.000000000000000000e+00
0.000000000000000000e+00
2.617385685443878174e-01
1.078123807907104492e+00
1.213863212615251541e-02
4.023813828825950623e-02
1.000174954533576965e-01
2.216973528265953064e-02
4.304426535964012146e-02
0.000000000000000000e+00
4.573721811175346375e-02
1.199634522199630737e-01
4.132568091154098511e-02
0.000000000000000000e+00
1.764018903486430645e-03
2.062496989965438843e-01
0.000000000000000000e+00
1.617803812026977539e+00
1.352347880601882935e-01
5.142323672771453857e-03
4.871062934398651123e-02
1.793269440531730652e-02
5.938115119934082031e-01
6.087325047701597214e-03
9.421998858451843262e-01
5.665503069758415222e-02
6.153796613216400146e-02
2.360803773626685143e-03
0.000000000000000000e+00
5.352884065359830856e-03
4.690733551979064941e-02
9.632114320993423462e-02
0.000000000000000000e+00
0.000000000000000000e+00
0.000000000000000000e+00
2.527679204940795898e+00
1.197854615747928619e-02
0.000000000000000000e+00
8.052075505256652832e-01
3.202632814645767212e-02
8.983873575925827026e-02
0.000000000000000000e+00
6.018019840121269226e-02
1.884344965219497681e-02
3.725676611065864563e-02
1.659423708915710449e-01
1.085873007774353027e+00
0.000000000000000000e+00
9.472726285457611084e-02
0.000000000000000000e+00
5.215651541948318481e-02
7.778453640639781952e-03
2.260813862085342407e-02
0.000000000000000000e+00
2.317534573376178741e-02
2.913239002227783203e-01
8.087429217994213104e-03
0.000000000000000000e+00
0.000000000000000000e+00
6.587508320808410645e-02
1.156241536140441895e+00
9.476628899574279785e-02
5.155434831976890564e-02
0.000000000000000000e+00
5.756453037261962891e+00
0.000000000000000000e+00
6.142745260149240494e-03
0.000000000000000000e+00
4.994776546955108643e-01
1.076664193533360958e-03
3.238166272640228271e-01
0.000000000000000000e+00
3.403398394584655762e-02
5.038580894470214844e-01
2.441979646682739258e-01
9.891587495803833008e-02
0.000000000000000000e+00
2.203204035758972168e-01
0.000000000000000000e+00
4.986989870667457581e-02
3.518477380275726318e-01
9.407314658164978027e-01
1.926974579691886902e-02
4.265100061893463135e-01
4.709448257926851511e-04
5.921592563390731812e-02
1.072984710335731506e-01
0.000000000000000000e+00
0.000000000000000000e+00
0.000000000000000000e+00
0.000000000000000000e+00
0.000000000000000000e+00
4.188694059848785400e-01
0.000000000000000000e+00
3.568002283573150635e-01
4.659872129559516907e-02
2.100999280810356140e-02
5.301816016435623169e-02
3.328967094421386719e-02
9.445134550333023071e-03
1.268197894096374512e-01
4.605378508567810059e-01
0.000000000000000000e+00
0.000000000000000000e+00
2.757634501904249191e-03
6.313426047563552856e-02
0.000000000000000000e+00
1.180197484791278839e-02
5.086357891559600830e-02
2.325653582811355591e-01
1.542740967124700546e-02
1.278869211673736572e-01
1.195715647190809250e-02
1.861001551151275635e-01
2.582312524318695068e-01
0.000000000000000000e+00
2.182499617338180542e-01
2.463787943124771118e-01
3.245643526315689087e-02
5.368593707680702209e-02
3.858120441436767578e-01
1.027929261326789856e-01
1.290149450302124023e+00
1.353306230157613754e-02
0.000000000000000000e+00
4.049336537718772888e-02
1.014625430107116699e+00
0.000000000000000000e+00
2.424399107694625854e-01
8.638195395469665527e-01
3.933214768767356873e-02
6.398868560791015625e-02
2.815567255020141602e-01
2.842605113983154297e-01
7.308533787727355957e-02
0.000000000000000000e+00
2.903539501130580902e-02
2.697402611374855042e-02
1.988873183727264404e-01
2.490443587303161621e-01
3.030181527137756348e-01
1.470664739608764648e-01
1.191583052277565002e-01
1.366044133901596069e-01
8.022326231002807617e-02
9.666777402162551880e-02
6.953657269477844238e-01
3.900198638439178467e-02
0.000000000000000000e+00
0.000000000000000000e+00
3.445199457928538322e-03
0.000000000000000000e+00
3.276897594332695007e-02
1.026842236518859863e+00
9.891035407781600952e-02
2.053977400064468384e-01
8.067291229963302612e-03
8.461649529635906219e-03
0.000000000000000000e+00
1.163246482610702515e-02
0.000000000000000000e+00
1.099857967346906662e-02
2.118073105812072754e-01
1.317196935415267944e-01
1.529732486233115196e-03
9.778057038784027100e-02
0.000000000000000000e+00
2.044283412396907806e-02
0.000000000000000000e+00
2.957373159006237984e-03
5.972845554351806641e-01
1.637789420783519745e-02
3.302533030509948730e-01
1.964314281940460205e-02
4.279328286647796631e-01
7.807307690382003784e-02
3.155639627948403358e-03
5.982060730457305908e-02
0.000000000000000000e+00
2.321511358022689819e-01
4.299521073698997498e-02
2.432663738727569580e-01
0.000000000000000000e+00
1.671128906309604645e-02
9.882072359323501587e-02
1.631881296634674072e-01
0.000000000000000000e+00
8.798915147781372070e-02
1.662563383579254150e-01
9.153640866279602051e-01
3.774462640285491943e-01
6.518620252609252930e-01
2.853058977052569389e-03
1.160766705870628357e-01
1.554627567529678345e-01
4.117385298013687134e-02
6.257337052375078201e-03
8.668027818202972412e-02
3.290858864784240723e-02
0.000000000000000000e+00
5.487023591995239258e-01
3.391374349594116211e-01
3.723541041836142540e-03
4.759230837225914001e-02
2.476828172802925110e-02
4.348181486129760742e-01
9.399930946528911591e-03
1.039362698793411255e-01
3.693884313106536865e-01
7.855272293090820312e-02
1.918795169331133366e-03
0.000000000000000000e+00
3.341313600540161133e-01
9.463880211114883423e-02
1.234207525849342346e-01
1.551984995603561401e-01
0.000000000000000000e+00
5.319714173674583435e-02
1.747600436210632324e-01
2.063735723495483398e-01
1.208159998059272766e-01
9.007185697555541992e-02
2.192111909389495850e-01
6.202231720089912415e-02
2.043581157922744751e-01
5.340820789337158203e+00
0.000000000000000000e+00
0.000000000000000000e+00
7.631365209817886353e-03
5.146794393658638000e-02
7.311264276504516602e-01
2.643988654017448425e-02
4.598928987979888916e-02
0.000000000000000000e+00
0.000000000000000000e+00
2.344869635999202728e-02
1.471704393625259399e-01
7.138516288250684738e-03
1.828611344099044800e-01
0.000000000000000000e+00
3.597437590360641479e-02
4.011483490467071533e-01
0.000000000000000000e+00
1.170543313026428223e+00
2.280308455228805542e-01
1.155641898512840271e-01
3.150441944599151611e-01
2.197788357734680176e-01
0.000000000000000000e+00
2.446686625480651855e-01
5.818140693008899689e-03
0.000000000000000000e+00
0.000000000000000000e+00
1.510435640811920166e-01
0.000000000000000000e+00
5.005021095275878906e-01
1.187251448631286621e+00
4.515693485736846924e-01
1.275211215019226074e+00
0.000000000000000000e+00
1.827395558357238770e-01
0.000000000000000000e+00
3.139941692352294922e-01
7.194850593805313110e-02
2.690604031085968018e-01
6.037702411413192749e-02
1.728721618652343750e+00
0.000000000000000000e+00
2.032153424806892872e-04
1.158459857106208801e-02
2.390711605548858643e-01
5.642830580472946167e-02
5.174155831336975098e-01
0.000000000000000000e+00
0.000000000000000000e+00
0.000000000000000000e+00
8.186336606740951538e-02
0.000000000000000000e+00
9.744282066822052002e-02
0.000000000000000000e+00
7.255968451499938965e-02
3.010217666625976562e+00
0.000000000000000000e+00
4.494902193546295166e-01
1.254310365766286850e-03
3.746796399354934692e-02
8.596093952655792236e-02
2.610035054385662079e-02
2.278216183185577393e-02
1.092922408133745193e-02
2.830734103918075562e-02
0.000000000000000000e+00
4.037664830684661865e-01
3.200902789831161499e-02
9.056349843740463257e-02
4.924981594085693359e-01
2.292668521404266357e-01
2.915372140705585480e-02
4.377303272485733032e-02
1.030705124139785767e-01
7.444664835929870605e-02
2.796338638290762901e-03
1.925921291112899780e-01
0.000000000000000000e+00
1.148972436785697937e-01
5.231692790985107422e-01
7.257663644850254059e-03
0.000000000000000000e+00
0.000000000000000000e+00
0.000000000000000000e+00
5.795683711767196655e-02
4.048133492469787598e-01
3.555387258529663086e-02
1.853622309863567352e-02
9.208291023969650269e-02
1.764602810144424438e-01
0.000000000000000000e+00
0.000000000000000000e+00
6.987872719764709473e-02
2.857664227485656738e-02
4.312049224972724915e-02
1.061471253633499146e-01
0.000000000000000000e+00
4.659000784158706665e-02
1.652105525135993958e-02
6.072059040889143944e-04
0.000000000000000000e+00
0.000000000000000000e+00
1.370681762695312500e+00
0.000000000000000000e+00
1.641638390719890594e-02
6.197737064212560654e-03
0.000000000000000000e+00
7.126787677407264709e-03
0.000000000000000000e+00
6.333839893341064453e-02
0.000000000000000000e+00
0.000000000000000000e+00
2.057983636856079102e+00
1.480490863323211670e-01
6.190211772918701172e-01
1.637939512729644775e-01
0.000000000000000000e+00
6.841884553432464600e-02
1.447953749448060989e-02
2.241995632648468018e-01
2.019648551940917969e+00
0.000000000000000000e+00
3.031563162803649902e-01
2.000928223133087158e-01
3.094046935439109802e-02
4.340277984738349915e-02
1.396362483501434326e-01
3.526251018047332764e-02
3.360918164253234863e-02
2.254247851669788361e-02
0.000000000000000000e+00
3.284700214862823486e-02
5.334388837218284607e-02
0.000000000000000000e+00
1.729643583297729492e+00
0.000000000000000000e+00
2.111499071121215820e+00
0.000000000000000000e+00
1.463079154491424561e-01
1.624185144901275635e-01
3.827786743640899658e-01
8.149097114801406860e-02
2.022439837455749512e-01
1.155918687582015991e-01
8.643004298210144043e-02
5.293263867497444153e-02
0.000000000000000000e+00
8.145667910575866699e-01
2.101388201117515564e-02
5.743099376559257507e-02
4.616301506757736206e-02
0.000000000000000000e+00
3.113853633403778076e-01
1.685462445020675659e-01
6.710680574178695679e-02
2.308718681335449219e+00
0.000000000000000000e+00
0.000000000000000000e+00
6.103036459535360336e-03
3.709211647510528564e-01
4.923962950706481934e-01
3.491945937275886536e-02
1.434892998076975346e-03
3.910410031676292419e-02
1.759790070354938507e-02
2.357892394065856934e-01
6.395129486918449402e-03
0.000000000000000000e+00
2.870599552989006042e-02
3.847075253725051880e-02
5.166946724057197571e-02
5.461617708206176758e-01
2.180029004812240601e-01
2.126182880601845682e-05
9.498769044876098633e-02
0.000000000000000000e+00
0.000000000000000000e+00
1.542536914348602295e-01
8.893371373414993286e-02
5.020773410797119141e-01
9.562484920024871826e-02
2.115913853049278259e-02
1.126280665397644043e+00
0.000000000000000000e+00
0.000000000000000000e+00
8.465286344289779663e-02
2.336217880249023438e+00
5.358032137155532837e-02
0.000000000000000000e+00
7.183240056037902832e-01
3.092940151691436768e-02
2.512746453285217285e-01
1.026291921734809875e-01
1.303044520318508148e-02
5.855699777603149414e-01
3.078348748385906219e-02
1.102685809135437012e+00
0.000000000000000000e+00
8.227903395891189575e-03
6.710019707679748535e-02
0.000000000000000000e+00
3.001128733158111572e-01
3.663983941078186035e-01
7.261045277118682861e-02
2.618103660643100739e-02
2.955577075481414795e-01
0.000000000000000000e+00
0.000000000000000000e+00
4.446092934813350439e-04
0.000000000000000000e+00
7.071572542190551758e-02
1.404201865196228027e+00
4.792436122894287109e+00
1.526752263307571411e-01
7.210983633995056152e-01
2.083379775285720825e-01
1.656106859445571899e-01
1.221044138073921204e-01
2.476919144392013550e-01
0.000000000000000000e+00
0.000000000000000000e+00
5.941432435065507889e-03
0.000000000000000000e+00
0.000000000000000000e+00
1.010650023818016052e-01
0.000000000000000000e+00
2.004335224628448486e-01
0.000000000000000000e+00
1.717433333396911621e-02
0.000000000000000000e+00
1.372510492801666260e-01
4.307851314544677734e+00
1.311894774436950684e+00
0.000000000000000000e+00
5.155146718025207520e-01
1.543040722608566284e-01
9.886466860771179199e-01
1.615920290350914001e-02
2.113390713930130005e-01
2.212992906570434570e-01
1.798905879259109497e-01
0.000000000000000000e+00
5.538531579077243805e-03
1.227834960445761681e-03
3.390842378139495850e-01
0.000000000000000000e+00
5.391750484704971313e-02
1.049981713294982910e+00
1.502981632947921753e-01
0.000000000000000000e+00
1.707591563463211060e-01
1.052345931529998779e-01
1.270011998713016510e-03
4.380818605422973633e-01
1.037509888410568237e-01
3.084000758826732635e-02
2.910504639148712158e-01
3.057988882064819336e-01
0.000000000000000000e+00
0.000000000000000000e+00
0.000000000000000000e+00
0.000000000000000000e+00
2.006143808364868164e+00
0.000000000000000000e+00
0.000000000000000000e+00
5.471445620059967041e-02
2.950313568115234375e+00
1.238043978810310364e-02
9.572557806968688965e-01
9.627751260995864868e-02
8.949968218803405762e-01
1.961910277605056763e-01
3.279738873243331909e-02
3.181747719645500183e-02
5.194848030805587769e-02
1.161005999892950058e-02
2.977433986961841583e-02
8.111482858657836914e-02
3.863024339079856873e-02
5.454953312873840332e-01
1.390698850154876709e-01
5.114008113741874695e-02
1.217004470527172089e-02
0.000000000000000000e+00
8.116953074932098389e-03
8.343756198883056641e-03
1.050540897995233536e-02
6.502107381820678711e-01
3.243995308876037598e-01
1.519381046295166016e+00
1.152641326189041138e-01
1.730127185583114624e-01
5.422654375433921814e-02
6.371936202049255371e-01
8.018674254417419434e-01
0.000000000000000000e+00
1.305169910192489624e-01
7.264361977577209473e-01
9.462868571281433105e-01
1.763472259044647217e-01
0.000000000000000000e+00
5.038871616125106812e-02
4.397898614406585693e-01
3.524877503514289856e-02
7.717065513134002686e-02
0.000000000000000000e+00
9.388921409845352173e-02
4.101284146308898926e-01
1.492158174514770508e-01
1.945422291755676270e-01
2.693345844745635986e-01
0.000000000000000000e+00
0.000000000000000000e+00
6.427764892578125000e-04
3.538037538528442383e-01
0.000000000000000000e+00
0.000000000000000000e+00
1.670471276156604290e-03
1.860574781894683838e-01
1.752343624830245972e-01
2.809150330722332001e-02
2.719189226627349854e-01
1.407635807991027832e-01
2.270922362804412842e-01
8.208655565977096558e-02
1.054605245590209961e-01
8.722373098134994507e-02
2.851236104965209961e+00
4.657906293869018555e-02
5.122375488281250000e-02
0.000000000000000000e+00
0.000000000000000000e+00
9.090626239776611328e-02
0.000000000000000000e+00
1.951920390129089355e-01
0.000000000000000000e+00
8.585051633417606354e-03
4.801155567169189453e+00
1.573378220200538635e-02
1.678470708429813385e-02
2.850427990779280663e-04
4.114716947078704834e-01
1.603472791612148285e-02
0.000000000000000000e+00
3.354592621326446533e-02
5.697616934776306152e-01
3.175583779811859131e-01
2.710525989532470703e-01
3.510273620486259460e-02
8.869215101003646851e-02
2.219642698764801025e-01
0.000000000000000000e+00
1.105880513787269592e-01
3.430753350257873535e-01
0.000000000000000000e+00
2.317223846912384033e-01
5.951732993125915527e-01
0.000000000000000000e+00
0.000000000000000000e+00
1.892312914133071899e-01
3.426490724086761475e-01
7.250211783684790134e-04
8.098366111516952515e-02
1.209312379360198975e-01
4.343510791659355164e-02
1.473225355148315430e-01
0.000000000000000000e+00
2.906614390667527914e-04
2.274478822946548462e-01
0.000000000000000000e+00
0.000000000000000000e+00
0.000000000000000000e+00
0.000000000000000000e+00
0.000000000000000000e+00
4.456356465816497803e-01
4.422804713249206543e-02
4.527036100625991821e-03
1.936419308185577393e-01
0.000000000000000000e+00
0.000000000000000000e+00
9.583079256117343903e-03
1.537833511829376221e-01
5.602383986115455627e-03
2.969277463853359222e-02
4.230367019772529602e-02
6.529583781957626343e-02
3.334863856434822083e-02
0.000000000000000000e+00
3.239030390977859497e-02
2.755104331299662590e-03
1.300143897533416748e-01
4.091432392597198486e-01
1.394929528236389160e+00
2.057498246431350708e-01
3.116207122802734375e-01
1.483361609280109406e-02
2.101743780076503754e-02
6.750748958438634872e-03
9.930270910263061523e-02
1.828011241741478443e-03
2.212354214861989021e-03
1.137277856469154358e-01
2.688108198344707489e-02
2.442171722650527954e-01
0.000000000000000000e+00
8.494723439216613770e-01
2.975837588310241699e-01
1.054164301604032516e-02
5.589068681001663208e-02
5.453551411628723145e-01
1.039734855294227600e-01
2.412940859794616699e-01
2.455396503210067749e-01
0.000000000000000000e+00
0.000000000000000000e+00
0.000000000000000000e+00
0.000000000000000000e+00
2.416455596685409546e-01
0.000000000000000000e+00
9.599266946315765381e-02
0.000000000000000000e+00
7.081791013479232788e-02
1.270195189863443375e-02
1.594736129045486450e-01
5.705218315124511719e-01
0.000000000000000000e+00
9.571740403771400452e-03
1.866467893123626709e-01
2.514183223247528076e-01
3.316019475460052490e-02
0.000000000000000000e+00
0.000000000000000000e+00
2.265895158052444458e-01
9.422671981155872345e-03
5.071017518639564514e-02
9.295556694269180298e-02
6.742136180400848389e-02
9.398006647825241089e-02
5.835132598876953125e-01
4.219450801610946655e-02
2.118073590099811554e-02
0.000000000000000000e+00
1.076801419258117676e-01
3.086553812026977539e-01
0.000000000000000000e+00
1.511604785919189453e-01
0.000000000000000000e+00
2.093374252319335938e+00
0.000000000000000000e+00
1.877728104591369629e-01
0.000000000000000000e+00
9.032560884952545166e-02
9.582402557134628296e-02
9.213252067565917969e-01
9.502623975276947021e-02
1.596909575164318085e-02
1.622318290174007416e-02
8.649477362632751465e-02
2.237032866105437279e-03
0.000000000000000000e+00
0.000000000000000000e+00
1.276607811450958252e-01
0.000000000000000000e+00
0.000000000000000000e+00
5.165751278400421143e-02
1.055497050285339355e+00
1.790454834699630737e-01
1.764735579490661621e-01
0.000000000000000000e+00
3.148025274276733398e-02
2.404222730547189713e-03
5.265072686597704887e-04
2.400592118501663208e-01
1.382400542497634888e-01
1.578357815742492676e-01
0.000000000000000000e+00
0.000000000000000000e+00
1.851749606430530548e-02
2.857008278369903564e-01
2.785523831844329834e-01
6.195805966854095459e-02
1.473235804587602615e-02
5.164221301674842834e-02
1.074342057108879089e-03
2.164607122540473938e-02
3.501520752906799316e-01
6.257514905882999301e-05
9.598317146301269531e-01
2.440718002617359161e-02
8.411126136779785156e-01
2.864979952573776245e-02
0.000000000000000000e+00
0.000000000000000000e+00
5.081171989440917969e-01
5.465063452720642090e-02
1.772956997156143188e-01
0.000000000000000000e+00
2.027796983718872070e+00
8.269218355417251587e-02
0.000000000000000000e+00
0.000000000000000000e+00
2.007045969367027283e-02
0.000000000000000000e+00
6.400639414787292480e-01
1.183114200830459595e-02
1.039039269089698792e-01
0.000000000000000000e+00
1.009370535612106323e-01
0.000000000000000000e+00
0.000000000000000000e+00
1.425918638706207275e-01
1.841816492378711700e-02
3.021166846156120300e-02
8.134605884552001953e-01
2.271859943866729736e-01
3.837889134883880615e-01
1.297856718301773071e-01
4.916930198669433594e-01
6.202577352523803711e-01
1.737703382968902588e-01
1.841317117214202881e-02
0.000000000000000000e+00
0.000000000000000000e+00
0.000000000000000000e+00
0.000000000000000000e+00
3.443383798003196716e-02
0.000000000000000000e+00
0.000000000000000000e+00
1.041163429617881775e-01
1.431975841522216797e+00
4.992343112826347351e-02
1.934552681632339954e-03
1.436879336833953857e-01
1.284158676862716675e-01
1.496377736330032349e-01
4.601141810417175293e-02
2.133753895759582520e-01
2.118562720715999603e-02
7.657750695943832397e-02
3.269905805587768555e+00
2.290974184870719910e-02
2.557126805186271667e-02
1.611759960651397705e-01
7.315640896558761597e-02
5.463945562951266766e-04
1.518932431936264038e-01
1.091232523322105408e-01
1.008187085390090942e-01
1.271938830614089966e-01
0.000000000000000000e+00
3.383461236953735352e-01
8.294942975044250488e-01
0.000000000000000000e+00
6.880620121955871582e-02
1.759695708751678467e-01
1.929327547550201416e-01
7.018481194972991943e-02
7.027297019958496094e-01
0.000000000000000000e+00
5.400956422090530396e-02
2.900601737201213837e-02
1.501483023166656494e-01
1.420422829687595367e-02
3.551466157659888268e-03
1.233967065811157227e+00
5.697374418377876282e-02
2.370482832193374634e-01
2.451246976852416992e-01
4.610594809055328369e-01
1.740129105746746063e-02
0.000000000000000000e+00
1.833874732255935669e-02
2.800963073968887329e-02
0.000000000000000000e+00
3.764280974864959717e-01
5.411684513092041016e-01
9.988882392644882202e-02
4.829745292663574219e-01
6.595169007778167725e-02
1.216071397066116333e-01
2.110496759414672852e+00
0.000000000000000000e+00
4.548133816570043564e-03
1.963578313589096069e-01
1.490574679337441921e-03
2.326351404190063477e-01
2.078542113304138184e-01
2.398597449064254761e-02
1.008854746818542480e+00
1.505515933036804199e+00
1.270286440849304199e+00
0.000000000000000000e+00
0.000000000000000000e+00
4.102519154548645020e-01
1.083402261137962341e-01
1.541008502244949341e-01
3.852421417832374573e-02
2.298018038272857666e-01
1.003707572817802429e-01
1.383873581886291504e+00
4.976063221693038940e-02
0.000000000000000000e+00
1.963193267583847046e-01
0.000000000000000000e+00
1.365728676319122314e-01
9.922822564840316772e-02
5.786479916423559189e-03
6.684797257184982300e-02
4.052721709012985229e-02
0.000000000000000000e+00
0.000000000000000000e+00
4.954989999532699585e-02
7.539079058915376663e-03
0.000000000000000000e+00
0.000000000000000000e+00
7.730773836374282837e-02
1.718277782201766968e-01
4.375877976417541504e-02
1.485483022406697273e-03
1.641948461532592773e+00
5.259487628936767578e-01
0.000000000000000000e+00
7.054291199892759323e-03
1.048001289367675781e+00
1.715836487710475922e-02
3.667940497398376465e-01
0.000000000000000000e+00
0.000000000000000000e+00
1.160310488194227219e-02
0.000000000000000000e+00
0.000000000000000000e+00
0.000000000000000000e+00
4.263700917363166809e-02
9.560760855674743652e-01
7.325927615165710449e-01
2.067976072430610657e-02
4.942281246185302734e-01
3.880060836672782898e-02
0.000000000000000000e+00
0.000000000000000000e+00
4.584884271025657654e-03
1.281744334846735001e-02
1.697097271680831909e-01
3.213568031787872314e-01
5.201271548867225647e-02
1.293323874473571777e+00
8.453756570816040039e-02
3.217904269695281982e-02
3.863312769681215286e-03
1.752291172742843628e-01
1.719666868448257446e-01
0.000000000000000000e+00
1.033484339714050293e-01
5.118796229362487793e-01
6.747831106185913086e-01
2.179010152816772461e+00
3.193027377128601074e-01
4.613951221108436584e-02
0.000000000000000000e+00
2.508732080459594727e-01
1.686329394578933716e-01
0.000000000000000000e+00
9.478045254945755005e-02
0.000000000000000000e+00
2.428627610206604004e-01
4.634958505630493164e-02
2.842414975166320801e-01
1.570423319935798645e-02
3.094215691089630127e-01
1.298418641090393066e-01
0.000000000000000000e+00
7.177206277847290039e-01
7.733038812875747681e-02
6.174571514129638672e-01
2.086840718984603882e-01
4.092715382575988770e-01
0.000000000000000000e+00
0.000000000000000000e+00
0.000000000000000000e+00
0.000000000000000000e+00
5.388206336647272110e-03
0.000000000000000000e+00
1.835219562053680420e-02
1.522487495094537735e-02
3.355183601379394531e-01
1.445168908685445786e-02
8.206005394458770752e-02
4.484676942229270935e-02
2.908254228532314301e-02
7.350801676511764526e-02
3.609663546085357666e-01
4.296595603227615356e-02
8.577687293291091919e-02
6.022934801876544952e-03
5.733006000518798828e-01
1.077706459909677505e-02
1.076873484998941422e-02
2.717878110706806183e-02
1.085438430309295654e-01
3.669533133506774902e-01
1.478863656520843506e-01
7.388131141662597656e+00
5.838367715477943420e-02
9.004360437393188477e-02
1.344884037971496582e-01
3.560872748494148254e-02
6.108289957046508789e-01
7.472539544105529785e-01
1.905426383018493652e-02
3.243501111865043640e-02
1.519908308982849121e+00
2.495126128196716309e-01
2.340856343507766724e-01
2.161954879760742188e+00
1.371941089630126953e+00
0.000000000000000000e+00
3.721470758318901062e-02
1.351086497306823730e-01
5.381708145141601562e-01
0.000000000000000000e+00
0.000000000000000000e+00
3.437571972608566284e-02
0.000000000000000000e+00
6.719624251127243042e-02
9.582287818193435669e-02
1.327260732650756836e-01
0.000000000000000000e+00
2.485230267047882080e-01
2.453354835510253906e+00
1.298233401030302048e-02
0.000000000000000000e+00
2.303552627563476562e+00
4.971234500408172607e-02
4.240258932113647461e-01
8.692300915718078613e-01
2.853006590157747269e-04
0.000000000000000000e+00
2.309986650943756104e-01
7.672477513551712036e-02
4.874726533889770508e-01
1.333022713661193848e+00
4.694697260856628418e-01
0.000000000000000000e+00
0.000000000000000000e+00
3.467131638899445534e-03
1.199283916503190994e-02
3.425398468971252441e-01
5.757896304130554199e-01
0.000000000000000000e+00
1.527698934078216553e-01
2.621221244335174561e-01
9.624278545379638672e-02
1.865610182285308838e-01
4.466720670461654663e-02
0.000000000000000000e+00
2.227088361978530884e-01
6.364766508340835571e-03
1.268164366483688354e-01
0.000000000000000000e+00
0.000000000000000000e+00
1.744424700736999512e-01
1.488525271415710449e-01
4.657221436500549316e-01
7.454998791217803955e-03
3.090884722769260406e-02
5.006952583789825439e-02
0.000000000000000000e+00
9.336427599191665649e-02
0.000000000000000000e+00
4.679724946618080139e-02
1.147999167442321777e+00
1.090256795287132263e-01
2.775035858154296875e+00
2.884979546070098877e-01
0.000000000000000000e+00
2.700147926807403564e-01
0.000000000000000000e+00
1.865193694829940796e-01
8.967629633843898773e-03
4.447484314441680908e-01
1.205661450512707233e-03
3.139336109161376953e-01
3.865149617195129395e-02
0.000000000000000000e+00
7.222877349704504013e-03
3.896272480487823486e-01
2.063868045806884766e-01
0.000000000000000000e+00
2.201430797576904297e-01
0.000000000000000000e+00
4.379166290163993835e-02
9.636861085891723633e-02
0.000000000000000000e+00
0.000000000000000000e+00
3.906294107437133789e-01
1.193590536713600159e-01
1.484158873558044434e+00
1.297093182802200317e-01
7.235544919967651367e-02
6.873029633425176144e-04
0.000000000000000000e+00
2.116992235183715820e+00
6.244172807782888412e-03
1.486198604106903076e-01
8.643797785043716431e-02
2.869051508605480194e-02
8.414853364229202271e-02
5.989287793636322021e-02
1.716262474656105042e-02
0.000000000000000000e+00
1.356306791305541992e+00
9.068489074707031250e-03
0.000000000000000000e+00
4.370010271668434143e-02
2.200357466936111450e-01
5.848786234855651855e-02
4.638076424598693848e-01
2.382991164922714233e-01
1.166220605373382568e-01
3.680525124073028564e-01
4.881043732166290283e-01
2.338113822042942047e-02
6.020149588584899902e-02
6.407117471098899841e-03
0.000000000000000000e+00
