3.051403909921646118e-02
6.056383252143859863e-02
1.222970843315124512e+00
0.000000000000000000e+00
4.178654551506042480e-01
1.526679545640945435e-01
0.000000000000000000e+00
6.370849162340164185e-02
2.465577840805053711e+00
7.023071050643920898e-01
0.000000000000000000e+00
0.000000000000000000e+00
2.497987449169158936e-02
4.640534892678260803e-02
2.849399298429489136e-02
1.355693578720092773e+00
2.464407682418823242e+00
1.373413950204849243e-01
1.925365626811981201e-02
0.000000000000000000e+00
1.319903582334518433e-01
1.246741190552711487e-01
5.758423805236816406e-01
1.392621695995330811e-01
2.940545976161956787e-01
8.957806229591369629e-02
7.991613149642944336e-01
2.515033632516860962e-02
6.266357959248125553e-04
3.218531012535095215e-01
1.157041668891906738e+00
0.000000000000000000e+00
3.506788015365600586e-01
1.047421470284461975e-01
0.000000000000000000e+00
3.733580708503723145e-01
0.000000000000000000e+00
1.176955625414848328e-01
3.863650858402252197e-01
7.209182977676391602e-01
2.378557205200195312e+00
6.328486800193786621e-01
4.363779425621032715e-01
1.209304258227348328e-01
8.803450316190719604e-02
1.028580069541931152e+00
2.479823306202888489e-02
1.239949837327003479e-01
0.000000000000000000e+00
4.713704064488410950e-02
0.000000000000000000e+00
2.353087663650512695e+00
3.049045614898204803e-02
5.763200521469116211e-01
9.597368538379669189e-02
1.002450361847877502e-01
3.256423473358154297e-01
6.148568987846374512e-01
3.245585560798645020e-01
1.674186825752258301e+00
1.563044935464859009e-01
2.284361720085144043e-01
3.895689964294433594e+00
1.617215871810913086e-01
0.000000000000000000e+00
3.497872874140739441e-02
3.386318683624267578e-01
4.830570220947265625e+00
6.360042095184326172e-01
2.132730372250080109e-02
1.122877836227416992e+00
4.043904840946197510e-01
0.000000000000000000e+00
4.002200961112976074e-01
0.000000000000000000e+00
6.771776676177978516e-01
2.645243890583515167e-02
3.689192235469818115e-01
1.621381044387817383e+00
4.870781674981117249e-02
1.578237295150756836e+00
3.150088191032409668e-01
2.406908720731735229e-01
6.824279576539993286e-02
6.140735149383544922e-01
7.130916118621826172e-01
0.000000000000000000e+00
8.543315925635397434e-04
5.751033425331115723e-01
5.000337958335876465e-02
2.660865662619471550e-03
7.013688236474990845e-02
9.690017104148864746e-01
0.000000000000000000e+00
9.906137362122535706e-03
0.000000000000000000e+00
1.228537261486053467e-01
8.471529185771942139e-02
4.957698822021484375e+00
3.481302857398986816e-01
1.521672010421752930e+00
2.811926603317260742e-01
0.000000000000000000e+00
1.267848163843154907e-01
0.000000000000000000e+00
1.771965250372886658e-02
1.338610704988241196e-02
0.000000000000000000e+00
0.000000000000000000e+00
2.541003704071044922e+00
1.215972471982240677e-02
1.499812304973602295e-01
4.648294150829315186e-01
1.313405036926269531e+00
8.457180112600326538e-02
0.000000000000000000e+00
3.853851929306983948e-02
0.000000000000000000e+00
0.000000000000000000e+00
3.099492564797401428e-02
4.607887268066406250e-01
1.088123202323913574e+00
1.428553700447082520e+00
4.428909346461296082e-02
4.903259277343750000e+00
7.752242684364318848e-01
2.195503115653991699e-01
4.680205881595611572e-02
8.183350786566734314e-03
4.250642061233520508e-01
4.014555215835571289e-01
1.472884267568588257e-01
6.125239729881286621e-01
4.766980707645416260e-01
2.996846139430999756e-01
4.901398345828056335e-02
3.645066320896148682e-01
5.496857687830924988e-02
1.346980452537536621e+00
2.886204607784748077e-02
4.026913642883300781e-02
8.666335046291351318e-02
3.133756518363952637e-01
3.942592740058898926e-01
4.069635644555091858e-02
1.139963626861572266e+00
2.739689052104949951e-01
7.314484119415283203e-01
2.021291732788085938e+00
0.000000000000000000e+00
1.152583122253417969e+00
0.000000000000000000e+00
7.905030995607376099e-02
0.000000000000000000e+00
4.012740030884742737e-02
2.984870076179504395e-01
8.133660256862640381e-02
3.828058019280433655e-02
7.823022082448005676e-03
0.000000000000000000e+00
7.337637245655059814e-02
1.805471628904342651e-01
5.156997442245483398e-01
5.874718427658081055e-01
0.000000000000000000e+00
5.227581024169921875e+00
1.399966031312942505e-01
5.889579057693481445e-01
8.617228828370571136e-03
5.493026375770568848e-01
1.698044687509536743e-02
2.107827663421630859e-01
3.712487518787384033e-01
0.000000000000000000e+00
0.000000000000000000e+00
7.466703057289123535e-01
7.513938937336206436e-03
0.000000000000000000e+00
1.822928905487060547e+00
3.290727436542510986e-01
1.672441720962524414e+00
1.347438216209411621e+00
2.861956655979156494e-01
2.293444633483886719e+00
3.865336477756500244e-01
0.000000000000000000e+00
0.000000000000000000e+00
2.124843120574951172e+00
0.000000000000000000e+00
2.701759040355682373e-01
5.665352344512939453e-01
1.081880211830139160e+00
1.155707286670804024e-03
2.128618806600570679e-01
0.000000000000000000e+00
0.000000000000000000e+00
7.014424800872802734e-01
4.749395302496850491e-04
0.000000000000000000e+00
3.270920813083648682e-01
0.000000000000000000e+00
2.387383133172988892e-01
6.722837090492248535e-01
1.373362660408020020e+00
0.000000000000000000e+00
0.000000000000000000e+00
6.355101615190505981e-02
1.781981229782104492e+00
8.325584530830383301e-01
9.026054739952087402e-01
7.946676015853881836e-02
1.659109890460968018e-01
6.701087951660156250e-02
6.260806322097778320e-01
1.757677942514419556e-01
1.292738765478134155e-01
1.193279385566711426e+00
1.742943227291107178e-01
3.686391934752464294e-02
7.675598263740539551e-01
3.906572982668876648e-02
1.142621994018554688e+00
1.851720213890075684e-01
1.296942308545112610e-02
2.205739974975585938e+00
2.323265671730041504e-01
9.415403008460998535e-02
1.780759394168853760e-01
4.142275750637054443e-01
1.767347902059555054e-01
1.274463534355163574e-01
4.310563504695892334e-01
0.000000000000000000e+00
4.766999483108520508e-01
1.260850429534912109e-01
1.355054080486297607e-01
9.223845601081848145e-01
1.591548696160316467e-02
2.653871290385723114e-02
0.000000000000000000e+00
5.257760882377624512e-01
7.384581565856933594e-01
1.052510514855384827e-01
0.000000000000000000e+00
5.009153857827186584e-03
6.015751361846923828e-01
1.406465917825698853e-01
5.296974778175354004e-01
6.224136799573898315e-02
2.086236178874969482e-01
7.419561594724655151e-02
5.015352368354797363e-01
0.000000000000000000e+00
1.381624191999435425e-01
2.221230417490005493e-01
0.000000000000000000e+00
0.000000000000000000e+00
0.000000000000000000e+00
2.980721712112426758e+00
0.000000000000000000e+00
9.385623037815093994e-02
2.294986546039581299e-01
6.641943931579589844e+00
0.000000000000000000e+00
6.885693222284317017e-02
3.516029193997383118e-02
0.000000000000000000e+00
0.000000000000000000e+00
8.033708930015563965e-01
6.565217673778533936e-02
3.246861398220062256e-01
9.092786908149719238e-01
0.000000000000000000e+00
0.000000000000000000e+00
0.000000000000000000e+00
1.238774787634611130e-02
0.000000000000000000e+00
6.471577286720275879e-02
3.479017615318298340e-01
3.961911797523498535e-01
3.167622387409210205e-01
7.435290142893791199e-03
0.000000000000000000e+00
6.756971478462219238e-01
0.000000000000000000e+00
0.000000000000000000e+00
7.050289213657379150e-02
4.840252175927162170e-02
3.204358816146850586e+00
4.631441086530685425e-02
2.034080028533935547e-01
1.670253276824951172e-01
2.625075578689575195e-01
8.767060190439224243e-02
0.000000000000000000e+00
2.960799932479858398e-01
1.818615913391113281e+00
7.052945494651794434e-01
3.233940303325653076e-01
1.276319622993469238e+00
2.774920687079429626e-02
1.765342503786087036e-01
8.500524610280990601e-02
0.000000000000000000e+00
6.348839998245239258e-01
5.921804904937744141e-01
3.359856083989143372e-02
2.358406782150268555e-01
6.636669486761093140e-02
6.995102763175964355e-02
0.000000000000000000e+00
2.469217479228973389e-01
2.584445476531982422e-02
0.000000000000000000e+00
5.367804691195487976e-02
2.292275875806808472e-01
3.989530801773071289e-01
0.000000000000000000e+00
4.683023095130920410e-01
2.772797085344791412e-02
1.545545905828475952e-01
4.128920286893844604e-02
4.072594642639160156e-01
2.809329628944396973e-01
0.000000000000000000e+00
1.718503534793853760e-01
8.047595620155334473e-03
9.688329696655273438e-01
4.552146792411804199e-02
3.211519420146942139e-01
2.782974541187286377e-01
4.368260502815246582e-02
1.913731992244720459e-01
2.474980056285858154e-02
9.309823065996170044e-02
2.179225683212280273e-01
2.797687947750091553e-01
6.637023091316223145e-01
2.649084031581878662e-01
4.130869638174772263e-03
2.791701853275299072e-01
4.675045236945152283e-02
1.435393691062927246e-01
0.000000000000000000e+00
1.836198009550571442e-02
4.966039210557937622e-02
0.000000000000000000e+00
1.994780823588371277e-02
0.000000000000000000e+00
0.000000000000000000e+00
6.688410639762878418e-01
0.000000000000000000e+00
4.304472506046295166e-01
2.666355855762958527e-02
3.382538855075836182e-01
7.593513280153274536e-02
2.292275875806808472e-01
0.000000000000000000e+00
4.577552974224090576e-01
0.000000000000000000e+00
2.345116287469863892e-01
1.668451905250549316e+00
5.589991807937622070e-01
9.780807048082351685e-02
0.000000000000000000e+00
1.301988661289215088e-01
1.341494321823120117e+00
8.128199726343154907e-02
1.958785951137542725e-01
0.000000000000000000e+00
4.058850407600402832e-01
5.325773730874061584e-02
5.685948133468627930e-01
2.220032930374145508e+00
2.642423212528228760e-01
0.000000000000000000e+00
2.177287489175796509e-01
0.000000000000000000e+00
6.883820295333862305e-01
4.557575583457946777e-01
0.000000000000000000e+00
3.477777957916259766e+00
5.889595746994018555e-01
0.000000000000000000e+00
7.358235120773315430e-01
1.572402119636535645e-01
7.661393880844116211e-01
2.548435926437377930e-01
5.983051657676696777e-01
1.334838122129440308e-01
6.862891912460327148e-01
7.113812565803527832e-01
7.075977325439453125e-02
5.121344327926635742e-02
6.446911692619323730e-01
5.866641402244567871e-01
0.000000000000000000e+00
0.000000000000000000e+00
3.421131372451782227e-01
4.007000327110290527e-01
6.961112022399902344e-01
1.374411940574645996e+00
3.751345276832580566e-01
2.425889223814010620e-01
9.196351468563079834e-02
3.506018081679940224e-03
5.375816822052001953e-01
2.710032761096954346e-01
0.000000000000000000e+00
1.212714195251464844e+00
0.000000000000000000e+00
0.000000000000000000e+00
4.264175891876220703e-01
3.955034911632537842e-02
7.593579888343811035e-01
2.553539872169494629e-01
1.931974887847900391e-01
4.395063817501068115e-01
0.000000000000000000e+00
0.000000000000000000e+00
2.156244069337844849e-01
4.461998865008354187e-02
3.021448152139782906e-03
3.452593088150024414e-01
6.785365343093872070e-01
2.613880485296249390e-02
9.665808677673339844e-01
3.133526444435119629e-02
0.000000000000000000e+00
4.515221714973449707e-02
4.244525909423828125e+00
1.877776980400085449e-01
1.971795678138732910e+00
8.751828968524932861e-02
2.439616024494171143e-01
3.318984806537628174e-01
1.384829431772232056e-01
2.759605050086975098e-01
1.932222247123718262e-01
0.000000000000000000e+00
2.333709478378295898e+00
3.007016777992248535e-01
2.429760433733463287e-02
6.173490285873413086e-01
3.815565258264541626e-02
1.237151250243186951e-01
1.861549496650695801e+00
6.021764874458312988e-01
6.559535861015319824e-02
1.022868156433105469e+00
1.041039451956748962e-01
3.707673847675323486e-01
1.214157324284315109e-02
0.000000000000000000e+00
2.405618429183959961e+00
8.334589004516601562e-01
0.000000000000000000e+00
5.504838824272155762e-01
4.587999582290649414e-01
5.097088217735290527e-01
2.420115284621715546e-03
7.053148746490478516e-02
4.400178045034408569e-02
7.991128414869308472e-02
1.555935293436050415e-01
1.340311288833618164e+00
2.791296243667602539e-01
1.554980874061584473e-01
4.408472403883934021e-02
8.284345269203186035e-01
0.000000000000000000e+00
3.254392862319946289e+00
6.862912327051162720e-02
3.182514011859893799e-01
4.642958045005798340e-01
1.143182754516601562e+00
1.892737597227096558e-01
1.148046016693115234e+00
5.773197859525680542e-02
2.074029922485351562e+00
2.211976200342178345e-01
3.543722927570343018e-01
6.471811532974243164e-01
0.000000000000000000e+00
3.354704082012176514e-01
1.042484939098358154e-01
0.000000000000000000e+00
7.959085702896118164e-01
7.843238115310668945e-02
4.878829479217529297e+00
8.494616299867630005e-02
1.409580558538436890e-02
1.299450278282165527e+00
1.675780177116394043e+00
1.513639390468597412e-01
3.463622182607650757e-02
4.135355819016695023e-03
4.915570840239524841e-03
2.829134464263916016e-02
0.000000000000000000e+00
7.884458638727664948e-03
2.160052768886089325e-03
5.082220077514648438e+00
1.989601701498031616e-01
4.871374666690826416e-01
0.000000000000000000e+00
1.619672328233718872e-01
0.000000000000000000e+00
1.538230180740356445e-01
2.434200234711170197e-02
7.635929584503173828e-01
7.554820924997329712e-02
3.246347606182098389e-01
6.605201214551925659e-02
4.274026677012443542e-02
1.817541010677814484e-02
2.647300064563751221e-02
1.950123906135559082e-01
9.606634825468063354e-02
1.142789199948310852e-01
7.329590320587158203e-01
2.993254363536834717e-01
7.667585276067256927e-03
4.451173823326826096e-03
2.493649721145629883e-01
7.780899759382009506e-04
0.000000000000000000e+00
5.474443435668945312e-01
0.000000000000000000e+00
0.000000000000000000e+00
0.000000000000000000e+00
9.582285881042480469e-01
6.436399370431900024e-02
0.000000000000000000e+00
1.269669923931360245e-02
2.071673870086669922e+00
0.000000000000000000e+00
3.045398369431495667e-02
2.757281959056854248e-01
1.884259581565856934e-01
1.441672921180725098e+00
7.556226253509521484e-01
8.143930435180664062e+00
1.102393493056297302e-01
0.000000000000000000e+00
1.354772806167602539e+00
3.174585103988647461e-01
2.822330892086029053e-01
1.209413558244705200e-01
2.683747291564941406e+00
6.333266496658325195e-01
1.046245172619819641e-01
3.080378472805023193e-01
9.251495823264122009e-03
9.542701393365859985e-02
1.140980795025825500e-02
0.000000000000000000e+00
0.000000000000000000e+00
0.000000000000000000e+00
6.648101210594177246e-01
3.085396885871887207e-01
0.000000000000000000e+00
8.984762430191040039e-02
1.441240459680557251e-01
0.000000000000000000e+00
4.902173206210136414e-02
2.999013476073741913e-02
1.108525227755308151e-02
3.598423004150390625e-01
1.132863461971282959e-01
1.465785026550292969e+00
1.350182667374610901e-02
8.599627763032913208e-02
8.547281026840209961e-01
4.297732189297676086e-02
2.681651152670383453e-02
5.350198969244956970e-02
4.755387827754020691e-02
3.259533941745758057e-01
3.068505525588989258e-01
3.381969928741455078e-01
4.512396454811096191e-01
1.131577715277671814e-01
5.297004804015159607e-02
2.848774380981922150e-02
6.244263052940368652e-01
8.055495470762252808e-02
0.000000000000000000e+00
1.127982437610626221e-01
0.000000000000000000e+00
0.000000000000000000e+00
2.274907939136028290e-02
2.661006748676300049e-01
7.681177854537963867e-01
9.116569757461547852e-01
1.425248011946678162e-02
3.648918867111206055e-02
3.415691256523132324e-01
7.338157296180725098e-01
2.130657061934471130e-02
1.841827332973480225e-01
1.318592190742492676e+00
0.000000000000000000e+00
5.578546226024627686e-02
2.024731159210205078e+00
7.226882968097925186e-03
1.028469443321228027e+00
4.215836524963378906e-01
9.002385139465332031e-01
1.380292978137731552e-02
8.356028236448764801e-03
4.466799274086952209e-02
8.451785147190093994e-02
0.000000000000000000e+00
3.566332757472991943e-01
0.000000000000000000e+00
3.160523176193237305e-01
0.000000000000000000e+00
9.710997343063354492e-02
1.268263254314661026e-02
6.039784848690032959e-02
1.373520344495773315e-01
1.641343832015991211e+00
3.212275207042694092e-01
3.303540498018264771e-02
5.565070152282714844e+00
4.650578275322914124e-02
6.895194649696350098e-01
2.883867025375366211e-01
0.000000000000000000e+00
1.665958166122436523e-01
0.000000000000000000e+00
0.000000000000000000e+00
5.011606588959693909e-02
1.890361011028289795e-01
0.000000000000000000e+00
0.000000000000000000e+00
2.876000642776489258e+00
3.599003076553344727e+00
1.170199736952781677e-02
1.504774332046508789e+00
3.483369350433349609e-01
1.280480623245239258e-01
3.043269924819469452e-02
3.383912742137908936e-01
7.118492852896451950e-03
2.101211994886398315e-01
1.190034449100494385e-01
5.558206140995025635e-02
1.712855324149131775e-02
1.217182502150535583e-01
1.106995344161987305e-01
2.176162600517272949e-02
9.490209221839904785e-01
2.198017120361328125e+00
1.892647981643676758e+00
4.902656376361846924e-02
2.803122103214263916e-01
1.524722296744585037e-02
4.251010894775390625e+00
7.111248373985290527e-02
3.467904329299926758e-01
1.532420068979263306e-01
8.148780092597007751e-03
2.506045438349246979e-02
7.209228277206420898e-01
9.681398868560791016e-01
0.000000000000000000e+00
1.052674889564514160e+00
6.011369824409484863e-01
3.462291508913040161e-02
8.022348582744598389e-02
1.453869231045246124e-02
0.000000000000000000e+00
6.332129985094070435e-02
2.213076353073120117e-01
7.486162781715393066e-01
2.599691748619079590e-01
3.205445528030395508e+00
1.164332985877990723e+00
0.000000000000000000e+00
1.193850159645080566e+00
2.026524581015110016e-02
2.317644208669662476e-01
0.000000000000000000e+00
2.178267985582351685e-01
1.203055262565612793e+00
5.196258891373872757e-03
0.000000000000000000e+00
0.000000000000000000e+00
0.000000000000000000e+00
5.021582841873168945e-01
8.315466046333312988e-01
0.000000000000000000e+00
1.944248676300048828e-01
5.290251225233078003e-02
3.013552725315093994e-01
1.250296592712402344e+00
3.022444546222686768e-01
5.606365799903869629e-01
9.914080798625946045e-02
5.132525563240051270e-01
1.037495657801628113e-01
9.730965495109558105e-01
8.414916694164276123e-02
7.610893994569778442e-02
1.950729489326477051e-01
3.175905048847198486e-01
1.947925053536891937e-02
2.306389957666397095e-01
5.663425922393798828e-01
4.179285839200019836e-02
2.586677437648177147e-03
6.532699465751647949e-01
2.061171680688858032e-01
6.567347049713134766e-02
9.521670341491699219e-01
0.000000000000000000e+00
5.018381476402282715e-01
6.652402132749557495e-02
1.063926100730895996e+00
2.282053828239440918e-01
8.022329956293106079e-02
1.079207137227058411e-01
8.383591175079345703e-01
1.120888069272041321e-01
5.194103345274925232e-02
3.857267275452613831e-02
3.563260734081268311e-01
1.358679588884115219e-02
4.296259284019470215e-01
2.780612371861934662e-02
9.166935831308364868e-02
3.520705938339233398e+00
1.208029150962829590e+00
8.830888867378234863e-01
0.000000000000000000e+00
0.000000000000000000e+00
1.824546046555042267e-02
0.000000000000000000e+00
1.531598418951034546e-01
8.578683733940124512e-01
1.893134973943233490e-02
8.642060160636901855e-01
0.000000000000000000e+00
8.663509041070938110e-02
1.466660976409912109e+00
5.238434672355651855e-02
7.540692090988159180e-01
7.872918993234634399e-02
1.509843766689300537e-01
2.831788919866085052e-02
9.353479146957397461e-01
1.139714866876602173e-01
4.993126392364501953e-01
7.868591696023941040e-03
0.000000000000000000e+00
2.930982708930969238e-01
7.286942005157470703e-01
4.184311926364898682e-01
4.179438352584838867e-01
3.425491042435169220e-03
0.000000000000000000e+00
0.000000000000000000e+00
1.891454905271530151e-01
0.000000000000000000e+00
2.174859791994094849e-01
4.233743250370025635e-01
4.878589883446693420e-02
7.323787361383438110e-02
1.087510585784912109e+00
6.172453239560127258e-02
6.813846528530120850e-02
3.531059995293617249e-02
0.000000000000000000e+00
0.000000000000000000e+00
1.583665490150451660e+00
4.349046051502227783e-01
4.532374143600463867e-01
4.108006358146667480e-01
4.112120270729064941e-01
0.000000000000000000e+00
3.141626948490738869e-04
5.000476539134979248e-02
5.781955271959304810e-02
0.000000000000000000e+00
5.832611918449401855e-01
0.000000000000000000e+00
1.660950779914855957e-01
1.613935269415378571e-02
0.000000000000000000e+00
3.126358389854431152e-01
1.242305159568786621e+00
1.153050735592842102e-01
0.000000000000000000e+00
1.563760684803128242e-03
1.802630722522735596e-01
2.731421291828155518e-01
2.893510647118091583e-02
4.693530034273862839e-03
5.629004165530204773e-02
6.645033955574035645e-01
2.500131130218505859e-01
1.315157115459442139e-02
2.054263949394226074e-01
9.555491209030151367e-01
1.450898170471191406e+00
2.405713796615600586e+00
8.603238314390182495e-02
5.556311607360839844e-01
1.495389640331268311e-01
2.374044507741928101e-01
0.000000000000000000e+00
0.000000000000000000e+00
0.000000000000000000e+00
3.137947916984558105e-01
4.028677344322204590e-01
4.399943053722381592e-01
3.338243067264556885e-01
1.405986212193965912e-02
3.815104961395263672e-01
8.034931123256683350e-02
1.484534293413162231e-01
0.000000000000000000e+00
1.531747627258300781e+01
2.192799001932144165e-02
8.670613914728164673e-02
3.325197696685791016e-01
4.758311808109283447e-01
1.250937134027481079e-01
1.015488654375076294e-01
5.677397549152374268e-02
0.000000000000000000e+00
2.630976140499114990e-01
0.000000000000000000e+00
2.783904671669006348e-01
1.631354540586471558e-02
3.971631824970245361e-01
4.334352314472198486e-01
9.302355647087097168e-01
0.000000000000000000e+00
5.317812412977218628e-02
2.021246105432510376e-01
6.342224478721618652e-01
4.226760864257812500e-01
1.657110452651977539e-01
6.725447718054056168e-03
2.306924313306808472e-01
7.540186867117881775e-03
6.621494144201278687e-02
5.396221876144409180e-01
1.801567077636718750e+00
0.000000000000000000e+00
5.526162981986999512e-01
1.478511393070220947e-01
3.757373988628387451e-01
2.307341247797012329e-02
1.235207557678222656e+00
3.162405639886856079e-02
5.262311697006225586e-01
6.735418736934661865e-02
2.798666357994079590e-01
2.430294901132583618e-01
3.452883288264274597e-02
3.102800548076629639e-01
3.952854871749877930e-02
0.000000000000000000e+00
1.054759323596954346e-01
0.000000000000000000e+00
0.000000000000000000e+00
2.013120502233505249e-01
8.746597766876220703e-01
0.000000000000000000e+00
1.702254116535186768e-01
8.764644265174865723e-01
1.072363853454589844e-01
7.363154739141464233e-02
1.566939353942871094e-01
7.985497117042541504e-01
1.979283243417739868e-01
9.200125187635421753e-02
5.651714280247688293e-02
8.245359063148498535e-01
1.419598340988159180e+00
0.000000000000000000e+00
1.513515263795852661e-01
5.033227205276489258e-01
3.055094182491302490e-01
0.000000000000000000e+00
0.000000000000000000e+00
0.000000000000000000e+00
2.813786966726183891e-03
1.147202491760253906e+00
8.337786793708801270e-02
2.502073764801025391e+00
3.663269057869911194e-02
5.618328973650932312e-02
5.335395038127899170e-02
4.604646682739257812e+00
1.239016428589820862e-01
4.043127223849296570e-02
2.456860542297363281e+00
8.733663558959960938e-01
4.161044657230377197e-01
1.770477183163166046e-02
0.000000000000000000e+00
1.767435669898986816e-01
5.593875795602798462e-02
3.983453214168548584e-01
0.000000000000000000e+00
2.085486501455307007e-01
6.049935221672058105e-01
8.562818914651870728e-02
3.684381484985351562e+00
1.076701283454895020e+00
4.585599303245544434e-01
1.020316481590270996e+00
6.944028660655021667e-03
6.488850712776184082e-01
1.277784854173660278e-01
1.001118868589401245e-02
1.614027619361877441e-01
1.677756430581212044e-03
6.536487936973571777e-01
1.433399766683578491e-01
0.000000000000000000e+00
1.292964518070220947e-01
1.561521530151367188e+00
1.243058517575263977e-01
2.547764778137207031e-01
6.415352821350097656e-01
2.888920009136199951e-01
2.429938167333602905e-01
3.633671104907989502e-01
2.507825791835784912e-01
3.556468486785888672e-01
1.927554965019226074e+00
0.000000000000000000e+00
0.000000000000000000e+00
2.894535362720489502e-01
1.544797718524932861e-01
1.063581824302673340e+00
0.000000000000000000e+00
2.366186864674091339e-02
4.781775176525115967e-01
0.000000000000000000e+00
1.025966048240661621e+00
8.088646531105041504e-01
0.000000000000000000e+00
6.943133473396301270e-02
1.285365968942642212e-01
1.190397515892982483e-01
3.242433667182922363e-01
1.818079501390457153e-01
7.821956276893615723e-01
1.071177482604980469e+00
1.401901245117187500e-01
1.632039994001388550e-01
4.150803983211517334e-01
3.897343873977661133e-01
7.214077711105346680e-01
0.000000000000000000e+00
4.433764610439538956e-03
4.383469521999359131e-01
5.644901469349861145e-02
1.142174750566482544e-01
2.031249254941940308e-01
3.767943382263183594e+00
1.852455735206604004e-01
0.000000000000000000e+00
1.340035647153854370e-01
5.835759639739990234e-01
0.000000000000000000e+00
8.017141222953796387e-01
3.165596572216600180e-04
2.107823491096496582e-01
7.135731697082519531e+00
1.784125417470932007e-01
6.079527735710144043e-01
2.477790713310241699e-01
7.263926267623901367e-01
7.430162280797958374e-02
0.000000000000000000e+00
1.021036744117736816e+00
2.301520202308893204e-03
3.589454293251037598e-02
2.296128988265991211e+00
6.098406910896301270e-01
1.021700620651245117e+00
2.140246778726577759e-01
3.701752722263336182e-01
2.022284120321273804e-01
4.445711150765419006e-03
5.065683126449584961e-01
2.035258710384368896e-01
0.000000000000000000e+00
6.222648546099662781e-02
2.298124283552169800e-01
0.000000000000000000e+00
1.472312092781066895e+00
9.967607855796813965e-01
0.000000000000000000e+00
5.639104247093200684e-01
1.568498253822326660e+00
4.633987322449684143e-02
0.000000000000000000e+00
7.976319193840026855e-01
2.023614645004272461e+00
1.824258118867874146e-01
1.066685080528259277e+00
3.487155735492706299e-01
4.385043084621429443e-01
5.401989445090293884e-02
2.347560375928878784e-01
1.895053625106811523e+00
2.098221629858016968e-01
0.000000000000000000e+00
5.191202759742736816e-01
1.490604877471923828e-01
3.273772299289703369e-01
2.639915049076080322e-01
9.596264362335205078e-02
9.128087759017944336e-02
0.000000000000000000e+00
2.821492403745651245e-02
0.000000000000000000e+00
9.951858222484588623e-02
4.456737339496612549e-01
9.957797825336456299e-02
0.000000000000000000e+00
0.000000000000000000e+00
0.000000000000000000e+00
1.583339095115661621e+00
1.501803547143936157e-01
0.000000000000000000e+00
1.772382616996765137e+00
0.000000000000000000e+00
7.357343565672636032e-03
0.000000000000000000e+00
8.849684149026870728e-02
8.507779240608215332e-01
4.706747233867645264e-01
1.176531910896301270e+00
9.051933884620666504e-01
8.785933256149291992e-02
2.753196284174919128e-02
1.700992695987224579e-02
2.361201286315917969e+00
2.594367600977420807e-02
0.000000000000000000e+00
0.000000000000000000e+00
1.134926438331604004e+00
1.857237070798873901e-01
1.060447812080383301e+00
2.359870262444019318e-02
1.060656666755676270e+00
7.366968784481287003e-03
1.048327207565307617e+00
1.415244460105895996e+00
2.511826902627944946e-02
0.000000000000000000e+00
9.544135928153991699e-01
4.152082838118076324e-03
2.047012373805046082e-02
7.646059244871139526e-02
1.472547948360443115e-01
2.256990224123001099e-01
1.536249369382858276e-01
8.124799728393554688e-01
6.464786827564239502e-02
5.189101696014404297e-01
5.566232204437255859e-01
9.568676352500915527e-02
3.813305869698524475e-02
1.049541756510734558e-01
0.000000000000000000e+00
1.412589669227600098e+00
5.342265218496322632e-02
3.016878366470336914e+00
1.070385947823524475e-01
5.026444047689437866e-02
0.000000000000000000e+00
6.731748580932617188e-01
1.071788221597671509e-01
2.504324615001678467e-01
0.000000000000000000e+00
1.121456384658813477e+00
6.983118504285812378e-02
4.238483961671590805e-03
6.494241207838058472e-02
9.443104267120361328e-01
4.739880859851837158e-01
4.931991919875144958e-02
1.682516783475875854e-01
1.055825203657150269e-01
3.033623844385147095e-02
3.489871509373188019e-03
0.000000000000000000e+00
8.710917830467224121e-01
7.282981276512145996e-01
1.198728680610656738e-01
7.789903879165649414e-02
3.437609374523162842e-01
1.135079145431518555e+00
0.000000000000000000e+00
0.000000000000000000e+00
2.903402447700500488e-01
3.343066573143005371e-02
2.149440795183181763e-01
1.856135278940200806e-01
8.212634176015853882e-02
6.522584706544876099e-02
9.978526085615158081e-02
2.763717472553253174e-01
8.982413411140441895e-01
7.000502943992614746e-02
3.326702415943145752e-01
8.986758589744567871e-01
2.283586263656616211e-01
4.833754897117614746e-02
2.057211995124816895e-01
2.195048518478870392e-02
8.688791655004024506e-03
4.776872098445892334e-01
0.000000000000000000e+00
1.117890626192092896e-01
1.198089003562927246e+00
3.434215486049652100e-01
9.914074838161468506e-02
2.424067258834838867e-01
2.176919765770435333e-02
0.000000000000000000e+00
1.944462885148823261e-03
5.215508397668600082e-03
3.553634881973266602e-01
1.326613407582044601e-02
7.846123576164245605e-01
2.280817180871963501e-01
1.306991465389728546e-02
1.373051851987838745e-01
5.020502209663391113e-01
4.176241159439086914e-02
2.165663540363311768e-01
8.991639018058776855e-01
0.000000000000000000e+00
1.885634101927280426e-02
5.895515903830528259e-02
2.659592926502227783e-01
0.000000000000000000e+00
8.906493782997131348e-01
4.942892074584960938e+00
8.665422797203063965e-01
1.047287464141845703e+00
4.573653936386108398e-01
3.900690376758575439e-02
4.393149539828300476e-02
2.444841414690017700e-01
2.683776989579200745e-02
1.027943938970565796e-02
2.811703085899353027e-01
5.715059041976928711e-01
0.000000000000000000e+00
2.802123427391052246e-01
4.036046192049980164e-02
4.512974061071872711e-03
7.262540608644485474e-02
0.000000000000000000e+00
3.284708559513092041e-01
4.225049614906311035e-01
0.000000000000000000e+00
0.000000000000000000e+00
1.202766783535480499e-02
1.144375205039978027e+00
6.213147044181823730e-01
2.320616543292999268e-01
0.000000000000000000e+00
4.190730154514312744e-01
1.802478730678558350e-02
2.652647018432617188e+00
0.000000000000000000e+00
2.799517512321472168e-01
9.659192711114883423e-02
9.172554314136505127e-02
0.000000000000000000e+00
9.965957142412662506e-04
1.422593742609024048e-02
7.392897605895996094e-01
8.480323106050491333e-02
1.158025741577148438e+00
1.138700544834136963e-01
1.089409947395324707e+00
1.045182704925537109e+00
4.371044337749481201e-01
2.419237047433853149e-01
0.000000000000000000e+00
0.000000000000000000e+00
1.721990294754505157e-03
9.291160106658935547e-02
2.345458120107650757e-01
2.305233478546142578e-02
1.609711885452270508e+00
1.099708318710327148e+00
3.117882609367370605e-01
0.000000000000000000e+00
4.260418936610221863e-02
1.345511823892593384e-01
1.595070064067840576e-01
0.000000000000000000e+00
3.274527192115783691e-01
5.033576115965843201e-02
0.000000000000000000e+00
8.653748035430908203e-01
4.834327697753906250e-01
3.458738923072814941e-01
5.459671020507812500e-01
1.090878486633300781e+00
0.000000000000000000e+00
4.704720973968505859e-01
5.092679709196090698e-02
2.260951325297355652e-02
3.568883240222930908e-01
1.541701197624206543e+00
2.413869380950927734e+00
4.146768245846033096e-03
0.000000000000000000e+00
6.270299851894378662e-02
0.000000000000000000e+00
3.820072114467620850e-01
4.861805140972137451e-01
1.268026768229901791e-03
0.000000000000000000e+00
1.456099003553390503e-01
2.959289252758026123e-01
1.369766145944595337e-01
0.000000000000000000e+00
1.708253622055053711e-01
1.314879804849624634e-01
3.430799581110477448e-03
4.567704200744628906e-01
3.586097061634063721e-02
9.238614886999130249e-02
8.552976846694946289e-01
0.000000000000000000e+00
2.778744101524353027e-01
5.429906845092773438e-01
0.000000000000000000e+00
9.251870959997177124e-02
0.000000000000000000e+00
3.752087652683258057e-01
0.000000000000000000e+00
1.777730286121368408e-01
0.000000000000000000e+00
2.822619974613189697e-01
1.308516383171081543e+00
1.690137088298797607e-01
2.984253168106079102e-01
6.763517260551452637e-01
1.074962258338928223e+00
1.833231747150421143e-01
5.166084170341491699e-01
0.000000000000000000e+00
3.197799026966094971e-01
8.454521000385284424e-02
6.822777390480041504e-01
4.647113978862762451e-01
2.369294911623001099e-01
1.347171217203140259e-01
1.216009911149740219e-02
3.730614185333251953e-01
5.918279886245727539e-01
0.000000000000000000e+00
6.824602838605642319e-03
6.469261646270751953e-01
4.846569299697875977e-01
0.000000000000000000e+00
1.720185130834579468e-01
1.015933081507682800e-01
0.000000000000000000e+00
2.121567010879516602e+00
1.527970880270004272e-01
1.967645645141601562e+00
0.000000000000000000e+00
5.651119723916053772e-02
8.167198896408081055e-01
7.475224137306213379e-02
0.000000000000000000e+00
1.280356884002685547e+00
5.481986403465270996e-01
1.352236978709697723e-02
3.217495605349540710e-02
2.913611009716987610e-02
1.406333744525909424e-01
1.715282201766967773e-01
1.906747221946716309e-01
1.725710369646549225e-02
8.372548222541809082e-01
5.525215715169906616e-02
0.000000000000000000e+00
6.528557538986206055e-01
1.083500504493713379e+00
4.192561209201812744e-01
6.648213416337966919e-02
1.229767128825187683e-01
2.476689666509628296e-01
2.717615365982055664e-01
3.945703059434890747e-02
2.078143358230590820e-01
4.093382135033607483e-02
1.418185085058212280e-01
2.991967499256134033e-01
4.709325134754180908e-01
1.057450175285339355e-01
2.376940473914146423e-02
0.000000000000000000e+00
0.000000000000000000e+00
5.418146848678588867e-01
9.115487337112426758e-02
3.937687352299690247e-02
5.696978569030761719e-01
9.964580088853836060e-02
8.429098874330520630e-02
1.521105412393808365e-02
1.758139207959175110e-02
9.161582589149475098e-01
4.295962280593812466e-04
1.241695404052734375e+00
1.050728410482406616e-01
0.000000000000000000e+00
1.180772185325622559e+00
1.272086352109909058e-01
0.000000000000000000e+00
1.335248798131942749e-01
8.139839172363281250e-01
0.000000000000000000e+00
0.000000000000000000e+00
5.078866958618164062e+00
2.826269529759883881e-02
2.736331820487976074e-01
2.459260821342468262e-02
1.809899508953094482e-01
2.882236428558826447e-02
5.436605308204889297e-03
1.839101314544677734e+00
6.135128736495971680e-01
1.197941780090332031e+00
1.094812273979187012e+00
2.134873121976852417e-01
1.219112277030944824e-01
1.117832809686660767e-01
2.493328601121902466e-01
1.474877540022134781e-02
9.705147147178649902e-01
8.415134251117706299e-02
0.000000000000000000e+00
0.000000000000000000e+00
1.120004430413246155e-01
0.000000000000000000e+00
7.702911496162414551e-01
9.222809225320816040e-03
1.387865543365478516e+00
5.592223629355430603e-02
1.816345900297164917e-01
3.502751290798187256e-01
3.804897144436836243e-02
7.115604728460311890e-02
8.993250876665115356e-02
0.000000000000000000e+00
1.378756761550903320e-01
0.000000000000000000e+00
1.143347397446632385e-01
5.621393322944641113e-01
1.039820238947868347e-01
0.000000000000000000e+00
5.222952365875244141e-01
0.000000000000000000e+00
6.848821640014648438e-01
0.000000000000000000e+00
8.688836358487606049e-03
3.136500120162963867e+00
1.167743280529975891e-01
2.085197865962982178e-01
1.327428072690963745e-01
5.182477459311485291e-02
1.240423917770385742e-01
0.000000000000000000e+00
3.008981235325336456e-03
0.000000000000000000e+00
8.467273116111755371e-01
6.500198692083358765e-02
0.000000000000000000e+00
0.000000000000000000e+00
3.144931420683860779e-02
7.148020714521408081e-02
2.055491805076599121e-01
1.428530365228652954e-01
1.209434568881988525e-01
3.047148510813713074e-02
6.219698786735534668e-01
0.000000000000000000e+00
0.000000000000000000e+00
3.553594648838043213e-02
0.000000000000000000e+00
2.193905115127563477e-01
4.348536022007465363e-04
9.358108639717102051e-01
1.967324256896972656e+00
2.017969964072108269e-04
0.000000000000000000e+00
1.285217553377151489e-01
1.985857009887695312e+00
3.065005540847778320e-01
0.000000000000000000e+00
4.097020626068115234e-01
5.272979661822319031e-02
0.000000000000000000e+00
1.332022249698638916e-02
0.000000000000000000e+00
0.000000000000000000e+00
6.754215061664581299e-02
3.205506086349487305e+00
1.362771630287170410e+00
0.000000000000000000e+00
1.834653131663799286e-02
9.366584569215774536e-02
3.975655317306518555e+00
1.988351941108703613e-01
2.109922647476196289e+00
0.000000000000000000e+00
5.802764892578125000e-01
5.559093505144119263e-02
7.039464078843593597e-03
8.877398073673248291e-02
4.465911071747541428e-03
6.012943983078002930e-01
4.304547786712646484e+00
4.914225101470947266e+00
2.950428426265716553e-02
3.131512105464935303e-01
2.070411145687103271e-01
0.000000000000000000e+00
7.364358287304639816e-03
9.127367138862609863e-01
2.002684921026229858e-01
4.317499399185180664e-01
0.000000000000000000e+00
2.473665028810501099e-02
5.548454448580741882e-02
3.480215556919574738e-03
1.732471883296966553e-01
1.300243258476257324e+00
1.359426528215408325e-01
1.645385921001434326e-01
0.000000000000000000e+00
1.166544184088706970e-01
1.250737667083740234e+00
4.193841457366943359e+00
0.000000000000000000e+00
2.782785177230834961e+00
0.000000000000000000e+00
1.600226998329162598e+00
1.185321528464555740e-02
2.569830715656280518e-01
4.003644362092018127e-02
2.462931424379348755e-01
6.366195622831583023e-03
1.095714140683412552e-02
0.000000000000000000e+00
7.282654643058776855e-01
0.000000000000000000e+00
9.104028344154357910e-03
8.662142753601074219e-01
1.642917692661285400e-01
4.041275978088378906e-01
1.345669291913509369e-02
4.047922492027282715e-01
2.217337861657142639e-02
2.380866527557373047e+00
5.430042147636413574e-01
3.627148568630218506e-01
1.822851747274398804e-01
2.191142588853836060e-01
0.000000000000000000e+00
1.631404757499694824e-01
1.020195544697344303e-03
0.000000000000000000e+00
1.717869075946509838e-03
1.660607010126113892e-02
1.332199573516845703e-01
3.261231184005737305e-01
1.568401902914047241e-01
1.565220416523516178e-03
4.246156215667724609e-01
1.000503171235322952e-02
4.064672291278839111e-01
2.933043800294399261e-02
5.727772600948810577e-03
3.976222872734069824e-01
0.000000000000000000e+00
3.327938020229339600e-01
9.184532165527343750e-01
2.277130931615829468e-01
6.665237545967102051e-01
4.879202842712402344e-01
6.562726199626922607e-02
2.821942865848541260e-01
9.865022450685501099e-02
0.000000000000000000e+00
4.731434583663940430e-02
1.962999999523162842e-02
1.173982843756675720e-01
4.515999257564544678e-01
1.528802990913391113e+00
2.559627890586853027e-01
0.000000000000000000e+00
7.623700052499771118e-02
0.000000000000000000e+00
9.828345775604248047e-01
1.695417463779449463e-01
3.060286045074462891e-01
3.424838185310363770e-01
2.591395378112792969e-01
8.992217183113098145e-01
3.427601978182792664e-02
3.677638247609138489e-03
1.268105506896972656e+00
1.169855073094367981e-01
0.000000000000000000e+00
1.927049458026885986e-02
6.377598047256469727e-01
2.194222062826156616e-02
3.545459359884262085e-03
3.770501911640167236e-01
0.000000000000000000e+00
5.016648769378662109e-01
5.383587256073951721e-02
2.932169139385223389e-01
1.079749837517738342e-01
1.392137527465820312e+00
4.202482756227254868e-03
1.046474337577819824e+00
1.462079770863056183e-02
3.321806341409683228e-02
1.008037999272346497e-01
2.633819878101348877e-01
8.221736550331115723e-01
1.431566774845123291e-01
2.828103117644786835e-02
3.377925604581832886e-02
3.624417353421449661e-03
0.000000000000000000e+00
2.611611127853393555e+00
4.198480769991874695e-02
1.094714403152465820e-01
0.000000000000000000e+00
0.000000000000000000e+00
9.838659167289733887e-01
7.193289995193481445e-01
1.356223464012145996e+00
6.313220262527465820e-01
0.000000000000000000e+00
4.739409446716308594e+00
1.688805967569351196e-01
0.000000000000000000e+00
2.019652575254440308e-01
7.763819396495819092e-02
1.228343620896339417e-01
1.609306186437606812e-01
0.000000000000000000e+00
1.220435872673988342e-01
0.000000000000000000e+00
1.867707073688507080e-01
3.551166951656341553e-01
7.082617841660976410e-03
1.000859260559082031e+00
3.543888404965400696e-02
2.604970335960388184e-01
8.293237686157226562e-01
7.160759717226028442e-02
0.000000000000000000e+00
2.468030452728271484e+00
0.000000000000000000e+00
0.000000000000000000e+00
8.805282711982727051e-01
1.496911346912384033e-01
2.629337012767791748e-01
3.296615183353424072e-01
5.299847573041915894e-02
0.000000000000000000e+00
1.502754330635070801e+00
0.000000000000000000e+00
6.972277909517288208e-02
0.000000000000000000e+00
6.134959459304809570e-01
5.878516435623168945e-01
8.525255136191844940e-03
2.313517183065414429e-01
1.779808104038238525e-01
0.000000000000000000e+00
9.337788820266723633e-02
1.669358760118484497e-01
8.152418583631515503e-02
0.000000000000000000e+00
1.888612866401672363e+00
8.562122238799929619e-04
5.105366185307502747e-02
5.525393038988113403e-02
0.000000000000000000e+00
1.165526285767555237e-01
4.421656429767608643e-01
0.000000000000000000e+00
1.643049716949462891e-01
9.658989310264587402e-02
3.269623219966888428e-02
2.265623956918716431e-01
3.457760065793991089e-02
1.059174299240112305e+00
1.861992359161376953e+00
4.159803688526153564e-02
2.412813752889633179e-01
7.419308423995971680e-01
1.969832420349121094e+00
1.138353124260902405e-01
0.000000000000000000e+00
6.068852543830871582e-02
1.697690486907958984e+00
3.503629267215728760e-01
3.038205206394195557e-01
0.000000000000000000e+00
4.847026243805885315e-02
6.145187839865684509e-02
3.621718883514404297e-01
7.930482178926467896e-02
2.081776142120361328e+00
0.000000000000000000e+00
3.788122534751892090e-02
1.597644239664077759e-01
2.302820235490798950e-01
0.000000000000000000e+00
4.892300814390182495e-03
0.000000000000000000e+00
3.753736317157745361e-01
0.000000000000000000e+00
1.356071382761001587e-01
2.179493457078933716e-01
2.734155952930450439e-02
1.198417693376541138e-01
1.181688979268074036e-01
1.357411146163940430e-01
0.000000000000000000e+00
2.450950257480144501e-02
1.164477914571762085e-01
5.282667279243469238e-01
5.499304737895727158e-03
1.357794761657714844e+00
4.048057198524475098e-01
8.057729005813598633e-01
3.272333443164825439e-01
2.571888267993927002e-01
9.397409111261367798e-02
6.031282544136047363e-01
0.000000000000000000e+00
5.377361774444580078e-01
1.539200097322463989e-01
0.000000000000000000e+00
0.000000000000000000e+00
6.792020797729492188e-01
8.582807332277297974e-02
1.134199872612953186e-01
2.991514205932617188e+00
7.652699947357177734e-02
5.265724658966064453e-01
0.000000000000000000e+00
2.115256525576114655e-02
0.000000000000000000e+00
0.000000000000000000e+00
4.748570322990417480e-01
5.262517333030700684e-01
7.350983023643493652e-01
5.451694130897521973e-01
8.349662423133850098e-01
1.287855207920074463e-01
7.545629739761352539e-01
1.314503839239478111e-03
4.393433034420013428e-01
1.338850021362304688e+00
5.009582042694091797e-01
9.893014281988143921e-02
1.615996211767196655e-01
4.974206387996673584e-01
1.189369484782218933e-01
7.861147820949554443e-02
4.745945706963539124e-02
5.420042276382446289e-01
1.239539861679077148e+00
0.000000000000000000e+00
0.000000000000000000e+00
6.380373379215598106e-04
8.413274288177490234e-01
0.000000000000000000e+00
8.904452435672283173e-03
7.671745494008064270e-03
2.519598901271820068e-01
5.852609872817993164e-01
7.382411360740661621e-01
5.147420614957809448e-02
2.234891429543495178e-02
0.000000000000000000e+00
1.435225009918212891e-01
0.000000000000000000e+00
5.336560681462287903e-02
1.188908934593200684e+00
0.000000000000000000e+00
8.661749958992004395e-01
8.978927135467529297e-02
1.710146665573120117e+00
0.000000000000000000e+00
9.943670034408569336e-02
2.862205803394317627e-01
1.828976422548294067e-01
2.573162876069545746e-02
9.657038450241088867e-01
2.736108601093292236e-01
1.069349050521850586e-01
7.266298532485961914e-01
5.197073519229888916e-02
2.654965221881866455e-01
2.755341291427612305e+00
1.030545711517333984e+00
3.522360026836395264e-01
8.841790258884429932e-02
2.338988065719604492e+00
3.676936924457550049e-01
0.000000000000000000e+00
2.805116237141191959e-04
6.755250692367553711e-01
3.335746750235557556e-02
3.335797786712646484e-01
7.008097171783447266e-01
0.000000000000000000e+00
4.006307572126388550e-02
1.294094622135162354e-01
9.637120366096496582e-01
4.525610804557800293e-02
2.726826071739196777e-01
2.326032876968383789e+00
1.674309968948364258e-01
0.000000000000000000e+00
0.000000000000000000e+00
1.955732256174087524e-01
0.000000000000000000e+00
0.000000000000000000e+00
2.456331625580787659e-03
5.983923673629760742e-01
5.660387873649597168e-02
8.038901537656784058e-02
8.150182962417602539e-01
5.180168151855468750e-02
4.700309336185455322e-01
1.071689963340759277e+00
6.938736438751220703e-01
1.235218122601509094e-01
4.358346760272979736e-02
1.222204923629760742e+00
3.124069236218929291e-02
5.195471048355102539e-01
1.092649817466735840e+00
9.035105258226394653e-02
7.635103464126586914e-01
3.440014719963073730e-01
1.096419692039489746e-01
5.169719085097312927e-02
2.499139755964279175e-01
4.691932722926139832e-02
5.424538254737854004e-01
5.641787052154541016e-01
5.657859146595001221e-02
4.375399351119995117e-01
1.450819671154022217e-01
6.917912960052490234e-01
0.000000000000000000e+00
2.971133470535278320e+00
1.068800240755081177e-01
1.324876844882965088e-01
6.250749528408050537e-02
1.691910624504089355e-01
3.325394168496131897e-02
5.579625442624092102e-02
6.941363960504531860e-02
2.376273423433303833e-01
3.251146554946899414e+00
1.957368664443492889e-02
3.175536692142486572e-01
3.932251930236816406e-01
1.386812925338745117e-01
3.158578276634216309e-02
0.000000000000000000e+00
9.586361236870288849e-03
5.827869772911071777e-01
2.079532444477081299e-01
3.151934146881103516e-01
1.934767961502075195e-01
5.980228781700134277e-01
1.833216667175292969e+00
2.325623989105224609e+00
7.735869288444519043e-02
1.461138708691578358e-05
4.056230187416076660e-02
2.648374557495117188e+00
3.143292665481567383e-02
8.412516117095947266e-01
4.160545393824577332e-02
1.517428755760192871e+00
1.792649924755096436e-02
3.940623104572296143e-01
4.290610849857330322e-01
7.493680808693170547e-03
4.957673847675323486e-01
4.852140322327613831e-02
8.750385791063308716e-02
1.082275807857513428e-01
1.959612667560577393e-01
8.796583116054534912e-02
1.581380367279052734e-01
2.776519954204559326e-02
0.000000000000000000e+00
7.171687483787536621e-01
5.462848395109176636e-02
7.217575609683990479e-02
0.000000000000000000e+00
1.321220248937606812e-01
3.012435734272003174e-01
5.501680374145507812e-01
0.000000000000000000e+00
1.094415932893753052e-01
1.221095800399780273e+00
7.091472297906875610e-02
1.342478394508361816e+00
1.152356564998626709e-01
0.000000000000000000e+00
0.000000000000000000e+00
7.010032981634140015e-02
1.931873559951782227e-01
4.994067922234535217e-02
1.765531599521636963e-01
3.276073634624481201e-01
1.604166179895401001e-01
1.231337904930114746e+00
7.532244324684143066e-01
1.021159052848815918e+00
1.849077045917510986e-01
1.853555627167224884e-02
4.222671315073966980e-02
0.000000000000000000e+00
2.283887006342411041e-02
0.000000000000000000e+00
0.000000000000000000e+00
8.375435471534729004e-01
6.270973682403564453e-01
4.465146064758300781e-01
7.534743100404739380e-02
0.000000000000000000e+00
6.123472452163696289e-01
2.103234082460403442e-01
0.000000000000000000e+00
0.000000000000000000e+00
0.000000000000000000e+00
2.984621003270149231e-02
7.740578055381774902e-02
2.903619527816772461e+00
7.810059189796447754e-02
2.233810424804687500e-01
0.000000000000000000e+00
0.000000000000000000e+00
6.267256289720535278e-02
0.000000000000000000e+00
1.759137064218521118e-01
5.447719097137451172e-01
1.515033960342407227e+00
2.181699275970458984e+00
2.388249933719635010e-01
5.267194509506225586e-01
6.575310230255126953e-02
4.973830282688140869e-01
0.000000000000000000e+00
0.000000000000000000e+00
1.462403088808059692e-01
4.426935613155364990e-01
4.183622598648071289e-01
2.277689933776855469e+00
2.496220767498016357e-01
7.199062407016754150e-02
8.294221758842468262e-01
4.728133231401443481e-02
0.000000000000000000e+00
1.832122541964054108e-02
1.028460144996643066e+00
7.763282060623168945e-01
0.000000000000000000e+00
2.111933194100856781e-02
9.724696725606918335e-02
6.920531988143920898e-01
2.051077485084533691e-01
1.182192787528038025e-01
1.527531445026397705e-01
2.520036138594150543e-02
2.266713790595531464e-02
1.275653485208749771e-02
0.000000000000000000e+00
2.593799233436584473e-01
4.606542289257049561e-01
1.864311695098876953e-01
2.177880669478327036e-04
2.044730424880981445e+00
7.661873241886496544e-04
3.062034845352172852e-01
6.739669945091009140e-03
0.000000000000000000e+00
1.611180156469345093e-01
1.748450994491577148e-01
1.643912494182586670e-01
1.123821958899497986e-01
5.318951010704040527e-01
9.502991437911987305e-01
5.197166204452514648e-01
6.506075382232666016e+00
1.585090160369873047e-02
3.404997289180755615e-02
3.681062161922454834e-01
6.381578445434570312e-01
3.120762705802917480e-01
1.297106027603149414e+00
4.867173731327056885e-01
0.000000000000000000e+00
1.283480763435363770e+00
6.973022222518920898e-01
2.369920015335083008e-01
1.648614525794982910e+00
4.775361120700836182e-01
0.000000000000000000e+00
4.728671535849571228e-02
0.000000000000000000e+00
3.846341073513031006e-01
0.000000000000000000e+00
1.647357828915119171e-02
5.248832702636718750e-01
5.081830546259880066e-02
0.000000000000000000e+00
9.513680338859558105e-01
2.351802289485931396e-01
0.000000000000000000e+00
1.039957031607627869e-01
1.148455031216144562e-02
3.928485810756683350e-01
2.067625224590301514e-01
1.277185440063476562e+00
0.000000000000000000e+00
8.892302513122558594e-01
3.299362361431121826e-01
4.851204901933670044e-02
3.586685359477996826e-01
6.860423088073730469e-01
0.000000000000000000e+00
3.747976124286651611e-01
1.135442972183227539e+00
8.071894198656082153e-02
0.000000000000000000e+00
4.871066287159919739e-02
2.193739712238311768e-01
9.968564510345458984e-01
7.534578442573547363e-01
2.099898457527160645e-01
1.075992826372385025e-03
4.127443134784698486e-01
3.866681754589080811e-01
2.329279184341430664e-01
1.031159609556198120e-01
1.442582067102193832e-02
7.806693017482757568e-02
1.110981926321983337e-01
0.000000000000000000e+00
3.239631280303001404e-02
2.760189473628997803e-01
3.201321512460708618e-02
1.929764896631240845e-01
1.064826846122741699e+00
1.866096854209899902e+00
3.655937314033508301e-02
5.430231243371963501e-02
3.469448089599609375e-01
4.579858481884002686e-02
7.887674570083618164e-01
1.901760324835777283e-02
8.592279627919197083e-03
7.575473189353942871e-01
3.364827111363410950e-02
6.305302619934082031e+00
1.032755017280578613e+00
0.000000000000000000e+00
5.337100028991699219e-01
2.939301431179046631e-01
1.692012250423431396e-01
3.902239203453063965e-01
5.585438013076782227e-01
4.426655769348144531e-01
1.336858570575714111e-01
6.826341152191162109e-02
0.000000000000000000e+00
2.752796560525894165e-02
1.819381862878799438e-01
2.194692194461822510e-01
2.227431163191795349e-02
5.014465376734733582e-02
0.000000000000000000e+00
0.000000000000000000e+00
2.572738230228424072e-01
1.919738203287124634e-01
1.062384963035583496e+00
5.580164864659309387e-02
1.039813756942749023e-01
1.881525754928588867e+00
2.888820692896842957e-02
3.824695199728012085e-02
3.789412789046764374e-03
0.000000000000000000e+00
1.423981785774230957e+00
1.553586311638355255e-02
0.000000000000000000e+00
0.000000000000000000e+00
2.771943435072898865e-02
1.287646144628524780e-01
3.513438701629638672e-01
6.523980200290679932e-02
2.161433398723602295e-01
5.795840024948120117e-01
1.031234979629516602e+00
5.174724757671356201e-02
9.038894176483154297e-01
0.000000000000000000e+00
1.139156222343444824e-01
7.852190732955932617e-02
9.714946895837783813e-02
5.537975430488586426e-01
3.617053925991058350e-01
3.240717947483062744e-01
5.460773110389709473e-01
4.298634529113769531e-01
6.325113773345947266e-01
0.000000000000000000e+00
