3.251349925994873047e-01
1.063776239752769470e-01
2.363448590040206909e-01
5.659087747335433960e-02
5.381889641284942627e-03
4.667408647947013378e-04
1.770403087139129639e-01
1.992860063910484314e-02
0.000000000000000000e+00
4.737237840890884399e-02
1.010771393775939941e-01
9.254645556211471558e-03
4.706544335931539536e-03
5.957417190074920654e-02
4.072038829326629639e-01
4.075956344604492188e-02
4.938120245933532715e-01
0.000000000000000000e+00
5.508045107126235962e-02
1.033081300556659698e-02
0.000000000000000000e+00
4.059194922447204590e-01
5.839716643095016479e-02
0.000000000000000000e+00
1.701154932379722595e-02
3.665371239185333252e-01
1.331514835357666016e+00
0.000000000000000000e+00
0.000000000000000000e+00
0.000000000000000000e+00
1.150730252265930176e+00
1.316967248916625977e+00
1.188404321670532227e+00
8.024772256612777710e-02
3.373521268367767334e-01
6.046905368566513062e-02
0.000000000000000000e+00
1.276122638955712318e-03
1.246240176260471344e-02
8.577768504619598389e-02
3.091628074645996094e+00
5.054630711674690247e-02
1.378689557313919067e-01
1.713514178991317749e-01
5.442309379577636719e-01
0.000000000000000000e+00
3.453150093555450439e-01
3.236833959817886353e-02
3.675748780369758606e-02
7.078183442354202271e-02
4.747081398963928223e-01
7.649358510971069336e-01
1.017684563994407654e-01
1.653597503900527954e-01
1.308083772659301758e+00
3.780308365821838379e-02
3.142927214503288269e-02
4.918485414236783981e-03
7.279144972562789917e-02
2.201222442090511322e-02
9.220384992659091949e-03
2.909862399101257324e-01
2.640017569065093994e-01
2.652791738510131836e-01
5.092650186270475388e-03
0.000000000000000000e+00
1.040639653801918030e-01
3.184266090393066406e+00
4.356151819229125977e-02
2.430565059185028076e-01
3.197654962539672852e+00
6.603987514972686768e-02
6.387186795473098755e-02
3.042884469032287598e-01
0.000000000000000000e+00
1.253600567579269409e-01
8.852761983871459961e-02
3.697136044502258301e-01
3.056702911853790283e-01
1.051395535469055176e-01
3.076935112476348877e-01
1.071809530258178711e+00
0.000000000000000000e+00
0.000000000000000000e+00
0.000000000000000000e+00
8.609247952699661255e-02
2.347778379917144775e-01
1.585211306810379028e-01
1.386343985795974731e-01
5.016822218894958496e-01
5.859659984707832336e-02
2.278335690498352051e-01
7.928566336631774902e-01
2.441111654043197632e-01
1.671960204839706421e-01
0.000000000000000000e+00
5.377700328826904297e-01
8.379723131656646729e-02
1.827860355377197266e+00
4.404132068157196045e-02
0.000000000000000000e+00
5.635804682970046997e-02
7.686771452426910400e-02
1.204568296670913696e-01
6.647586822509765625e-03
4.766550660133361816e-01
3.749316558241844177e-02
5.918733775615692139e-03
3.280008211731910706e-02
9.677593410015106201e-02
2.119258195161819458e-01
7.701489608734846115e-03
6.666783988475799561e-02
2.849809229373931885e-01
5.389471054077148438e-01
2.549122786149382591e-03
1.090095117688179016e-01
1.241479992866516113e+00
3.346955776214599609e-01
7.708237320184707642e-02
2.578832805156707764e-01
4.928081035614013672e-01
1.047623634338378906e+00
6.143134236335754395e-01
5.362229824066162109e+00
0.000000000000000000e+00
1.301225367933511734e-02
2.239015698432922363e-01
1.510657556354999542e-02
0.000000000000000000e+00
4.607153236865997314e-01
0.000000000000000000e+00
0.000000000000000000e+00
0.000000000000000000e+00
7.223316468298435211e-03
0.000000000000000000e+00
2.291869670152664185e-01
7.032987475395202637e-02
7.369440197944641113e-01
4.100897908210754395e-02
0.000000000000000000e+00
3.595367372035980225e-01
0.000000000000000000e+00
8.390912413597106934e-01
5.036514624953269958e-02
0.000000000000000000e+00
6.867658495903015137e-01
5.021044611930847168e-01
2.549057006835937500e-01
0.000000000000000000e+00
1.666450619697570801e+00
9.850673377513885498e-02
1.395170688629150391e-01
1.161940321326255798e-01
4.783280566334724426e-02
8.601096272468566895e-02
3.999277204275131226e-02
5.696436390280723572e-03
4.750049673020839691e-03
3.911905363202095032e-02
8.917823433876037598e-01
1.970755867660045624e-03
4.845238626003265381e-01
6.310760974884033203e-02
0.000000000000000000e+00
4.271683216094970703e+00
0.000000000000000000e+00
0.000000000000000000e+00
2.451810240745544434e-02
6.081329584121704102e-01
0.000000000000000000e+00
7.004568725824356079e-02
5.274419188499450684e-01
0.000000000000000000e+00
0.000000000000000000e+00
1.934364140033721924e-01
0.000000000000000000e+00
0.000000000000000000e+00
0.000000000000000000e+00
8.360700011253356934e-01
3.148111104965209961e+00
1.076464727520942688e-01
2.678287327289581299e-01
4.065382294356822968e-03
1.445854902267456055e-01
0.000000000000000000e+00
0.000000000000000000e+00
2.322718314826488495e-02
0.000000000000000000e+00
0.000000000000000000e+00
4.837051779031753540e-02
2.183225750923156738e-01
0.000000000000000000e+00
4.272132646292448044e-04
0.000000000000000000e+00
0.000000000000000000e+00
0.000000000000000000e+00
1.706642359495162964e-01
0.000000000000000000e+00
3.574451804161071777e-02
0.000000000000000000e+00
3.145999973639845848e-03
2.581922709941864014e-01
5.090243816375732422e-01
1.502617150545120239e-01
1.517348829656839371e-02
4.622150585055351257e-02
1.173763155937194824e+00
1.070715039968490601e-01
3.432950377464294434e-02
3.067019581794738770e-01
0.000000000000000000e+00
1.539528090506792068e-02
0.000000000000000000e+00
9.215030074119567871e-01
0.000000000000000000e+00
1.574750803411006927e-02
0.000000000000000000e+00
0.000000000000000000e+00
0.000000000000000000e+00
1.186316385865211487e-01
4.373744130134582520e-02
1.348545849323272705e-01
3.112827539443969727e-01
9.081801545107737184e-05
0.000000000000000000e+00
8.189101219177246094e-01
0.000000000000000000e+00
2.357198715209960938e+00
1.333407759666442871e-01
2.947728335857391357e-01
5.042617209255695343e-03
0.000000000000000000e+00
8.664547801017761230e-01
7.477045804262161255e-02
2.390735782682895660e-02
2.114829421043395996e-02
3.032903186976909637e-04
3.077910980209708214e-03
1.365393027663230896e-02
4.509348794817924500e-02
0.000000000000000000e+00
2.977881729602813721e-01
1.721326261758804321e-01
0.000000000000000000e+00
1.533349305391311646e-01
3.186477422714233398e-01
1.591562926769256592e-01
6.645419001579284668e-01
1.005858794087544084e-04
5.136112123727798462e-02
1.634063720703125000e+00
8.064051717519760132e-02
1.355219632387161255e-01
0.000000000000000000e+00
8.243782818317413330e-02
8.977489918470382690e-02
7.258389145135879517e-02
0.000000000000000000e+00
2.262584269046783447e-01
2.020758017897605896e-02
3.671407699584960938e-02
2.962089776992797852e+00
2.383764982223510742e-01
0.000000000000000000e+00
2.327486872673034668e-02
5.825381875038146973e-01
0.000000000000000000e+00
7.269664853811264038e-02
0.000000000000000000e+00
7.183331847190856934e-01
2.572043798863887787e-02
1.466132402420043945e-01
1.607799232006072998e-01
9.541980922222137451e-02
1.694601178169250488e-01
0.000000000000000000e+00
1.015148535370826721e-01
0.000000000000000000e+00
9.940696507692337036e-02
3.389634937047958374e-02
3.915051929652690887e-03
1.915565729141235352e-01
2.524609444662928581e-03
3.038703501224517822e-01
2.333528101444244385e-01
1.147821545600891113e-01
1.614468097686767578e-01
9.401175975799560547e-01
2.790334939956665039e+00
4.076477512717247009e-02
2.782558202743530273e-01
0.000000000000000000e+00
9.183998703956604004e-01
2.008186420425772667e-03
5.225197970867156982e-02
4.406949281692504883e-01
9.245233982801437378e-02
0.000000000000000000e+00
7.508978713303804398e-03
7.780749201774597168e-01
7.010327577590942383e-01
2.240569703280925751e-02
0.000000000000000000e+00
6.839243322610855103e-02
9.317249804735183716e-02
6.348443031311035156e-01
0.000000000000000000e+00
5.132168531417846680e-01
2.069114148616790771e-02
4.412863403558731079e-03
1.579142175614833832e-02
5.716727972030639648e-01
1.787626557052135468e-02
0.000000000000000000e+00
4.867696762084960938e-02
0.000000000000000000e+00
5.268399044871330261e-02
3.891996741294860840e-01
3.613306879997253418e-01
5.483130812644958496e-01
0.000000000000000000e+00
1.980378329753875732e-01
1.893937110900878906e+00
8.294594287872314453e-02
3.859529793262481689e-01
1.642618700861930847e-02
2.922810554504394531e+00
2.440156787633895874e-01
6.639811992645263672e-01
1.278533220291137695e+00
3.762985393404960632e-02
2.216852664947509766e+00
0.000000000000000000e+00
4.255499225109815598e-03
0.000000000000000000e+00
1.079100131988525391e+00
7.593633979558944702e-02
7.206215262413024902e-01
0.000000000000000000e+00
0.000000000000000000e+00
0.000000000000000000e+00
3.614019230008125305e-02
0.000000000000000000e+00
5.832594353705644608e-03
5.692203044891357422e-01
0.000000000000000000e+00
6.531722843647003174e-03
6.440480053424835205e-02
2.444284260272979736e-01
2.018527537584304810e-01
9.571671485900878906e-03
0.000000000000000000e+00
0.000000000000000000e+00
1.924871653318405151e-01
1.289379596710205078e-01
0.000000000000000000e+00
0.000000000000000000e+00
5.803334712982177734e-01
1.863145641982555389e-02
3.433484435081481934e-01
1.813092947006225586e+00
2.020491063594818115e-01
0.000000000000000000e+00
2.082082182168960571e-01
1.831896901130676270e-01
4.241626560688018799e-01
1.625760458409786224e-02
1.444095969200134277e-01
1.658770255744457245e-02
1.362060848623514175e-02
4.094372093677520752e-01
1.558493357151746750e-02
1.421566009521484375e-01
4.661232233047485352e-02
0.000000000000000000e+00
5.388243868947029114e-02
1.731536686420440674e-01
3.873267769813537598e-01
6.739565730094909668e-02
0.000000000000000000e+00
0.000000000000000000e+00
4.784397035837173462e-02
0.000000000000000000e+00
5.809592083096504211e-02
2.457184553146362305e+00
0.000000000000000000e+00
6.089619174599647522e-02
1.404816806316375732e-01
6.197730824351310730e-02
3.377136960625648499e-02
1.253837794065475464e-01
2.142648547887802124e-01
3.065316379070281982e-02
0.000000000000000000e+00
3.205345571041107178e-01
2.863079011440277100e-01
9.976335801184177399e-03
7.738963365554809570e-01
1.242496538907289505e-02
0.000000000000000000e+00
7.132955826818943024e-03
0.000000000000000000e+00
0.000000000000000000e+00
8.598586171865463257e-02
8.780203014612197876e-02
2.386239543557167053e-02
7.415717244148254395e-01
4.603580012917518616e-02
2.154207468032836914e+00
0.000000000000000000e+00
4.027933347970247269e-03
8.786007761955261230e-01
5.501124635338783264e-02
3.023698031902313232e-01
3.603064641356468201e-02
2.566246092319488525e-01
1.917806506156921387e+00
0.000000000000000000e+00
0.000000000000000000e+00
5.399917960166931152e-01
9.981548786163330078e-02
2.536106109619140625e-01
1.151411309838294983e-01
5.268625169992446899e-02
0.000000000000000000e+00
5.103001836687326431e-03
1.572509109973907471e-01
5.029847621917724609e-01
0.000000000000000000e+00
2.001990079879760742e+00
2.994614839553833008e-01
1.142375111579895020e+00
2.739397287368774414e+00
7.778213173151016235e-02
1.118820160627365112e-01
0.000000000000000000e+00
5.191528424620628357e-02
3.343115746974945068e-01
0.000000000000000000e+00
7.394771277904510498e-02
1.956766098737716675e-01
2.534305155277252197e-01
7.039968622848391533e-04
0.000000000000000000e+00
8.650624155998229980e-01
2.344650216400623322e-02
1.826555654406547546e-02
2.029223367571830750e-02
9.369640611112117767e-03
2.273192442953586578e-02
0.000000000000000000e+00
2.310975268483161926e-02
0.000000000000000000e+00
0.000000000000000000e+00
1.499759435653686523e+00
8.705377578735351562e-02
4.262071847915649414e-01
1.046863675117492676e+00
4.949275776743888855e-02
4.226619005203247070e-02
2.300814986228942871e-01
9.274700880050659180e-01
2.391156107187271118e-01
5.629856139421463013e-02
1.111695691943168640e-01
1.924451291561126709e-01
1.452845335006713867e+00
2.405924946069717407e-01
1.165472507476806641e+00
4.990356862545013428e-01
2.530846893787384033e-01
1.376134455204010010e-01
0.000000000000000000e+00
6.752307713031768799e-02
4.197697162628173828e+00
1.222834177315235138e-02
0.000000000000000000e+00
5.433046258985996246e-03
0.000000000000000000e+00
0.000000000000000000e+00
0.000000000000000000e+00
7.882151007652282715e-01
4.175166785717010498e-01
5.301210563629865646e-03
2.910280525684356689e-01
6.201842799782752991e-02
2.264397777616977692e-02
1.012589037418365479e-01
3.346712291240692139e-01
3.835638463497161865e-01
3.628682345151901245e-02
1.897196620702743530e-01
4.429658874869346619e-03
2.360664904117584229e-01
0.000000000000000000e+00
1.893231272697448730e-01
1.424040347337722778e-01
7.495293021202087402e-01
1.930674314498901367e-01
1.573580689728260040e-02
0.000000000000000000e+00
1.243087410926818848e+00
1.181838139891624451e-01
2.603380680084228516e-01
3.103754669427871704e-02
4.609256982803344727e-02
0.000000000000000000e+00
4.487978294491767883e-02
1.297550439834594727e+00
2.119581401348114014e-01
2.537834644317626953e-01
4.953541755676269531e-01
1.312702745199203491e-01
0.000000000000000000e+00
3.692838251590728760e-01
0.000000000000000000e+00
0.000000000000000000e+00
3.395859003067016602e-01
2.921498008072376251e-02
5.704081654548645020e-01
3.474533790722489357e-03
6.114122923463582993e-03
1.041898727416992188e-01
5.103019624948501587e-02
2.017105072736740112e-01
0.000000000000000000e+00
3.579674959182739258e-01
1.537104368209838867e+00
1.928896158933639526e-01
0.000000000000000000e+00
7.451296597719192505e-02
4.216814413666725159e-03
3.650925308465957642e-02
2.837745472788810730e-03
3.221322536468505859e+00
2.537374384701251984e-02
0.000000000000000000e+00
6.982518434524536133e-01
8.180264383554458618e-02
1.065595865249633789e+00
1.543027441948652267e-02
4.714352607727050781e+00
3.922645002603530884e-03
3.303667157888412476e-02
7.145678997039794922e-01
0.000000000000000000e+00
2.923371735960245132e-03
0.000000000000000000e+00
1.519460558891296387e+00
0.000000000000000000e+00
0.000000000000000000e+00
1.900532394647598267e-01
1.814269572496414185e-01
3.908135741949081421e-02
1.646829582750797272e-02
0.000000000000000000e+00
3.550896421074867249e-02
7.127592712640762329e-02
1.537853386253118515e-03
0.000000000000000000e+00
0.000000000000000000e+00
3.989026322960853577e-02
0.000000000000000000e+00
2.419367581605911255e-01
1.317666471004486084e-01
0.000000000000000000e+00
0.000000000000000000e+00
1.887263804674148560e-01
0.000000000000000000e+00
0.000000000000000000e+00
0.000000000000000000e+00
7.597865164279937744e-02
0.000000000000000000e+00
1.145533169619739056e-03
5.614795163273811340e-02
5.600611567497253418e-01
3.509181737899780273e-01
2.276930958032608032e-02
1.559472203254699707e+00
0.000000000000000000e+00
4.803821444511413574e-01
2.699641883373260498e-02
1.742076516151428223e+00
7.951992750167846680e-02
0.000000000000000000e+00
6.263142079114913940e-02
0.000000000000000000e+00
5.776518583297729492e-01
5.622088536620140076e-02
5.236262083053588867e-02
3.841883242130279541e-01
1.092622727155685425e-01
9.311260581016540527e-01
5.276786908507347107e-02
2.658596960827708244e-03
0.000000000000000000e+00
1.407536715269088745e-01
4.323667287826538086e-01
1.279882248491048813e-02
1.511410474777221680e-01
6.499114632606506348e-02
1.879269182682037354e-01
4.890977144241333008e-01
1.292590975761413574e+00
0.000000000000000000e+00
0.000000000000000000e+00
3.767249640077352524e-03
3.140880763530731201e-01
2.917803227901458740e-01
8.312674760818481445e-01
1.251744776964187622e-01
1.054015830159187317e-01
1.394018880091607571e-03
1.692917197942733765e-02
0.000000000000000000e+00
1.666614890098571777e+00
0.000000000000000000e+00
0.000000000000000000e+00
1.526111066341400146e-01
5.671833753585815430e-01
1.374097615480422974e-01
1.630495667457580566e+00
1.130743250250816345e-01
4.220840334892272949e-01
2.581949830055236816e-01
3.776724636554718018e-02
2.088257074356079102e-01
0.000000000000000000e+00
5.330992341041564941e-01
7.810137420892715454e-02
9.569368511438369751e-02
5.330677144229412079e-03
1.117653846740722656e+00
1.700372695922851562e-01
0.000000000000000000e+00
1.031391993165016174e-01
3.388929739594459534e-02
1.378460079431533813e-01
1.304694890975952148e+00
4.062429070472717285e-01
4.034849643707275391e+00
1.130888052284717560e-02
1.033350080251693726e-01
8.879952430725097656e-01
0.000000000000000000e+00
3.840450644493103027e-01
0.000000000000000000e+00
1.257519051432609558e-02
1.463934872299432755e-02
1.097813248634338379e+00
1.525323279201984406e-02
6.077333092689514160e-01
0.000000000000000000e+00
7.463958263397216797e-01
8.694311380386352539e-01
0.000000000000000000e+00
0.000000000000000000e+00
4.786410182714462280e-02
1.204236745834350586e+00
2.394758015871047974e-01
1.137856245040893555e+00
2.224988117814064026e-02
1.585122227668762207e+00
0.000000000000000000e+00
1.021844297647476196e-01
2.969142913818359375e+00
5.494629740715026855e-01
5.509491264820098877e-02
2.850014567375183105e-01
0.000000000000000000e+00
8.896958082914352417e-02
1.727627776563167572e-02
4.982883632183074951e-01
0.000000000000000000e+00
5.349441170692443848e-01
8.416968584060668945e-01
0.000000000000000000e+00
3.830659091472625732e-01
1.578266024589538574e+00
1.733410358428955078e-02
0.000000000000000000e+00
0.000000000000000000e+00
0.000000000000000000e+00
0.000000000000000000e+00
3.384664058685302734e-01
0.000000000000000000e+00
8.265928179025650024e-02
1.969409286975860596e-01
4.867443442344665527e-01
0.000000000000000000e+00
0.000000000000000000e+00
0.000000000000000000e+00
1.907653175294399261e-02
1.566674411296844482e-01
8.981458544731140137e-01
9.234126657247543335e-02
2.182306766510009766e+00
4.125509783625602722e-02
1.583585981279611588e-03
3.536614477634429932e-01
4.551034271717071533e-01
1.442455500364303589e-01
0.000000000000000000e+00
0.000000000000000000e+00
6.587209701538085938e-01
1.125114083290100098e+00
2.467478364706039429e-01
4.406899679452180862e-04
7.181118708103895187e-04
4.292700588703155518e-01
3.323946595191955566e-01
0.000000000000000000e+00
5.506926681846380234e-03
0.000000000000000000e+00
0.000000000000000000e+00
0.000000000000000000e+00
0.000000000000000000e+00
6.154938042163848877e-02
2.596052587032318115e-01
0.000000000000000000e+00
0.000000000000000000e+00
1.981050893664360046e-02
2.042040461674332619e-03
0.000000000000000000e+00
2.668645679950714111e-01
3.456952869892120361e-01
2.227724343538284302e-02
1.129062995314598083e-01
2.682474628090858459e-02
0.000000000000000000e+00
3.048441410064697266e-01
0.000000000000000000e+00
1.898669600486755371e+00
3.113638050854206085e-02
7.382842153310775757e-02
4.441975653171539307e-01
2.362424284219741821e-01
1.739706248044967651e-01
0.000000000000000000e+00
1.391148567199707031e+00
4.125121235847473145e-02
3.881816565990447998e-01
1.458947658538818359e-01
2.892817556858062744e-01
1.800174564123153687e-01
5.275222063064575195e-01
1.174674779176712036e-01
3.514353185892105103e-03
9.281033277511596680e-02
2.817323207855224609e-01
1.458448290824890137e+00
0.000000000000000000e+00
1.029198542237281799e-01
3.940317314118146896e-03
0.000000000000000000e+00
5.183086991310119629e-01
0.000000000000000000e+00
8.233271837234497070e-01
4.796777293086051941e-02
5.451323091983795166e-02
0.000000000000000000e+00
2.333383411169052124e-01
0.000000000000000000e+00
1.046307832002639771e-01
8.302829414606094360e-02
1.166060328483581543e+00
0.000000000000000000e+00
1.667187362909317017e-01
0.000000000000000000e+00
8.970917202532291412e-03
7.329360395669937134e-02
2.007977962493896484e-01
0.000000000000000000e+00
4.806170612573623657e-02
0.000000000000000000e+00
7.665019035339355469e-01
1.034496545791625977e+00
1.160236477851867676e+00
0.000000000000000000e+00
2.277653366327285767e-01
3.558470308780670166e-01
4.982343912124633789e-01
0.000000000000000000e+00
1.754599362611770630e-01
2.067332901060581207e-02
1.363233774900436401e-01
4.219192266464233398e-01
1.101920828223228455e-01
0.000000000000000000e+00
0.000000000000000000e+00
0.000000000000000000e+00
1.099247634410858154e-01
2.989599667489528656e-02
3.176549971103668213e-01
2.137116193771362305e-01
1.457320451736450195e-01
1.216990873217582703e-02
2.692708373069763184e-01
3.520238213241100311e-03
6.332176178693771362e-02
6.056584045290946960e-02
2.727721631526947021e-01
8.081403374671936035e-01
4.987577199935913086e-01
0.000000000000000000e+00
7.083868235349655151e-02
2.172431945800781250e+00
1.353614777326583862e-02
1.059239134192466736e-01
0.000000000000000000e+00
8.553122878074645996e-01
5.881168320775032043e-02
8.086869865655899048e-02
3.542650043964385986e-01
0.000000000000000000e+00
0.000000000000000000e+00
1.667807102203369141e+00
1.326993554830551147e-01
8.551795482635498047e-01
5.296329967677593231e-03
3.312101960182189941e-01
0.000000000000000000e+00
7.294452190399169922e-02
6.609742641448974609e+00
9.268030524253845215e-02
3.852662742137908936e-01
0.000000000000000000e+00
7.458999156951904297e-01
1.965899253264069557e-03
0.000000000000000000e+00
0.000000000000000000e+00
1.175359357148408890e-02
1.238020882010459900e-01
9.018821120262145996e-01
1.707127243280410767e-01
1.151631772518157959e-02
8.364256471395492554e-03
0.000000000000000000e+00
2.116445004940032959e-01
0.000000000000000000e+00
0.000000000000000000e+00
2.110001295804977417e-01
3.308750092983245850e-01
3.486177325248718262e-02
8.863983303308486938e-02
1.058801651000976562e+00
2.004738152027130127e-02
3.303301632404327393e-01
1.550853718072175980e-02
1.486713737249374390e-01
6.743009090423583984e-01
6.661764383316040039e-01
6.812472939491271973e-01
6.799182295799255371e-01
2.544974684715270996e-01
0.000000000000000000e+00
0.000000000000000000e+00
9.429191797971725464e-02
1.198275238275527954e-01
1.908693164587020874e-01
5.089934915304183960e-03
0.000000000000000000e+00
4.954850375652313232e-01
8.312472701072692871e-02
8.129382133483886719e-01
2.489234507083892822e-02
3.938173055648803711e-01
2.699179053306579590e-01
1.193195134401321411e-01
2.520333800930529833e-04
5.373494625091552734e-01
0.000000000000000000e+00
4.658624231815338135e-01
0.000000000000000000e+00
8.548253774642944336e-02
1.148149371147155762e+00
8.050020784139633179e-02
8.166647702455520630e-02
0.000000000000000000e+00
0.000000000000000000e+00
1.214002594351768494e-01
2.989681065082550049e-01
1.427972912788391113e-01
1.274030566215515137e+00
3.949195891618728638e-02
0.000000000000000000e+00
1.420341134071350098e+00
3.315992653369903564e-01
2.478936314582824707e-02
5.200737342238426208e-02
0.000000000000000000e+00
1.608041286468505859e+00
4.326078575104475021e-03
7.613064646720886230e-01
1.939341425895690918e-02
0.000000000000000000e+00
0.000000000000000000e+00
3.192259550094604492e+00
0.000000000000000000e+00
7.178537547588348389e-02
1.280233561992645264e-01
8.378352224826812744e-02
1.200557649135589600e-01
5.161519050598144531e-01
2.570993900299072266e-01
0.000000000000000000e+00
0.000000000000000000e+00
0.000000000000000000e+00
0.000000000000000000e+00
2.229725718498229980e-01
0.000000000000000000e+00
8.127686381340026855e-02
1.127845644950866699e-01
6.714143604040145874e-02
5.296531319618225098e-01
0.000000000000000000e+00
5.338324233889579773e-02
1.246430635452270508e+00
7.208198904991149902e-01
0.000000000000000000e+00
4.160161018371582031e-01
0.000000000000000000e+00
2.793922424316406250e-01
4.276162683963775635e-01
7.540564984083175659e-02
0.000000000000000000e+00
7.342303544282913208e-02
0.000000000000000000e+00
1.026437878608703613e-01
7.576248645782470703e-01
1.730013638734817505e-01
1.034911274909973145e+00
0.000000000000000000e+00
5.748804658651351929e-02
5.364899709820747375e-02
0.000000000000000000e+00
0.000000000000000000e+00
4.404003024101257324e-01
5.612600445747375488e-01
1.884460896253585815e-01
2.723404020071029663e-02
4.371834099292755127e-01
5.104298703372478485e-03
5.558908358216285706e-02
1.861420273780822754e-02
2.063814699649810791e-01
1.598707288503646851e-01
1.185646560043096542e-02
8.855379223823547363e-01
2.443741261959075928e-01
2.452947199344635010e-02
0.000000000000000000e+00
0.000000000000000000e+00
4.241618812084197998e-01
2.629238963127136230e-01
0.000000000000000000e+00
1.440908610820770264e-01
3.709592297673225403e-02
1.426337361335754395e-01
3.257446050643920898e+00
0.000000000000000000e+00
1.226785629987716675e-01
7.625856995582580566e-01
1.171620637178421021e-01
5.152947083115577698e-02
9.770203381776809692e-03
3.807008638978004456e-02
0.000000000000000000e+00
5.041086673736572266e-01
0.000000000000000000e+00
7.639535665512084961e-01
7.501641288399696350e-03
4.777461588382720947e-01
0.000000000000000000e+00
4.551960825920104980e-01
5.776467323303222656e-01
3.121920228004455566e-01
0.000000000000000000e+00
0.000000000000000000e+00
9.538822770118713379e-01
3.010554909706115723e-01
0.000000000000000000e+00
5.913922190666198730e-01
5.108603835105895996e-01
0.000000000000000000e+00
4.158915579319000244e-01
8.508412167429924011e-03
0.000000000000000000e+00
2.718293964862823486e-01
7.836146652698516846e-02
3.674195408821105957e-01
2.782143652439117432e-01
2.790544748306274414e+00
1.198412179946899414e-01
0.000000000000000000e+00
0.000000000000000000e+00
0.000000000000000000e+00
7.692060619592666626e-02
0.000000000000000000e+00
7.975915670394897461e-01
4.808518569916486740e-03
1.625232100486755371e-01
1.710514128208160400e-01
9.358208626508712769e-03
3.979553282260894775e-01
0.000000000000000000e+00
0.000000000000000000e+00
3.503378927707672119e-01
3.955738991498947144e-02
5.739842727780342102e-02
3.672387078404426575e-02
4.999816417694091797e-01
1.758461594581604004e-01
1.996542215347290039e+00
4.971117973327636719e-01
3.441834822297096252e-03
1.613493442535400391e+00
6.853026151657104492e-02
6.373486518859863281e-01
1.230047792196273804e-01
6.701332330703735352e-02
0.000000000000000000e+00
9.112552553415298462e-02
4.798213839530944824e-01
5.733671039342880249e-02
3.795500397682189941e-01
2.290405333042144775e-01
8.107630163431167603e-02
1.408049017190933228e-01
1.561938375234603882e-01
1.838030666112899780e-02
3.956410288810729980e-01
0.000000000000000000e+00
3.686971962451934814e-02
1.204428747296333313e-01
0.000000000000000000e+00
0.000000000000000000e+00
2.845647279173135757e-03
0.000000000000000000e+00
2.010763622820377350e-02
3.919925168156623840e-02
6.019034981727600098e-01
1.227519363164901733e-01
8.612401783466339111e-02
0.000000000000000000e+00
1.489645689725875854e-01
0.000000000000000000e+00
1.530186831951141357e-01
2.365396730601787567e-02
7.584517449140548706e-02
9.316354244947433472e-02
4.444470256567001343e-02
2.900159545242786407e-02
6.682580709457397461e-01
0.000000000000000000e+00
6.434485912322998047e-01
1.423328518867492676e-01
9.909272193908691406e-01
9.600185602903366089e-02
5.690250992774963379e-01
2.393568277359008789e+00
0.000000000000000000e+00
0.000000000000000000e+00
1.348129808902740479e-01
2.710111141204833984e-01
0.000000000000000000e+00
6.980702280998229980e-01
0.000000000000000000e+00
7.482474902644753456e-04
1.002707600593566895e+00
6.792938113212585449e-01
0.000000000000000000e+00
1.876041591167449951e-01
5.927952006459236145e-03
0.000000000000000000e+00
3.868843317031860352e-01
7.011569142341613770e-01
1.363179922103881836e+00
0.000000000000000000e+00
6.388747692108154297e-01
2.258060500025749207e-02
8.179523795843124390e-02
2.532508373260498047e-01
8.726178668439388275e-03
4.475568607449531555e-02
6.242981553077697754e-02
7.998444139957427979e-03
0.000000000000000000e+00
7.241798192262649536e-02
1.334111690521240234e-01
4.739293456077575684e-01
1.977265067398548126e-02
5.693804845213890076e-02
2.512600421905517578e-01
0.000000000000000000e+00
7.963201031088829041e-03
4.947145655751228333e-02
9.237960577011108398e-01
0.000000000000000000e+00
0.000000000000000000e+00
1.042686402797698975e-01
0.000000000000000000e+00
1.409826874732971191e-01
0.000000000000000000e+00
1.526262331753969193e-02
8.639484047889709473e-01
0.000000000000000000e+00
1.219194054603576660e+00
0.000000000000000000e+00
6.761337518692016602e-01
3.775691613554954529e-02
1.050604104995727539e+00
7.230858318507671356e-04
9.671331197023391724e-02
4.256823062896728516e-01
4.692490771412849426e-02
9.849263429641723633e-01
7.878662943840026855e-01
6.139535307884216309e-01
6.182500123977661133e-01
1.245536841452121735e-02
3.133005201816558838e-01
1.867638230323791504e-01
0.000000000000000000e+00
6.954564452171325684e-01
7.066299915313720703e-01
4.894345253705978394e-02
1.904133707284927368e-01
1.582888215780258179e-01
1.054623484611511230e+00
6.306362897157669067e-02
0.000000000000000000e+00
3.512073755264282227e-01
3.862063586711883545e-02
1.365221440792083740e-01
2.329219877719879150e-01
4.808232188224792480e-01
0.000000000000000000e+00
6.395176798105239868e-02
6.139967963099479675e-02
2.675876617431640625e-01
2.454947447404265404e-03
7.029672712087631226e-02
4.523582160472869873e-01
9.615653753280639648e-02
0.000000000000000000e+00
0.000000000000000000e+00
0.000000000000000000e+00
3.096225857734680176e-02
1.059679463505744934e-01
2.456700801849365234e-01
1.714936733245849609e+00
3.679539635777473450e-02
6.928535178303718567e-03
8.836654014885425568e-03
1.431384325027465820e+00
0.000000000000000000e+00
1.131372451782226562e-01
8.242840766906738281e-01
0.000000000000000000e+00
2.363408915698528290e-02
9.338084459304809570e-01
0.000000000000000000e+00
1.336000263690948486e-01
0.000000000000000000e+00
2.860920727252960205e-01
7.026646137237548828e-01
3.009912870766129345e-05
0.000000000000000000e+00
1.525456309318542480e-01
8.153979182243347168e-01
3.920136764645576477e-02
1.246180534362792969e+00
7.479401677846908569e-02
0.000000000000000000e+00
1.833779215812683105e-01
6.885052472352981567e-02
1.525390520691871643e-02
3.214205056428909302e-02
0.000000000000000000e+00
6.702799797058105469e-01
0.000000000000000000e+00
6.541483849287033081e-02
0.000000000000000000e+00
3.846214711666107178e-02
4.166260957717895508e-01
8.908604383468627930e-01
7.424014210700988770e-01
0.000000000000000000e+00
7.013376802206039429e-03
3.502329066395759583e-02
0.000000000000000000e+00
7.229592651128768921e-02
1.823392510414123535e-02
3.502048850059509277e-01
7.328232750296592712e-03
7.140543460845947266e-01
1.464599650353193283e-02
8.978451602160930634e-03
8.823408186435699463e-02
1.590000116266310215e-03
1.000799424946308136e-02
0.000000000000000000e+00
1.267041414976119995e-01
6.335932016372680664e-02
1.112868905067443848e+00
1.143779382109642029e-01
2.868137322366237640e-02
5.269587635993957520e-01
0.000000000000000000e+00
1.345982868224382401e-02
2.826028764247894287e-01
0.000000000000000000e+00
2.025100469589233398e+00
0.000000000000000000e+00
0.000000000000000000e+00
2.280902862548828125e-01
0.000000000000000000e+00
1.265981316566467285e+00
2.456598170101642609e-02
4.573845490813255310e-02
3.437614679336547852e+00
5.960824433714151382e-03
0.000000000000000000e+00
2.261696010828018188e-02
1.077221333980560303e-02
1.245714902877807617e+00
6.920827627182006836e-01
0.000000000000000000e+00
1.353628281503915787e-02
0.000000000000000000e+00
7.923885434865951538e-02
4.549565166234970093e-02
1.340314865112304688e+00
6.590200960636138916e-02
1.633142965147271752e-04
1.722707152366638184e-01
0.000000000000000000e+00
2.822442911565303802e-03
3.945916652679443359e+00
6.274049878120422363e-01
2.502806186676025391e+00
2.056289762258529663e-01
1.537062823772430420e-01
0.000000000000000000e+00
1.215574704110622406e-02
0.000000000000000000e+00
1.777725964784622192e-01
0.000000000000000000e+00
1.182333976030349731e-01
2.384343970334157348e-04
2.639821767807006836e-01
2.320385128259658813e-01
0.000000000000000000e+00
0.000000000000000000e+00
4.144414663314819336e-01
9.191423654556274414e-02
0.000000000000000000e+00
0.000000000000000000e+00
6.520965099334716797e-01
3.247737884521484375e-03
2.336233109235763550e-01
1.474761962890625000e+00
3.193629980087280273e-01
0.000000000000000000e+00
2.794981598854064941e-01
1.100666075944900513e-01
1.552572250366210938e-01
9.131981730461120605e-01
0.000000000000000000e+00
2.287736721336841583e-02
1.090634334832429886e-02
5.182927707210183144e-04
3.121473081409931183e-02
9.138759970664978027e-01
0.000000000000000000e+00
1.204573828727006912e-02
4.317262172698974609e-01
0.000000000000000000e+00
1.735009551048278809e-01
1.281429082155227661e-02
4.931530058383941650e-01
2.753918990492820740e-02
0.000000000000000000e+00
2.615223824977874756e-02
2.198066748678684235e-02
8.380097150802612305e-01
0.000000000000000000e+00
5.493124723434448242e-01
0.000000000000000000e+00
1.935778744518756866e-02
1.560327410697937012e-01
6.287680864334106445e-01
3.303200900554656982e-01
3.342913230881094933e-03
7.629908323287963867e-01
0.000000000000000000e+00
0.000000000000000000e+00
2.135552018880844116e-01
1.509868167340755463e-02
1.565127670764923096e-01
2.606932073831558228e-02
1.573086678981781006e-01
2.015503644943237305e-01
1.812533885240554810e-01
3.422814235091209412e-02
7.492845654487609863e-01
3.729234039783477783e-01
1.012845754623413086e+00
7.250085007399320602e-03
5.673089027404785156e-01
1.071686148643493652e-01
0.000000000000000000e+00
6.607259856536984444e-04
1.589812710881233215e-02
1.491768807172775269e-01
6.247367262840270996e-01
6.069841235876083374e-02
1.686598509550094604e-01
0.000000000000000000e+00
4.999904334545135498e-02
2.019873857498168945e-01
0.000000000000000000e+00
2.927547991275787354e-01
0.000000000000000000e+00
5.765530467033386230e-02
0.000000000000000000e+00
7.161100506782531738e-01
2.026441097259521484e-01
4.249987541697919369e-04
1.113577932119369507e-02
0.000000000000000000e+00
1.805427134968340397e-03
0.000000000000000000e+00
3.240261971950531006e-01
1.007024385035037994e-02
1.632658839225769043e+00
4.527319595217704773e-02
9.602288715541362762e-03
8.326163887977600098e-02
0.000000000000000000e+00
6.634107232093811035e-01
3.398322343826293945e+00
0.000000000000000000e+00
0.000000000000000000e+00
2.279034852981567383e-01
3.209736943244934082e-02
7.190126776695251465e-01
1.766519546508789062e-01
0.000000000000000000e+00
0.000000000000000000e+00
6.100910529494285583e-02
1.681517958641052246e-01
1.668480038642883301e-01
2.903979420661926270e-01
0.000000000000000000e+00
1.454328000545501709e-01
0.000000000000000000e+00
1.422515511512756348e+00
0.000000000000000000e+00
6.086471304297447205e-02
2.003957509994506836e+00
4.511706158518791199e-02
0.000000000000000000e+00
8.744742870330810547e-01
3.113574981689453125e-01
3.094561398029327393e-01
0.000000000000000000e+00
0.000000000000000000e+00
1.540276050567626953e+00
3.562769666314125061e-02
1.174508333206176758e-01
1.167811378836631775e-01
1.118500158190727234e-01
6.847468018531799316e-01
4.142623841762542725e-01
6.220270693302154541e-02
1.659839004278182983e-01
0.000000000000000000e+00
4.006070271134376526e-02
4.037334024906158447e-01
2.326104603707790375e-02
5.008298754692077637e-01
1.827215105295181274e-01
0.000000000000000000e+00
1.159819308668375015e-02
4.510327242314815521e-03
3.156162261962890625e+00
6.094684358686208725e-03
4.323374032974243164e-01
0.000000000000000000e+00
0.000000000000000000e+00
1.027221322059631348e+00
2.037632942199707031e+00
5.698775649070739746e-01
1.949126832187175751e-02
8.771729469299316406e-01
1.035225763916969299e-01
5.986006259918212891e-01
3.146358430385589600e-01
2.863658666610717773e-01
1.519250422716140747e-01
3.392759859561920166e-01
0.000000000000000000e+00
2.032979965209960938e+00
0.000000000000000000e+00
5.661423802375793457e-01
1.890314519405364990e-01
6.548657417297363281e-01
2.455363422632217407e-01
7.416000217199325562e-02
2.640476077795028687e-02
6.622197479009628296e-02
2.874496579170227051e-02
2.107311785221099854e-01
0.000000000000000000e+00
0.000000000000000000e+00
0.000000000000000000e+00
8.773987293243408203e-01
4.659911096096038818e-01
2.727532088756561279e-01
4.577379301190376282e-02
1.965859085321426392e-01
3.384675085544586182e-01
1.870412677526473999e-01
7.182814925909042358e-02
1.138656854629516602e+00
2.655661404132843018e-01
0.000000000000000000e+00
0.000000000000000000e+00
0.000000000000000000e+00
5.912516713142395020e-01
1.323856234550476074e+00
9.130021929740905762e-01
3.378350496292114258e+00
3.709884360432624817e-02
1.989164762198925018e-02
4.502568840980529785e-01
0.000000000000000000e+00
1.056305505335330963e-02
0.000000000000000000e+00
0.000000000000000000e+00
0.000000000000000000e+00
1.646608561277389526e-01
0.000000000000000000e+00
0.000000000000000000e+00
0.000000000000000000e+00
0.000000000000000000e+00
0.000000000000000000e+00
0.000000000000000000e+00
3.146866261959075928e-01
5.046036560088396072e-03
0.000000000000000000e+00
8.197646141052246094e-01
1.478892087936401367e+00
0.000000000000000000e+00
4.071314811706542969e+00
1.996569568291306496e-03
1.414631247520446777e+00
4.198560118675231934e-02
0.000000000000000000e+00
0.000000000000000000e+00
2.376349121332168579e-01
1.416948884725570679e-01
3.515907796099781990e-03
0.000000000000000000e+00
1.089885830879211426e-01
1.230127289891242981e-01
0.000000000000000000e+00
6.192381381988525391e+00
0.000000000000000000e+00
2.832608819007873535e-01
1.359135210514068604e-01
4.415360838174819946e-02
9.953222423791885376e-02
0.000000000000000000e+00
2.743183374404907227e-01
2.041674451902508736e-03
1.420297939330339432e-02
3.051173873245716095e-03
4.514560475945472717e-02
1.484014987945556641e+00
5.638229660689830780e-03
0.000000000000000000e+00
1.937566846609115601e-01
0.000000000000000000e+00
5.440121144056320190e-02
0.000000000000000000e+00
4.712351858615875244e-01
0.000000000000000000e+00
1.172526717185974121e+00
2.026214361190795898e+00
9.126355499029159546e-02
3.826257884502410889e-01
0.000000000000000000e+00
1.516356170177459717e-01
3.207652568817138672e-01
0.000000000000000000e+00
7.998151779174804688e-01
1.403299421072006226e-01
1.247349143028259277e+00
2.524169087409973145e-01
2.683320827782154083e-02
7.746708989143371582e-01
1.492442041635513306e-01
2.594949491322040558e-02
0.000000000000000000e+00
7.749287486076354980e-01
4.489872977137565613e-02
1.294112652540206909e-01
6.409553885459899902e-01
2.273827314376831055e+00
1.946220397949218750e-01
0.000000000000000000e+00
3.910418599843978882e-02
2.741663753986358643e-01
1.464713513851165771e-01
5.511737242341041565e-02
2.042343653738498688e-02
1.072555854916572571e-01
2.582473993301391602e+00
4.346216097474098206e-02
2.467456012964248657e-01
0.000000000000000000e+00
1.262749894522130489e-03
1.638288376852869987e-03
0.000000000000000000e+00
0.000000000000000000e+00
1.183454990386962891e+00
0.000000000000000000e+00
1.370171666145324707e+00
1.861583143472671509e-01
5.070483684539794922e-01
5.656512454152107239e-03
0.000000000000000000e+00
2.546583861112594604e-02
1.907427981495857239e-02
0.000000000000000000e+00
1.823906600475311279e-02
2.605135440826416016e-01
0.000000000000000000e+00
5.953459739685058594e-01
0.000000000000000000e+00
5.936313048005104065e-02
0.000000000000000000e+00
0.000000000000000000e+00
7.110313177108764648e-01
0.000000000000000000e+00
3.783077746629714966e-02
4.820630073547363281e+00
0.000000000000000000e+00
8.939605951309204102e-01
1.947454214096069336e-01
1.196074262261390686e-01
8.834764957427978516e-01
5.267600715160369873e-02
1.402655895799398422e-02
1.197347883135080338e-03
0.000000000000000000e+00
6.619246006011962891e+00
0.000000000000000000e+00
6.177045404911041260e-02
4.775535687804222107e-02
0.000000000000000000e+00
3.229291141033172607e-01
7.710836362093687057e-03
0.000000000000000000e+00
7.279093265533447266e-01
0.000000000000000000e+00
2.234328985214233398e+00
3.179779052734375000e-01
9.231495112180709839e-02
1.258889436721801758e+00
0.000000000000000000e+00
0.000000000000000000e+00
1.326125413179397583e-01
5.570478364825248718e-02
0.000000000000000000e+00
0.000000000000000000e+00
1.457558870315551758e-01
0.000000000000000000e+00
4.828077554702758789e-01
8.018258213996887207e-02
5.723335314542055130e-03
1.593067944049835205e-01
9.096447825431823730e-01
1.210676133632659912e-01
1.995313763618469238e-01
2.788300439715385437e-02
0.000000000000000000e+00
1.550879925489425659e-01
3.682415187358856201e-02
0.000000000000000000e+00
3.907768428325653076e-02
5.473682656884193420e-02
0.000000000000000000e+00
5.021429155021905899e-03
1.685707718133926392e-01
0.000000000000000000e+00
1.970398128032684326e-01
0.000000000000000000e+00
1.175020456314086914e+00
0.000000000000000000e+00
1.323712058365345001e-03
0.000000000000000000e+00
2.361260913312435150e-02
6.707316497340798378e-04
8.258392661809921265e-02
9.900900721549987793e-02
0.000000000000000000e+00
5.404217541217803955e-02
0.000000000000000000e+00
4.785280823707580566e-01
0.000000000000000000e+00
1.147655582427978516e+01
2.141757965087890625e+00
3.968207165598869324e-02
4.937318265438079834e-01
2.726109623908996582e-01
0.000000000000000000e+00
0.000000000000000000e+00
3.850362300872802734e-01
3.012146241962909698e-02
3.348703682422637939e-01
3.225139379501342773e-01
5.223293900489807129e-01
3.260579407215118408e-01
2.503585517406463623e-01
8.447187542915344238e-01
3.161150962114334106e-02
2.417990239337086678e-03
3.776016533374786377e-01
7.813374698162078857e-02
1.874690316617488861e-02
4.840125516057014465e-02
0.000000000000000000e+00
1.537774056196212769e-01
2.401185035705566406e-02
2.737362496554851532e-02
1.047916293144226074e+00
0.000000000000000000e+00
6.823079586029052734e-01
9.317777305841445923e-02
4.913932178169488907e-03
2.188810706138610840e-02
5.042595788836479187e-02
2.774346590042114258e+00
0.000000000000000000e+00
2.100178226828575134e-02
2.873797416687011719e-01
2.571740187704563141e-02
5.660675168037414551e-01
1.103589534759521484e+00
2.985046505928039551e-01
3.632488101720809937e-02
9.080587327480316162e-02
0.000000000000000000e+00
1.923251301050186157e-01
1.388173699378967285e-01
0.000000000000000000e+00
2.902754843235015869e-01
0.000000000000000000e+00
0.000000000000000000e+00
0.000000000000000000e+00
8.902812376618385315e-03
6.689254045486450195e-01
0.000000000000000000e+00
2.534740865230560303e-01
0.000000000000000000e+00
7.658566236495971680e-01
1.541500538587570190e-01
0.000000000000000000e+00
2.521886676549911499e-02
2.132071414962410927e-03
1.178197741508483887e+00
2.574875950813293457e-01
4.061824083328247070e-02
1.127258837223052979e-01
9.460602700710296631e-02
0.000000000000000000e+00
7.116404771804809570e-01
0.000000000000000000e+00
9.079234674572944641e-03
1.352051496505737305e-01
1.637138873338699341e-01
9.118489106185734272e-04
0.000000000000000000e+00
3.849831819534301758e-01
8.599462453275918961e-04
1.320825099945068359e+00
1.234809458255767822e-01
0.000000000000000000e+00
0.000000000000000000e+00
6.595440953969955444e-02
2.932927608489990234e-01
6.600240617990493774e-02
2.654480636119842529e-01
4.601135253906250000e-01
0.000000000000000000e+00
0.000000000000000000e+00
4.794946312904357910e-01
0.000000000000000000e+00
7.156547158956527710e-02
0.000000000000000000e+00
4.573804438114166260e-01
3.198271244764328003e-02
0.000000000000000000e+00
1.184359550476074219e+00
1.993834227323532104e-02
3.053260408341884613e-02
0.000000000000000000e+00
1.725069135427474976e-01
9.042430669069290161e-02
4.009208381175994873e-01
1.226924300193786621e+00
2.395570725202560425e-01
0.000000000000000000e+00
2.590332925319671631e-01
0.000000000000000000e+00
8.700047731399536133e-01
0.000000000000000000e+00
1.883522719144821167e-01
5.342919379472732544e-02
6.516302227973937988e-01
1.040487289428710938e-01
6.370564550161361694e-02
5.132913216948509216e-02
9.105618000030517578e-01
3.297158777713775635e-01
4.993088841438293457e-01
0.000000000000000000e+00
2.261232351884245872e-03
2.562452852725982666e-01
0.000000000000000000e+00
2.224046550691127777e-02
7.759396731853485107e-02
8.052689582109451294e-02
3.462963998317718506e-01
3.728990256786346436e-01
0.000000000000000000e+00
1.120553612709045410e+00
2.993999421596527100e-02
7.839749753475189209e-02
3.621615469455718994e-01
3.289793729782104492e-01
7.381649315357208252e-02
1.580331027507781982e-01
7.166285812854766846e-02
2.666371822357177734e+00
0.000000000000000000e+00
8.252535015344619751e-02
2.441640138626098633e+00
0.000000000000000000e+00
0.000000000000000000e+00
3.341054022312164307e-01
0.000000000000000000e+00
3.005983829498291016e-01
0.000000000000000000e+00
5.951853394508361816e-01
8.357304334640502930e-02
5.675587058067321777e-02
8.526812195777893066e-01
1.076302006840705872e-01
1.541135739535093307e-02
7.815202698111534119e-03
5.790130421519279480e-02
3.429114222526550293e-01
9.804890723899006844e-04
7.001911997795104980e-01
0.000000000000000000e+00
1.741796284914016724e-01
2.233549118041992188e+00
0.000000000000000000e+00
6.311779469251632690e-02
0.000000000000000000e+00
3.865479826927185059e-01
5.262610968202352524e-03
4.591281712055206299e-01
7.443263381719589233e-02
9.317287802696228027e-01
2.964538056403398514e-03
1.148153245449066162e-01
5.255142226815223694e-03
1.613446176052093506e-01
0.000000000000000000e+00
0.000000000000000000e+00
8.750239610671997070e-01
1.245486855506896973e+00
1.804948151111602783e-01
2.952265739440917969e-01
2.938497811555862427e-02
1.327254176139831543e-01
6.286022718995809555e-03
3.550771996378898621e-02
7.287528831511735916e-03
3.385621588677167892e-03
1.880697011947631836e-01
1.216366812586784363e-01
5.231992155313491821e-02
1.800133287906646729e-02
3.685760498046875000e-01
4.471205174922943115e-02
6.934247612953186035e-01
0.000000000000000000e+00
0.000000000000000000e+00
2.646411955356597900e-01
5.592747777700424194e-02
1.530720270238816738e-03
0.000000000000000000e+00
1.086915135383605957e+00
6.491588950157165527e-01
0.000000000000000000e+00
3.928141295909881592e-01
2.688126266002655029e-01
1.410591602325439453e-01
1.763239875435829163e-02
3.458108380436897278e-02
1.632376661291345954e-04
3.126097023487091064e-01
3.150952234864234924e-02
3.621177673339843750e-01
1.992174088954925537e-01
3.866112232208251953e-02
0.000000000000000000e+00
0.000000000000000000e+00
2.922474173828959465e-03
9.132118523120880127e-02
2.979321479797363281e-01
1.190590560436248779e-01
8.148283697664737701e-03
6.149685010313987732e-02
4.036006033420562744e-01
2.156395763158798218e-01
0.000000000000000000e+00
0.000000000000000000e+00
4.638621583580970764e-02
4.102861508727073669e-02
2.169120907783508301e-01
1.262218832969665527e+00
1.008271798491477966e-02
4.841512441635131836e-02
1.487554311752319336e-01
9.470303356647491455e-02
1.409519433975219727e+00
1.248771399259567261e-01
0.000000000000000000e+00
3.943303972482681274e-02
9.870365858078002930e-01
6.364849954843521118e-02
0.000000000000000000e+00
0.000000000000000000e+00
0.000000000000000000e+00
4.798870980739593506e-01
0.000000000000000000e+00
4.542591050267219543e-02
1.222521662712097168e+00
1.084523916244506836e+00
3.057969501242041588e-03
8.559994697570800781e-01
0.000000000000000000e+00
3.876533731818199158e-02
7.647092938423156738e-01
1.294106394052505493e-01
7.072584033012390137e-01
0.000000000000000000e+00
2.984215915203094482e-01
4.029025137424468994e-01
5.740124359726905823e-02
1.058372668921947479e-02
5.168877076357603073e-03
9.074495434761047363e-01
9.910968691110610962e-02
1.559848636388778687e-01
4.942495524883270264e-01
2.763178572058677673e-02
0.000000000000000000e+00
1.034864902496337891e+00
6.032843589782714844e-01
0.000000000000000000e+00
2.856549322605133057e-01
0.000000000000000000e+00
0.000000000000000000e+00
2.039265483617782593e-01
5.761334896087646484e-01
0.000000000000000000e+00
0.000000000000000000e+00
1.274853646755218506e-01
4.327462613582611084e-02
5.398462340235710144e-02
1.307383775711059570e-01
3.441278636455535889e-01
1.011347472667694092e-01
0.000000000000000000e+00
2.051110744476318359e+00
8.377105928957462311e-03
3.444648981094360352e-01
2.117041870951652527e-02
9.280748665332794189e-02
0.000000000000000000e+00
0.000000000000000000e+00
0.000000000000000000e+00
0.000000000000000000e+00
0.000000000000000000e+00
3.861660836264491081e-03
2.321496233344078064e-02
3.033982776105403900e-02
4.888438880443572998e-01
5.550187081098556519e-02
0.000000000000000000e+00
1.014718934893608093e-01
5.920166969299316406e-01
0.000000000000000000e+00
1.278551667928695679e-01
0.000000000000000000e+00
1.254036784172058105e+00
1.625308543443679810e-01
1.970148682594299316e-01
8.849557489156723022e-03
3.839458227157592773e-01
6.578913331031799316e-02
5.828470736742019653e-02
2.649497509002685547e+00
1.936182528734207153e-01
8.046520233154296875e+00
0.000000000000000000e+00
7.913011908531188965e-01
1.684962362051010132e-01
1.218563094735145569e-01
1.541084051132202148e-01
4.565347135066986084e-01
1.963832974433898926e-01
1.960700750350952148e-01
6.643779277801513672e-01
2.865507304668426514e-01
3.732674121856689453e-01
1.702187180519104004e+00
1.143905282020568848e+00
4.422943294048309326e-01
4.995160102844238281e-01
0.000000000000000000e+00
7.071427106857299805e-01
0.000000000000000000e+00
2.421933971345424652e-02
0.000000000000000000e+00
1.879225834272801876e-03
0.000000000000000000e+00
5.920119583606719971e-03
8.012971282005310059e-02
0.000000000000000000e+00
0.000000000000000000e+00
3.912459313869476318e-01
2.376731783151626587e-01
1.284208334982395172e-02
2.621412575244903564e-01
4.860479533672332764e-01
1.666837781667709351e-01
1.607195496559143066e+00
2.968067974506993778e-06
2.108453661203384399e-01
4.490265622735023499e-03
3.115018010139465332e-01
1.660629734396934509e-02
1.718109697103500366e-01
1.813850998878479004e-01
3.606573492288589478e-02
1.914088010787963867e+00
8.699948340654373169e-02
2.162024937570095062e-02
1.091305073350667953e-02
8.109889924526214600e-02
8.099625110626220703e-01
3.826296091079711914e+00
6.750544905662536621e-02
0.000000000000000000e+00
8.479391783475875854e-02
4.818046391010284424e-01
3.888123035430908203e-01
1.594466865062713623e-01
0.000000000000000000e+00
2.373057454824447632e-01
0.000000000000000000e+00
2.988703250885009766e-01
1.649700254201889038e-01
1.507771909236907959e-01
5.183405876159667969e-01
5.213391967117786407e-03
3.530674427747726440e-02
3.561469912528991699e-01
4.392036050558090210e-02
0.000000000000000000e+00
1.021066904067993164e+00
2.881679296493530273e+00
2.011388301849365234e+00
1.201708707958459854e-02
2.254496574401855469e+00
0.000000000000000000e+00
1.392379850149154663e-01
4.445945918560028076e-01
0.000000000000000000e+00
7.714515179395675659e-02
1.338740624487400055e-02
1.777873933315277100e-01
1.351007353514432907e-02
1.128068447113037109e+00
4.976261779665946960e-02
2.238826006650924683e-01
0.000000000000000000e+00
1.973423510789871216e-01
7.317364811897277832e-01
4.391218349337577820e-02
1.596972197294235229e-01
0.000000000000000000e+00
1.373984813690185547e-01
1.762368977069854736e-01
4.049904942512512207e-01
7.543508708477020264e-02
1.081252768635749817e-01
1.089578643441200256e-01
5.429882407188415527e-01
2.538816817104816437e-02
7.458003237843513489e-03
1.709260512143373489e-03
3.299007657915353775e-04
3.729800462722778320e+00
4.053717106580734253e-02
0.000000000000000000e+00
3.483459725975990295e-02
0.000000000000000000e+00
1.761436648666858673e-02
0.000000000000000000e+00
1.269733607769012451e-01
0.000000000000000000e+00
9.117352366447448730e-01
9.986724853515625000e-01
0.000000000000000000e+00
3.547266423702239990e-01
7.198972254991531372e-02
0.000000000000000000e+00
1.080345585942268372e-01
5.495405569672584534e-02
0.000000000000000000e+00
5.803581699728965759e-02
9.833552837371826172e-01
1.774056628346443176e-02
1.654619336128234863e+00
2.058275789022445679e-02
2.031654834747314453e+00
