5.012305378913879395e-01
7.716853022575378418e-01
1.996152848005294800e-01
1.583880633115768433e-01
0.000000000000000000e+00
0.000000000000000000e+00
4.825511872768402100e-01
1.572175920009613037e-01
3.526204824447631836e-02
2.911125421524047852e-01
3.256309926509857178e-01
3.652521967887878418e-01
7.800586521625518799e-03
8.876103758811950684e-01
3.335647284984588623e-01
5.680550336837768555e-01
1.924984753131866455e-01
0.000000000000000000e+00
4.965315759181976318e-01
1.201506517827510834e-02
7.261084914207458496e-01
4.678966701030731201e-01
1.966244168579578400e-02
2.653523385524749756e-01
0.000000000000000000e+00
7.029217481613159180e-01
6.455843448638916016e-01
7.622139994055032730e-03
4.201272130012512207e-02
2.868090232368558645e-04
8.317107558250427246e-01
1.895749270915985107e-01
6.806609630584716797e-01
2.972940802574157715e-01
0.000000000000000000e+00
5.494058504700660706e-02
0.000000000000000000e+00
3.108986318111419678e-01
5.761662125587463379e-02
1.688479036092758179e-01
1.308545351028442383e+00
0.000000000000000000e+00
1.310654543340206146e-02
5.617626905441284180e-01
3.323909938335418701e-01
0.000000000000000000e+00
6.811915431171655655e-03
5.917776003479957581e-02
1.203397214412689209e-01
1.379707362502813339e-02
1.245869845151901245e-01
1.427261829376220703e+00
3.091545403003692627e-01
1.048671245574951172e+00
1.704121977090835571e-01
0.000000000000000000e+00
6.786110401153564453e-01
0.000000000000000000e+00
1.867288351058959961e-01
2.605283260345458984e-01
2.041124105453491211e+00
4.622026979923248291e-01
4.286507666110992432e-01
2.223362959921360016e-02
3.820100128650665283e-01
1.926743797957897186e-02
1.282993108034133911e-01
4.581073760986328125e+00
3.358670771121978760e-01
5.448794364929199219e-01
7.131573557853698730e-01
3.298193514347076416e-01
0.000000000000000000e+00
3.088893592357635498e-01
4.503684584051370621e-03
1.558101415634155273e+00
2.103285342454910278e-01
3.077146112918853760e-01
4.487829506397247314e-01
0.000000000000000000e+00
1.292067289352416992e+00
1.086622714996337891e+00
5.266647785902023315e-02
9.665285795927047729e-02
1.403140276670455933e-01
2.332895278930664062e+00
2.429044544696807861e-01
8.456818014383316040e-02
1.909510344266891479e-01
2.388725280761718750e-01
6.232799962162971497e-02
8.367337584495544434e-01
9.344484657049179077e-02
9.317401796579360962e-02
1.668203920125961304e-01
1.258530020713806152e-01
1.079738259315490723e+00
1.440012454986572266e-01
3.299633502960205078e+00
1.715616464614868164e+00
1.460279375314712524e-01
7.657805681228637695e-01
5.886546894907951355e-02
8.411228656768798828e-01
8.670770563185214996e-03
0.000000000000000000e+00
3.586039543151855469e-01
0.000000000000000000e+00
0.000000000000000000e+00
3.309644222259521484e+00
3.149694576859474182e-02
2.541291713714599609e-02
4.672563374042510986e-01
6.908969581127166748e-02
4.662486910820007324e-01
0.000000000000000000e+00
5.950597524642944336e-01
4.269654452800750732e-01
8.007200062274932861e-02
3.904848694801330566e-01
2.224813252687454224e-01
0.000000000000000000e+00
3.783837705850601196e-02
4.137524068355560303e-01
6.155683040618896484e+00
1.150339692831039429e-01
4.410368576645851135e-02
4.772169291973114014e-01
3.767406642436981201e-01
2.571607232093811035e-01
8.360911160707473755e-02
1.061693429946899414e+00
2.272006496787071228e-02
0.000000000000000000e+00
0.000000000000000000e+00
9.280959144234657288e-03
1.468963265419006348e+00
9.555037319660186768e-02
2.175148725509643555e+00
6.833058595657348633e-01
1.779554337263107300e-01
5.733110308647155762e-01
1.862492263317108154e-01
1.499463081359863281e+00
5.195005610585212708e-02
1.765362452715635300e-03
0.000000000000000000e+00
3.420505225658416748e-01
6.130695715546607971e-02
0.000000000000000000e+00
2.311810970306396484e+00
3.079241607338190079e-03
4.556359257549047470e-03
1.603502929210662842e-01
5.176655948162078857e-03
1.666300557553768158e-02
6.994401812553405762e-01
0.000000000000000000e+00
5.684535205364227295e-02
7.442811876535415649e-02
1.578238606452941895e-01
2.331595569849014282e-01
3.317897915840148926e-01
5.209457129240036011e-02
1.622645556926727295e-01
3.962425947189331055e+00
2.854019105434417725e-01
4.707041382789611816e-02
4.070337116718292236e-01
6.767827868461608887e-01
3.098120912909507751e-02
6.764448285102844238e-01
9.374199807643890381e-02
2.705791592597961426e-02
1.169446762651205063e-02
2.252273634076118469e-02
4.552341625094413757e-02
3.720402717590332031e-01
0.000000000000000000e+00
7.851058244705200195e-01
1.215196251869201660e+00
1.678554415702819824e+00
2.858937950804829597e-03
0.000000000000000000e+00
1.824499070644378662e-01
8.780577778816223145e-02
0.000000000000000000e+00
3.385750651359558105e-01
0.000000000000000000e+00
5.179573297500610352e-01
5.872149392962455750e-02
4.885003268718719482e-01
5.074623823165893555e-01
9.881017357110977173e-02
8.620094507932662964e-02
5.291655659675598145e-02
4.854538440704345703e-01
7.237518429756164551e-01
1.301368772983551025e-01
4.138725399971008301e-01
3.407673835754394531e-01
1.654892548685893416e-04
1.554471850395202637e-01
0.000000000000000000e+00
1.512017752975225449e-02
1.952988803386688232e-01
6.071911007165908813e-02
1.948524951934814453e+00
1.313809454441070557e-01
2.085712254047393799e-01
6.145617738366127014e-02
6.056362297385931015e-03
1.713622808456420898e-01
3.305545747280120850e-01
0.000000000000000000e+00
5.940536409616470337e-02
5.463591217994689941e-02
4.742604866623878479e-02
2.793284505605697632e-02
0.000000000000000000e+00
4.092128276824951172e-01
2.432148605585098267e-01
6.404429674148559570e-01
0.000000000000000000e+00
8.249010145664215088e-02
7.885477691888809204e-02
6.340959668159484863e-01
3.533926308155059814e-01
6.677473187446594238e-01
1.611381471157073975e-01
9.823639690876007080e-02
4.420979619026184082e-01
1.714394390583038330e-01
2.130842953920364380e-01
6.267815828323364258e-02
1.279898434877395630e-01
0.000000000000000000e+00
0.000000000000000000e+00
0.000000000000000000e+00
3.679840564727783203e-01
6.349249929189682007e-02
2.640069127082824707e-01
2.705095112323760986e-01
4.164057672023773193e-01
6.039251759648323059e-02
2.705168128013610840e-01
7.515924423933029175e-02
9.847493171691894531e-01
0.000000000000000000e+00
1.743399538099765778e-02
9.001142382621765137e-01
4.365821927785873413e-02
4.899682402610778809e-01
2.891870588064193726e-02
2.541216835379600525e-02
0.000000000000000000e+00
1.038511618971824646e-01
2.464028261601924896e-02
0.000000000000000000e+00
1.196867004036903381e-01
2.497623264789581299e-01
1.648505479097366333e-01
5.525110244750976562e+00
1.790936104953289032e-02
2.563187777996063232e-01
0.000000000000000000e+00
6.543741375207901001e-02
4.181038141250610352e-01
3.922346606850624084e-02
7.836570963263511658e-03
5.088411853648722172e-04
5.784881301224231720e-03
5.000535771250724792e-02
1.154794730246067047e-02
2.416597604751586914e-01
2.681676447391510010e-01
0.000000000000000000e+00
1.515970081090927124e-01
3.668194770812988281e+00
1.044245004653930664e+00
8.714759349822998047e-02
9.572559036314487457e-03
4.802056588232517242e-03
2.117244750261306763e-01
1.570761762559413910e-02
8.092657327651977539e-01
1.566595733165740967e-01
6.220660731196403503e-02
3.395808935165405273e-01
3.967611491680145264e-01
5.129747986793518066e-01
0.000000000000000000e+00
0.000000000000000000e+00
0.000000000000000000e+00
2.046513259410858154e-01
5.101783275604248047e-01
2.611482143402099609e-01
0.000000000000000000e+00
8.391072601079940796e-02
3.942769765853881836e-02
1.492995172739028931e-01
7.469786703586578369e-02
3.574023842811584473e-01
0.000000000000000000e+00
2.705689668655395508e-01
3.350389190018177032e-03
3.801770508289337158e-01
2.688646316528320312e-03
8.135848678648471832e-03
0.000000000000000000e+00
0.000000000000000000e+00
3.518143594264984131e-01
6.290893070399761200e-04
8.090890198945999146e-02
0.000000000000000000e+00
2.441698610782623291e-01
1.177704691886901855e+00
1.316842883825302124e-01
7.363341003656387329e-02
1.781378388404846191e-01
5.940661579370498657e-02
7.216595858335494995e-02
0.000000000000000000e+00
2.053265124559402466e-01
1.308732181787490845e-01
3.891006410121917725e-01
1.239689439535140991e-02
1.897191524505615234e+00
1.754514873027801514e-01
4.687682092189788818e-01
1.983314054086804390e-03
2.683414220809936523e-01
9.212577342987060547e-01
1.956549286842346191e-01
5.758401751518249512e-01
8.663395792245864868e-02
3.115311563014984131e-01
1.189435459673404694e-02
7.858067750930786133e-01
0.000000000000000000e+00
1.504729967564344406e-02
3.262797296047210693e-01
2.319249957799911499e-01
0.000000000000000000e+00
6.934881210327148438e-02
0.000000000000000000e+00
0.000000000000000000e+00
2.285205274820327759e-01
2.898468635976314545e-03
5.497824400663375854e-02
1.799764513969421387e+00
7.305619772523641586e-03
7.392554730176925659e-02
1.219671568833291531e-03
2.375111132860183716e-01
1.844527572393417358e-01
7.522998750209808350e-02
1.234238892793655396e-01
5.096714496612548828e-01
5.964749678969383240e-02
2.973734378814697266e+00
6.730787158012390137e-01
2.998927235603332520e-01
6.311985780484974384e-04
4.354707300662994385e-01
3.338566422462463379e-02
9.028595685958862305e-01
3.323355615139007568e-01
4.318921864032745361e-01
0.000000000000000000e+00
5.974082648754119873e-02
1.156391873955726624e-01
1.131597876548767090e+00
3.115597665309906006e-01
0.000000000000000000e+00
7.646287232637405396e-02
1.295070946216583252e-01
0.000000000000000000e+00
4.712412357330322266e-01
7.677416801452636719e-01
0.000000000000000000e+00
4.597590446472167969e+00
3.201379999518394470e-02
0.000000000000000000e+00
2.809407934546470642e-02
2.180533558130264282e-01
4.675537347793579102e-01
0.000000000000000000e+00
2.888717874884605408e-02
1.818144470453262329e-01
1.107219792902469635e-02
2.161577045917510986e-01
0.000000000000000000e+00
0.000000000000000000e+00
6.444764137268066406e-01
5.781103968620300293e-01
0.000000000000000000e+00
1.859864592552185059e-01
0.000000000000000000e+00
0.000000000000000000e+00
3.993217051029205322e-01
3.258075192570686340e-02
2.273092865943908691e-01
1.881622821092605591e-01
7.769110053777694702e-02
1.725403964519500732e-02
5.658230781555175781e-01
1.803097724914550781e+00
1.067803025245666504e+00
3.298248648643493652e-01
0.000000000000000000e+00
4.287419319152832031e-01
7.616005539894104004e-01
0.000000000000000000e+00
1.636581897735595703e+00
0.000000000000000000e+00
0.000000000000000000e+00
2.048041075468063354e-01
4.422368407249450684e-01
3.651611739769577980e-03
7.572171092033386230e-01
1.353509545326232910e+00
3.616428077220916748e-01
1.640808463096618652e+00
1.647401005029678345e-01
4.421876277774572372e-03
2.669019937515258789e+00
2.298561930656433105e-01
9.253921359777450562e-02
2.626154720783233643e-01
2.479996532201766968e-01
3.080921471118927002e-01
5.182844638824462891e+00
7.903637290000915527e-01
4.421005770564079285e-02
1.650531053543090820e+00
2.470675855875015259e-01
6.948852539062500000e-02
2.979044318199157715e-01
0.000000000000000000e+00
2.336394973099231720e-03
1.516423653811216354e-03
9.882716089487075806e-02
2.562431991100311279e-01
4.775972962379455566e-01
0.000000000000000000e+00
1.091490864753723145e+00
6.950753927230834961e-01
3.155452311038970947e-01
2.289214357733726501e-02
1.959136724472045898e-01
3.088168986141681671e-02
2.708314061164855957e-01
4.776222705841064453e-01
1.295881578698754311e-03
1.361274600028991699e+00
0.000000000000000000e+00
4.294414073228836060e-02
2.438962459564208984e-01
4.013406112790107727e-02
2.398418188095092773e-01
3.393687307834625244e-01
0.000000000000000000e+00
9.702202677726745605e-02
2.591069601476192474e-02
1.177459433674812317e-01
8.740264773368835449e-01
1.932399272918701172e-01
2.869515493512153625e-02
1.730915345251560211e-02
1.199793163686990738e-02
3.732394695281982422e+00
2.834048494696617126e-02
6.439827680587768555e-01
1.954075098037719727e-01
8.141635060310363770e-01
3.933563232421875000e-01
1.619295120239257812e+00
3.376583158969879150e-01
3.575116395950317383e-01
0.000000000000000000e+00
0.000000000000000000e+00
1.646368801593780518e-01
5.535703301429748535e-01
1.199544295668601990e-01
0.000000000000000000e+00
3.664515614509582520e-01
2.235633879899978638e-01
8.192641735076904297e-01
4.265272319316864014e-01
1.579784899950027466e-01
1.464906692504882812e+00
9.740453958511352539e-02
2.323203235864639282e-01
5.862184762954711914e-01
5.282812193036079407e-02
1.053955927491188049e-01
1.331257104873657227e+00
1.429206728935241699e-01
1.150182075798511505e-02
9.908813238143920898e-02
6.115230917930603027e-01
6.018099308013916016e+00
5.481992382556200027e-03
7.167473435401916504e-01
7.462487220764160156e-01
8.679416961967945099e-03
1.216306984424591064e-01
1.554639264941215515e-02
3.901849985122680664e-01
7.343626022338867188e-01
2.770596444606781006e-01
1.517340540885925293e-01
4.145061671733856201e-01
6.514033079147338867e-01
7.378421723842620850e-02
4.797004759311676025e-01
2.400921821594238281e+00
1.275406628847122192e-01
9.905908256769180298e-02
4.294366538524627686e-01
1.856149882078170776e-01
1.788567900657653809e-01
0.000000000000000000e+00
7.191867101937532425e-03
3.663398504257202148e+00
0.000000000000000000e+00
3.515786528587341309e-01
5.494067072868347168e-02
9.387910366058349609e-02
1.813979297876358032e-01
1.280713200569152832e+00
4.866380095481872559e-01
7.955487370491027832e-01
5.810257792472839355e-01
1.030081868171691895e+00
4.450741410255432129e-02
2.615570463240146637e-02
6.166757345199584961e-01
6.466668844223022461e-01
5.410781502723693848e-01
1.199976950883865356e-01
9.692600250244140625e+00
1.387557536363601685e-01
3.274900605902075768e-03
1.186322093009948730e+00
8.532255291938781738e-01
2.141046375036239624e-01
1.627670079469680786e-01
1.839712023735046387e+00
9.351371973752975464e-02
1.961524784564971924e-02
9.018388390541076660e-02
2.479830980300903320e-01
3.037081360816955566e-01
7.722824811935424805e-01
7.309625297784805298e-02
0.000000000000000000e+00
5.512102246284484863e-01
3.674888610839843750e-01
1.685098767280578613e+00
2.817537784576416016e-01
1.901715993881225586e-01
7.860494256019592285e-01
2.227181196212768555e-01
1.358731836080551147e-01
1.128478884696960449e+00
6.155941169708967209e-03
6.840411573648452759e-02
2.448779940605163574e-01
2.662916183471679688e-01
9.206700921058654785e-01
0.000000000000000000e+00
0.000000000000000000e+00
4.228587746620178223e-01
6.208531260490417480e-01
1.262172758579254150e-01
2.937361225485801697e-02
9.818837046623229980e-01
2.139692306518554688e-01
1.076727453619241714e-02
3.297814726829528809e-01
3.504492044448852539e-01
1.896151304244995117e-01
2.334766648709774017e-02
0.000000000000000000e+00
1.901274733245372772e-02
0.000000000000000000e+00
1.491433858871459961e+00
2.335016727447509766e-01
0.000000000000000000e+00
4.678662866353988647e-02
2.841494511812925339e-03
1.887068003416061401e-01
6.300439685583114624e-02
0.000000000000000000e+00
0.000000000000000000e+00
2.076071500778198242e-01
7.108479738235473633e-02
2.934086136519908905e-03
3.392297327518463135e-01
1.781624257564544678e-01
4.871210455894470215e-02
3.719413578510284424e-01
3.599349558353424072e-01
1.242827437818050385e-02
8.075246959924697876e-02
0.000000000000000000e+00
2.531525373458862305e+00
1.596316508948802948e-02
1.159583032131195068e-01
7.781315594911575317e-03
2.959139347076416016e-01
7.732692756690084934e-04
2.511341273784637451e-01
3.911276459693908691e-01
1.566642224788665771e-01
8.052003383636474609e-02
2.741548120975494385e-01
5.810446143150329590e-01
2.954043820500373840e-02
5.939574241638183594e-01
1.340921521186828613e+00
3.793215751647949219e-01
1.360104918479919434e+00
8.615529537200927734e-01
3.999189138412475586e-01
2.475130110979080200e-01
9.487775154411792755e-03
1.431669760495424271e-02
3.368327021598815918e-01
5.362672805786132812e-01
7.500974535942077637e-01
1.668887287378311157e-01
3.772765100002288818e-01
1.433034539222717285e-01
8.321355562657117844e-04
9.221982359886169434e-01
2.339037507772445679e-02
1.173466350883245468e-02
9.547910094261169434e-02
0.000000000000000000e+00
3.770472109317779541e-02
2.249064892530441284e-01
0.000000000000000000e+00
9.861935377120971680e-01
1.603427231311798096e-01
0.000000000000000000e+00
0.000000000000000000e+00
4.249247908592224121e-02
6.076416969299316406e-01
1.671578139066696167e-01
4.786123037338256836e-01
8.894396424293518066e-01
1.584763973951339722e-01
6.889778971672058105e-01
2.997540868818759918e-02
0.000000000000000000e+00
2.839998006820678711e-01
1.902298778295516968e-01
2.078716278076171875e+00
2.776219137012958527e-02
8.508989959955215454e-02
0.000000000000000000e+00
4.461245983839035034e-02
0.000000000000000000e+00
2.778700888156890869e-01
2.949041314423084259e-02
1.229552477598190308e-01
2.992531061172485352e-01
0.000000000000000000e+00
7.125030457973480225e-02
2.742235064506530762e-01
6.504544615745544434e-02
2.936030179262161255e-02
6.448737382888793945e-01
1.275495052337646484e+00
0.000000000000000000e+00
6.443574905395507812e+00
1.990778207778930664e+00
0.000000000000000000e+00
5.056249909102916718e-03
7.049774751067161560e-03
3.780894279479980469e-01
6.887429952621459961e-02
7.996412925422191620e-03
1.523054689168930054e-01
1.138624772429466248e-01
2.974389120936393738e-02
3.584653884172439575e-02
2.201925069093704224e-01
4.887133240699768066e-01
1.262625455856323242e-01
7.440160959959030151e-03
2.665917277336120605e-01
9.664506465196609497e-02
4.124423563480377197e-01
9.895060658454895020e-01
7.072376459836959839e-02
8.510205149650573730e-02
1.486628532409667969e+00
1.180549338459968567e-01
6.944929808378219604e-02
5.999282933771610260e-03
2.054544538259506226e-02
7.025021910667419434e-01
1.187749385833740234e+00
0.000000000000000000e+00
1.776885539293289185e-01
1.205435171723365784e-01
1.608760952949523926e+00
2.454270124435424805e-01
4.606439545750617981e-02
3.758963197469711304e-03
3.303449228405952454e-02
1.530849188566207886e-01
4.734182357788085938e-02
0.000000000000000000e+00
2.834957651793956757e-02
1.165330335497856140e-01
4.019195735454559326e-01
1.418786346912384033e-01
1.955888001248240471e-03
2.095764726400375366e-01
0.000000000000000000e+00
2.081380411982536316e-02
1.350137144327163696e-01
5.310591459274291992e-01
0.000000000000000000e+00
5.320949130691587925e-04
3.745093345642089844e-01
8.115681409835815430e-01
5.228790044784545898e-01
3.875346183776855469e+00
0.000000000000000000e+00
2.394999936223030090e-02
3.113575577735900879e-01
1.947178691625595093e-01
1.082359999418258667e-02
6.733439117670059204e-02
1.837747335433959961e+00
1.177778720855712891e+00
8.353011310100555420e-02
3.644813299179077148e-01
9.229775071144104004e-01
6.414316128939390182e-03
1.325936198234558105e+00
2.828703820705413818e-02
9.763564467430114746e-01
3.403085470199584961e-01
5.212655067443847656e-01
7.972809076309204102e-01
3.817114531993865967e-01
8.311282098293304443e-02
1.455527395009994507e-01
2.032446675002574921e-02
1.499547529965639114e-02
0.000000000000000000e+00
2.659277617931365967e-01
7.002454996109008789e-01
6.410659849643707275e-02
3.114774465560913086e+00
2.593261897563934326e-01
4.962245933711528778e-03
1.643283724784851074e+00
1.452599644660949707e+00
0.000000000000000000e+00
5.536349490284919739e-02
2.497874349355697632e-01
7.125312685966491699e-01
1.148992106318473816e-01
3.331185579299926758e-01
4.745495319366455078e-01
9.409045577049255371e-01
1.696741580963134766e-02
1.310201548039913177e-02
8.776061534881591797e-01
1.163191199302673340e+00
3.555594710633158684e-03
7.735840678215026855e-01
1.579083353281021118e-01
3.199232369661331177e-02
4.061312079429626465e-01
0.000000000000000000e+00
1.398026347160339355e+00
0.000000000000000000e+00
2.528128921985626221e-01
1.290727127343416214e-02
1.850853919982910156e+00
1.688514463603496552e-02
2.048226594924926758e-01
8.870815858244895935e-03
2.679721355438232422e+00
1.565274745225906372e-01
1.979347318410873413e-01
3.178930997848510742e+00
3.036706149578094482e-01
2.636973559856414795e-01
8.293307386338710785e-03
0.000000000000000000e+00
1.214597821235656738e-01
1.167501211166381836e+00
2.931042611598968506e-01
5.094079971313476562e-01
1.360664516687393188e-01
7.362511157989501953e-01
1.776033341884613037e-01
1.659901499748229980e+00
4.087815880775451660e-01
2.501325309276580811e-02
2.380608469247817993e-01
1.487382054328918457e-01
1.960281133651733398e-01
1.867350041866302490e-01
2.836963860318064690e-03
0.000000000000000000e+00
1.676037907600402832e-01
4.649574756622314453e-01
8.569214493036270142e-02
4.800014197826385498e-02
0.000000000000000000e+00
2.731696069240570068e-01
1.632640659809112549e-01
7.821638137102127075e-02
4.996922492980957031e+00
4.633082076907157898e-02
1.879212260246276855e-02
1.007943600416183472e-02
2.067036479711532593e-01
1.495846956968307495e-01
1.646833419799804688e-01
5.821121484041213989e-02
0.000000000000000000e+00
1.832931935787200928e-01
1.260149180889129639e-01
1.793850064277648926e-01
3.224454075098037720e-02
1.566971093416213989e-02
2.127834968268871307e-02
5.248655080795288086e-01
7.918031513690948486e-02
4.332617759704589844e+00
0.000000000000000000e+00
2.262192219495773315e-01
1.388346314430236816e+00
1.974925398826599121e+00
1.871833652257919312e-01
0.000000000000000000e+00
8.059381246566772461e-01
0.000000000000000000e+00
1.714613735675811768e-01
8.159792423248291016e-02
3.701723814010620117e-01
3.490646928548812866e-02
1.118911802768707275e-01
1.420494765043258667e-01
2.716604992747306824e-02
2.375359386205673218e-01
9.069425463676452637e-01
8.714786916971206665e-02
2.442802768200635910e-03
4.246727228164672852e-01
7.647641748189926147e-02
1.319248080253601074e+00
1.177784562110900879e+00
2.413758449256420135e-02
0.000000000000000000e+00
1.655617356300354004e-02
1.148500964045524597e-01
5.645184516906738281e-01
2.079857438802719116e-01
4.164603948593139648e-01
0.000000000000000000e+00
7.567007839679718018e-02
0.000000000000000000e+00
2.645447291433811188e-02
3.358466178178787231e-02
7.582480460405349731e-02
2.056066542863845825e-01
3.779091835021972656e-01
0.000000000000000000e+00
5.680280327796936035e-01
1.118379309773445129e-01
2.668321430683135986e-01
1.850575804710388184e-01
1.753409802913665771e-01
1.171808540821075439e-01
1.642169505357742310e-01
2.219220995903015137e-02
1.302899047732353210e-02
1.301612615585327148e+00
6.278216838836669922e-02
0.000000000000000000e+00
9.386053085327148438e-01
3.787564933300018311e-01
3.044405877590179443e-01
3.593963980674743652e-01
5.650506019592285156e-01
3.101347923278808594e+00
3.575375080108642578e-01
0.000000000000000000e+00
1.388659715652465820e+00
0.000000000000000000e+00
1.779617369174957275e-02
2.201184183359146118e-01
2.100561372935771942e-02
9.016449749469757080e-02
3.592343330383300781e-01
9.577103774063289165e-04
1.959105394780635834e-02
1.225946657359600067e-02
9.701748937368392944e-02
4.973469674587249756e-01
1.132061854004859924e-01
5.506443381309509277e-01
5.081942677497863770e-01
1.917984038591384888e-01
6.026344001293182373e-02
2.009177953004837036e-02
2.457003295421600342e-02
0.000000000000000000e+00
5.793808773159980774e-02
6.459915637969970703e-02
8.874902725219726562e-01
2.629777193069458008e-01
5.140500068664550781e-01
1.932932615280151367e+00
1.440514326095581055e-01
3.177747130393981934e-01
4.335593879222869873e-01
2.732089757919311523e-01
2.839197516441345215e-01
3.380779623985290527e-01
4.636966623365879059e-03
4.086386561393737793e-01
9.243952631950378418e-01
1.354877464473247528e-02
0.000000000000000000e+00
1.214911460876464844e+00
1.430344134569168091e-01
3.931098431348800659e-02
5.760117173194885254e-01
2.976080775260925293e-01
1.456612497568130493e-01
5.513630509376525879e-01
2.047108858823776245e-02
1.015946626663208008e+00
1.731704687699675560e-03
4.149026572704315186e-01
1.373697876930236816e+00
5.978519916534423828e-01
1.202145358547568321e-03
7.597800344228744507e-02
0.000000000000000000e+00
3.371457755565643311e-01
1.984482288360595703e+00
1.032739162445068359e+00
1.638393034227192402e-03
7.156117558479309082e-01
3.711498677730560303e-01
4.790393263101577759e-02
2.508520483970642090e-01
9.313766658306121826e-02
1.525720506906509399e-01
5.773120000958442688e-02
3.988506495952606201e-01
2.112225443124771118e-01
0.000000000000000000e+00
6.462911516427993774e-02
6.234344094991683960e-02
2.386181056499481201e-01
5.058924555778503418e-01
5.361300706863403320e-02
5.638796687126159668e-01
5.112769547849893570e-03
5.769365429878234863e-01
1.184782028198242188e+00
4.120666384696960449e-01
2.350701577961444855e-02
1.026172041893005371e-01
1.704739183187484741e-01
2.642133235931396484e-01
1.298824101686477661e-01
2.308709546923637390e-02
4.973397850990295410e-01
4.237208068370819092e-01
8.029254078865051270e-01
8.862614631652832031e-01
6.713079661130905151e-02
0.000000000000000000e+00
2.374264955520629883e+00
9.851172566413879395e-01
7.817660570144653320e-01
9.530456662178039551e-01
3.327971398830413818e-01
7.260209321975708008e-02
9.094242006540298462e-02
9.921567440032958984e-01
6.956779956817626953e-02
2.256080061197280884e-01
3.907946050167083740e-01
0.000000000000000000e+00
5.086660385131835938e-03
7.689174264669418335e-02
3.296524047851562500e+00
2.636953294277191162e-01
3.303780853748321533e-01
2.763224579393863678e-02
1.505768448114395142e-01
2.026333361864089966e-01
6.904780864715576172e-02
0.000000000000000000e+00
1.283646076917648315e-01
4.711967706680297852e-01
4.314783096313476562e+00
3.704630732536315918e-01
2.143441466614603996e-03
4.601638019084930420e-02
0.000000000000000000e+00
1.402305811643600464e-02
0.000000000000000000e+00
5.814009159803390503e-02
9.033281803131103516e-01
7.472806572914123535e-01
2.874591574072837830e-02
0.000000000000000000e+00
3.131502568721771240e-01
0.000000000000000000e+00
6.712274253368377686e-02
0.000000000000000000e+00
3.588203191757202148e-01
2.506964206695556641e-01
7.746974229812622070e-01
1.638164557516574860e-02
0.000000000000000000e+00
1.669541932642459869e-02
2.054376006126403809e-01
0.000000000000000000e+00
7.225623726844787598e-02
0.000000000000000000e+00
1.861767470836639404e-01
2.366387099027633667e-02
2.919611930847167969e-01
8.124130964279174805e-01
8.591988682746887207e-02
9.256815314292907715e-01
9.099049121141433716e-02
4.626871943473815918e-01
5.506500974297523499e-02
0.000000000000000000e+00
4.421198964118957520e-01
1.519267678260803223e+00
5.575135946273803711e-01
2.601540088653564453e-01
1.892022937536239624e-01
4.082756340503692627e-01
1.293268203735351562e-01
1.008791208267211914e+00
6.340481638908386230e-01
1.379019618034362793e-01
0.000000000000000000e+00
4.290185451507568359e+00
1.026625651866197586e-02
1.558885257691144943e-02
1.131959035992622375e-01
9.047132730484008789e-01
4.872778952121734619e-01
5.342152118682861328e-01
3.949892520904541016e-01
3.870247006416320801e-01
2.936379909515380859e-01
1.262244731187820435e-01
1.189587712287902832e+00
1.397851407527923584e-01
2.041579037904739380e-01
0.000000000000000000e+00
8.501788228750228882e-02
6.949549168348312378e-02
4.735936969518661499e-02
6.187881827354431152e-01
5.094535350799560547e-01
0.000000000000000000e+00
3.072136640548706055e-01
1.557366102933883667e-01
3.293842449784278870e-02
6.819861382246017456e-02
1.957268826663494110e-02
4.254185557365417480e-01
4.291047807782888412e-04
4.756062030792236328e-01
7.156602293252944946e-02
3.374759107828140259e-02
6.854682564735412598e-01
1.048846170306205750e-01
2.190690338611602783e-01
4.432542994618415833e-02
2.658357620239257812e-01
3.778992965817451477e-02
3.635723590850830078e-01
0.000000000000000000e+00
1.467725448310375214e-02
0.000000000000000000e+00
1.772727966308593750e-01
1.383972167968750000e-01
1.405737251043319702e-01
1.029103994369506836e+00
1.775639951229095459e-01
4.234158694744110107e-01
2.062376439571380615e-01
0.000000000000000000e+00
3.779857605695724487e-02
6.680101156234741211e-01
6.873661279678344727e-02
5.645910650491714478e-02
4.001326262950897217e-01
1.867671459913253784e-01
1.567872166633605957e-01
3.741083741188049316e-01
6.571602225303649902e-01
2.148562967777252197e-01
2.088865190744400024e-01
0.000000000000000000e+00
1.817666925489902496e-02
4.572691917419433594e-01
1.529750041663646698e-02
8.679082393646240234e-01
6.537339091300964355e-01
1.987537443637847900e-01
1.927710138261318207e-02
3.614698071032762527e-03
2.531529068946838379e-01
2.664630115032196045e-01
0.000000000000000000e+00
0.000000000000000000e+00
3.809095919132232666e-02
8.470021188259124756e-02
9.440620541572570801e-01
0.000000000000000000e+00
0.000000000000000000e+00
7.669163495302200317e-02
1.104151457548141479e-01
2.791520953178405762e-02
1.423748373985290527e+00
9.158635511994361877e-03
4.181569814682006836e-01
0.000000000000000000e+00
1.324608325958251953e-01
1.349337957799434662e-02
7.641212940216064453e-01
9.700166992843151093e-03
5.642433762550354004e-01
3.011069446802139282e-02
2.482801117002964020e-02
8.801198005676269531e-01
0.000000000000000000e+00
0.000000000000000000e+00
7.195702195167541504e-02
1.960318088531494141e-01
4.237271845340728760e-02
3.860826417803764343e-02
0.000000000000000000e+00
1.402057111263275146e-01
8.440523743629455566e-01
0.000000000000000000e+00
1.706750392913818359e-01
0.000000000000000000e+00
7.897137403488159180e-01
2.038292139768600464e-01
1.882752627134323120e-01
0.000000000000000000e+00
6.191495433449745178e-02
0.000000000000000000e+00
3.228869438171386719e-01
7.061798870563507080e-02
7.919855415821075439e-02
1.951191574335098267e-01
3.063673377037048340e-01
4.284590184688568115e-01
8.078286424279212952e-03
1.780744642019271851e-01
0.000000000000000000e+00
3.224799633026123047e-01
0.000000000000000000e+00
1.271846145391464233e-01
5.553141832351684570e-01
0.000000000000000000e+00
1.971350312232971191e-01
1.198136210441589355e-01
6.998590193688869476e-03
1.870773434638977051e-01
3.980048745870590210e-02
0.000000000000000000e+00
3.660541772842407227e-02
2.778285928070545197e-02
7.168412208557128906e-01
3.743913769721984863e-02
2.720272541046142578e-01
3.386833667755126953e-01
9.384550154209136963e-02
1.249789297580718994e-01
9.190181642770767212e-02
0.000000000000000000e+00
5.507227033376693726e-02
2.488138824701309204e-01
1.996389403939247131e-02
0.000000000000000000e+00
1.139398477971553802e-02
6.991242989897727966e-03
2.787779867649078369e-01
5.106495618820190430e-01
2.108590006828308105e-01
9.908193349838256836e-02
3.252940475940704346e-01
7.517275214195251465e-02
4.601350054144859314e-02
4.293901622295379639e-01
2.493414580821990967e-01
2.758219838142395020e-01
3.073599338531494141e-01
6.824462115764617920e-02
2.538565732538700104e-02
1.898391544818878174e-01
6.350044250488281250e+00
1.445572823286056519e-01
0.000000000000000000e+00
9.865845441818237305e-01
2.162847518920898438e-01
1.787229627370834351e-01
2.013508528470993042e-01
1.863588988780975342e-01
0.000000000000000000e+00
2.423532009124755859e-01
1.948469728231430054e-01
5.928140599280595779e-03
1.662245154380798340e+00
6.380722522735595703e-01
2.427005767822265625e-01
5.115886032581329346e-02
1.395470350980758667e-01
1.847977563738822937e-02
1.979653090238571167e-01
7.733810544013977051e-01
3.695227205753326416e-01
8.696527034044265747e-02
5.259274840354919434e-01
1.272937059402465820e-01
5.841857939958572388e-02
7.194037607405334711e-05
0.000000000000000000e+00
1.865110173821449280e-02
2.421557307243347168e-01
0.000000000000000000e+00
2.407308816909790039e-01
3.234107494354248047e-01
2.592266164720058441e-02
2.726970613002777100e-01
3.054458275437355042e-02
1.589354500174522400e-02
7.641128897666931152e-01
2.691616415977478027e-01
3.161970674991607666e-01
1.290172338485717773e-01
1.084193214774131775e-01
7.606245279312133789e-01
4.284726381301879883e-01
3.448420464992523193e-01
9.010714292526245117e-02
1.975521147251129150e-01
2.180774509906768799e-01
7.420708537101745605e-01
3.706851899623870850e-01
8.679357171058654785e-02
0.000000000000000000e+00
4.930427297949790955e-02
2.666369676589965820e-01
2.594816684722900391e-01
1.369456388056278229e-02
4.606733843684196472e-02
3.377233028411865234e+00
1.581512689590454102e-01
2.015687525272369385e-01
2.706925272941589355e-01
6.352137774229049683e-03
7.903669476509094238e-01
2.124725608155131340e-03
9.894828312098979950e-03
9.366919100284576416e-02
4.318681359291076660e-01
2.452663928270339966e-01
1.297814607620239258e+00
4.236995279788970947e-01
1.621180176734924316e-01
3.132162988185882568e-01
2.147715911269187927e-02
2.838907949626445770e-02
1.913300007581710815e-01
5.279603600502014160e-01
3.446500599384307861e-01
0.000000000000000000e+00
9.252048134803771973e-01
1.360575761646032333e-02
1.880704909563064575e-01
5.507516860961914062e-01
3.677073419094085693e-01
1.302934158593416214e-02
1.691997051239013672e-02
3.288551419973373413e-02
0.000000000000000000e+00
1.017108321189880371e+00
5.309472233057022095e-02
8.851799964904785156e-01
1.837223917245864868e-01
2.930224537849426270e-01
7.102143764495849609e-02
7.516027987003326416e-02
2.427323162555694580e-02
0.000000000000000000e+00
9.619301557540893555e-02
2.694803290069103241e-02
0.000000000000000000e+00
2.471866086125373840e-02
1.892215609550476074e+00
3.175905048847198486e-01
0.000000000000000000e+00
6.457258462905883789e-01
1.840302348136901855e-01
1.301874686032533646e-02
5.171272754669189453e-01
7.762855887413024902e-01
0.000000000000000000e+00
1.507282704114913940e-01
0.000000000000000000e+00
1.328867375850677490e-01
1.247271746397018433e-01
1.762585788965225220e-01
1.629402279853820801e+00
3.566047549247741699e-01
5.251497775316238403e-02
2.972221672534942627e-01
0.000000000000000000e+00
0.000000000000000000e+00
6.413602828979492188e-02
2.119087874889373779e-01
1.536852478981018066e+00
2.522905170917510986e-01
4.257851745933294296e-03
4.236203432083129883e-01
1.413052380084991455e-01
7.128337770700454712e-02
5.048114433884620667e-02
2.803564667701721191e-01
1.453605890274047852e-01
0.000000000000000000e+00
2.522200345993041992e-01
4.640841186046600342e-01
5.080512166023254395e-01
4.941012337803840637e-02
3.244280099868774414e+00
1.482543349266052246e-01
1.532435774803161621e+00
6.461834311485290527e-01
1.898033916950225830e-02
0.000000000000000000e+00
4.425109028816223145e-01
5.516196414828300476e-02
0.000000000000000000e+00
9.636637568473815918e-02
6.412503719329833984e-01
3.055047094821929932e-01
1.229372024536132812e-01
1.218308135867118835e-01
2.237880788743495941e-02
3.602933287620544434e-01
1.245791316032409668e-01
0.000000000000000000e+00
1.856760680675506592e-01
1.725368618965148926e+00
2.739769034087657928e-02
3.081310033798217773e+00
6.094759702682495117e-01
9.600931406021118164e-02
1.634217612445354462e-02
3.099565627053380013e-03
5.719861984252929688e-01
2.710394561290740967e-01
2.388151548802852631e-02
2.624819576740264893e-01
4.690900444984436035e-01
9.049087762832641602e-01
0.000000000000000000e+00
1.101089566946029663e-01
2.618850469589233398e-01
4.087711572647094727e-01
1.400758028030395508e-01
3.094387054443359375e-01
1.618341803550720215e-01
1.265431195497512817e-02
8.778099417686462402e-01
1.241067517548799515e-02
1.679939478635787964e-01
3.646484017372131348e-01
3.917346894741058350e-01
3.246324486099183559e-04
7.522700726985931396e-02
1.709697484970092773e+00
3.906107544898986816e-01
2.638359367847442627e-01
9.936689585447311401e-02
1.107763573527336121e-01
7.837002277374267578e-01
2.162106931209564209e-01
0.000000000000000000e+00
2.550698518753051758e-01
8.462540805339813232e-02
0.000000000000000000e+00
3.622023165225982666e-01
7.710161060094833374e-02
0.000000000000000000e+00
0.000000000000000000e+00
6.859267354011535645e-01
0.000000000000000000e+00
7.515022158622741699e-02
1.383574157953262329e-01
2.839412987232208252e-01
2.533510327339172363e-01
6.251510977745056152e-02
0.000000000000000000e+00
7.453309893608093262e-01
3.466436639428138733e-02
8.276090621948242188e-01
0.000000000000000000e+00
0.000000000000000000e+00
4.348852206021547318e-03
2.393133789300918579e-01
1.285690903663635254e+00
5.638904571533203125e+00
1.018406271934509277e+00
5.209810733795166016e-01
3.978195190429687500e-01
1.842239312827587128e-02
1.761966943740844727e-01
4.309280216693878174e-02
2.065729796886444092e-01
4.715505987405776978e-03
7.358415424823760986e-02
1.442375928163528442e-01
7.404844462871551514e-02
0.000000000000000000e+00
3.515824908390641212e-03
4.784010648727416992e-01
6.506354808807373047e-01
3.294991850852966309e-01
0.000000000000000000e+00
0.000000000000000000e+00
1.245878934860229492e+00
1.005889922380447388e-01
2.552437782287597656e-02
3.405943810939788818e-01
2.220462709665298462e-01
3.360972404479980469e-01
1.419105529785156250e+00
1.249844674021005630e-02
2.529711229726672173e-03
5.976063013076782227e-02
5.617623031139373779e-02
1.140154153108596802e-02
1.678524017333984375e-01
1.193284273147583008e+00
1.057078480720520020e+00
1.911105513572692871e-01
9.970588684082031250e-01
5.029893517494201660e-01
6.642825156450271606e-02
2.959460020065307617e-01
5.179358720779418945e-01
2.901106476783752441e-01
6.751042604446411133e-01
5.210204124450683594e-01
2.086750566959381104e-01
3.985143303871154785e-01
5.732159018516540527e-01
1.665138639509677887e-02
1.685249805450439453e-01
2.314825542271137238e-03
1.345662027597427368e-01
3.706246614456176758e+00
3.573211655020713806e-02
0.000000000000000000e+00
2.093844860792160034e-01
1.126983165740966797e+00
5.837570875883102417e-02
9.912529587745666504e-01
1.001400113105773926e+00
2.291498184204101562e-01
0.000000000000000000e+00
3.845224678516387939e-01
2.225639671087265015e-02
0.000000000000000000e+00
9.572768583893775940e-03
0.000000000000000000e+00
3.121789932250976562e+00
8.466582894325256348e-01
9.338442236185073853e-02
2.640424966812133789e+00
5.038636922836303711e-01
0.000000000000000000e+00
1.438827160745859146e-02
7.582509517669677734e-02
2.976167388260364532e-02
1.687588989734649658e-01
6.751358509063720703e-01
3.492965400218963623e-01
1.793110728263854980e+00
3.926440179347991943e-01
1.429288089275360107e-01
5.605835318565368652e-01
8.975458741188049316e-01
9.165333509445190430e-01
3.804951608180999756e-01
1.002555131912231445e+00
1.006170034408569336e+00
1.826210618019104004e-01
2.389797568321228027e-02
3.244067728519439697e-01
0.000000000000000000e+00
2.018769025802612305e+00
1.457995176315307617e+00
5.335091147571802139e-03
8.126315078698098660e-04
5.671951770782470703e-01
7.072795927524566650e-02
3.188391029834747314e-01
0.000000000000000000e+00
3.652364730834960938e+00
0.000000000000000000e+00
0.000000000000000000e+00
1.290994137525558472e-01
1.223258376121520996e-01
2.594429850578308105e-01
0.000000000000000000e+00
4.466677606105804443e-01
7.319683581590652466e-02
9.896404109895229340e-03
7.457164674997329712e-02
3.200092017650604248e-01
4.026542901992797852e-01
0.000000000000000000e+00
1.653892546892166138e-01
0.000000000000000000e+00
0.000000000000000000e+00
3.808251857757568359e+00
0.000000000000000000e+00
1.870703399181365967e-01
1.821231245994567871e-01
0.000000000000000000e+00
7.116249762475490570e-03
2.499707415699958801e-02
2.700068429112434387e-02
5.305798053741455078e-01
8.463271707296371460e-02
4.828196525573730469e+00
3.363609686493873596e-02
0.000000000000000000e+00
7.638258486986160278e-02
3.451914293691515923e-03
3.230878114700317383e-01
1.736538559198379517e-01
1.109430909156799316e+00
8.032451272010803223e-01
9.789366722106933594e-01
1.523935794830322266e+00
1.779973208904266357e-01
5.564090013504028320e-01
2.376347333192825317e-01
2.317554689943790436e-02
0.000000000000000000e+00
7.735224962234497070e-01
1.975490003824234009e-01
8.057708293199539185e-02
7.394413948059082031e-01
2.239185273647308350e-01
5.013985559344291687e-02
2.111303210258483887e-01
2.839517779648303986e-03
9.550710767507553101e-02
2.190896570682525635e-01
1.105545610189437866e-01
0.000000000000000000e+00
1.910617351531982422e-01
0.000000000000000000e+00
0.000000000000000000e+00
5.759677290916442871e-01
0.000000000000000000e+00
7.783246785402297974e-02
1.656392514705657959e-01
7.070510089397430420e-02
5.579018220305442810e-02
3.495409712195396423e-02
0.000000000000000000e+00
0.000000000000000000e+00
5.195605754852294922e-01
2.515766397118568420e-02
3.146812617778778076e-01
4.362643510103225708e-02
1.305155754089355469e-01
6.605824455618858337e-03
1.577132847160100937e-03
6.596918217837810516e-03
8.958137035369873047e-02
0.000000000000000000e+00
7.665323466062545776e-02
2.452410161495208740e-01
2.183812558650970459e-01
0.000000000000000000e+00
2.765386104583740234e-01
8.050705194473266602e-01
3.603919595479965210e-02
3.998159766197204590e-01
9.117076173424720764e-03
4.563677124679088593e-03
6.865839958190917969e-01
8.446522057056427002e-02
8.042579889297485352e-01
6.297733783721923828e-01
2.036642074584960938e+00
1.668104529380798340e-02
3.461562693119049072e-01
1.275810152292251587e-01
2.643525898456573486e-01
1.825407892465591431e-01
8.150616288185119629e-02
6.763185560703277588e-02
4.447071254253387451e-01
0.000000000000000000e+00
9.770223498344421387e-01
1.165116280317306519e-01
0.000000000000000000e+00
5.893123336136341095e-03
1.645318567752838135e-01
1.238641962409019470e-01
4.887904226779937744e-01
6.527449935674667358e-02
1.645123958587646484e-01
5.043667182326316833e-02
1.947932094335556030e-01
1.854018419981002808e-01
0.000000000000000000e+00
5.264384746551513672e-01
1.146965324878692627e-01
7.288827896118164062e-01
5.786929726600646973e-01
3.785468935966491699e-01
6.216338649392127991e-02
0.000000000000000000e+00
0.000000000000000000e+00
1.782315671443939209e-01
2.502896357327699661e-03
7.372332215309143066e-01
5.350404232740402222e-02
6.899522244930267334e-02
0.000000000000000000e+00
5.134085416793823242e-01
0.000000000000000000e+00
7.497220765799283981e-03
0.000000000000000000e+00
1.168970346450805664e+00
1.671904444694519043e+00
0.000000000000000000e+00
6.260407567024230957e-01
8.148298412561416626e-02
1.458232522010803223e+00
0.000000000000000000e+00
0.000000000000000000e+00
5.516119301319122314e-03
6.690125465393066406e-01
0.000000000000000000e+00
9.860508441925048828e-01
1.719605922698974609e-01
8.327823877334594727e-02
1.210352126508951187e-02
3.006432019174098969e-02
6.378614157438278198e-02
7.723734378814697266e-01
6.959264278411865234e-01
0.000000000000000000e+00
0.000000000000000000e+00
3.007210791110992432e-01
1.660036891698837280e-01
8.872306346893310547e-01
2.078304439783096313e-01
5.901610851287841797e-01
3.077349662780761719e-01
6.126996874809265137e-01
3.659293055534362793e-02
4.050555825233459473e-02
6.107237935066223145e-02
8.279097676277160645e-01
2.951998822391033173e-02
0.000000000000000000e+00
0.000000000000000000e+00
1.557773724198341370e-02
1.787626296281814575e-01
1.444708704948425293e-01
3.880501687526702881e-01
9.908069670200347900e-02
1.413236260414123535e-01
6.935787945985794067e-02
2.372726202011108398e-01
4.201874602586030960e-03
2.810229733586311340e-02
6.591346263885498047e-01
6.880271434783935547e-02
2.773961285129189491e-03
9.657125920057296753e-02
2.500919997692108154e-01
0.000000000000000000e+00
4.170596003532409668e-01
3.384992778301239014e-01
2.992694638669490814e-02
0.000000000000000000e+00
1.628601074218750000e+00
9.004542231559753418e-01
0.000000000000000000e+00
1.841718703508377075e-01
2.943543195724487305e-01
3.382506370544433594e-01
5.817675963044166565e-02
1.008969187736511230e+00
1.811057448387145996e+00
1.927612870931625366e-01
1.509776473045349121e+00
5.263841524720191956e-02
7.173592597246170044e-02
2.608370594680309296e-02
1.870206184685230255e-02
2.151229232549667358e-01
4.059823229908943176e-02
1.066328305751085281e-02
9.022967815399169922e-01
1.562745571136474609e-01
6.700664758682250977e-02
3.967739045619964600e-01
4.342737793922424316e-02
1.896086521446704865e-02
2.102653384208679199e-01
3.807572424411773682e-01
1.099029555916786194e-01
8.364107459783554077e-02
3.505019843578338623e-02
2.515322864055633545e-01
1.586957089602947235e-02
1.547430641949176788e-02
6.295754909515380859e-01
5.982830002903938293e-02
1.735690981149673462e-01
4.250186309218406677e-02
4.532523632049560547e+00
3.107773326337337494e-02
0.000000000000000000e+00
4.604443013668060303e-01
3.205620944499969482e-01
0.000000000000000000e+00
2.205923318862915039e+00
7.549840211868286133e-02
2.617619633674621582e-01
7.016425728797912598e-01
0.000000000000000000e+00
2.930849194526672363e-01
7.454428076744079590e-02
2.414042353630065918e-01
1.354492753744125366e-01
2.194083631038665771e-01
1.445962465368211269e-03
2.744270563125610352e-01
6.342540383338928223e-01
1.551002711057662964e-01
0.000000000000000000e+00
1.037336438894271851e-01
4.343617558479309082e-01
3.626087009906768799e-01
6.064248085021972656e-01
0.000000000000000000e+00
0.000000000000000000e+00
1.934333890676498413e-01
1.861926913261413574e-01
9.226312637329101562e-01
2.807775279507040977e-03
1.150522112846374512e+00
0.000000000000000000e+00
5.417485237121582031e-01
5.253735929727554321e-03
3.075864911079406738e-01
1.874453201889991760e-02
0.000000000000000000e+00
1.192067004740238190e-02
4.700974002480506897e-02
7.818317413330078125e-02
1.891243457794189453e-01
3.676785826683044434e-01
2.076930999755859375e-01
9.588668942451477051e-01
1.315626651048660278e-01
4.624532163143157959e-01
3.052352666854858398e+00
4.748013243079185486e-02
2.065923511981964111e-01
2.201676368713378906e-02
8.132882416248321533e-02
2.921923696994781494e-01
1.846810579299926758e-01
6.364786028861999512e-01
1.191281080245971680e+00
1.645128279924392700e-01
1.794265210628509521e-01
1.888206601142883301e-01
0.000000000000000000e+00
7.507922053337097168e-01
1.605822890996932983e-01
2.123507261276245117e-01
1.108247041702270508e-01
3.380024805665016174e-02
1.564239263534545898e-01
1.842574715614318848e+00
2.877311408519744873e-01
1.706199645996093750e-01
3.943834900856018066e-01
1.571729779243469238e-02
3.174533694982528687e-02
7.063556462526321411e-03
4.181941747665405273e-01
9.649615734815597534e-02
1.794153898954391479e-01
4.719204828143119812e-02
3.875880315899848938e-02
1.890607923269271851e-01
1.718097478151321411e-01
0.000000000000000000e+00
8.155487775802612305e-01
1.031966321170330048e-02
6.114404648542404175e-02
2.364148385822772980e-02
1.261462643742561340e-02
9.537711739540100098e-01
8.600247502326965332e-01
0.000000000000000000e+00
1.196911707520484924e-01
2.268806695938110352e+00
1.721202880144119263e-01
3.087714612483978271e-01
1.201366446912288666e-02
6.715963482856750488e-01
7.874692790210247040e-03
0.000000000000000000e+00
1.273730099201202393e-01
1.738430000841617584e-02
0.000000000000000000e+00
9.513808488845825195e-01
2.301689863204956055e+00
5.144334957003593445e-02
2.848580777645111084e-01
1.884825378656387329e-01
4.137161001563072205e-02
1.036836281418800354e-01
7.258895784616470337e-02
1.665348373353481293e-02
3.048209249973297119e-01
9.963653087615966797e-01
3.828842937946319580e-02
1.134804606437683105e+00
5.394943356513977051e-01
0.000000000000000000e+00
2.322964966297149658e-01
3.910672292113304138e-02
8.487907648086547852e-01
2.072191797196865082e-02
4.741031304001808167e-02
3.209346234798431396e-01
8.554054796695709229e-02
3.387685775756835938e+00
4.002787470817565918e-01
1.515911333262920380e-02
2.526226080954074860e-02
3.607667610049247742e-02
6.169471144676208496e-01
2.069376856088638306e-01
1.057686209678649902e+00
3.704463690519332886e-02
3.200701624155044556e-02
4.334612488746643066e-01
5.511819720268249512e-01
2.863686680793762207e-01
1.013097047805786133e+00
7.147239446640014648e-01
3.998056948184967041e-01
1.724961400032043457e-01
1.108428239822387695e-01
8.726158738136291504e-01
2.343131303787231445e-01
0.000000000000000000e+00
2.265776246786117554e-01
2.168234586715698242e-01
0.000000000000000000e+00
9.214814901351928711e-01
3.449519276618957520e-01
1.693807393312454224e-01
4.696546122431755066e-02
8.945564180612564087e-02
8.982808589935302734e-01
3.415001556277275085e-02
4.165377020835876465e-01
7.663502693176269531e-01
5.975820589810609818e-03
3.774685040116310120e-02
2.023408859968185425e-01
2.062627375125885010e-01
8.659294843673706055e-01
1.593236066401004791e-02
1.174856662750244141e+00
1.624949574470520020e-01
4.976754188537597656e-01
1.717178970575332642e-01
4.444093406200408936e-01
1.015232801437377930e+00
5.914464592933654785e-01
7.383809089660644531e+00
2.434312105178833008e-01
8.106641769409179688e-01
5.870955586433410645e-01
9.811919182538986206e-02
2.255742549896240234e-01
9.612320065498352051e-01
0.000000000000000000e+00
0.000000000000000000e+00
1.398934125900268555e-01
1.296466961503028870e-02
1.062458872795104980e+00
1.132648825645446777e+00
2.295443058013916016e+00
0.000000000000000000e+00
1.894586160778999329e-02
2.791438065469264984e-02
2.515818551182746887e-02
6.464248150587081909e-02
3.573088347911834717e-02
2.063832730054855347e-01
3.714717924594879150e-01
1.146205328404903412e-02
0.000000000000000000e+00
0.000000000000000000e+00
8.872524648904800415e-02
3.119269907474517822e-01
1.698950171470642090e+00
7.856368422508239746e-01
1.771329790353775024e-01
2.207717418670654297e+00
2.068656496703624725e-02
2.661456167697906494e-01
5.289402604103088379e-01
3.039522096514701843e-02
1.485728938132524490e-02
1.653693430125713348e-02
1.656218916177749634e-01
7.855153828859329224e-02
1.943657994270324707e+00
1.444004416465759277e+00
7.882883548736572266e-01
0.000000000000000000e+00
7.161165028810501099e-02
6.826515309512615204e-03
2.516890130937099457e-02
1.726846814155578613e+00
3.182181390002369881e-03
1.326884478330612183e-01
1.557425379753112793e+00
1.105551123619079590e-01
2.130629867315292358e-01
1.168696135282516479e-01
1.522185206413269043e-01
7.435824871063232422e-01
0.000000000000000000e+00
3.351916000247001648e-02
2.331954613327980042e-02
0.000000000000000000e+00
3.177516758441925049e-01
8.714239001274108887e-01
8.060379028320312500e-01
1.395946294069290161e-01
1.083763837814331055e-01
0.000000000000000000e+00
4.062414634972810745e-03
1.636989414691925049e-01
3.201795974746346474e-03
3.250888586044311523e-01
1.199461817741394043e+00
6.932137906551361084e-02
2.902750074863433838e-01
8.324255049228668213e-02
3.219164162874221802e-02
3.378790616989135742e-01
2.586138993501663208e-02
7.347696460783481598e-03
1.049009561538696289e-01
4.280850291252136230e-01
1.953653618693351746e-02
5.323131084442138672e-01
1.597154140472412109e-02
1.568705425597727299e-03
6.041446700692176819e-03
2.449255064129829407e-02
1.020876526832580566e+00
0.000000000000000000e+00
4.745791256427764893e-01
0.000000000000000000e+00
3.936886787414550781e-02
4.053640663623809814e-01
2.519226074218750000e-02
1.610242761671543121e-02
2.084303349256515503e-01
4.786387383937835693e-01
1.891519308090209961e+00
1.600232869386672974e-01
1.463700830936431885e-01
1.716880351305007935e-01
0.000000000000000000e+00
1.881023168563842773e+00
2.912854254245758057e-01
2.137427031993865967e-01
0.000000000000000000e+00
3.234441950917243958e-02
1.511289477348327637e-01
3.559521213173866272e-02
3.882939517498016357e-01
1.800591051578521729e-01
1.336922168731689453e+00
3.226772546768188477e-01
1.875991746783256531e-02
7.431128621101379395e-01
2.010416686534881592e-01
0.000000000000000000e+00
1.830311268568038940e-01
2.469717115163803101e-01
1.914930492639541626e-01
1.855429410934448242e-01
0.000000000000000000e+00
1.760351419448852539e+00
1.020879745483398438e-01
3.101120702922344208e-02
1.267490625381469727e+00
