8.253376185894012451e-02
3.184125721454620361e-01
2.188196331262588501e-01
1.290570199489593506e-02
6.093171983957290649e-02
2.533100196160376072e-04
2.847148478031158447e-01
0.000000000000000000e+00
4.684073501266539097e-04
6.076431870460510254e-01
1.134906113147735596e-01
1.437441706657409668e-01
1.190821528434753418e+00
8.832656778395175934e-03
0.000000000000000000e+00
2.634505331516265869e-01
4.281376898288726807e-01
0.000000000000000000e+00
1.019504852592945099e-02
0.000000000000000000e+00
2.145611494779586792e-01
2.122571226209402084e-03
1.140481114387512207e+00
0.000000000000000000e+00
3.496009111404418945e+00
1.187963644042611122e-03
2.724003791809082031e-02
2.887890040874481201e-01
0.000000000000000000e+00
4.664894193410873413e-02
5.606506466865539551e-01
1.050876080989837646e-01
1.083978652954101562e+00
5.724189803004264832e-02
0.000000000000000000e+00
0.000000000000000000e+00
1.552365254610776901e-03
1.601132005453109741e-02
5.973686650395393372e-02
8.550089001655578613e-01
5.766561627388000488e-01
9.921543598175048828e-01
2.349760085344314575e-01
2.001416385173797607e-01
8.597752451896667480e-02
1.770841181278228760e-01
7.131843268871307373e-02
0.000000000000000000e+00
3.288680315017700195e-02
1.011702232062816620e-02
9.492712467908859253e-02
7.882282733917236328e-01
1.881265789270401001e-01
5.968441963195800781e-01
4.469371736049652100e-01
1.799023896455764771e-01
7.651569843292236328e-01
4.734409158118069172e-04
1.079963564872741699e+00
0.000000000000000000e+00
3.468416035175323486e-01
8.493515253067016602e-01
6.026462465524673462e-02
0.000000000000000000e+00
1.063206672668457031e+00
5.635508894920349121e-01
8.323659747838973999e-02
5.598220348358154297e+00
0.000000000000000000e+00
3.933407962322235107e-01
2.536173760890960693e-01
3.087854087352752686e-01
4.703733623027801514e-01
1.355677004903554916e-02
0.000000000000000000e+00
2.370194941759109497e-01
4.273850619792938232e-01
3.630088269710540771e-02
2.966217756271362305e+00
7.268986105918884277e-01
1.830997109413146973e+00
5.207455158233642578e-01
2.490501105785369873e-02
4.863975569605827332e-02
6.990826129913330078e-02
7.055635452270507812e-01
6.270468831062316895e-01
1.789650619029998779e-01
1.673451960086822510e-01
0.000000000000000000e+00
3.999295234680175781e-01
1.955474764108657837e-01
7.346419990062713623e-02
0.000000000000000000e+00
3.465958535671234131e-01
2.119724452495574951e-01
9.214162826538085938e-02
2.022410780191421509e-01
9.235756397247314453e-01
3.283168002963066101e-02
0.000000000000000000e+00
1.213726997375488281e+00
1.947902143001556396e-01
2.592487037181854248e-01
1.876242905855178833e-01
1.119590282440185547e+00
4.352526366710662842e-01
6.950935721397399902e-02
7.986045628786087036e-02
3.284209012985229492e+00
0.000000000000000000e+00
8.922888338565826416e-02
0.000000000000000000e+00
9.109765291213989258e-02
2.144606858491897583e-01
8.985697031021118164e-01
3.781825602054595947e-01
1.640389561653137207e-01
3.377724587917327881e-01
0.000000000000000000e+00
9.891790896654129028e-02
9.491467848420143127e-03
3.873836696147918701e-01
7.710164040327072144e-02
4.394648075103759766e+00
4.411245882511138916e-01
6.157048046588897705e-02
1.407406568527221680e+00
3.930873423814773560e-02
1.543918391689658165e-03
5.141702294349670410e-01
1.310077011585235596e-01
2.409196197986602783e-01
2.125451341271400452e-02
1.688598655164241791e-02
1.212861761450767517e-01
1.101090550422668457e+00
9.815971851348876953e-01
2.980334758758544922e-01
2.381788045167922974e-01
0.000000000000000000e+00
2.586838006973266602e-01
2.518350817263126373e-02
2.598720192909240723e-01
5.605262517929077148e-02
0.000000000000000000e+00
0.000000000000000000e+00
2.792328223586082458e-02
6.638532876968383789e-01
0.000000000000000000e+00
1.581617116928100586e+00
1.445989757776260376e-01
1.357153058052062988e-01
4.317655861377716064e-01
2.991114370524883270e-02
3.782986104488372803e-01
5.482789874076843262e-02
1.273677051067352295e-01
0.000000000000000000e+00
0.000000000000000000e+00
1.865182071924209595e-02
6.639410275965929031e-04
3.597871363162994385e-01
1.790844835340976715e-02
9.324924647808074951e-02
5.074614524841308594e+00
0.000000000000000000e+00
0.000000000000000000e+00
1.227977037429809570e+00
1.733075857162475586e+00
2.487797290086746216e-01
2.150037527084350586e+00
0.000000000000000000e+00
1.647339016199111938e-02
4.722816348075866699e-01
0.000000000000000000e+00
5.285768955945968628e-02
6.401606202125549316e-01
3.037474155426025391e-01
2.644231319427490234e-01
1.793072342872619629e+00
1.439789533615112305e-01
1.553333085030317307e-02
2.671749293804168701e-01
0.000000000000000000e+00
1.989421993494033813e-02
3.377269720658659935e-03
4.570550471544265747e-02
1.561009287834167480e+00
1.023330260068178177e-03
1.835065893828868866e-02
5.013459175825119019e-02
6.307622194290161133e-01
4.933737814426422119e-01
0.000000000000000000e+00
0.000000000000000000e+00
5.645744204521179199e-01
0.000000000000000000e+00
5.510517582297325134e-02
3.432293422520160675e-03
3.953282237052917480e-01
3.173526525497436523e-01
1.119718909263610840e+00
0.000000000000000000e+00
2.539315819740295410e-01
7.807380706071853638e-02
4.835041463375091553e-01
3.917019367218017578e-01
1.568242162466049194e-01
1.877714693546295166e-01
8.054912090301513672e-01
5.386400595307350159e-02
0.000000000000000000e+00
6.319588422775268555e-01
8.928024768829345703e-01
1.745695173740386963e-01
1.549805253744125366e-01
1.842710494995117188e+00
0.000000000000000000e+00
5.443593487143516541e-02
3.037695586681365967e-02
1.072737097740173340e+00
1.788801401853561401e-01
1.249303445219993591e-01
2.819419652223587036e-02
1.472358778119087219e-02
2.287236303091049194e-01
1.109835319221019745e-02
5.153764039278030396e-02
3.106159530580043793e-02
1.219348013401031494e-01
2.602734267711639404e-01
6.145300343632698059e-02
0.000000000000000000e+00
2.260618060827255249e-01
1.060956418514251709e-01
0.000000000000000000e+00
1.969844400882720947e-01
0.000000000000000000e+00
1.697958260774612427e-02
4.523664712905883789e-02
7.812280952930450439e-02
2.410972118377685547e-02
3.100071549415588379e-01
3.231023252010345459e-02
5.896844267845153809e-01
4.491143524646759033e-01
5.568939447402954102e-02
1.393808960914611816e+00
0.000000000000000000e+00
5.002715811133384705e-02
2.792639136314392090e-01
4.804471731185913086e-01
0.000000000000000000e+00
0.000000000000000000e+00
2.420522272586822510e-01
0.000000000000000000e+00
6.402857601642608643e-02
4.871555790305137634e-02
2.359086751937866211e+00
1.513594031333923340e+00
6.285949796438217163e-02
8.502367019653320312e+00
6.640667319297790527e-01
1.961521431803703308e-02
3.408179804682731628e-02
2.849346160888671875e+00
1.415050625801086426e+00
1.885978132486343384e-02
8.043615520000457764e-02
5.718181133270263672e-01
7.729561626911163330e-02
8.440003395080566406e-01
1.519155800342559814e-01
1.051324699074029922e-02
2.935376465320587158e-01
0.000000000000000000e+00
3.320106983184814453e+00
3.597754240036010742e-01
1.995622664690017700e-01
4.880236685276031494e-01
1.326153725385665894e-01
3.970255851745605469e-01
2.610220313072204590e-01
0.000000000000000000e+00
2.359621286392211914e+00
1.132534071803092957e-01
2.576381862163543701e-01
2.826766014099121094e+00
1.077217459678649902e+00
9.715270251035690308e-02
5.277615189552307129e-01
0.000000000000000000e+00
1.323799490928649902e+00
1.221040412783622742e-01
9.999442696571350098e-01
3.916633427143096924e-01
1.103592276573181152e+00
0.000000000000000000e+00
4.688817635178565979e-02
4.843152761459350586e-01
3.570023477077484131e-01
9.970773011445999146e-02
0.000000000000000000e+00
3.548804223537445068e-01
4.623634517192840576e-01
1.465647965669631958e-01
9.536949545145034790e-02
3.164289891719818115e-01
0.000000000000000000e+00
5.873718857765197754e-01
3.791717886924743652e-01
4.203802943229675293e-01
2.240641862154006958e-01
1.125498786568641663e-01
9.107809513807296753e-02
4.255024194717407227e-01
8.822262287139892578e-02
1.988745331764221191e-01
4.280290752649307251e-02
0.000000000000000000e+00
5.687806289643049240e-03
2.940407022833824158e-02
5.184162780642509460e-02
3.995015621185302734e-01
1.193777918815612793e-01
7.546902447938919067e-02
1.845929145812988281e+00
8.822812885046005249e-02
2.606952667236328125e+00
0.000000000000000000e+00
0.000000000000000000e+00
3.281469047069549561e-01
0.000000000000000000e+00
0.000000000000000000e+00
0.000000000000000000e+00
1.749008655548095703e+00
4.610145464539527893e-02
1.430141568183898926e+00
0.000000000000000000e+00
6.665132641792297363e-01
1.877761483192443848e+00
2.718674540519714355e-01
2.105403691530227661e-02
8.033247664570808411e-03
2.443603798747062683e-02
6.649811565876007080e-02
0.000000000000000000e+00
2.936599552631378174e-01
1.469626277685165405e-02
3.219743371009826660e-01
1.567833423614501953e-01
1.947942823171615601e-01
4.639126360416412354e-02
4.507106542587280273e-01
1.159546314738690853e-03
4.301674067974090576e-01
0.000000000000000000e+00
6.501299142837524414e-01
5.026272535324096680e-01
7.939575314521789551e-01
2.478309422731399536e-01
1.029048323631286621e+00
1.901894225738942623e-03
5.024179220199584961e-01
2.764685451984405518e-01
9.383394122123718262e-01
1.492435578256845474e-02
0.000000000000000000e+00
8.001399040222167969e-01
2.793881893157958984e-01
0.000000000000000000e+00
4.786043893545866013e-03
6.460948847234249115e-03
4.231793340295553207e-03
1.626465283334255219e-02
1.217716112732887268e-01
1.391903031617403030e-02
9.025570750236511230e-01
2.930324077606201172e-01
0.000000000000000000e+00
3.663642168045043945e+00
1.085447669029235840e+00
0.000000000000000000e+00
5.436298847198486328e-01
3.409220457077026367e+00
0.000000000000000000e+00
2.881675027310848236e-02
5.790292844176292419e-02
1.728026121854782104e-01
2.017036825418472290e-02
1.185089945793151855e-01
9.732767343521118164e-01
5.634116530418395996e-01
1.714285649359226227e-02
3.378189206123352051e-01
4.496891796588897705e-02
3.156473338603973389e-01
7.532122079282999039e-03
5.802223458886146545e-02
1.944108963012695312e+00
2.479660212993621826e-01
4.217392206192016602e-02
1.278978139162063599e-01
5.495615303516387939e-02
1.184534549713134766e+00
0.000000000000000000e+00
2.413222491741180420e-01
3.713162541389465332e-01
1.437744140625000000e+00
2.507591247558593750e-02
7.701072096824645996e-02
1.172009855508804321e-01
0.000000000000000000e+00
4.707838594913482666e-01
1.322982646524906158e-02
2.390912324190139771e-01
2.916257679462432861e-01
1.570198535919189453e-01
0.000000000000000000e+00
1.976239532232284546e-01
2.402534242719411850e-03
3.927484154701232910e-01
1.143455505371093750e+00
1.159873325377702713e-02
1.219222769141197205e-01
1.920487523078918457e+00
6.046903319656848907e-03
6.264188885688781738e-01
2.327284067869186401e-01
1.587195992469787598e+00
2.865436300635337830e-02
8.658236503601074219e+00
2.404605299234390259e-01
1.599789857864379883e-01
8.102213740348815918e-01
1.819415241479873657e-01
0.000000000000000000e+00
5.745870471000671387e-01
0.000000000000000000e+00
7.379379272460937500e-01
1.138135343790054321e-01
1.961300969123840332e-01
3.230219483375549316e-01
1.893995851278305054e-01
9.501368552446365356e-02
1.139845848083496094e-01
1.894628405570983887e-01
1.093573030084371567e-02
1.976236933842301369e-03
9.487451612949371338e-02
0.000000000000000000e+00
0.000000000000000000e+00
0.000000000000000000e+00
9.217191487550735474e-02
1.005820512771606445e+00
2.993029542267322540e-02
3.803897500038146973e-01
1.380540925310924649e-04
1.150738000869750977e+00
0.000000000000000000e+00
1.091510802507400513e-01
3.593084588646888733e-02
4.858349263668060303e-01
9.956502169370651245e-02
1.267665773630142212e-01
2.402134388685226440e-01
1.045396327972412109e+00
9.996742755174636841e-02
7.837990522384643555e-01
5.065546035766601562e-01
1.883395433425903320e+00
5.072616622783243656e-04
6.410647630691528320e-01
3.643231987953186035e-01
2.728885173797607422e+00
0.000000000000000000e+00
5.068733692169189453e-01
3.759811446070671082e-02
3.241989612579345703e-01
1.298113912343978882e-01
2.053947001695632935e-01
1.543255001306533813e-01
2.659679353237152100e-01
1.674551889300346375e-02
7.477913498878479004e-01
0.000000000000000000e+00
1.975510641932487488e-02
0.000000000000000000e+00
2.035313844680786133e+00
0.000000000000000000e+00
2.304911613464355469e-03
4.826262127608060837e-03
0.000000000000000000e+00
0.000000000000000000e+00
0.000000000000000000e+00
2.333015948534011841e-01
6.093981489539146423e-02
7.789001334458589554e-03
7.784538865089416504e-01
1.297215968370437622e-01
2.657170593738555908e-02
2.385285794734954834e-01
0.000000000000000000e+00
2.927669584751129150e-01
9.167139977216720581e-02
5.553514230996370316e-03
1.068502571433782578e-02
2.742743119597434998e-03
1.211037039756774902e+00
2.742844521999359131e-01
1.067364364862442017e-01
1.605591416358947754e+00
5.316827893257141113e-01
5.090584605932235718e-02
1.708127856254577637e-01
1.940649449825286865e-01
2.036651968955993652e-02
1.608046516776084900e-02
0.000000000000000000e+00
4.065299928188323975e-01
9.872693419456481934e-01
1.378686279058456421e-01
0.000000000000000000e+00
0.000000000000000000e+00
6.973606944084167480e-01
0.000000000000000000e+00
4.885082133114337921e-03
4.009503871202468872e-02
4.208607077598571777e-01
6.470941752195358276e-02
2.455874979496002197e-01
1.106258109211921692e-01
1.031554192304611206e-01
2.359604388475418091e-01
5.132171511650085449e-01
0.000000000000000000e+00
0.000000000000000000e+00
4.425563663244247437e-02
7.541515398770570755e-03
6.346906423568725586e-01
2.592807412147521973e-01
3.296305656433105469e+00
9.961184859275817871e-02
2.148137837648391724e-01
3.375507593154907227e+00
5.517371296882629395e-01
1.726887002587318420e-02
7.474294863641262054e-03
2.167943000793457031e+00
2.930653840303421021e-02
3.115654289722442627e-01
8.835561871528625488e-01
2.594592869281768799e-01
2.184017002582550049e-01
1.495828479528427124e-02
2.209049183875322342e-03
6.857665255665779114e-03
1.120852708816528320e+00
3.695219457149505615e-01
2.907584309577941895e-01
1.187821626663208008e+00
5.125659108161926270e-01
2.549605965614318848e-01
2.519528008997440338e-02
6.206824257969856262e-02
1.366293728351593018e-01
4.556928947567939758e-02
5.273851752281188965e-01
1.634882688522338867e-01
6.510924547910690308e-02
5.747114866971969604e-02
4.449349343776702881e-01
1.881765015423297882e-02
8.644818514585494995e-02
1.484757065773010254e+00
5.629829247482120991e-04
1.091367602348327637e+00
2.335801906883716583e-02
5.697550177574157715e-01
5.910919308662414551e-01
5.610730051994323730e-01
3.287139534950256348e-01
2.414435863494873047e+00
3.096587397158145905e-02
7.870890945196151733e-02
2.023498564958572388e-01
4.777188599109649658e-02
6.143565177917480469e-01
7.989017176441848278e-04
0.000000000000000000e+00
2.147115617990493774e-01
6.210786756128072739e-03
1.452162675559520721e-02
8.215410634875297546e-03
0.000000000000000000e+00
1.521025896072387695e-01
3.380452394485473633e-01
0.000000000000000000e+00
1.656873524188995361e-01
1.244237497448921204e-01
9.139119982719421387e-01
3.748722076416015625e-01
1.080863294191658497e-03
9.367216229438781738e-01
0.000000000000000000e+00
0.000000000000000000e+00
2.679905891418457031e-01
2.295117527246475220e-01
2.318405061960220337e-01
0.000000000000000000e+00
0.000000000000000000e+00
9.492028504610061646e-02
8.654304593801498413e-02
1.532426029443740845e-01
3.873961395584046841e-04
1.055880069732666016e+00
5.274291634559631348e-01
7.635632902383804321e-02
8.551952838897705078e-01
1.065311804413795471e-01
2.267599105834960938e-02
1.122624874114990234e+00
8.142983168363571167e-02
5.175297148525714874e-03
5.747008323669433594e-01
7.825400680303573608e-02
2.845714688301086426e-01
1.210639905184507370e-02
1.551679428666830063e-02
0.000000000000000000e+00
7.202585786581039429e-02
3.930605947971343994e-02
2.253028377890586853e-02
3.988712728023529053e-01
2.555698854848742485e-03
6.791380047798156738e-01
3.869565725326538086e-01
6.503146290779113770e-01
2.153672575950622559e-01
1.312432736158370972e-01
2.217177748680114746e-01
7.333236932754516602e-02
0.000000000000000000e+00
0.000000000000000000e+00
1.187169626355171204e-01
3.350004786625504494e-03
5.918723065406084061e-03
8.158546090126037598e-01
2.153681516647338867e-01
1.194554567337036133e+00
4.950821399688720703e-01
7.381650209426879883e-01
6.888170242309570312e-01
6.428968906402587891e-02
5.285834074020385742e-01
2.570770680904388428e-01
2.610223926603794098e-02
4.164102971553802490e-01
1.394033670425415039e+00
7.512028515338897705e-02
1.454803161323070526e-02
6.888871081173419952e-03
6.313123703002929688e-01
2.031831502914428711e+00
0.000000000000000000e+00
1.916991233825683594e+00
4.192719701677560806e-03
0.000000000000000000e+00
0.000000000000000000e+00
2.818677388131618500e-02
0.000000000000000000e+00
0.000000000000000000e+00
1.991886459290981293e-02
1.110686338506639004e-03
1.040550112724304199e+00
6.693389415740966797e-01
2.671312540769577026e-02
8.775748610496520996e-01
3.060067594051361084e-01
0.000000000000000000e+00
5.124156475067138672e-01
8.363987505435943604e-02
5.817355588078498840e-02
3.465467989444732666e-01
2.541438043117523193e-01
2.260763049125671387e-01
1.882958561182022095e-01
1.923307299613952637e+00
2.944022789597511292e-02
1.761933714151382446e-01
7.629292458295822144e-02
0.000000000000000000e+00
0.000000000000000000e+00
5.217813253402709961e-01
4.983162507414817810e-03
3.837026283144950867e-02
1.218195080757141113e+00
6.361986398696899414e-01
4.390027746558189392e-02
1.411113500595092773e+00
7.415002584457397461e-02
1.004267204552888870e-02
6.814007461071014404e-02
0.000000000000000000e+00
5.995405837893486023e-02
6.601038575172424316e-02
9.551752209663391113e-01
9.236826002597808838e-02
0.000000000000000000e+00
1.361532062292098999e-01
1.237503364682197571e-01
4.360776543617248535e-01
6.495212018489837646e-02
1.324838995933532715e-01
1.575178094208240509e-02
2.228910326957702637e-01
3.083732128143310547e-01
4.010553658008575439e-01
3.567984104156494141e-01
2.605664543807506561e-03
1.135285794734954834e-01
5.518124103546142578e-01
4.795435443520545959e-02
6.749099493026733398e-02
2.851620083674788475e-03
0.000000000000000000e+00
1.353969331830739975e-03
0.000000000000000000e+00
0.000000000000000000e+00
2.181188017129898071e-01
6.430770158767700195e-01
1.089761685580015182e-02
1.047031974792480469e+01
2.194036543369293213e-01
3.567676246166229248e-02
9.828796237707138062e-02
9.266771376132965088e-02
5.310826301574707031e-01
8.195869624614715576e-02
2.030910730361938477e+00
2.876941263675689697e-01
6.268107891082763672e-01
3.005585670471191406e-01
8.337255716323852539e-01
1.142580062150955200e-01
6.045784354209899902e-01
3.095695190131664276e-02
6.564471721649169922e-01
1.550735116004943848e+00
0.000000000000000000e+00
3.209677934646606445e-01
3.738143742084503174e-01
0.000000000000000000e+00
1.818272322416305542e-01
0.000000000000000000e+00
1.681430032476782799e-03
1.738861203193664551e-01
1.537365555763244629e+00
1.115193009376525879e+00
2.167208909988403320e+00
3.265328407287597656e-01
8.114351630210876465e-01
0.000000000000000000e+00
2.469541430473327637e-01
1.247630044817924500e-01
7.109349966049194336e-01
0.000000000000000000e+00
0.000000000000000000e+00
2.448422908782958984e-01
2.742508947849273682e-01
5.399418994784355164e-02
1.122271493077278137e-01
1.293876618146896362e-01
8.011316880583763123e-03
0.000000000000000000e+00
6.765255331993103027e-01
1.965417414903640747e-01
4.813021048903465271e-02
2.208546251058578491e-01
2.296222932636737823e-02
2.616300284862518311e-01
1.889509111642837524e-01
0.000000000000000000e+00
1.235599163919687271e-02
2.506521344184875488e-01
2.800614237785339355e-01
0.000000000000000000e+00
1.845611035823822021e-01
0.000000000000000000e+00
1.928670331835746765e-02
8.372102677822113037e-02
2.648790836334228516e+00
4.742095470428466797e-01
1.500099524855613708e-02
1.210662126541137695e-01
0.000000000000000000e+00
1.582322828471660614e-02
6.299005448818206787e-02
1.865747690200805664e+00
8.794310502707958221e-03
1.943196170032024384e-02
2.731409370899200439e-01
4.818019866943359375e-01
2.926214933395385742e+00
5.813047289848327637e-02
4.454383626580238342e-02
1.817883849143981934e-01
1.166683211922645569e-01
0.000000000000000000e+00
5.225022435188293457e-01
2.463858015835285187e-02
1.078426986932754517e-01
1.466971486806869507e-01
0.000000000000000000e+00
0.000000000000000000e+00
0.000000000000000000e+00
2.734946310520172119e-01
3.857112824916839600e-01
1.510407924652099609e+00
6.005727499723434448e-02
1.373376250267028809e-01
1.637206971645355225e-01
6.010276675224304199e-01
7.116686820983886719e+00
9.485335089266300201e-03
4.074258208274841309e-01
2.723132073879241943e-01
5.008973926305770874e-02
1.931090652942657471e-02
7.338757067918777466e-02
1.450477838516235352e-01
2.813736535608768463e-02
1.023420214653015137e+00
3.226173818111419678e-01
2.851974964141845703e-01
0.000000000000000000e+00
0.000000000000000000e+00
0.000000000000000000e+00
7.121609896421432495e-02
3.522053128108382225e-03
1.799048297107219696e-02
3.238331675529479980e-01
1.819637790322303772e-02
5.689725652337074280e-02
5.499719381332397461e-01
6.402333974838256836e-01
4.667877554893493652e-01
9.762973189353942871e-01
2.747686207294464111e-01
0.000000000000000000e+00
1.660632371902465820e+00
4.092099145054817200e-02
0.000000000000000000e+00
1.152598336338996887e-01
8.914289474487304688e-01
0.000000000000000000e+00
6.392493844032287598e-02
9.583532810211181641e-02
1.385821849107742310e-01
3.526731133460998535e-01
0.000000000000000000e+00
7.805600762367248535e-01
2.873412966728210449e-01
8.623050898313522339e-02
4.713161289691925049e-01
1.152740195393562317e-01
6.499269008636474609e-01
1.756191998720169067e-01
1.511544920504093170e-02
2.881521545350551605e-02
1.397900581359863281e-01
2.648923695087432861e-01
5.520595908164978027e-01
0.000000000000000000e+00
6.320428103208541870e-02
1.254967898130416870e-01
9.345054626464843750e-02
8.899853825569152832e-01
7.250824943184852600e-03
0.000000000000000000e+00
1.373089402914047241e-01
1.696644537150859833e-02
0.000000000000000000e+00
3.309166431427001953e-01
5.758436396718025208e-03
2.369629591703414917e-01
5.341306924819946289e-01
3.406893014907836914e-01
1.796406954526901245e-01
9.731716476380825043e-03
0.000000000000000000e+00
9.980794191360473633e-01
0.000000000000000000e+00
1.171152353286743164e+00
3.648506402969360352e-01
1.566755585372447968e-02
1.135507673025131226e-01
2.814669132232666016e+00
1.265526264905929565e-01
3.870056709274649620e-03
1.279091346077620983e-03
2.006151154637336731e-02
8.122792840003967285e-02
6.482928395271301270e-01
0.000000000000000000e+00
9.670769572257995605e-01
9.259890317916870117e-01
1.728332228958606720e-02
4.081812202930450439e-01
0.000000000000000000e+00
4.953459277749061584e-02
3.101529181003570557e-01
3.573720455169677734e-01
1.606089790584519506e-04
1.976090550422668457e+00
0.000000000000000000e+00
0.000000000000000000e+00
1.500084757804870605e+00
4.653044044971466064e-01
5.599210858345031738e-01
6.203140616416931152e-01
6.114415009506046772e-04
4.081104099750518799e-01
0.000000000000000000e+00
0.000000000000000000e+00
3.484997153282165527e-01
0.000000000000000000e+00
7.487653195858001709e-02
6.892364763189107180e-05
2.561733424663543701e-01
1.317588984966278076e-01
3.375897705554962158e-01
0.000000000000000000e+00
1.173601374030113220e-01
3.963644206523895264e-01
5.954651236534118652e-01
0.000000000000000000e+00
9.045766294002532959e-02
1.376840174198150635e-01
1.271448612213134766e+00
1.571808904409408569e-01
3.619754612445831299e-01
2.813823819160461426e-01
1.658781528472900391e+00
3.808618783950805664e-01
1.930529922246932983e-01
2.309484332799911499e-01
5.359437689185142517e-02
6.608391404151916504e-01
0.000000000000000000e+00
0.000000000000000000e+00
4.266816831659525633e-04
0.000000000000000000e+00
1.220670640468597412e-01
5.136805772781372070e-01
0.000000000000000000e+00
0.000000000000000000e+00
2.796621993184089661e-02
6.040341407060623169e-02
1.112461566925048828e+00
5.284572020173072815e-02
9.924150258302688599e-02
1.093150973320007324e+00
8.201109170913696289e-01
5.180110409855842590e-02
9.510421156883239746e-01
7.620428502559661865e-02
9.788949042558670044e-03
1.812944654375314713e-03
8.987228572368621826e-02
2.404613941907882690e-01
0.000000000000000000e+00
2.610098719596862793e-01
2.786682546138763428e-02
5.932121351361274719e-02
1.872468948364257812e+00
1.220144703984260559e-01
4.835348576307296753e-02
0.000000000000000000e+00
2.500343620777130127e-01
2.100506871938705444e-01
6.573800742626190186e-02
1.362629532814025879e-01
1.396189332008361816e-01
1.472446024417877197e-01
1.035392750054597855e-02
8.082262873649597168e-01
7.571263909339904785e-01
0.000000000000000000e+00
3.655090332031250000e-01
2.511902712285518646e-03
5.648189187049865723e-01
5.316354036331176758e-01
2.209747731685638428e-01
7.555826753377914429e-02
4.843181523028761148e-04
3.449688255786895752e-01
2.303841412067413330e-01
1.474906653165817261e-01
2.195926666259765625e+00
0.000000000000000000e+00
6.262654811143875122e-02
2.930886745452880859e-01
1.742225140333175659e-01
5.282340645790100098e-01
1.623557209968566895e-01
0.000000000000000000e+00
0.000000000000000000e+00
1.098287850618362427e-02
3.709400072693824768e-02
5.081307515501976013e-02
1.156670823693275452e-01
2.931020688265562057e-03
1.579951524734497070e+00
1.466078758239746094e+00
1.430609971284866333e-01
2.206338167190551758e+00
7.742964029312133789e-01
1.406161636114120483e-01
5.371274426579475403e-02
1.577143967151641846e-01
2.130775004625320435e-01
4.435116052627563477e-01
0.000000000000000000e+00
1.899344205856323242e+00
1.916762813925743103e-02
4.945824667811393738e-02
0.000000000000000000e+00
0.000000000000000000e+00
1.489338837563991547e-02
0.000000000000000000e+00
5.314067006111145020e-01
1.370188713073730469e+00
3.039409220218658447e-01
7.083882093429565430e-01
4.425277188420295715e-02
0.000000000000000000e+00
0.000000000000000000e+00
7.705308496952056885e-02
1.632298976182937622e-01
1.661044545471668243e-02
2.815890125930309296e-02
6.105495095252990723e-01
0.000000000000000000e+00
0.000000000000000000e+00
1.015040636062622070e+00
6.513907015323638916e-02
0.000000000000000000e+00
1.028978601098060608e-01
5.227728979662060738e-04
1.772179305553436279e-01
8.261706233024597168e-01
4.149502143263816833e-03
0.000000000000000000e+00
4.725871141999959946e-03
2.308998256921768188e-02
8.659197017550468445e-03
3.240852952003479004e-01
1.717147231101989746e-02
4.537531360983848572e-02
3.565916061401367188e+00
0.000000000000000000e+00
3.535172669216990471e-03
2.357119023799896240e-01
3.344541788101196289e-01
1.330398321151733398e-01
8.504492044448852539e-01
0.000000000000000000e+00
1.075565535575151443e-02
3.212079107761383057e-01
6.611706614494323730e-01
8.168347477912902832e-01
0.000000000000000000e+00
1.406820118427276611e-01
1.426411867141723633e+00
2.145207524299621582e-01
4.844014048576354980e-01
2.520904503762722015e-02
4.550555348396301270e-02
3.488506674766540527e-01
0.000000000000000000e+00
0.000000000000000000e+00
4.238481819629669189e-02
0.000000000000000000e+00
0.000000000000000000e+00
0.000000000000000000e+00
6.155125796794891357e-02
2.297187782824039459e-02
4.033746719360351562e+00
0.000000000000000000e+00
6.228499114513397217e-02
5.897371172904968262e-01
7.754433900117874146e-02
7.108575701713562012e-01
3.807458281517028809e-02
3.747245669364929199e-02
2.075907289981842041e-01
8.889490365982055664e-02
0.000000000000000000e+00
0.000000000000000000e+00
2.796609699726104736e-01
1.628131270408630371e-01
1.292840987443923950e-01
1.876061558723449707e-01
2.896412312984466553e-01
4.945354163646697998e-01
1.491528898477554321e-01
1.416775107383728027e+00
3.641765564680099487e-02
3.158626556396484375e+00
1.755592375993728638e-01
7.743353955447673798e-03
3.485240042209625244e-01
2.471861988306045532e-01
2.656881213188171387e-01
2.729975581169128418e-01
1.090089138597249985e-02
6.841114759445190430e-01
7.029731869697570801e-01
9.097880125045776367e-01
0.000000000000000000e+00
6.687822937965393066e-02
1.933638304471969604e-01
1.070554926991462708e-02
1.350609958171844482e-01
1.126947402954101562e+00
2.869050502777099609e-01
5.272811055183410645e-01
0.000000000000000000e+00
2.143808081746101379e-02
0.000000000000000000e+00
0.000000000000000000e+00
4.458483159542083740e-01
0.000000000000000000e+00
1.254116147756576538e-01
1.903241872787475586e-01
3.046512603759765625e-01
5.446236133575439453e-01
7.685461044311523438e-01
4.995080530643463135e-01
4.792864918708801270e-01
3.697974979877471924e-01
6.654159426689147949e-01
2.257798798382282257e-02
1.366628408432006836e-01
0.000000000000000000e+00
0.000000000000000000e+00
0.000000000000000000e+00
1.874068081378936768e-01
8.149550557136535645e-01
7.596155405044555664e-01
2.091485448181629181e-02
1.657681018114089966e-01
2.667468972504138947e-02
0.000000000000000000e+00
7.222419232130050659e-02
0.000000000000000000e+00
6.172664463520050049e-03
0.000000000000000000e+00
5.315240472555160522e-02
3.727577030658721924e-01
2.273926287889480591e-01
0.000000000000000000e+00
1.041640877723693848e+00
9.434923529624938965e-03
6.333817541599273682e-02
0.000000000000000000e+00
5.792211741209030151e-03
0.000000000000000000e+00
1.767088025808334351e-01
5.591269731521606445e-01
3.250005841255187988e-02
1.634532362222671509e-01
2.065612934529781342e-03
5.107235312461853027e-01
4.960552453994750977e-01
6.887736916542053223e-02
1.454548984766006470e-01
2.785401605069637299e-02
0.000000000000000000e+00
4.397749602794647217e-01
1.350663155317306519e-01
3.759874403476715088e-02
1.317205876111984253e-01
0.000000000000000000e+00
1.660775899887084961e+00
1.622604876756668091e-01
4.291771352291107178e-01
0.000000000000000000e+00
9.717357158660888672e-02
2.799039008095860481e-03
2.254656329751014709e-02
0.000000000000000000e+00
3.420234322547912598e-01
2.259420044720172882e-02
1.996346265077590942e-01
1.308760523796081543e+00
3.292329376563429832e-03
3.988304138183593750e-01
1.362230181694030762e-01
2.308211624622344971e-01
2.198657989501953125e-01
2.676739916205406189e-02
2.316461503505706787e-01
1.858503967523574829e-01
1.887447595596313477e+00
6.809809803962707520e-01
6.909409165382385254e-02
1.346787959337234497e-01
0.000000000000000000e+00
2.238482683897018433e-01
1.225539017468690872e-02
3.094509430229663849e-02
3.262817487120628357e-02
0.000000000000000000e+00
5.995527654886245728e-02
0.000000000000000000e+00
1.466002501547336578e-02
2.903524972498416901e-02
2.538287937641143799e-01
8.551505394279956818e-03
2.241838932037353516e+00
2.862183749675750732e-02
1.025684252381324768e-01
8.483699522912502289e-03
1.059490218758583069e-01
1.445532798767089844e+00
7.004956901073455811e-02
1.462814304977655411e-02
3.658569753170013428e-01
0.000000000000000000e+00
1.855400577187538147e-02
4.131499677896499634e-02
4.194604456424713135e-01
3.091295249760150909e-03
1.326294243335723877e-01
3.523051366209983826e-02
9.970956481993198395e-03
1.424494087696075439e-01
3.650390386581420898e+00
0.000000000000000000e+00
3.117053508758544922e+00
2.057152800261974335e-02
0.000000000000000000e+00
0.000000000000000000e+00
6.001852452754974365e-02
6.396553944796323776e-03
2.169987410306930542e-01
3.798458278179168701e-01
3.580013057217001915e-03
7.814094424247741699e-01
2.978940904140472412e-01
1.796642541885375977e-01
4.675445854663848877e-01
2.252229928970336914e+00
4.045482575893402100e-01
5.810957029461860657e-02
5.749178119003772736e-03
8.042591810226440430e-01
6.590873003005981445e-01
8.642030507326126099e-02
2.434069514274597168e-01
1.077894493937492371e-01
5.523043870925903320e-02
1.287638843059539795e-01
6.906296014785766602e-01
2.789099887013435364e-02
8.815005421638488770e-02
3.463963866233825684e-01
0.000000000000000000e+00
0.000000000000000000e+00
7.037319242954254150e-02
1.364278793334960938e-01
0.000000000000000000e+00
1.356312036514282227e-01
6.570617854595184326e-02
2.937169671058654785e-01
3.318955183029174805e+00
3.820550069212913513e-02
3.375013768672943115e-01
1.461837410926818848e+00
4.486403986811637878e-02
4.410029947757720947e-02
0.000000000000000000e+00
4.281834140419960022e-02
7.545170187950134277e-02
3.701071739196777344e-01
0.000000000000000000e+00
1.132100075483322144e-02
9.999406337738037109e-02
0.000000000000000000e+00
9.067995846271514893e-02
3.553862450644373894e-03
9.686752222478389740e-03
5.263842940330505371e-01
7.529813330620527267e-03
0.000000000000000000e+00
6.626425683498382568e-02
1.950250118970870972e-01
0.000000000000000000e+00
5.420302972197532654e-03
1.004651039838790894e-01
6.281406283378601074e-01
0.000000000000000000e+00
6.150537636131048203e-03
1.977559328079223633e-01
1.395576000213623047e-01
0.000000000000000000e+00
3.187806308269500732e-01
2.634146995842456818e-02
0.000000000000000000e+00
2.092297226190567017e-01
6.304579228162765503e-02
3.223099559545516968e-02
3.157716393470764160e-01
1.095507070422172546e-01
1.458937376737594604e-01
9.313116222620010376e-02
1.423125118017196655e-01
0.000000000000000000e+00
3.824981451034545898e-01
2.456069290637969971e-01
2.467056810855865479e-01
9.597094729542732239e-03
1.338071525096893311e-01
1.037926897406578064e-01
3.929213806986808777e-02
4.818423092365264893e-01
6.753939390182495117e-02
1.461773663759231567e-01
6.469898670911788940e-02
2.789150774478912354e-01
2.465008944272994995e-02
4.733919724822044373e-02
2.154020071029663086e-01
3.795264363288879395e-01
7.991655468940734863e-01
0.000000000000000000e+00
1.918304897844791412e-02
1.021248817443847656e+00
2.723941206932067871e-01
2.604211091995239258e+00
1.118549346923828125e+00
2.943020761013031006e-01
1.987305641174316406e+00
1.332981288433074951e-01
1.619013547897338867e-01
1.450559496879577637e-01
3.181209564208984375e-01
1.251793861389160156e+00
3.790947049856185913e-02
2.374293282628059387e-03
9.555896371603012085e-02
2.380593568086624146e-01
6.433127522468566895e-01
3.764394670724868774e-03
3.296295404434204102e+00
4.715069383382797241e-02
2.365483522415161133e+00
7.516902089118957520e-01
4.445204138755798340e-02
4.793012440204620361e-01
5.449419468641281128e-02
0.000000000000000000e+00
2.300586104393005371e-01
6.008825078606605530e-02
4.425494074821472168e-01
1.390926539897918701e-01
6.941607594490051270e-02
9.500023722648620605e-01
1.543180942535400391e-01
0.000000000000000000e+00
9.448496997356414795e-02
1.310947299003601074e+00
2.611953616142272949e-01
1.548817515373229980e+00
2.770475149154663086e-01
6.960772871971130371e-01
6.462922692298889160e-02
0.000000000000000000e+00
9.917960762977600098e-01
2.070467472076416016e-01
4.055676460266113281e-01
6.593640148639678955e-02
0.000000000000000000e+00
3.873282372951507568e-01
4.795540124177932739e-02
1.016705393791198730e+00
2.167709469795227051e-01
1.021026074886322021e-02
8.195511102676391602e-01
0.000000000000000000e+00
7.682694494724273682e-02
5.835807323455810547e-01
3.796795010566711426e-02
0.000000000000000000e+00
1.318427175283432007e-01
0.000000000000000000e+00
2.369604706764221191e-01
6.416805833578109741e-02
0.000000000000000000e+00
4.484090581536293030e-02
3.402802394703030586e-03
2.502923309803009033e-01
6.364395618438720703e-01
4.278255701065063477e-01
2.288208723068237305e+00
9.872434288263320923e-02
1.844130873680114746e+00
1.543913781642913818e-01
5.279107950627803802e-03
9.994699954986572266e-01
3.664876222610473633e-01
0.000000000000000000e+00
6.574533134698867798e-02
0.000000000000000000e+00
0.000000000000000000e+00
3.210600465536117554e-03
9.471730589866638184e-01
9.603327512741088867e-02
2.929468639194965363e-03
1.701214462518692017e-01
8.320773951709270477e-03
3.115043044090270996e-01
1.869740337133407593e-02
6.689075380563735962e-02
2.811299860477447510e-01
0.000000000000000000e+00
0.000000000000000000e+00
2.770983555819839239e-04
8.527918159961700439e-02
0.000000000000000000e+00
9.150129556655883789e-02
1.685901582241058350e-01
2.921125411987304688e+00
4.568926990032196045e-02
8.754952251911163330e-02
1.795933395624160767e-02
1.775431334972381592e-01
8.795874565839767456e-02
0.000000000000000000e+00
2.582425065338611603e-02
5.602929275482892990e-03
0.000000000000000000e+00
2.761318385601043701e-01
2.367087125778198242e+00
2.454204559326171875e-01
1.121150016784667969e+00
1.779647320508956909e-01
1.269224286079406738e-01
1.232192873954772949e+00
0.000000000000000000e+00
9.082809835672378540e-02
3.898367285728454590e-01
1.060995340347290039e+00
8.254506438970565796e-02
2.986561954021453857e-01
0.000000000000000000e+00
2.818086147308349609e-01
0.000000000000000000e+00
5.667019262909889221e-02
2.832263708114624023e-01
1.447827741503715515e-02
3.620001673698425293e-02
0.000000000000000000e+00
0.000000000000000000e+00
1.602999982424080372e-04
4.576227366924285889e-01
0.000000000000000000e+00
3.176223516464233398e+00
2.844560742378234863e-01
5.128200724720954895e-02
2.366704940795898438e+00
7.187079172581434250e-04
9.459038265049457550e-04
2.944599986076354980e-01
8.165841102600097656e-01
6.471641361713409424e-02
1.899694907478988171e-03
4.392962902784347534e-02
4.054967686533927917e-02
1.857937723398208618e-01
1.120491623878479004e-01
1.825198084115982056e-01
2.273461580276489258e+00
1.964664459228515625e-01
0.000000000000000000e+00
0.000000000000000000e+00
2.083762645721435547e+00
1.290536392480134964e-02
4.053325653076171875e+00
1.048934459686279297e+00
4.204429686069488525e-01
1.687316149473190308e-01
1.724302209913730621e-02
3.197674080729484558e-02
9.531803429126739502e-02
4.830489307641983032e-02
9.654255211353302002e-02
2.582636177539825439e-01
3.983793854713439941e-01
1.276079267263412476e-01
4.227168858051300049e-03
1.945787481963634491e-02
0.000000000000000000e+00
1.834757067263126373e-02
2.200718969106674194e-01
1.017687004059553146e-02
0.000000000000000000e+00
0.000000000000000000e+00
8.610948920249938965e-01
2.414091110229492188e+00
0.000000000000000000e+00
0.000000000000000000e+00
4.005283117294311523e-02
2.222320437431335449e-01
6.986633539199829102e-01
5.723228305578231812e-02
1.903736777603626251e-02
1.330038309097290039e-01
1.909985989332199097e-01
3.255754709243774414e-01
7.974222302436828613e-02
2.781891636550426483e-02
6.983653306961059570e-01
2.835328876972198486e-01
0.000000000000000000e+00
1.828617751598358154e-01
1.048079848289489746e+00
0.000000000000000000e+00
2.202573604881763458e-02
2.515192329883575439e-02
3.086168467998504639e-01
1.088516786694526672e-02
2.414318174123764038e-02
6.875007748603820801e-01
3.332383036613464355e-01
0.000000000000000000e+00
4.027504846453666687e-02
7.950032949447631836e-01
2.053367048501968384e-01
9.190229326486587524e-02
1.258713100105524063e-02
7.663607597351074219e-01
9.139571785926818848e-01
0.000000000000000000e+00
8.351218700408935547e-02
0.000000000000000000e+00
1.047364950180053711e+00
3.659159660339355469e+00
0.000000000000000000e+00
1.663495600223541260e-02
1.355933994054794312e-01
0.000000000000000000e+00
1.210002899169921875e-01
1.016287133097648621e-03
3.516344726085662842e-02
2.106347866356372833e-02
2.775432169437408447e-02
5.032478332519531250e+00
3.877324759960174561e-01
2.181544452905654907e-01
9.824418276548385620e-02
0.000000000000000000e+00
6.298985332250595093e-02
6.830745190382003784e-02
4.690833389759063721e-02
1.258490324020385742e+00
0.000000000000000000e+00
1.760630756616592407e-01
2.243939191102981567e-01
1.473760115914046764e-03
2.535222768783569336e-01
0.000000000000000000e+00
2.113007940351963043e-02
3.918944895267486572e-01
2.121833339333534241e-02
2.621152400970458984e-01
3.473744392395019531e-01
0.000000000000000000e+00
0.000000000000000000e+00
3.991630300879478455e-02
7.768147438764572144e-02
3.299429640173912048e-02
1.825973689556121826e-01
1.762148737907409668e-01
6.570452451705932617e-01
1.229066014289855957e+00
1.346645474433898926e+00
1.626144535839557648e-02
3.764426112174987793e-01
4.358077421784400940e-03
0.000000000000000000e+00
7.444701194763183594e-01
2.437744103372097015e-02
0.000000000000000000e+00
9.223707318305969238e-01
1.981276459991931915e-02
0.000000000000000000e+00
7.079862803220748901e-02
0.000000000000000000e+00
1.163171678781509399e-01
2.526327073574066162e-01
2.687827646732330322e-01
2.499632090330123901e-01
0.000000000000000000e+00
1.197004807181656361e-03
0.000000000000000000e+00
9.183269739151000977e-02
5.964897945523262024e-02
8.735194569453597069e-04
3.599292635917663574e-01
4.815130531787872314e-01
1.685810238122940063e-01
4.852283954620361328e+00
2.821063399314880371e-01
4.292534887790679932e-01
2.667937576770782471e-01
0.000000000000000000e+00
0.000000000000000000e+00
0.000000000000000000e+00
6.890436261892318726e-02
6.712546199560165405e-02
6.088236346840858459e-02
4.864757880568504333e-02
2.928166463971138000e-02
0.000000000000000000e+00
5.910278856754302979e-02
1.661256432533264160e+00
9.592406568117439747e-04
3.074434995651245117e-01
4.782873690128326416e-01
0.000000000000000000e+00
2.578464746475219727e-01
3.203821778297424316e-01
1.497016549110412598e+00
4.572138655930757523e-03
3.336047232151031494e-01
6.728715449571609497e-02
2.192472457885742188e+00
2.503525912761688232e-01
4.920837283134460449e-01
2.203072905540466309e-01
8.001531474292278290e-03
0.000000000000000000e+00
6.380166858434677124e-02
4.693906009197235107e-02
1.095133125782012939e-01
1.214322913438081741e-02
2.514761388301849365e-01
2.714462518692016602e+00
7.705866694450378418e-01
1.659378036856651306e-02
7.331731319427490234e-01
5.465316586196422577e-03
4.712885916233062744e-01
2.170523814857006073e-02
4.763904511928558350e-01
4.764360375702381134e-03
2.468310445547103882e-01
2.847443521022796631e-01
0.000000000000000000e+00
7.666211575269699097e-02
4.054616391658782959e-02
2.655472140759229660e-03
1.165679097175598145e+00
1.491912081837654114e-02
7.603470087051391602e-01
2.632978558540344238e-02
9.026568531990051270e-01
1.746023190207779408e-03
1.074627339839935303e-01
0.000000000000000000e+00
1.149872392416000366e-01
7.574142217636108398e-01
1.630507826805114746e+00
3.456334769725799561e-01
3.172722458839416504e-02
1.832884177565574646e-02
5.893804505467414856e-02
1.252560764551162720e-01
3.585036098957061768e-01
1.742014102637767792e-02
0.000000000000000000e+00
1.365867704153060913e-01
1.015789899975061417e-02
2.123950608074665070e-02
4.063783168792724609e+00
2.373197674751281738e-01
9.473771601915359497e-02
1.202902913093566895e+00
1.240273192524909973e-02
2.162011340260505676e-02
3.313457667827606201e-01
4.562839567661285400e-01
1.475613862276077271e-01
4.417357221245765686e-02
0.000000000000000000e+00
2.477817982435226440e-01
2.436830848455429077e-02
9.704704284667968750e-01
3.372517181560397148e-03
8.932999521493911743e-02
6.042479351162910461e-02
0.000000000000000000e+00
2.315009832382202148e-01
0.000000000000000000e+00
3.526747822761535645e-01
8.691446781158447266e-01
6.049531102180480957e-01
0.000000000000000000e+00
0.000000000000000000e+00
3.495250642299652100e-01
2.260179966688156128e-01
7.245881017297506332e-03
3.764088153839111328e-01
9.523375332355499268e-02
2.203157544136047363e-01
3.019392490386962891e-01
1.354215383529663086e+00
4.381012544035911560e-02
6.655357480049133301e-01
1.634672582149505615e-01
1.954161375761032104e-02
2.995836734771728516e-01
1.924129277467727661e-01
1.407918427139520645e-02
1.595445424318313599e-01
2.212604582309722900e-01
5.501865863800048828e+00
0.000000000000000000e+00
1.825156658887863159e-01
0.000000000000000000e+00
1.297861244529485703e-02
7.860835641622543335e-02
0.000000000000000000e+00
6.323885917663574219e-02
0.000000000000000000e+00
5.273201465606689453e-01
5.224719271063804626e-02
1.411538720130920410e+00
1.980150192975997925e-01
1.443535536527633667e-01
1.424845866858959198e-02
9.411155581474304199e-01
4.692685790359973907e-03
1.037925332784652710e-01
2.055743336677551270e-01
9.273764491081237793e-02
3.242783844470977783e-01
9.839984029531478882e-02
1.015734314918518066e+00
0.000000000000000000e+00
0.000000000000000000e+00
3.712120056152343750e-01
3.207364082336425781e-01
4.113869071006774902e-01
2.144934833049774170e-01
5.272276699542999268e-02
1.705201342701911926e-03
6.628138478845357895e-03
6.521404385566711426e-01
2.670173943042755127e-01
1.789020597934722900e-01
4.738183319568634033e-01
5.840392038226127625e-02
3.755015134811401367e-02
2.131267450749874115e-03
2.177673950791358948e-02
6.439902633428573608e-02
1.083805337548255920e-01
3.176435083150863647e-02
3.577365577220916748e-01
3.988746404647827148e-01
1.035401970148086548e-01
0.000000000000000000e+00
2.433736026287078857e-01
2.599112987518310547e-01
3.185301721096038818e-01
1.537373304367065430e+00
1.427259445190429688e-01
1.518312543630599976e-01
5.833290889859199524e-02
1.588803827762603760e-01
0.000000000000000000e+00
1.326839532703161240e-02
6.801113486289978027e-01
3.991118073463439941e-02
2.164990752935409546e-01
0.000000000000000000e+00
5.330928415060043335e-02
3.447069823741912842e-01
0.000000000000000000e+00
0.000000000000000000e+00
0.000000000000000000e+00
4.971491172909736633e-02
1.071830466389656067e-01
1.341345906257629395e-01
1.551576331257820129e-02
1.733188867568969727e+00
2.866669595241546631e-01
4.221684634685516357e-01
3.602270781993865967e-01
6.746233105659484863e-01
0.000000000000000000e+00
4.882302284240722656e-01
1.471806764602661133e-01
5.087096691131591797e-01
2.289609983563423157e-02
1.782832667231559753e-02
1.000429272651672363e+00
1.555077433586120605e-01
1.076099798083305359e-01
1.175279989838600159e-01
2.353975325822830200e-01
1.652104854583740234e-01
3.024940192699432373e-01
2.638725340366363525e-01
5.459195375442504883e-01
3.152773082256317139e-01
7.742577791213989258e-02
9.440348148345947266e-01
4.629966616630554199e-01
0.000000000000000000e+00
8.246959000825881958e-02
0.000000000000000000e+00
0.000000000000000000e+00
9.993835538625717163e-02
6.378680001944303513e-03
0.000000000000000000e+00
0.000000000000000000e+00
0.000000000000000000e+00
0.000000000000000000e+00
3.481631353497505188e-02
0.000000000000000000e+00
4.234439432621002197e-01
6.931985616683959961e-01
5.374169722199440002e-02
8.951801806688308716e-02
3.364532068371772766e-02
3.894791901111602783e-01
2.964928448200225830e-01
4.681358337402343750e-01
2.016794681549072266e-02
6.573240458965301514e-02
6.951194405555725098e-01
6.405095756053924561e-02
1.245438400655984879e-02
8.162022382020950317e-02
8.089277148246765137e-01
0.000000000000000000e+00
0.000000000000000000e+00
2.064063400030136108e-01
4.719566553831100464e-03
1.763522386550903320e+00
1.603168100118637085e-01
2.935500741004943848e-01
7.462908979505300522e-04
0.000000000000000000e+00
0.000000000000000000e+00
1.700743883848190308e-01
1.936751157045364380e-01
7.766665816307067871e-01
2.916846871376037598e-01
1.194215416908264160e-01
7.691823840141296387e-01
3.093904852867126465e-01
1.841900497674942017e-01
0.000000000000000000e+00
6.968463957309722900e-02
1.546591073274612427e-01
3.701903391629457474e-03
1.973169744014739990e-01
2.752233529463410378e-03
6.430759560316801071e-03
9.287173300981521606e-02
1.690177917480468750e-01
1.562327504158020020e+00
0.000000000000000000e+00
0.000000000000000000e+00
0.000000000000000000e+00
1.025949478149414062e+00
5.541605949401855469e-01
8.197058737277984619e-02
6.423083692789077759e-02
7.775647100061178207e-03
3.430074546486139297e-03
9.868573397397994995e-02
0.000000000000000000e+00
9.090458601713180542e-02
7.578493356704711914e-01
3.156810402870178223e-01
1.753087490797042847e-01
3.349722921848297119e-01
2.634358704090118408e-01
1.390749216079711914e-01
1.624923795461654663e-01
6.393498182296752930e-02
7.718060165643692017e-02
6.062737107276916504e-02
0.000000000000000000e+00
0.000000000000000000e+00
0.000000000000000000e+00
0.000000000000000000e+00
0.000000000000000000e+00
1.148897502571344376e-02
4.579175114631652832e-01
2.042638361454010010e-01
3.106828033924102783e-02
0.000000000000000000e+00
0.000000000000000000e+00
5.109586939215660095e-02
2.721823006868362427e-02
3.094696402549743652e-01
1.970197260379791260e-02
7.070556282997131348e-02
6.929273605346679688e-01
3.357900306582450867e-02
0.000000000000000000e+00
1.154574751853942871e-01
0.000000000000000000e+00
5.467588305473327637e-01
8.512114882469177246e-01
4.585686683654785156e+00
9.358864277601242065e-03
3.546790778636932373e-01
1.800047419965267181e-02
7.755269408226013184e-01
7.691195607185363770e-01
1.221916172653436661e-02
1.459281444549560547e+00
1.471372693777084351e-01
7.649885416030883789e-01
2.477319687604904175e-01
4.691208004951477051e-01
2.199844360351562500e+00
2.904500067234039307e-01
0.000000000000000000e+00
3.573400899767875671e-02
1.824301183223724365e-01
4.778904914855957031e-01
0.000000000000000000e+00
2.297003380954265594e-02
0.000000000000000000e+00
2.468204349279403687e-01
3.168044388294219971e-01
1.424846705049276352e-02
1.471036821603775024e-01
0.000000000000000000e+00
5.054470300674438477e-01
7.360051274299621582e-01
2.424751408398151398e-02
0.000000000000000000e+00
3.897707223892211914e+00
8.990874886512756348e-02
6.412315964698791504e-01
2.249437570571899414e+00
0.000000000000000000e+00
2.798822708427906036e-02
3.125860691070556641e-01
6.725839972496032715e-01
1.153145171701908112e-02
1.232309460639953613e+00
8.389453589916229248e-02
8.224998600780963898e-03
5.499441921710968018e-02
1.819057613611221313e-01
2.254948765039443970e-02
2.971879839897155762e-01
1.015005037188529968e-01
2.537800669670104980e-01
2.129888296127319336e+00
4.528310522437095642e-02
1.274722665548324585e-01
0.000000000000000000e+00
4.157706629484891891e-03
0.000000000000000000e+00
6.833945214748382568e-02
4.498612284660339355e-01
6.122865900397300720e-02
1.157619357109069824e-01
3.995170071721076965e-02
8.342834711074829102e-01
4.450878128409385681e-03
3.486687541007995605e-01
1.420763731002807617e+00
7.541593909263610840e-02
3.575453534722328186e-02
3.596735894680023193e-01
0.000000000000000000e+00
2.192793339490890503e-01
1.823685526847839355e+00
9.406353950500488281e+00
3.240891993045806885e-01
2.850995063781738281e+00
2.522538229823112488e-02
3.222922794520854950e-03
6.152082681655883789e-01
1.065535936504602432e-02
2.039212137460708618e-01
5.377120524644851685e-02
2.141795635223388672e+00
8.003094196319580078e-01
3.719362616539001465e-01
1.203293278813362122e-01
1.498106122016906738e-01
0.000000000000000000e+00
1.085486337542533875e-01
2.268384955823421478e-02
5.568761378526687622e-02
6.374373286962509155e-02
0.000000000000000000e+00
0.000000000000000000e+00
0.000000000000000000e+00
9.652409789850935340e-05
0.000000000000000000e+00
7.128460407257080078e-01
4.211627691984176636e-02
1.652174949645996094e+00
1.204088926315307617e+00
1.989985816180706024e-02
5.130961164832115173e-02
0.000000000000000000e+00
5.801422894001007080e-02
7.063361257314682007e-02
8.390012197196483612e-03
9.826026856899261475e-02
0.000000000000000000e+00
0.000000000000000000e+00
1.441636085510253906e+00
1.960243731737136841e-01
1.790727525949478149e-01
1.940693736076354980e+00
2.298187017440795898e-01
5.013462156057357788e-02
3.702659606933593750e-01
8.700828067958354950e-03
0.000000000000000000e+00
8.150139451026916504e-02
1.039433553814888000e-01
0.000000000000000000e+00
4.249873161315917969e-01
4.749175012111663818e-01
3.041529357433319092e-01
5.297700166702270508e-01
1.326874084770679474e-02
1.370063662528991699e+00
