1.441891908645629883e+00
1.107261553406715393e-01
1.064950004220008850e-01
0.000000000000000000e+00
5.098674818873405457e-02
1.024403516203165054e-02
0.000000000000000000e+00
6.788465380668640137e-02
1.142703369259834290e-01
1.203393936157226562e-02
7.551829516887664795e-02
1.145301535725593567e-01
0.000000000000000000e+00
4.484019279479980469e-01
0.000000000000000000e+00
4.613108560442924500e-02
6.576507687568664551e-01
4.906900972127914429e-02
3.248210996389389038e-02
1.691825389862060547e-01
0.000000000000000000e+00
7.167299091815948486e-02
7.101437449455261230e-02
0.000000000000000000e+00
3.731848299503326416e-01
0.000000000000000000e+00
2.483638525009155273e-01
0.000000000000000000e+00
5.225474387407302856e-02
4.472270607948303223e-01
1.422113031148910522e-01
1.271073341369628906e+01
6.043362021446228027e-01
0.000000000000000000e+00
3.923322260379791260e-01
0.000000000000000000e+00
1.938294060528278351e-02
1.492502808570861816e+00
1.349373999983072281e-02
5.569947510957717896e-02
3.690943717956542969e+00
2.001873552799224854e-01
2.359072566032409668e-01
1.424966305494308472e-01
2.490462064743041992e-01
1.462174206972122192e-01
2.171343564987182617e-01
9.222837164998054504e-03
0.000000000000000000e+00
2.008255384862422943e-02
1.066342294216156006e-01
7.273656129837036133e-01
0.000000000000000000e+00
5.853964015841484070e-02
1.699670217931270599e-02
1.538427546620368958e-02
0.000000000000000000e+00
2.030708491802215576e-01
2.815425582230091095e-02
0.000000000000000000e+00
0.000000000000000000e+00
9.497540071606636047e-03
1.361217647790908813e-01
0.000000000000000000e+00
8.621340394020080566e-01
2.282446324825286865e-01
1.202251017093658447e-02
9.108693599700927734e-01
0.000000000000000000e+00
8.648574352264404297e-01
7.344571352005004883e-01
2.508300244808197021e-01
7.209374103695154190e-03
1.474756836891174316e+00
1.978862099349498749e-03
3.237697780132293701e-01
2.102212235331535339e-02
2.911569178104400635e-01
2.659955024719238281e-01
2.161472104489803314e-02
9.934337139129638672e-01
3.085218369960784912e-01
4.585792496800422668e-02
0.000000000000000000e+00
1.905901134014129639e-01
6.395607441663742065e-02
0.000000000000000000e+00
0.000000000000000000e+00
4.231737181544303894e-02
0.000000000000000000e+00
1.355927586555480957e-01
0.000000000000000000e+00
3.146395320072770119e-03
2.812667191028594971e-02
4.142682552337646484e-01
1.854597181081771851e-01
2.016245603561401367e+00
1.879602856934070587e-02
1.736804008483886719e+00
2.522711828351020813e-02
1.646616309881210327e-02
0.000000000000000000e+00
1.910102814435958862e-01
1.509734801948070526e-02
0.000000000000000000e+00
1.611729264259338379e-01
6.898470520973205566e-01
0.000000000000000000e+00
0.000000000000000000e+00
0.000000000000000000e+00
1.998203843832015991e-01
3.818847537040710449e-01
1.123087778687477112e-01
2.653927803039550781e+00
3.224922418594360352e+00
0.000000000000000000e+00
0.000000000000000000e+00
5.500316023826599121e-01
2.847788110375404358e-02
5.307041853666305542e-02
1.303322911262512207e-01
3.522956743836402893e-02
1.714144945144653320e-01
8.758981823921203613e-01
5.633959770202636719e+00
1.046675086021423340e+00
0.000000000000000000e+00
2.387538999319076538e-01
0.000000000000000000e+00
0.000000000000000000e+00
2.566747069358825684e-01
0.000000000000000000e+00
1.599245667457580566e+00
1.538743264973163605e-02
0.000000000000000000e+00
8.520731702446937561e-03
4.200241342186927795e-02
6.585781574249267578e-01
5.749399185180664062e+00
9.207360562868416309e-04
0.000000000000000000e+00
2.854614891111850739e-02
1.827276647090911865e-01
1.362202130258083344e-02
0.000000000000000000e+00
0.000000000000000000e+00
2.247163951396942139e-01
4.686069190502166748e-01
7.704778909683227539e-01
9.265326708555221558e-02
3.142344951629638672e+00
6.969612091779708862e-02
9.645602852106094360e-02
1.244954466819763184e-01
7.535469532012939453e-02
2.595899999141693115e-01
0.000000000000000000e+00
0.000000000000000000e+00
6.500373128801584244e-03
1.968066543340682983e-01
3.919376526027917862e-03
0.000000000000000000e+00
1.157567352056503296e-01
2.826955541968345642e-02
2.239107191562652588e-01
9.760791778564453125e+00
4.535981453955173492e-03
9.286073595285415649e-02
1.804810203611850739e-02
1.664031893014907837e-01
0.000000000000000000e+00
4.475557431578636169e-02
9.882009029388427734e-01
0.000000000000000000e+00
0.000000000000000000e+00
1.083445623517036438e-01
1.656972686760127544e-03
1.715610623359680176e-01
0.000000000000000000e+00
4.638932645320892334e-01
5.560535430908203125e+00
7.601821422576904297e-02
1.056519746780395508e-01
2.854470312595367432e-01
0.000000000000000000e+00
0.000000000000000000e+00
1.429749727249145508e-01
2.420576661825180054e-01
0.000000000000000000e+00
0.000000000000000000e+00
0.000000000000000000e+00
0.000000000000000000e+00
1.086304560303688049e-01
1.863748729228973389e-01
0.000000000000000000e+00
0.000000000000000000e+00
2.339922636747360229e-01
3.206206485629081726e-02
0.000000000000000000e+00
5.689895898103713989e-02
7.691476494073867798e-02
2.953634224832057953e-02
1.009350791573524475e-01
1.025242060422897339e-01
5.775335803627967834e-02
0.000000000000000000e+00
1.371802240610122681e-01
2.736387550830841064e-01
7.186864614486694336e-01
3.170233592391014099e-02
2.250491827726364136e-02
1.977737993001937866e-01
0.000000000000000000e+00
1.105002313852310181e-01
8.908796310424804688e-01
0.000000000000000000e+00
1.088483780622482300e-01
1.240671873092651367e-01
1.931477524340152740e-02
8.912165462970733643e-02
4.579229652881622314e-01
1.531049907207489014e-01
0.000000000000000000e+00
0.000000000000000000e+00
1.197555661201477051e+00
0.000000000000000000e+00
8.727256953716278076e-02
2.011675089597702026e-01
1.110154151916503906e+00
1.198538392782211304e-01
6.027228236198425293e-01
1.001298874616622925e-01
0.000000000000000000e+00
1.458867788314819336e+00
1.052033826708793640e-01
5.188995599746704102e-02
5.093865096569061279e-02
6.583563089370727539e-01
3.619266450405120850e-01
5.411726888269186020e-03
8.758591488003730774e-03
1.046605706214904785e-01
1.621199399232864380e-01
0.000000000000000000e+00
7.528354972600936890e-02
0.000000000000000000e+00
6.445182561874389648e-01
4.159972444176673889e-02
4.327087849378585815e-02
1.476696878671646118e-01
6.769602000713348389e-02
2.198645919561386108e-01
6.946234703063964844e+00
3.236055746674537659e-02
1.354385316371917725e-01
1.891686022281646729e-01
0.000000000000000000e+00
3.608316555619239807e-02
1.088649779558181763e-01
6.738449931144714355e-01
3.398217633366584778e-02
2.712423801422119141e-01
6.183062076568603516e+00
1.892513930797576904e-01
1.509959101676940918e-01
0.000000000000000000e+00
1.988051831722259521e-01
0.000000000000000000e+00
3.037512004375457764e-01
6.144245713949203491e-02
0.000000000000000000e+00
3.395652398467063904e-02
5.454277396202087402e-01
0.000000000000000000e+00
0.000000000000000000e+00
5.995866656303405762e-02
0.000000000000000000e+00
2.286960482597351074e-01
0.000000000000000000e+00
0.000000000000000000e+00
0.000000000000000000e+00
1.276347637176513672e-01
1.301595121622085571e-01
7.031078450381755829e-03
0.000000000000000000e+00
3.418093323707580566e-01
0.000000000000000000e+00
1.666486144065856934e+00
0.000000000000000000e+00
0.000000000000000000e+00
0.000000000000000000e+00
0.000000000000000000e+00
5.900210887193679810e-02
7.629090547561645508e-02
2.473518997430801392e-02
3.899325802922248840e-02
1.130935192108154297e+00
0.000000000000000000e+00
3.921560943126678467e-02
5.172265321016311646e-02
4.704079926013946533e-01
5.594709888100624084e-02
2.330145090818405151e-01
0.000000000000000000e+00
2.434358559548854828e-02
1.214771389961242676e+00
8.256096392869949341e-02
6.125022191554307938e-04
1.890902966260910034e-01
5.978819727897644043e-02
8.966248035430908203e-01
7.718306779861450195e-02
2.023119777441024780e-01
9.582260623574256897e-03
5.871997401118278503e-02
4.961675107479095459e-01
1.561979204416275024e-01
0.000000000000000000e+00
8.700385689735412598e-02
6.418891996145248413e-02
1.292422413825988770e+00
2.312343716621398926e-01
9.685691595077514648e-01
6.136147975921630859e-01
0.000000000000000000e+00
0.000000000000000000e+00
1.478312015533447266e-01
8.785735964775085449e-01
1.754866242408752441e-01
3.954580985009670258e-03
0.000000000000000000e+00
0.000000000000000000e+00
4.444376826286315918e-01
1.803466677665710449e-02
0.000000000000000000e+00
8.101966977119445801e-02
4.521440863609313965e-01
1.908135712146759033e-01
1.631365537643432617e+00
0.000000000000000000e+00
2.548319287598133087e-02
0.000000000000000000e+00
1.374230533838272095e-01
0.000000000000000000e+00
0.000000000000000000e+00
5.061540752649307251e-02
2.252412401139736176e-02
0.000000000000000000e+00
1.788985216990113258e-03
4.180898424237966537e-03
1.434100270271301270e-01
0.000000000000000000e+00
7.738083600997924805e-02
3.360837697982788086e-02
8.260063081979751587e-02
2.248379886150360107e-01
1.576538756489753723e-02
0.000000000000000000e+00
2.023250102996826172e+00
0.000000000000000000e+00
4.895830526947975159e-03
7.641425728797912598e-01
0.000000000000000000e+00
6.272855401039123535e-02
2.886625230312347412e-01
1.518940646201372147e-02
7.930997014045715332e-01
3.481094539165496826e-02
5.205680802464485168e-02
0.000000000000000000e+00
5.495786666870117188e-01
1.412806659936904907e-01
3.253515809774398804e-03
7.226447016000747681e-02
0.000000000000000000e+00
4.297721982002258301e-01
7.313302904367446899e-02
1.511536985635757446e-01
5.311747081577777863e-03
2.253375947475433350e-02
0.000000000000000000e+00
0.000000000000000000e+00
0.000000000000000000e+00
0.000000000000000000e+00
5.224725976586341858e-02
3.598723113536834717e-01
0.000000000000000000e+00
2.639171779155731201e-01
1.155940651893615723e+00
3.046715073287487030e-02
2.893691183999180794e-03
2.860803306102752686e-01
0.000000000000000000e+00
1.528356783092021942e-02
5.989694967865943909e-03
2.435519546270370483e-01
1.417948603630065918e-01
4.817732870578765869e-01
1.644275709986686707e-02
5.127687007188796997e-02
2.395818382501602173e-02
0.000000000000000000e+00
0.000000000000000000e+00
0.000000000000000000e+00
0.000000000000000000e+00
3.337721340358257294e-03
0.000000000000000000e+00
0.000000000000000000e+00
0.000000000000000000e+00
4.260582849383354187e-02
1.738939248025417328e-02
4.866313561797142029e-02
4.070129394531250000e-01
5.859867483377456665e-02
2.576649747788906097e-02
0.000000000000000000e+00
3.322844579815864563e-02
6.135143637657165527e-01
0.000000000000000000e+00
2.867766916751861572e-01
6.871698051691055298e-02
0.000000000000000000e+00
4.583807289600372314e-01
2.254430770874023438e+00
2.303780289366841316e-03
3.945644199848175049e-02
8.091825991868972778e-02
0.000000000000000000e+00
0.000000000000000000e+00
0.000000000000000000e+00
1.233610153198242188e+00
5.268005132675170898e-01
1.033890992403030396e-01
5.930069833993911743e-02
7.884871959686279297e-02
3.820553189143538475e-03
0.000000000000000000e+00
8.617099374532699585e-03
1.647308119572699070e-03
0.000000000000000000e+00
1.458623111248016357e-01
4.735279977321624756e-01
0.000000000000000000e+00
5.202542543411254883e-01
3.802747130393981934e-01
1.599271595478057861e-01
1.506157070398330688e-01
2.548485040664672852e+00
0.000000000000000000e+00
3.370428830385208130e-02
0.000000000000000000e+00
0.000000000000000000e+00
2.442297637462615967e-01
0.000000000000000000e+00
0.000000000000000000e+00
8.185762763023376465e-01
4.601016268134117126e-02
8.315053582191467285e-01
3.467690646648406982e-01
1.753342337906360626e-03
7.583454251289367676e-02
1.645396053791046143e-01
1.906151771545410156e+00
4.084110558032989502e-01
0.000000000000000000e+00
4.443183075636625290e-03
1.380128145217895508e+00
5.143271684646606445e-01
5.994572639465332031e-01
1.798483729362487793e+00
9.383410960435867310e-02
4.852467030286788940e-02
6.957691907882690430e-01
1.736461520195007324e-01
5.429191514849662781e-02
5.746060982346534729e-02
4.940765723586082458e-02
1.917243450880050659e-01
1.754306852817535400e-01
1.341210305690765381e-02
0.000000000000000000e+00
0.000000000000000000e+00
1.876419931650161743e-01
1.381391584873199463e-01
0.000000000000000000e+00
1.322369575500488281e+00
4.396103024482727051e-01
2.456458657979965210e-02
1.203363686800003052e-01
1.170963048934936523e+00
5.076258778572082520e-01
1.178458053618669510e-02
1.145161092281341553e-01
2.723139822483062744e-01
0.000000000000000000e+00
0.000000000000000000e+00
0.000000000000000000e+00
1.514279376715421677e-02
9.712664484977722168e-01
0.000000000000000000e+00
4.923107102513313293e-02
3.804143518209457397e-03
1.292547702789306641e+00
0.000000000000000000e+00
4.610615223646163940e-02
3.118395991623401642e-02
7.708867788314819336e-01
0.000000000000000000e+00
0.000000000000000000e+00
1.890424937009811401e-01
1.443468481302261353e-01
7.434377074241638184e-01
1.168758511543273926e+00
1.050221174955368042e-01
1.230542808771133423e-01
7.205309271812438965e-01
0.000000000000000000e+00
0.000000000000000000e+00
2.440196126699447632e-01
2.758544087409973145e-01
1.299672573804855347e-01
5.487723946571350098e-01
1.005246676504611969e-02
6.626063492149114609e-03
2.794520854949951172e-01
8.610941469669342041e-02
0.000000000000000000e+00
0.000000000000000000e+00
8.720989525318145752e-02
5.654836818575859070e-02
0.000000000000000000e+00
1.596845686435699463e-01
0.000000000000000000e+00
0.000000000000000000e+00
0.000000000000000000e+00
1.062803077697753906e+01
0.000000000000000000e+00
0.000000000000000000e+00
7.481729984283447266e-01
1.718829199671745300e-02
1.010809063911437988e+00
1.276745080947875977e+00
9.829362869262695312e+00
0.000000000000000000e+00
6.149143446236848831e-03
1.145051360130310059e+00
4.489120095968246460e-02
0.000000000000000000e+00
1.669721864163875580e-02
2.743420004844665527e-01
0.000000000000000000e+00
4.659716412425041199e-02
0.000000000000000000e+00
0.000000000000000000e+00
0.000000000000000000e+00
0.000000000000000000e+00
3.861952805891633034e-03
1.730950549244880676e-02
1.254525065422058105e+00
6.569787859916687012e-02
2.715885825455188751e-02
0.000000000000000000e+00
7.090387493371963501e-02
2.602188289165496826e-02
1.216826215386390686e-01
1.631286591291427612e-01
0.000000000000000000e+00
0.000000000000000000e+00
4.888321459293365479e-02
0.000000000000000000e+00
0.000000000000000000e+00
8.296403288841247559e-02
0.000000000000000000e+00
0.000000000000000000e+00
2.113526500761508942e-02
7.636812925338745117e-01
1.783077836036682129e+00
1.196457624435424805e+00
3.612837195396423340e-01
2.642991393804550171e-02
5.527411028742790222e-02
8.178954571485519409e-02
1.626335829496383667e-01
1.423732042312622070e+00
5.309966206550598145e-01
7.778313010931015015e-02
7.072487846016883850e-03
8.077147603034973145e-02
1.624560594558715820e+00
0.000000000000000000e+00
8.542285859584808350e-02
6.257044076919555664e-01
1.440781503915786743e-01
3.704102635383605957e-01
1.400780677795410156e-02
0.000000000000000000e+00
1.606871485710144043e-01
1.535896062850952148e-01
1.226903572678565979e-01
0.000000000000000000e+00
7.390290498733520508e-02
3.353272750973701477e-02
6.176870316267013550e-02
9.850645437836647034e-03
2.183736264705657959e-01
2.015827223658561707e-02
1.719998009502887726e-02
2.853277027606964111e-01
1.896702647209167480e+00
0.000000000000000000e+00
6.864495277404785156e-01
2.012414187192916870e-01
1.355454176664352417e-01
0.000000000000000000e+00
0.000000000000000000e+00
0.000000000000000000e+00
3.016314029693603516e+00
6.932938843965530396e-02
0.000000000000000000e+00
0.000000000000000000e+00
4.292452707886695862e-02
2.095883488655090332e-01
3.074908733367919922e+00
1.985544443130493164e+00
2.903475612401962280e-02
4.863580465316772461e-01
0.000000000000000000e+00
0.000000000000000000e+00
1.867308863438665867e-03
1.108568668365478516e+00
1.175394535064697266e+00
1.046754717826843262e-01
0.000000000000000000e+00
4.934419989585876465e-01
2.588263452053070068e-01
7.184137403964996338e-02
3.401216818019747734e-03
3.807366490364074707e-01
4.369549453258514404e-02
2.673827111721038818e-01
2.348885238170623779e-01
1.172149538993835449e+00
1.106106489896774292e-02
7.717900276184082031e-01
0.000000000000000000e+00
1.138816922903060913e-01
5.337034910917282104e-02
0.000000000000000000e+00
0.000000000000000000e+00
1.670935004949569702e-02
1.041840791702270508e+00
2.027858197689056396e-01
4.726926088333129883e-01
0.000000000000000000e+00
2.924595177173614502e-01
2.256569415330886841e-01
1.184868812561035156e-02
0.000000000000000000e+00
1.227062791585922241e-01
4.846654236316680908e-01
6.409372435882687569e-04
3.786128386855125427e-02
7.484094053506851196e-02
3.328865170478820801e-01
0.000000000000000000e+00
2.266386896371841431e-01
1.401601880788803101e-01
2.107941359281539917e-01
0.000000000000000000e+00
0.000000000000000000e+00
0.000000000000000000e+00
1.063245255500078201e-02
1.243716597557067871e+00
1.296627223491668701e-01
3.412438929080963135e-01
7.517773509025573730e-01
4.653803259134292603e-02
0.000000000000000000e+00
7.933087348937988281e-01
5.023508518934249878e-02
6.863349582999944687e-03
0.000000000000000000e+00
2.724324464797973633e-01
3.174376115202903748e-02
0.000000000000000000e+00
3.377974331378936768e-01
1.345215141773223877e-01
0.000000000000000000e+00
2.843702398240566254e-02
3.946886658668518066e-01
0.000000000000000000e+00
2.791394665837287903e-02
1.957438737154006958e-01
4.177398234605789185e-02
5.498601794242858887e-01
0.000000000000000000e+00
0.000000000000000000e+00
1.513887941837310791e-01
2.373747676610946655e-01
0.000000000000000000e+00
5.732660181820392609e-03
0.000000000000000000e+00
1.738339476287364960e-02
1.869159378111362457e-02
0.000000000000000000e+00
2.849907159805297852e+00
2.463674098253250122e-01
4.369409978389739990e-01
3.379847854375839233e-02
2.343183457851409912e-01
2.171299606561660767e-01
2.733530700206756592e-01
0.000000000000000000e+00
4.037492349743843079e-02
6.668827682733535767e-02
2.147838771343231201e-01
1.963971555233001709e-01
0.000000000000000000e+00
4.798199832439422607e-01
8.863583803176879883e-01
1.137553229928016663e-01
4.678351879119873047e-01
1.876887492835521698e-02
4.859521389007568359e-01
4.015192389488220215e-02
3.881997615098953247e-02
2.020409822463989258e+00
2.255650013685226440e-01
4.034153372049331665e-02
3.030204586684703827e-02
0.000000000000000000e+00
4.418445527553558350e-01
0.000000000000000000e+00
6.362167835235595703e+00
6.381971836090087891e-01
1.613530963659286499e-01
1.226645469665527344e+00
1.747588743455708027e-03
2.431053481996059418e-02
2.199315875768661499e-01
3.975381553173065186e-01
9.341110289096832275e-02
5.040397047996520996e-01
9.376568347215652466e-02
1.471227258443832397e-01
3.561128079891204834e-01
4.912760574370622635e-03
0.000000000000000000e+00
2.215849049389362335e-02
1.465431414544582367e-02
2.917052805423736572e-01
1.576342582702636719e+00
1.519624330103397369e-02
6.098017096519470215e-01
2.937746234238147736e-03
0.000000000000000000e+00
3.447817564010620117e-01
3.928592801094055176e-01
1.261245226487517357e-03
0.000000000000000000e+00
0.000000000000000000e+00
0.000000000000000000e+00
2.262792587280273438e+00
0.000000000000000000e+00
0.000000000000000000e+00
0.000000000000000000e+00
5.532655492424964905e-02
0.000000000000000000e+00
1.472226858139038086e+00
0.000000000000000000e+00
0.000000000000000000e+00
3.993852436542510986e-01
7.728981971740722656e-01
1.290707588195800781e-01
0.000000000000000000e+00
0.000000000000000000e+00
2.731086909770965576e-01
1.945033855736255646e-02
1.057945489883422852e-01
0.000000000000000000e+00
2.673874795436859131e-01
2.433169446885585785e-02
5.626280903816223145e-01
0.000000000000000000e+00
4.171030223369598389e-01
3.743523061275482178e-01
1.022862911224365234e+00
4.540779292583465576e-01
7.453986406326293945e-01
7.342251390218734741e-02
0.000000000000000000e+00
0.000000000000000000e+00
1.861187666654586792e-01
0.000000000000000000e+00
0.000000000000000000e+00
1.711849868297576904e-02
0.000000000000000000e+00
6.232457756996154785e-01
0.000000000000000000e+00
2.022946067154407501e-02
9.882724843919277191e-03
0.000000000000000000e+00
5.571812391281127930e-01
2.594064950942993164e+00
1.220197677612304688e-01
0.000000000000000000e+00
6.741097569465637207e-02
2.712203562259674072e-01
0.000000000000000000e+00
1.823040889576077461e-03
0.000000000000000000e+00
2.340309858322143555e+00
1.336410827934741974e-02
1.474028229713439941e-01
3.911355882883071899e-02
0.000000000000000000e+00
0.000000000000000000e+00
3.065484762191772461e-01
3.777583837509155273e-01
7.569837383925914764e-03
2.540305256843566895e-01
1.262343645095825195e+00
7.157328072935342789e-03
4.207434356212615967e-01
1.274569988250732422e+01
2.847589924931526184e-02
2.553347870707511902e-02
7.601712644100189209e-02
1.961823552846908569e-01
1.433551162481307983e-01
0.000000000000000000e+00
0.000000000000000000e+00
2.666113376617431641e-01
8.352327346801757812e-02
3.200735747814178467e-01
1.799756474792957306e-02
2.974906563758850098e-01
0.000000000000000000e+00
0.000000000000000000e+00
9.852045774459838867e-02
0.000000000000000000e+00
1.418478670530021191e-03
9.127074480056762695e-02
2.744809910655021667e-02
0.000000000000000000e+00
8.199122548103332520e-02
1.000352576375007629e-01
5.137377977371215820e-01
9.256073087453842163e-02
1.092641800642013550e-01
6.398267745971679688e-01
4.560998827219009399e-02
3.929022252559661865e-01
0.000000000000000000e+00
1.613769680261611938e-01
7.919711470603942871e-01
3.126763924956321716e-02
2.038682401180267334e-01
1.009124331176280975e-03
4.999393224716186523e-01
2.386740222573280334e-02
1.773267798125743866e-02
2.692802064120769501e-02
0.000000000000000000e+00
0.000000000000000000e+00
2.000915527343750000e+00
0.000000000000000000e+00
4.482054412364959717e-01
0.000000000000000000e+00
0.000000000000000000e+00
2.154361270368099213e-02
2.537322975695133209e-02
0.000000000000000000e+00
0.000000000000000000e+00
3.720750287175178528e-02
1.117233745753765106e-02
2.156576633453369141e+00
0.000000000000000000e+00
2.081089764833450317e-01
0.000000000000000000e+00
0.000000000000000000e+00
0.000000000000000000e+00
1.035393953323364258e+00
8.828760385513305664e-01
4.087990149855613708e-02
1.347174942493438721e-01
2.170662432909011841e-01
6.046478152275085449e-01
0.000000000000000000e+00
1.348217278718948364e-01
9.913886897265911102e-03
1.764433383941650391e-01
1.011052653193473816e-01
6.041138619184494019e-02
2.014213085174560547e+00
1.703518331050872803e-01
4.974669218063354492e-01
0.000000000000000000e+00
1.251531124114990234e+00
5.382809415459632874e-02
0.000000000000000000e+00
1.553202390670776367e+00
0.000000000000000000e+00
7.234845757484436035e-01
4.490365833044052124e-02
6.155922412872314453e-01
0.000000000000000000e+00
3.670852482318878174e-01
0.000000000000000000e+00
0.000000000000000000e+00
0.000000000000000000e+00
2.947830595076084137e-02
2.827001214027404785e-01
4.260446727275848389e-01
0.000000000000000000e+00
1.144808158278465271e-01
0.000000000000000000e+00
1.401389092206954956e-01
4.484952390193939209e-01
0.000000000000000000e+00
1.778955906629562378e-01
2.615522742271423340e-01
1.906984299421310425e-01
1.386867612600326538e-01
1.002321466803550720e-01
3.068707138299942017e-02
0.000000000000000000e+00
1.467128992080688477e-01
0.000000000000000000e+00
1.186205297708511353e-01
1.401382446289062500e+00
1.005003213882446289e+00
1.120496988296508789e+00
1.640158444643020630e-01
2.900253534317016602e-01
2.993559464812278748e-03
4.081644490361213684e-02
4.531194269657135010e-02
3.019598484039306641e+00
0.000000000000000000e+00
4.837557673454284668e-02
1.994278728961944580e-01
0.000000000000000000e+00
1.196912396699190140e-02
4.939950704574584961e-01
8.031040430068969727e-02
1.514695882797241211e-01
8.471746928989887238e-03
0.000000000000000000e+00
0.000000000000000000e+00
0.000000000000000000e+00
5.885783582925796509e-02
5.945893749594688416e-02
0.000000000000000000e+00
1.010078191757202148e+00
2.252257429063320160e-02
1.592600643634796143e-01
1.551093012094497681e-01
3.641712293028831482e-02
1.037342920899391174e-01
3.107014596462249756e-01
0.000000000000000000e+00
2.613373100757598877e-01
0.000000000000000000e+00
0.000000000000000000e+00
9.404007345438003540e-02
9.865942411124706268e-03
4.400479607284069061e-03
1.616132110357284546e-01
0.000000000000000000e+00
1.004072278738021851e-01
1.606103181838989258e-01
0.000000000000000000e+00
6.524202763102948666e-04
2.883593365550041199e-02
2.214120626449584961e-01
9.915415048599243164e-01
2.573801994323730469e+00
0.000000000000000000e+00
7.892055809497833252e-02
2.019169807434082031e+00
3.219783306121826172e-02
0.000000000000000000e+00
1.110498666763305664e+00
2.268959768116474152e-02
2.507578134536743164e-01
1.318082865327596664e-02
1.097009032964706421e-01
6.837234497070312500e-01
0.000000000000000000e+00
0.000000000000000000e+00
5.038723945617675781e-01
7.158030271530151367e-01
1.146391499787569046e-02
0.000000000000000000e+00
8.764070868492126465e-01
0.000000000000000000e+00
4.914610683917999268e-01
0.000000000000000000e+00
2.623991966247558594e-01
2.043692350387573242e+00
8.463294804096221924e-02
4.314645230770111084e-01
8.325358629226684570e-01
4.955114051699638367e-02
0.000000000000000000e+00
0.000000000000000000e+00
1.911026239395141602e-01
6.271755695343017578e-01
4.849668592214584351e-02
1.500068157911300659e-01
6.744553446769714355e-01
6.022620946168899536e-03
2.283561043441295624e-02
4.146112799644470215e-01
4.701755940914154053e-01
0.000000000000000000e+00
2.328175306320190430e+00
0.000000000000000000e+00
1.036901831626892090e+00
6.650738120079040527e-01
2.566418945789337158e-01
1.077014878392219543e-01
3.333487510681152344e-01
9.686017408967018127e-03
3.403815999627113342e-02
5.502448678016662598e-01
2.166457474231719971e-01
0.000000000000000000e+00
3.567489236593246460e-02
1.950637623667716980e-02
6.043693795800209045e-02
5.780466198921203613e-01
0.000000000000000000e+00
0.000000000000000000e+00
3.434915840625762939e-01
0.000000000000000000e+00
0.000000000000000000e+00
9.895406663417816162e-02
0.000000000000000000e+00
6.570903062820434570e-01
4.193430021405220032e-02
1.211643695831298828e+00
1.537870764732360840e-01
5.880479216575622559e-01
0.000000000000000000e+00
1.312696933746337891e-01
4.900625944137573242e-01
1.021863520145416260e-02
6.488293875008821487e-04
0.000000000000000000e+00
0.000000000000000000e+00
2.785561047494411469e-02
0.000000000000000000e+00
5.020207166671752930e-02
4.532308503985404968e-02
2.698465250432491302e-03
1.162990808486938477e+00
8.244340121746063232e-02
0.000000000000000000e+00
0.000000000000000000e+00
1.306343823671340942e-01
0.000000000000000000e+00
0.000000000000000000e+00
2.388690263032913208e-01
1.006836146116256714e-01
9.058542847633361816e-01
3.108122110366821289e+00
0.000000000000000000e+00
1.934704720042645931e-03
2.564847655594348907e-02
7.074756026268005371e-01
0.000000000000000000e+00
7.044770121574401855e-01
0.000000000000000000e+00
8.786272257566452026e-03
2.136459350585937500e-01
1.017579317092895508e+00
1.443425655364990234e+00
1.780311465263366699e-01
7.423470169305801392e-02
2.651685290038585663e-02
0.000000000000000000e+00
2.537101507186889648e-01
8.945547044277191162e-02
0.000000000000000000e+00
9.776904433965682983e-02
1.178261712193489075e-01
0.000000000000000000e+00
0.000000000000000000e+00
0.000000000000000000e+00
1.137179493904113770e+00
0.000000000000000000e+00
1.358612906187772751e-02
8.378988504409790039e-02
0.000000000000000000e+00
1.719614118337631226e-02
1.805878430604934692e-01
9.937578439712524414e-01
1.162430718541145325e-01
1.274890899658203125e-01
0.000000000000000000e+00
7.219728827476501465e-02
7.447740435600280762e-01
6.584096550941467285e-01
1.113682165741920471e-01
1.870892196893692017e-01
2.940518781542778015e-02
1.618698239326477051e-01
0.000000000000000000e+00
7.751904428005218506e-02
6.929829120635986328e-01
5.481969937682151794e-02
2.952016890048980713e-01
3.866641819477081299e-01
2.065195888280868530e-01
2.003120025619864464e-03
3.674391031265258789e+00
7.359205484390258789e-01
0.000000000000000000e+00
2.851077914237976074e-02
1.909931749105453491e-02
1.944694370031356812e-01
5.796130299568176270e-01
1.000482589006423950e-02
2.078487426042556763e-01
5.678305625915527344e-01
2.296506054699420929e-02
3.054071962833404541e-01
0.000000000000000000e+00
0.000000000000000000e+00
1.165984570980072021e-01
0.000000000000000000e+00
2.708121016621589661e-02
3.672000467777252197e-01
0.000000000000000000e+00
0.000000000000000000e+00
1.002994645386934280e-02
1.315104812383651733e-01
1.146901994943618774e-01
1.426203846931457520e-01
6.289157550781965256e-03
1.526222936809062958e-02
3.265305459499359131e-01
0.000000000000000000e+00
0.000000000000000000e+00
0.000000000000000000e+00
0.000000000000000000e+00
0.000000000000000000e+00
4.182154312729835510e-02
0.000000000000000000e+00
1.589601486921310425e-01
1.812265068292617798e-02
3.150415793061256409e-02
0.000000000000000000e+00
0.000000000000000000e+00
0.000000000000000000e+00
0.000000000000000000e+00
1.227295398712158203e+00
3.761313855648040771e-02
0.000000000000000000e+00
0.000000000000000000e+00
7.835752367973327637e-01
1.258955709636211395e-02
6.413176655769348145e-01
0.000000000000000000e+00
4.570913314819335938e-02
2.934373319149017334e-01
7.149686571210622787e-03
0.000000000000000000e+00
1.306167095899581909e-01
0.000000000000000000e+00
7.292658556252717972e-04
4.714595898985862732e-02
9.266838431358337402e-01
0.000000000000000000e+00
3.741209805011749268e-01
9.000602364540100098e-02
6.452173739671707153e-02
0.000000000000000000e+00
2.488203905522823334e-02
9.077072143554687500e-02
1.786824464797973633e-01
1.158960983157157898e-01
4.734378755092620850e-01
1.241563260555267334e-01
9.470403194427490234e-01
2.451818466186523438e+00
4.599871635437011719e-01
1.528047919273376465e-01
5.692616105079650879e-02
0.000000000000000000e+00
0.000000000000000000e+00
1.850857981480658054e-03
0.000000000000000000e+00
9.867963194847106934e-01
0.000000000000000000e+00
2.836953103542327881e-01
5.153263807296752930e-01
0.000000000000000000e+00
4.822357594966888428e-01
0.000000000000000000e+00
1.893485486507415771e-01
0.000000000000000000e+00
0.000000000000000000e+00
3.663409352302551270e-01
8.875931613147258759e-03
4.514620602130889893e-01
3.728567659854888916e-01
1.758866906166076660e+00
1.190615966916084290e-01
0.000000000000000000e+00
3.996031880378723145e-01
0.000000000000000000e+00
3.359423160552978516e+00
2.053443342447280884e-01
1.146802585572004318e-02
1.647858262062072754e+00
0.000000000000000000e+00
1.202178299427032471e-01
4.326986894011497498e-02
2.115214169025421143e-01
5.358435630798339844e+00
6.623294204473495483e-02
0.000000000000000000e+00
2.804424762725830078e-01
4.196830987930297852e-01
4.075818061828613281e-01
2.140372544527053833e-01
4.983804002404212952e-02
0.000000000000000000e+00
0.000000000000000000e+00
2.055035680532455444e-01
1.678480803966522217e-01
0.000000000000000000e+00
0.000000000000000000e+00
1.040374785661697388e-01
5.584000349044799805e-01
0.000000000000000000e+00
0.000000000000000000e+00
2.257744550704956055e+00
4.927038848400115967e-01
3.718623816967010498e-01
7.989937663078308105e-01
0.000000000000000000e+00
0.000000000000000000e+00
0.000000000000000000e+00
0.000000000000000000e+00
0.000000000000000000e+00
0.000000000000000000e+00
1.285784598439931870e-02
0.000000000000000000e+00
4.861825704574584961e-01
1.251438260078430176e+00
6.069413572549819946e-02
6.588107347488403320e-02
4.724999889731407166e-02
1.000766530632972717e-01
1.909170001745223999e-01
2.448716433718800545e-03
1.835605129599571228e-02
0.000000000000000000e+00
2.313135564327239990e-02
7.980713248252868652e-01
0.000000000000000000e+00
4.959620907902717590e-02
1.788138970732688904e-02
6.334665417671203613e-01
1.946963183581829071e-02
1.720802187919616699e+00
5.128591656684875488e-01
0.000000000000000000e+00
2.930926382541656494e-01
2.203669995069503784e-01
0.000000000000000000e+00
2.085119932889938354e-01
6.631398573517799377e-03
0.000000000000000000e+00
7.930030226707458496e-01
0.000000000000000000e+00
2.659478969871997833e-02
5.185716748237609863e-01
9.790527820587158203e-02
0.000000000000000000e+00
0.000000000000000000e+00
2.799725160002708435e-03
0.000000000000000000e+00
1.181184649467468262e-01
5.114258732646703720e-03
2.942381799221038818e-01
2.848549000918865204e-02
0.000000000000000000e+00
7.748085260391235352e-02
2.807551324367523193e-01
1.618622243404388428e-01
4.963757470250129700e-02
3.005238249897956848e-02
7.256826013326644897e-02
0.000000000000000000e+00
9.466807544231414795e-02
0.000000000000000000e+00
0.000000000000000000e+00
4.442797228693962097e-02
1.927199512720108032e-01
0.000000000000000000e+00
3.313697576522827148e-01
1.531821042299270630e-01
5.411658808588981628e-02
6.652582287788391113e-01
5.031853169202804565e-02
4.161020368337631226e-02
1.209488809108734131e-01
0.000000000000000000e+00
1.878354698419570923e-02
5.476115643978118896e-02
5.873873233795166016e-01
0.000000000000000000e+00
7.558736950159072876e-02
3.164989640936255455e-03
0.000000000000000000e+00
0.000000000000000000e+00
0.000000000000000000e+00
0.000000000000000000e+00
2.017484791576862335e-02
0.000000000000000000e+00
3.111419975757598877e-01
0.000000000000000000e+00
0.000000000000000000e+00
1.708460897207260132e-01
0.000000000000000000e+00
1.032269820570945740e-01
3.723716363310813904e-02
0.000000000000000000e+00
0.000000000000000000e+00
0.000000000000000000e+00
2.290422916412353516e+00
0.000000000000000000e+00
2.475783824920654297e+00
8.837699294090270996e-01
9.454734325408935547e-01
1.134529896080493927e-02
0.000000000000000000e+00
4.134842008352279663e-02
1.074688553810119629e+00
1.093613356351852417e-02
0.000000000000000000e+00
8.629109710454940796e-02
1.205896437168121338e-01
1.073928549885749817e-01
0.000000000000000000e+00
2.757020592689514160e-01
5.714858174324035645e-01
0.000000000000000000e+00
0.000000000000000000e+00
0.000000000000000000e+00
1.599045246839523315e-01
0.000000000000000000e+00
2.645748481154441833e-02
1.237276792526245117e-01
8.095059990882873535e-01
1.503362972289323807e-02
6.624349951744079590e-02
5.750443935394287109e-01
1.167810782790184021e-01
0.000000000000000000e+00
7.398848421871662140e-03
1.600982248783111572e-01
3.959836363792419434e-01
0.000000000000000000e+00
1.579423318617045879e-03
7.719037532806396484e-01
1.546643137931823730e+00
0.000000000000000000e+00
5.026607960462570190e-02
1.599479615688323975e-01
4.461048915982246399e-02
1.204682439565658569e-01
3.279435336589813232e-01
2.591482162475585938e+00
0.000000000000000000e+00
1.730888187885284424e-01
8.115874528884887695e-01
0.000000000000000000e+00
0.000000000000000000e+00
2.239252179861068726e-01
1.777314208447933197e-02
7.442211732268333435e-03
2.814085483551025391e-01
3.544593229889869690e-02
1.013049185276031494e-01
1.643910109996795654e-01
0.000000000000000000e+00
2.389195114374160767e-01
4.434570074081420898e-01
2.294754832983016968e-01
0.000000000000000000e+00
3.496891856193542480e-01
2.109353616833686829e-02
3.477091668173670769e-03
1.491082645952701569e-02
2.699149306863546371e-03
5.565142259001731873e-02
1.411403436213731766e-02
5.307842791080474854e-02
0.000000000000000000e+00
5.963806629180908203e+00
2.144005848094820976e-03
0.000000000000000000e+00
4.060101136565208435e-02
8.867161273956298828e-01
1.800161242485046387e+00
2.300663851201534271e-03
0.000000000000000000e+00
0.000000000000000000e+00
4.820515587925910950e-02
7.021900266408920288e-02
0.000000000000000000e+00
1.620399206876754761e-01
2.240745350718498230e-02
3.929185271263122559e-01
0.000000000000000000e+00
4.405177012085914612e-02
0.000000000000000000e+00
2.968628108501434326e-01
1.418774843215942383e+00
2.475761324167251587e-01
9.409543126821517944e-02
5.088002681732177734e-01
1.325256824493408203e+00
9.538039565086364746e-02
0.000000000000000000e+00
1.134155504405498505e-02
0.000000000000000000e+00
3.679083287715911865e-02
1.903709053993225098e+00
1.362069010734558105e+00
0.000000000000000000e+00
1.308069657534360886e-02
1.490562036633491516e-02
0.000000000000000000e+00
4.581176675856113434e-03
2.920655161142349243e-02
1.443413197994232178e-01
0.000000000000000000e+00
6.923601776361465454e-02
6.822056323289871216e-02
1.985961347818374634e-01
8.244497701525688171e-03
9.200549870729446411e-02
0.000000000000000000e+00
0.000000000000000000e+00
1.648274511098861694e-01
7.862255722284317017e-02
4.632050693035125732e-01
0.000000000000000000e+00
5.691683292388916016e-01
0.000000000000000000e+00
6.837379932403564453e+00
0.000000000000000000e+00
2.605807065963745117e+00
0.000000000000000000e+00
0.000000000000000000e+00
9.050698019564151764e-03
2.952604591846466064e-01
1.730322986841201782e-01
1.599678397178649902e+00
0.000000000000000000e+00
1.900720745325088501e-01
4.542129579931497574e-03
3.324975445866584778e-02
3.031518936157226562e+00
7.094620913267135620e-02
0.000000000000000000e+00
3.425678014755249023e-01
0.000000000000000000e+00
5.974341556429862976e-02
7.952752113342285156e-01
9.147453308105468750e-01
3.741881847381591797e-01
1.976648867130279541e-01
2.347660213708877563e-01
6.132820993661880493e-02
2.586143016815185547e-01
0.000000000000000000e+00
1.098420023918151855e-01
3.041072748601436615e-03
0.000000000000000000e+00
1.759814284741878510e-02
7.081630080938339233e-02
0.000000000000000000e+00
2.689653821289539337e-02
6.644573688507080078e+00
2.660362224560230970e-04
6.386776268482208252e-02
3.513154387474060059e-01
5.677883513271808624e-03
2.850937843322753906e-02
0.000000000000000000e+00
1.406647730618715286e-02
1.309272289276123047e+00
1.402738876640796661e-02
3.567504584789276123e-01
2.944874286651611328e+00
1.286777377128601074e+00
1.373822450637817383e+00
0.000000000000000000e+00
0.000000000000000000e+00
1.654080487787723541e-02
1.205470785498619080e-01
0.000000000000000000e+00
1.897426009178161621e+00
3.916174173355102539e-01
2.682488679885864258e+00
1.299504637718200684e-01
0.000000000000000000e+00
0.000000000000000000e+00
4.651908576488494873e-02
2.063489675521850586e+00
0.000000000000000000e+00
0.000000000000000000e+00
0.000000000000000000e+00
2.050761222839355469e+00
2.926571667194366455e-01
2.186029851436614990e-01
0.000000000000000000e+00
1.921573281288146973e-02
0.000000000000000000e+00
1.121470779180526733e-01
9.780007600784301758e-02
3.231780230998992920e-02
1.985245198011398315e-02
8.162373900413513184e-01
2.774969637393951416e-01
7.616900652647018433e-02
2.760399878025054932e-01
0.000000000000000000e+00
4.254382848739624023e-01
4.864147305488586426e-01
2.177625596523284912e-01
4.494426771998405457e-02
1.278508901596069336e+00
0.000000000000000000e+00
3.721982985734939575e-02
1.611573388800024986e-03
0.000000000000000000e+00
0.000000000000000000e+00
7.967992685735225677e-03
2.098391205072402954e-02
1.406831145286560059e-01
0.000000000000000000e+00
8.428420424461364746e-01
0.000000000000000000e+00
4.782063513994216919e-02
3.429297506809234619e-01
0.000000000000000000e+00
1.632296323776245117e+00
1.867379903793334961e+00
0.000000000000000000e+00
1.922477781772613525e-01
0.000000000000000000e+00
3.948477029800415039e+00
6.360209546983242035e-03
0.000000000000000000e+00
0.000000000000000000e+00
0.000000000000000000e+00
1.027563571929931641e+00
9.860939532518386841e-02
1.458259765058755875e-02
5.820000171661376953e-01
4.668948054313659668e-02
4.997089505195617676e-02
1.048110276460647583e-01
1.634681075811386108e-01
0.000000000000000000e+00
0.000000000000000000e+00
4.550174623727798462e-02
2.791748940944671631e-01
2.075604647397994995e-01
4.483629390597343445e-02
2.292892038822174072e-01
0.000000000000000000e+00
0.000000000000000000e+00
3.875223994255065918e-01
4.178555309772491455e-02
4.648568574339151382e-03
9.254255294799804688e-01
1.911827921867370605e-02
5.120242014527320862e-02
1.693723201751708984e-01
0.000000000000000000e+00
2.537840902805328369e-01
1.672612689435482025e-02
0.000000000000000000e+00
0.000000000000000000e+00
0.000000000000000000e+00
3.369536101818084717e-01
1.271605025976896286e-02
0.000000000000000000e+00
9.139061719179153442e-02
0.000000000000000000e+00
0.000000000000000000e+00
2.069355964660644531e+00
2.720266878604888916e-01
1.249719643965363503e-03
3.138711452484130859e-01
1.961397379636764526e-01
0.000000000000000000e+00
0.000000000000000000e+00
9.310019612312316895e-01
0.000000000000000000e+00
9.572498500347137451e-02
0.000000000000000000e+00
0.000000000000000000e+00
1.202435374259948730e+00
0.000000000000000000e+00
6.873121738433837891e+00
8.140162229537963867e-01
0.000000000000000000e+00
0.000000000000000000e+00
7.412338256835937500e-01
0.000000000000000000e+00
0.000000000000000000e+00
1.910117454826831818e-02
4.148578271269798279e-03
6.966792345046997070e-01
1.024638772010803223e+00
1.986143644899129868e-03
0.000000000000000000e+00
0.000000000000000000e+00
0.000000000000000000e+00
2.479815781116485596e-01
0.000000000000000000e+00
5.120190382003784180e-01
1.017498970031738281e-01
9.153906255960464478e-02
0.000000000000000000e+00
0.000000000000000000e+00
0.000000000000000000e+00
0.000000000000000000e+00
0.000000000000000000e+00
2.030415058135986328e+00
0.000000000000000000e+00
1.322882324457168579e-01
0.000000000000000000e+00
8.378119021654129028e-02
0.000000000000000000e+00
2.037988454103469849e-01
9.734216928482055664e-01
3.644766658544540405e-02
0.000000000000000000e+00
2.257721900939941406e+00
2.283551990985870361e-01
2.125643730163574219e+00
1.266288291662931442e-02
3.197368383407592773e-01
0.000000000000000000e+00
1.131536513566970825e-01
1.064503043889999390e-01
6.535158026963472366e-03
0.000000000000000000e+00
0.000000000000000000e+00
3.462767302989959717e-01
3.486444056034088135e-02
0.000000000000000000e+00
0.000000000000000000e+00
0.000000000000000000e+00
2.342586070299148560e-01
0.000000000000000000e+00
7.895226478576660156e-01
7.500006351619958878e-03
1.051916554570198059e-01
9.206343442201614380e-02
0.000000000000000000e+00
0.000000000000000000e+00
0.000000000000000000e+00
0.000000000000000000e+00
2.162249386310577393e-01
2.002719342708587646e-01
2.190798372030258179e-01
2.558681070804595947e-01
0.000000000000000000e+00
1.678587645292282104e-01
0.000000000000000000e+00
7.171071483753621578e-04
2.065482884645462036e-01
0.000000000000000000e+00
8.410937339067459106e-02
8.692089915275573730e-01
1.099959135055541992e+00
4.703622162342071533e-01
1.275299303233623505e-02
2.261842787265777588e-02
0.000000000000000000e+00
4.659484922885894775e-01
0.000000000000000000e+00
9.919099509716033936e-02
0.000000000000000000e+00
4.431497156620025635e-01
1.711950078606605530e-02
0.000000000000000000e+00
0.000000000000000000e+00
0.000000000000000000e+00
1.797993294894695282e-02
5.661418437957763672e-01
1.359304133802652359e-02
6.862135976552963257e-02
1.107047498226165771e-01
1.398910135030746460e-01
2.745525538921356201e-01
0.000000000000000000e+00
0.000000000000000000e+00
1.396900862455368042e-01
0.000000000000000000e+00
0.000000000000000000e+00
3.920641839504241943e-01
3.564789518713951111e-02
5.721993371844291687e-02
0.000000000000000000e+00
8.470243215560913086e-02
2.426020801067352295e-02
8.985249698162078857e-02
0.000000000000000000e+00
1.513433828949928284e-02
1.247455999255180359e-01
0.000000000000000000e+00
0.000000000000000000e+00
6.175002083182334900e-03
8.807890117168426514e-03
2.468983888626098633e+00
1.106958270072937012e+00
3.299535751342773438e+00
0.000000000000000000e+00
0.000000000000000000e+00
1.870262026786804199e-01
0.000000000000000000e+00
4.427451640367507935e-02
0.000000000000000000e+00
1.461966894567012787e-02
3.342671990394592285e-01
4.505970180034637451e-01
0.000000000000000000e+00
0.000000000000000000e+00
1.553189158439636230e-01
2.556889131665229797e-02
6.417144834995269775e-02
1.281810998916625977e+00
6.450406908988952637e-01
2.981883659958839417e-02
8.414288610219955444e-02
0.000000000000000000e+00
0.000000000000000000e+00
0.000000000000000000e+00
5.047847032546997070e-01
0.000000000000000000e+00
8.905975222587585449e-01
1.977700710296630859e+00
0.000000000000000000e+00
4.712127149105072021e-02
0.000000000000000000e+00
4.561838507652282715e-02
5.994385574012994766e-03
8.895508199930191040e-02
3.377488553524017334e-01
2.956402003765106201e-01
0.000000000000000000e+00
2.044302038848400116e-02
0.000000000000000000e+00
1.416127085685729980e-01
1.179228201508522034e-01
6.524103879928588867e-01
0.000000000000000000e+00
9.730826318264007568e-02
1.400890111923217773e+00
0.000000000000000000e+00
2.588734263554215431e-03
0.000000000000000000e+00
0.000000000000000000e+00
1.291449740529060364e-02
3.734258413314819336e-01
0.000000000000000000e+00
3.063366413116455078e-01
0.000000000000000000e+00
0.000000000000000000e+00
0.000000000000000000e+00
1.066169887781143188e-02
2.048318833112716675e-01
4.942354559898376465e-01
2.297595515847206116e-02
3.819624483585357666e-01
1.838985800743103027e+00
1.376724392175674438e-01
0.000000000000000000e+00
1.410316377878189087e-01
5.304203554987907410e-02
5.744031667709350586e-01
6.195330619812011719e-02
1.860238313674926758e-01
1.120800375938415527e-01
6.681825518608093262e-01
8.536437153816223145e-02
3.341349214315414429e-02
1.364869028329849243e-01
1.524124145507812500e-01
3.709933280944824219e+00
5.836102962493896484e-01
1.734669208526611328e-01
2.230211734771728516e+00
6.527229398488998413e-02
1.758790016174316406e-02
0.000000000000000000e+00
3.988696727901697159e-03
2.268979549407958984e+00
0.000000000000000000e+00
0.000000000000000000e+00
0.000000000000000000e+00
1.102269627153873444e-02
1.747470200061798096e-01
0.000000000000000000e+00
2.982119023799896240e-01
5.206063985824584961e-01
3.452191874384880066e-02
1.229410544037818909e-01
0.000000000000000000e+00
0.000000000000000000e+00
0.000000000000000000e+00
0.000000000000000000e+00
3.391681937500834465e-03
8.765526115894317627e-02
0.000000000000000000e+00
5.874670147895812988e-01
4.504631832242012024e-02
0.000000000000000000e+00
4.514068365097045898e-02
1.340548694133758545e-01
2.564569711685180664e-01
3.232803568243980408e-02
0.000000000000000000e+00
5.608635023236274719e-02
0.000000000000000000e+00
3.525315597653388977e-02
3.234443441033363342e-02
0.000000000000000000e+00
6.060472726821899414e-01
6.176367029547691345e-02
0.000000000000000000e+00
4.256278648972511292e-02
3.914749249815940857e-03
5.836826562881469727e-02
3.847008943557739258e-01
0.000000000000000000e+00
1.118990126997232437e-02
0.000000000000000000e+00
0.000000000000000000e+00
1.425845474004745483e-01
0.000000000000000000e+00
6.276340037584304810e-02
6.340432167053222656e-01
3.334528207778930664e-02
4.998118877410888672e-01
0.000000000000000000e+00
0.000000000000000000e+00
6.053194869309663773e-03
2.983315587043762207e-01
1.515560895204544067e-01
0.000000000000000000e+00
5.907333455979824066e-03
3.457856178283691406e-01
1.972040414810180664e+00
9.447994641959667206e-03
4.919687286019325256e-03
1.189593434333801270e+00
1.066909432411193848e+00
6.016666442155838013e-02
2.172331959009170532e-01
1.542904973030090332e-01
2.082420140504837036e-01
7.469276785850524902e-01
4.473869800567626953e-01
6.947972178459167480e-01
0.000000000000000000e+00
7.276252657175064087e-02
1.021765768527984619e-01
9.515978395938873291e-03
5.522579420357942581e-03
3.674419879913330078e+00
7.747586071491241455e-02
2.522558160126209259e-02
6.359753012657165527e-01
1.362564880400896072e-02
3.396246731281280518e-01
4.994648322463035583e-02
1.962629109621047974e-01
1.747989654541015625e-01
0.000000000000000000e+00
4.992585480213165283e-01
0.000000000000000000e+00
3.106145001947879791e-02
1.413345057517290115e-02
6.680254824459552765e-03
7.831013202667236328e-02
1.738055422902107239e-02
0.000000000000000000e+00
0.000000000000000000e+00
0.000000000000000000e+00
1.188292354345321655e-02
8.895726203918457031e-01
1.041959047317504883e+00
0.000000000000000000e+00
2.789139747619628906e-01
0.000000000000000000e+00
2.102842181921005249e-02
2.505368087440729141e-03
0.000000000000000000e+00
0.000000000000000000e+00
2.268231213092803955e-01
2.726084291934967041e-01
3.656237944960594177e-02
3.186441585421562195e-02
3.115329891443252563e-02
1.281325817108154297e-01
5.790384602732956409e-04
5.087730824016034603e-04
2.202157735824584961e+00
2.247941493988037109e-01
1.213405895233154297e+01
0.000000000000000000e+00
6.753544807434082031e-01
7.431694269180297852e-01
1.172784902155399323e-02
3.669879958033561707e-02
1.925804838538169861e-02
3.166219890117645264e-01
1.706438660621643066e-01
4.022580385208129883e-01
2.631658911705017090e-01
6.612011790275573730e-02
1.214666604995727539e+00
0.000000000000000000e+00
5.298609612509608269e-04
0.000000000000000000e+00
7.398614287376403809e-02
3.367932438850402832e-01
0.000000000000000000e+00
7.178639993071556091e-03
0.000000000000000000e+00
0.000000000000000000e+00
3.442254289984703064e-02
1.469038248062133789e+00
0.000000000000000000e+00
0.000000000000000000e+00
2.822824418544769287e-01
9.051067754626274109e-03
1.423113346099853516e-01
5.419205408543348312e-04
3.985675796866416931e-02
2.314722724258899689e-02
2.674426883459091187e-02
4.244140386581420898e-01
1.149550173431634903e-02
3.322996795177459717e-01
8.491814881563186646e-02
3.085606098175048828e-01
6.195340156555175781e-01
5.906643271446228027e-01
6.252847313880920410e-01
9.474593400955200195e-02
3.010087013244628906e-01
2.295134812593460083e-01
5.488656088709831238e-02
1.160304769873619080e-01
4.108511924743652344e+00
4.994081854820251465e-01
2.928641796112060547e+00
8.996117860078811646e-03
1.450811885297298431e-02
8.253749012947082520e-01
0.000000000000000000e+00
4.197151660919189453e-01
0.000000000000000000e+00
3.217614488676190376e-03
0.000000000000000000e+00
0.000000000000000000e+00
0.000000000000000000e+00
2.878622151911258698e-02
7.202611863613128662e-02
7.916001975536346436e-02
1.201432105153799057e-02
1.928795315325260162e-02
5.701701641082763672e-01
5.496992263942956924e-03
2.677521705627441406e-01
6.078071594238281250e-01
1.618967801332473755e-01
4.089934825897216797e+00
2.240065336227416992e-01
1.761347889900207520e+00
1.164666283875703812e-02
4.027396738529205322e-01
7.330802083015441895e-01
0.000000000000000000e+00
3.978031873703002930e-02
4.081089980900287628e-03
1.132704257965087891e+00
1.076063364744186401e-01
5.520746111869812012e-01
4.238915070891380310e-02
0.000000000000000000e+00
9.483092278242111206e-02
2.770686149597167969e-02
3.832490369677543640e-02
6.351515054702758789e-01
0.000000000000000000e+00
1.106446329504251480e-02
5.379573702812194824e-01
4.471524432301521301e-02
9.659510850906372070e-02
4.018497169017791748e-01
4.683377966284751892e-02
5.000411719083786011e-02
6.584275513887405396e-02
1.744147390127182007e-01
4.180983453989028931e-02
7.334842812269926071e-03
2.294376939535140991e-01
8.890717506408691406e+00
8.702278137207031250e-04
0.000000000000000000e+00
0.000000000000000000e+00
5.356255173683166504e-02
6.793652474880218506e-02
0.000000000000000000e+00
8.214140543714165688e-04
3.964552879333496094e-01
1.928572058677673340e+00
1.101701334118843079e-01
5.762091279029846191e-02
2.562367677688598633e+00
6.979766488075256348e-02
0.000000000000000000e+00
8.918330073356628418e-02
2.053625695407390594e-02
2.205596119165420532e-02
4.313602447509765625e-01
0.000000000000000000e+00
4.056465625762939453e-01
7.900700718164443970e-02
0.000000000000000000e+00
1.448365598917007446e-01
