5.438508987426757812e-01
1.115566730499267578e+00
1.110536232590675354e-01
0.000000000000000000e+00
1.143145039677619934e-01
2.763155789580196142e-04
5.073390007019042969e-01
4.306685924530029297e-01
6.716725882142782211e-03
4.819818772375583649e-03
2.671344757080078125e+00
1.239647865295410156e+00
2.939419448375701904e-01
2.297908961772918701e-01
1.677963256835937500e+00
6.484917551279067993e-02
1.245562583208084106e-01
1.417389512062072754e-01
1.003657341003417969e+00
2.350783497095108032e-01
1.133545041084289551e-01
3.965918123722076416e-01
4.364347159862518311e-01
0.000000000000000000e+00
2.689641952514648438e+00
4.946913197636604309e-02
4.224107265472412109e+00
6.684343218803405762e-01
1.115157157182693481e-01
5.491205677390098572e-02
9.625020027160644531e-01
4.434566974639892578e+00
7.088013291358947754e-01
1.549934267997741699e+00
3.546098172664642334e-01
6.362528800964355469e-01
8.024923503398895264e-03
9.833586961030960083e-02
2.930906787514686584e-02
1.361830115318298340e+00
2.867913961410522461e+00
5.264329910278320312e-02
1.153134927153587341e-01
1.026848793029785156e+00
0.000000000000000000e+00
4.008197784423828125e-02
2.256189845502376556e-02
1.931285858154296875e-01
5.479155778884887695e-01
6.166417151689529419e-02
7.797841429710388184e-01
1.302074044942855835e-01
6.622728109359741211e-01
9.169638156890869141e-03
1.243718713521957397e-01
9.941176325082778931e-02
3.579900562763214111e-01
3.131873905658721924e-01
5.681680049747228622e-03
1.995554715394973755e-01
9.188807606697082520e-01
1.492644786834716797e+00
1.045401617884635925e-01
9.605228900909423828e-01
3.189404487609863281e+00
7.663717865943908691e-02
8.643776923418045044e-02
1.170977354049682617e+00
1.004738453775644302e-02
5.995877832174301147e-02
3.673306226730346680e+00
3.186250105500221252e-02
4.314193129539489746e-02
5.039975047111511230e-01
1.979256153106689453e+00
4.273771867156028748e-02
0.000000000000000000e+00
3.327032923698425293e-01
2.672718524932861328e+00
5.525217577815055847e-02
2.596926391124725342e-01
4.901333153247833252e-01
5.190938711166381836e-01
9.342705458402633667e-02
2.627024054527282715e-01
6.627498269081115723e-01
2.198314815759658813e-01
2.597682774066925049e-01
3.952427804470062256e-01
0.000000000000000000e+00
9.770192950963973999e-02
5.307453870773315430e-01
0.000000000000000000e+00
1.985710579901933670e-03
1.097366586327552795e-01
8.059819042682647705e-02
1.104532461613416672e-02
4.171551670879125595e-03
2.086704254150390625e+00
2.814887166023254395e-01
1.149546951055526733e-01
4.845314323902130127e-01
1.187697887420654297e+00
1.139080405235290527e+00
8.779820799827575684e-02
1.095073819160461426e-01
6.785372495651245117e-01
3.628433914855122566e-03
5.758466571569442749e-02
3.820160171017050743e-03
0.000000000000000000e+00
8.534606099128723145e-01
5.967153981328010559e-02
1.315739452838897705e-01
4.495396614074707031e-01
1.452558189630508423e-01
4.463290050625801086e-02
2.024455547332763672e+00
2.847483754158020020e-01
1.324625462293624878e-01
6.108551751822233200e-04
0.000000000000000000e+00
2.582418359816074371e-02
1.169510483741760254e+00
4.336308002471923828e+00
8.251739740371704102e-01
2.741782367229461670e-01
5.148848056793212891e+00
2.757963180541992188e+00
1.444623023271560669e-01
1.731960922479629517e-01
6.638666987419128418e-02
1.044897198677062988e+00
1.849224604666233063e-02
1.869909912347793579e-01
2.194576710462570190e-01
9.576740860939025879e-01
1.219975948333740234e+00
9.636263847351074219e-01
7.319453358650207520e-02
1.276044845581054688e+00
6.596003770828247070e-01
2.155122160911560059e-01
9.912981390953063965e-01
7.039185613393783569e-02
7.956577092409133911e-02
3.764437735080718994e-01
6.193379163742065430e-01
1.021219372749328613e+00
7.869919762015342712e-03
4.769802570343017578e+00
2.925279140472412109e-01
5.396646261215209961e-02
3.657151246443390846e-03
2.835783362388610840e-01
0.000000000000000000e+00
2.785680070519447327e-02
1.079879235476255417e-02
0.000000000000000000e+00
1.632290333509445190e-01
0.000000000000000000e+00
2.634398937225341797e-01
3.597237765789031982e-01
1.319123804569244385e-01
9.480151534080505371e-01
5.993601322174072266e+00
1.543647348880767822e-01
4.817528128623962402e-01
7.984248399734497070e-01
2.335296154022216797e+00
1.168757751584053040e-01
4.082509577274322510e-01
7.686406970024108887e-01
1.077646240592002869e-01
4.655926227569580078e-01
9.921379387378692627e-02
5.283109545707702637e-01
6.017867326736450195e-01
4.186402633786201477e-02
7.198700904846191406e-01
1.119302034378051758e+00
3.624182045459747314e-01
2.423582226037979126e-02
4.170331358909606934e-01
3.763284534215927124e-02
3.688773431349545717e-04
7.263162732124328613e-02
3.480820953845977783e-01
0.000000000000000000e+00
3.140493333339691162e-01
2.024049870669841766e-02
5.301531031727790833e-02
1.430560231208801270e+00
3.773212134838104248e-01
3.291181027889251709e-01
1.119734123349189758e-01
1.239042043685913086e+00
1.532067775726318359e+00
1.476744096726179123e-02
2.698403894901275635e-01
2.857738435268402100e-01
1.767507195472717285e-02
1.131205633282661438e-02
5.486893653869628906e-01
4.769132137298583984e-01
5.342411994934082031e-01
4.748334586620330811e-01
2.494384199380874634e-01
7.503278851509094238e-01
2.475556582212448120e-01
8.685290813446044922e-02
2.390474557876586914e+00
4.487449228763580322e-01
8.363543748855590820e-01
1.596841514110565186e-01
1.260136485099792480e+00
2.727136909961700439e-01
1.165668070316314697e-01
7.288541197776794434e-01
5.498358011245727539e-01
8.152870535850524902e-01
1.019678115844726562e+00
1.032903715968132019e-01
2.293505370616912842e-01
0.000000000000000000e+00
6.259676218032836914e-01
8.073409795761108398e-01
1.053768843412399292e-01
4.224275052547454834e-01
5.561878681182861328e-01
2.683727741241455078e-01
9.893586486577987671e-02
2.681435942649841309e-01
2.171325445175170898e+00
0.000000000000000000e+00
8.576743304729461670e-02
1.417457312345504761e-01
2.754301950335502625e-02
5.556435585021972656e-01
3.332473337650299072e-01
1.221945602446794510e-02
7.825999706983566284e-02
1.897202879190444946e-01
1.033753994852304459e-02
0.000000000000000000e+00
4.547216594219207764e-01
8.030936866998672485e-02
4.120026528835296631e-01
4.531963169574737549e-01
2.263638496398925781e+00
5.008605122566223145e-01
1.669554263353347778e-01
2.083434820175170898e+00
1.439806073904037476e-01
1.051651954650878906e+00
2.588680088520050049e-01
1.564327180385589600e-01
8.963740617036819458e-02
4.049558341503143311e-01
8.854132890701293945e-02
3.219411894679069519e-02
1.574289947748184204e-01
6.389491081237792969e+00
2.606193423271179199e-01
2.449569851160049438e-01
2.807251513004302979e-01
7.680959701538085938e-01
1.500219255685806274e-01
6.902689337730407715e-01
6.538338214159011841e-02
1.051438808441162109e+00
1.112248003482818604e-01
6.121662631630897522e-02
9.627016261219978333e-03
2.074666768312454224e-01
4.752981662750244141e-01
2.779503762722015381e-01
7.249206304550170898e-01
5.925128459930419922e-01
2.241274356842041016e+00
0.000000000000000000e+00
4.262381494045257568e-01
1.170014142990112305e-01
5.052874684333801270e-01
4.411259889602661133e-01
9.768163561820983887e-01
5.608538165688514709e-02
6.023196876049041748e-02
1.595132350921630859e+00
1.522599220275878906e+00
2.396465092897415161e-01
1.931582987308502197e-01
5.725096166133880615e-02
1.655445098876953125e-01
2.353549748659133911e-01
3.353360891342163086e-01
1.143644332885742188e+00
3.090064823627471924e-01
4.865361843258142471e-03
9.777589887380599976e-02
1.554753482341766357e-01
4.668084681034088135e-01
1.414326727390289307e-01
3.484588861465454102e-02
3.632619380950927734e-01
5.272793173789978027e-01
2.918409109115600586e-01
3.204145729541778564e-01
0.000000000000000000e+00
6.043804287910461426e-01
0.000000000000000000e+00
5.120723843574523926e-01
1.404926896095275879e+00
1.047842428088188171e-01
0.000000000000000000e+00
9.929044246673583984e-01
2.553077042102813721e-02
2.624349594116210938e+00
2.297691851854324341e-01
1.134766787290573120e-01
7.424573302268981934e-01
4.182083606719970703e-01
6.310763955116271973e-01
4.363083243370056152e-01
3.027857653796672821e-02
1.449385881423950195e-01
1.467099934816360474e-01
1.421700596809387207e+00
6.249069571495056152e-01
2.326533317565917969e+00
2.878633439540863037e-01
1.499360501766204834e-01
8.002487421035766602e-01
4.546884000301361084e-01
1.554854586720466614e-02
1.463894098997116089e-01
9.629244208335876465e-01
4.034190997481346130e-02
7.291480064392089844e+00
9.805536866188049316e-01
7.671306133270263672e-01
3.683782815933227539e-01
3.408882021903991699e-01
1.532588154077529907e-02
0.000000000000000000e+00
1.266903877258300781e-01
5.419456399977207184e-03
0.000000000000000000e+00
3.355067223310470581e-02
5.734446048736572266e-01
2.544000148773193359e-01
2.540257014334201813e-02
1.972166448831558228e-02
2.997874282300472260e-02
3.815419971942901611e-01
1.422891020774841309e-01
1.150492355227470398e-01
3.427030518651008606e-03
5.283645391464233398e-01
5.525854229927062988e-01
1.849610507488250732e-01
2.194693326950073242e+00
2.541171014308929443e-01
1.261178106069564819e-01
2.562190294265747070e+00
6.773470044136047363e-01
2.659869194030761719e-01
0.000000000000000000e+00
4.192779362201690674e-01
8.950921148061752319e-02
5.553987342864274979e-03
0.000000000000000000e+00
9.668821841478347778e-02
6.756388545036315918e-01
0.000000000000000000e+00
9.628307819366455078e-02
5.339260697364807129e-01
1.038852035999298096e-01
0.000000000000000000e+00
6.066032648086547852e-01
1.167722418904304504e-01
0.000000000000000000e+00
5.915406942367553711e-01
0.000000000000000000e+00
3.247174322605133057e-01
2.157420963048934937e-01
2.535021901130676270e-01
2.402978241443634033e-01
1.456048786640167236e-01
1.894221544265747070e+00
7.913355948403477669e-04
4.193336963653564453e-01
3.077854961156845093e-02
1.135021746158599854e-01
3.941107690334320068e-01
2.551255226135253906e-01
3.187985718250274658e-02
2.286480516195297241e-01
1.808204874396324158e-02
1.767842173576354980e+00
1.215168952941894531e+00
7.936736345291137695e-01
1.519543647766113281e+00
2.007782161235809326e-01
1.287462860345840454e-01
2.922227084636688232e-01
2.069371342658996582e-01
1.549552679061889648e-01
0.000000000000000000e+00
5.349688977003097534e-02
6.101714819669723511e-02
1.621598452329635620e-01
4.932457208633422852e-01
9.723681211471557617e-02
2.893189340829849243e-02
2.368241697549819946e-01
1.537825465202331543e-01
3.337888121604919434e-01
1.215724945068359375e-01
0.000000000000000000e+00
1.005931124091148376e-01
1.331708908081054688e+00
9.665489196777343750e-02
1.254166603088378906e+00
6.172422170639038086e-01
4.802611470222473145e-02
2.459481358528137207e-01
7.300735116004943848e-01
1.786891818046569824e-01
4.157850742340087891e-01
1.689572811126708984e+00
5.929405093193054199e-01
1.868598937988281250e+00
1.633410453796386719e+00
0.000000000000000000e+00
1.283843517303466797e-01
1.762785464525222778e-01
1.963503360748291016e-01
1.223982810974121094e+00
3.599558770656585693e-01
6.537736952304840088e-02
1.728850752115249634e-01
5.320045724511146545e-02
2.199090242385864258e+00
2.602727115154266357e-01
6.949984431266784668e-01
3.153020858764648438e+00
1.488704800605773926e+00
8.254651725292205811e-02
2.948188483715057373e-01
1.032013416290283203e+00
5.719505548477172852e-01
2.472913116216659546e-01
8.814541250467300415e-02
3.635074496269226074e-01
1.142187595367431641e+00
5.518307685852050781e-01
2.227157503366470337e-01
1.011442184448242188e+00
9.238401800394058228e-02
2.537063509225845337e-02
1.511721253395080566e+00
1.084226846694946289e+00
1.466311454772949219e+00
2.873748242855072021e-01
1.505637049674987793e+00
2.102327585220336914e+00
2.171577215194702148e+00
6.328006386756896973e-01
5.063203349709510803e-02
8.696340322494506836e-01
5.186519622802734375e-01
8.176770806312561035e-02
5.409097075462341309e-01
7.119231820106506348e-01
8.568772114813327789e-03
4.908548891544342041e-01
0.000000000000000000e+00
6.047098636627197266e-01
6.491446495056152344e-01
1.085577607154846191e-01
1.221898555755615234e+00
1.102991774678230286e-02
3.600492179393768311e-01
1.547452330589294434e+00
3.103735148906707764e-01
3.009362518787384033e-01
1.036922410130500793e-01
1.460243582725524902e+00
3.949148654937744141e-01
4.821034520864486694e-02
2.545054554939270020e-01
0.000000000000000000e+00
0.000000000000000000e+00
2.838168740272521973e-01
1.256929874420166016e+00
5.542248114943504333e-02
0.000000000000000000e+00
4.386079609394073486e-01
1.702782362699508667e-01
2.443142794072628021e-02
0.000000000000000000e+00
3.527332544326782227e+00
7.042618840932846069e-02
1.833632960915565491e-02
6.097698584198951721e-03
3.178845345973968506e-01
4.392075538635253906e-01
1.782578080892562866e-01
9.176818132400512695e-01
2.546925544738769531e-01
3.015101909637451172e+00
5.137515664100646973e-01
1.362672001123428345e-01
4.287913441658020020e-01
2.620677649974822998e-01
1.525488972663879395e+00
2.483635693788528442e-01
0.000000000000000000e+00
2.380414307117462158e-02
6.665198504924774170e-02
4.518947601318359375e-01
4.803932085633277893e-02
1.681393235921859741e-01
2.366643957793712616e-02
1.836696118116378784e-01
4.238189011812210083e-02
3.331017494201660156e-01
1.098000049591064453e+00
6.036069393157958984e-01
9.007618576288223267e-02
1.203587949275970459e-01
7.337853312492370605e-01
2.692228257656097412e-01
9.550496339797973633e-01
2.661723852157592773e+00
6.393604725599288940e-02
1.077542424201965332e+00
7.380598187446594238e-01
2.703108489513397217e-01
2.468933314085006714e-01
1.414927601814270020e+00
8.472109794616699219e+00
7.506661117076873779e-02
0.000000000000000000e+00
2.153658151626586914e+00
4.995538890361785889e-01
2.319476455450057983e-01
4.945036768913269043e-02
1.876276254653930664e+00
1.236986637115478516e+00
0.000000000000000000e+00
4.642144143581390381e-01
0.000000000000000000e+00
4.030748270452022552e-03
2.602523863315582275e-01
2.817763984203338623e-01
0.000000000000000000e+00
2.486050277948379517e-01
1.207969903945922852e+00
4.954236093908548355e-03
1.932920189574360847e-03
4.154028296470642090e-01
5.443742275238037109e-01
3.111900202929973602e-02
1.886454969644546509e-02
1.478817909955978394e-01
3.744935393333435059e-01
1.301229298114776611e-01
1.612141914665699005e-02
4.982964694499969482e-02
8.337839245796203613e-01
6.888747960329055786e-02
4.848800897598266602e-01
0.000000000000000000e+00
4.036988615989685059e-01
6.045551896095275879e-01
1.129928350448608398e+00
1.356747508049011230e+00
8.143159747123718262e-01
1.289144158363342285e-01
1.493438929319381714e-01
3.881544768810272217e-01
2.829301357269287109e-01
2.404270619153976440e-01
7.193137407302856445e-01
2.133088111877441406e+00
1.204386800527572632e-01
9.200578927993774414e-01
0.000000000000000000e+00
0.000000000000000000e+00
6.232462525367736816e-01
2.460755705833435059e-01
0.000000000000000000e+00
2.485964894294738770e-01
3.340212106704711914e-01
0.000000000000000000e+00
3.729774653911590576e-01
3.411750793457031250e-01
2.383566498756408691e-01
1.576778292655944824e+00
3.806958496570587158e-01
1.130932569503784180e-01
0.000000000000000000e+00
3.729800879955291748e-01
6.037810817360877991e-02
2.278582192957401276e-02
0.000000000000000000e+00
2.010273456573486328e+00
6.128781437873840332e-01
8.397499918937683105e-01
1.411647256463766098e-02
2.995818257331848145e-01
3.098523616790771484e-01
1.528323888778686523e-01
4.109779745340347290e-02
1.195902302861213684e-01
7.163213938474655151e-02
0.000000000000000000e+00
1.526812314987182617e-01
1.307822763919830322e-01
5.889111012220382690e-02
7.156362533569335938e+00
2.536040842533111572e-01
5.095162391662597656e-01
9.249709844589233398e-01
7.985156178474426270e-01
2.945557832717895508e-01
1.270801126956939697e-01
4.068479835987091064e-01
1.098601073026657104e-01
1.666707247495651245e-01
0.000000000000000000e+00
8.981891721487045288e-02
1.287918090820312500e-01
6.985296010971069336e-01
1.751944236457347870e-02
5.773312598466873169e-02
6.719482131302356720e-03
1.068993806838989258e+00
9.968002140522003174e-02
1.376988768577575684e+00
1.923476010560989380e-01
1.138279363512992859e-01
2.861185669898986816e-01
4.796816501766443253e-03
4.050660133361816406e-02
3.693456053733825684e-01
6.568917632102966309e-02
0.000000000000000000e+00
2.030445635318756104e-01
7.738198041915893555e-01
2.160807996988296509e-01
9.748370051383972168e-01
1.206249356269836426e+00
1.060856580734252930e-01
7.725948840379714966e-02
4.267271235585212708e-02
3.131564557552337646e-01
5.848917961120605469e-01
1.090399503707885742e+00
2.372496016323566437e-02
2.616742253303527832e-01
1.421910896897315979e-02
2.369884997606277466e-01
0.000000000000000000e+00
1.170122548937797546e-01
1.684939265251159668e-01
4.660205364227294922e+00
1.215094849467277527e-01
1.008661612868309021e-01
4.041593968868255615e-01
0.000000000000000000e+00
1.292824596166610718e-01
1.531931459903717041e-01
2.703943252563476562e+00
6.286038160324096680e-01
8.887229561805725098e-01
1.244408369064331055e+00
1.233770370483398438e+00
1.951105743646621704e-01
5.686543583869934082e-01
5.894714500755071640e-03
1.083160281181335449e+00
1.936350464820861816e-01
2.571041285991668701e-01
0.000000000000000000e+00
4.632309377193450928e-01
2.793137356638908386e-02
2.612812817096710205e-01
1.123308539390563965e+00
2.447592280805110931e-02
7.399184256792068481e-02
1.079516172409057617e+00
2.787602506577968597e-02
1.414255946874618530e-01
1.503021836280822754e+00
2.353302955627441406e+00
1.248338744044303894e-01
1.421179622411727905e-01
2.546313107013702393e-01
7.342929244041442871e-01
1.092371821403503418e+00
6.362430751323699951e-03
4.481035470962524414e-02
9.446208477020263672e-01
2.642651200294494629e-01
7.321564853191375732e-02
1.401012483984231949e-02
1.608308553695678711e-01
7.815116047859191895e-01
4.569966495037078857e-01
0.000000000000000000e+00
0.000000000000000000e+00
1.660894900560379028e-01
8.168245851993560791e-02
6.439246535301208496e-01
9.713327884674072266e-01
2.655132412910461426e-01
0.000000000000000000e+00
8.609964251518249512e-01
3.560787141323089600e-01
2.049005217850208282e-02
6.531225889921188354e-02
5.219724774360656738e-02
2.114271074533462524e-01
2.947557866573333740e-01
1.151504874229431152e+00
6.855713725090026855e-01
3.933054804801940918e-01
3.890127420425415039e+00
5.784261226654052734e-01
1.318807899951934814e-01
5.434644222259521484e+00
6.258758157491683960e-02
6.946459412574768066e-01
1.327669918537139893e-01
1.015701174736022949e+00
2.035765409469604492e+00
3.608431518077850342e-01
1.938433408737182617e+00
2.161642760038375854e-01
2.851074635982513428e-01
4.296348895877599716e-03
1.138937398791313171e-01
1.241891607642173767e-01
0.000000000000000000e+00
0.000000000000000000e+00
2.624247781932353973e-02
0.000000000000000000e+00
5.983504056930541992e-01
3.739022314548492432e-01
3.288663029670715332e-01
6.756810471415519714e-03
4.321205019950866699e-01
1.957644224166870117e-01
4.308512508869171143e-01
6.310713291168212891e-02
1.674673147499561310e-02
6.119913458824157715e-01
1.034360006451606750e-01
4.883417785167694092e-01
4.454656839370727539e-01
6.416873335838317871e-01
1.042731180787086487e-01
3.036462962627410889e-01
2.036235481500625610e-02
4.596854150295257568e-01
2.744209952652454376e-03
8.027091026306152344e-01
5.009844899177551270e-01
4.849829524755477905e-02
4.574444610625505447e-03
2.365730889141559601e-02
9.870099425315856934e-01
2.003534793853759766e+00
8.686169981956481934e-01
7.704830765724182129e-01
0.000000000000000000e+00
4.839709401130676270e-01
1.345223654061555862e-02
6.255511939525604248e-02
2.284167408943176270e-01
6.314354389905929565e-02
2.856598421931266785e-02
1.141748130321502686e-01
1.169076561927795410e-01
1.867445185780525208e-02
3.716296851634979248e-01
2.401107698678970337e-01
1.740487515926361084e-01
1.494325138628482819e-02
1.730608008801937103e-02
1.926235482096672058e-02
8.463241457939147949e-01
2.755177915096282959e-01
1.997475698590278625e-02
1.786374002695083618e-01
3.536460399627685547e-01
1.187840700149536133e+00
4.997695237398147583e-02
9.091979265213012695e-01
2.083422988653182983e-02
6.289871335029602051e-01
7.756990194320678711e-01
0.000000000000000000e+00
0.000000000000000000e+00
3.037444829940795898e+00
6.554893404245376587e-02
7.681264728307723999e-02
2.559256739914417267e-02
1.565802246332168579e-01
4.810532033443450928e-01
1.530888862907886505e-02
2.318596094846725464e-01
1.187240004539489746e+00
3.346854746341705322e-01
4.376950263977050781e-01
3.760148957371711731e-02
1.986505985260009766e-01
2.980264127254486084e-01
2.850920915603637695e+00
0.000000000000000000e+00
7.167512178421020508e-02
2.138734102249145508e+00
4.457573294639587402e-01
1.152933239936828613e-01
4.093076884746551514e-01
5.046216249465942383e-01
0.000000000000000000e+00
1.546812772750854492e+00
0.000000000000000000e+00
9.458561241626739502e-02
1.765461564064025879e-01
2.153151631355285645e-01
1.900539547204971313e-02
1.387930065393447876e-01
1.777021400630474091e-02
3.889778256416320801e-01
0.000000000000000000e+00
3.054167926311492920e-01
6.962652206420898438e-01
1.089933514595031738e-01
3.075836896896362305e-01
8.748102188110351562e-01
1.344668269157409668e-01
3.193643689155578613e-01
2.728072404861450195e-01
3.617366403341293335e-02
2.056903392076492310e-01
1.188327446579933167e-01
1.542361080646514893e-01
7.393512129783630371e-02
4.367735702544450760e-03
1.114014148712158203e+00
2.152903825044631958e-01
8.087937235832214355e-01
9.125561118125915527e-01
2.951897382736206055e+00
6.282551884651184082e-01
7.082881033420562744e-02
5.851248279213905334e-02
0.000000000000000000e+00
1.216548323631286621e+00
1.555428028106689453e+00
3.776083290576934814e-01
5.251808762550354004e-01
2.120153456926345825e-01
6.285258382558822632e-02
1.157861113548278809e+00
1.740574836730957031e+00
9.951484203338623047e-01
2.808879315853118896e-02
5.518879368901252747e-02
2.008287608623504639e-02
4.325550049543380737e-03
1.917303502559661865e-01
0.000000000000000000e+00
8.156656622886657715e-01
1.059967160224914551e+00
2.976738214492797852e-01
4.142009317874908447e-01
4.279086887836456299e-01
1.026159167289733887e+00
2.155817031860351562e+00
1.815788745880126953e-01
2.699395082890987396e-02
2.260650694370269775e-01
1.476224628277122974e-03
1.396696921437978745e-02
8.038354665040969849e-02
4.218617081642150879e-02
3.085444867610931396e-01
3.403862193226814270e-02
6.455051898956298828e-01
9.724627435207366943e-02
4.299295251257717609e-04
1.406579732894897461e+00
2.865659236907958984e+00
8.589949607849121094e-01
0.000000000000000000e+00
1.728875279426574707e+00
2.634287774562835693e-01
3.038136363029479980e-01
1.498331189155578613e+00
1.138564944267272949e+00
3.557676970958709717e-01
8.424395322799682617e-02
0.000000000000000000e+00
0.000000000000000000e+00
3.207606375217437744e-01
2.195782028138637543e-02
1.005881071090698242e+00
3.292063176631927490e-01
0.000000000000000000e+00
6.703683733940124512e-01
1.093429177999496460e-01
1.000082731246948242e+00
2.327743470668792725e-01
1.609451882541179657e-02
4.667415320873260498e-01
2.682571113109588623e-01
2.665844857692718506e-01
1.669514775276184082e-01
4.575556814670562744e-01
6.241069436073303223e-01
1.759873144328594208e-02
2.170002162456512451e-01
4.476499855518341064e-01
3.262234926223754883e-01
2.310084700584411621e-01
7.391083240509033203e-02
1.071638688445091248e-01
0.000000000000000000e+00
6.432126164436340332e-01
3.748877048492431641e-01
1.226174950599670410e+00
4.990265071392059326e-01
2.840746045112609863e-01
8.253728151321411133e-01
5.605689883232116699e-01
1.176525652408599854e-01
2.336719632148742676e-01
3.617980703711509705e-02
2.087812423706054688e-01
1.802114397287368774e-02
9.924081563949584961e-01
0.000000000000000000e+00
4.868867099285125732e-01
1.169158294796943665e-01
2.737365663051605225e-01
5.711671710014343262e-01
4.969278573989868164e-01
3.137243092060089111e-01
7.887580990791320801e-01
4.972851835191249847e-03
4.581400156021118164e-01
0.000000000000000000e+00
6.695837974548339844e-01
2.088808566331863403e-01
1.112031042575836182e-01
8.360859937965869904e-03
9.867499023675918579e-02
4.673285186290740967e-01
3.430290520191192627e-01
2.842118144035339355e-01
1.121634840965270996e+00
1.444302313029766083e-02
7.657173275947570801e-02
9.233126044273376465e-02
2.224646210670471191e-01
2.190200686454772949e-01
6.028696298599243164e-01
3.991442173719406128e-02
1.209566518664360046e-01
2.263864688575267792e-02
4.892995357513427734e-01
4.525567591190338135e-01
2.241869121789932251e-01
5.042424425482749939e-02
1.165577117353677750e-02
8.347302675247192383e-01
6.710169911384582520e-01
9.907529503107070923e-02
4.040992558002471924e-01
0.000000000000000000e+00
1.942436695098876953e+00
1.190273836255073547e-01
1.086275100708007812e+00
0.000000000000000000e+00
1.193268179893493652e+00
5.520567893981933594e-01
2.891999110579490662e-02
3.967145085334777832e-01
6.905052345246076584e-03
1.040089130401611328e+00
2.901996951550245285e-03
5.185836553573608398e-01
3.058436214923858643e-01
3.135938942432403564e-01
1.203390359878540039e+00
1.170722693204879761e-01
1.495953947305679321e-01
4.812996089458465576e-01
1.384612917900085449e-01
4.128482658416032791e-03
5.943945050239562988e-01
4.521395564079284668e-01
1.325000524520874023e+00
0.000000000000000000e+00
7.705273032188415527e-01
1.042208671569824219e-01
3.945875912904739380e-02
1.038091033697128296e-01
3.916041851043701172e-01
1.751708030700683594e+00
6.344527471810579300e-03
4.591691866517066956e-02
1.066408753395080566e-01
2.487765848636627197e-01
0.000000000000000000e+00
1.756922304630279541e-01
1.052532553672790527e+00
3.213815391063690186e-02
0.000000000000000000e+00
3.595620095729827881e-01
2.502629160881042480e-01
1.109315752983093262e-01
3.331230580806732178e-01
6.497086584568023682e-02
8.083242177963256836e-02
1.011898159980773926e+00
6.315609216690063477e-01
3.405661135911941528e-02
4.025799036026000977e-02
3.852696716785430908e-01
1.089415907859802246e+00
1.950023025274276733e-01
1.230464503169059753e-01
2.734002768993377686e-01
3.044473230838775635e-01
5.830596685409545898e-01
3.335263133049011230e-01
4.965691566467285156e-01
0.000000000000000000e+00
1.494868516921997070e+00
7.955640554428100586e-02
1.208025813102722168e+00
4.326878786087036133e-01
5.210778489708900452e-02
3.105849213898181915e-02
3.129818677902221680e+00
1.379271596670150757e-01
6.135615706443786621e-02
1.439378738403320312e+00
1.497710347175598145e+00
1.181342378258705139e-01
3.963246941566467285e-01
1.858264088630676270e+00
9.214182496070861816e-01
3.124285340309143066e-01
3.074812889099121094e-02
0.000000000000000000e+00
1.528556793928146362e-01
1.013028249144554138e-01
1.682983338832855225e-01
1.681068986654281616e-01
7.784317731857299805e-01
4.851128756999969482e-01
3.035085499286651611e-01
6.406993418931961060e-02
9.269158244132995605e-01
1.218051984906196594e-01
4.835351705551147461e-01
7.612186074256896973e-01
9.267380088567733765e-02
1.404676884412765503e-01
0.000000000000000000e+00
0.000000000000000000e+00
4.163068532943725586e-01
1.200647279620170593e-01
0.000000000000000000e+00
3.240926936268806458e-02
1.699165068566799164e-02
2.671703696250915527e-01
3.230129480361938477e-01
1.846136003732681274e-01
4.972034692764282227e-01
9.034986048936843872e-02
7.682101726531982422e-01
1.032375812530517578e+00
5.450273752212524414e-01
7.556325197219848633e-01
1.486066281795501709e-01
5.733138322830200195e-02
0.000000000000000000e+00
2.047832310199737549e-01
1.749636977910995483e-02
1.911302804946899414e-01
4.755158424377441406e-01
5.216231569647789001e-02
0.000000000000000000e+00
9.430020451545715332e-01
5.358961224555969238e-01
1.134617552161216736e-01
1.499957084655761719e+00
2.136365324258804321e-02
3.444254994392395020e-01
2.107983380556106567e-01
8.129573613405227661e-02
1.020003914833068848e+00
2.098959207534790039e+00
8.077724277973175049e-02
3.106702268123626709e-01
3.678094968199729919e-02
4.086751490831375122e-02
8.399338722229003906e-01
3.717901408672332764e-01
1.893017888069152832e-01
9.747172147035598755e-02
1.975659281015396118e-01
6.416715383529663086e-01
5.532424151897430420e-02
6.162543296813964844e-01
1.082014322280883789e+00
2.455262660980224609e+00
1.621231883764266968e-01
4.196455236524343491e-03
5.065842270851135254e-01
9.549057483673095703e-02
1.047998964786529541e-01
2.307444252073764801e-02
0.000000000000000000e+00
4.397289082407951355e-02
0.000000000000000000e+00
7.699711322784423828e-01
6.890513896942138672e-01
3.516684174537658691e-01
5.296873673796653748e-02
3.676299154758453369e-01
2.335529327392578125e-01
1.005518361926078796e-01
1.239591121673583984e+00
7.459846138954162598e-02
4.356188178062438965e-01
1.362144500017166138e-01
3.459841609001159668e-01
6.030204296112060547e-01
7.342763990163803101e-02
3.429734706878662109e-01
4.774757474660873413e-02
8.454916626214981079e-02
6.567930430173873901e-02
1.534484744071960449e+00
2.879499793052673340e-01
2.324327975511550903e-01
5.137749314308166504e-01
2.933537662029266357e-01
1.115163803100585938e+00
2.120680958032608032e-01
1.900607943534851074e-01
1.368208408355712891e+00
1.363334178924560547e+00
2.257534489035606384e-02
1.421686172485351562e+00
0.000000000000000000e+00
1.480468750000000000e+00
5.864049196243286133e-01
1.700796037912368774e-01
2.910857439041137695e+00
2.459248900413513184e-02
0.000000000000000000e+00
1.906524896621704102e-01
1.073922738432884216e-01
3.487589359283447266e-01
3.225100785493850708e-02
4.699813723564147949e-01
5.128170847892761230e-01
1.988049000501632690e-01
1.844348162412643433e-01
0.000000000000000000e+00
2.452091723680496216e-01
1.713137775659561157e-01
4.161366820335388184e-01
7.706336379051208496e-01
1.108241081237792969e-01
2.091879993677139282e-01
2.550000190734863281e+00
2.015719115734100342e-01
0.000000000000000000e+00
1.258105993270874023e+00
0.000000000000000000e+00
1.302049160003662109e-01
3.019073307514190674e-01
1.318789720535278320e-01
1.558831930160522461e+00
1.450499705970287323e-02
1.536504983901977539e+00
6.834174692630767822e-02
7.165847718715667725e-02
1.442687511444091797e-01
5.671541020274162292e-02
0.000000000000000000e+00
3.329533636569976807e-01
5.672928690910339355e-02
3.486678376793861389e-02
1.738197952508926392e-01
1.162110567092895508e-01
8.145311474800109863e-01
8.972851932048797607e-02
7.478992640972137451e-02
0.000000000000000000e+00
6.822584271430969238e-01
4.209167361259460449e-01
2.323387712240219116e-01
5.820977091789245605e-01
1.069909334182739258e+00
2.047896534204483032e-01
2.909190654754638672e-01
3.591571375727653503e-02
0.000000000000000000e+00
1.833546310663223267e-01
4.874250888824462891e+00
0.000000000000000000e+00
5.599924325942993164e-01
8.072891235351562500e-01
8.523307740688323975e-02
6.323474049568176270e-01
1.105411425232887268e-01
1.947686970233917236e-01
2.170183137059211731e-02
8.538494259119033813e-02
2.185451030731201172e+00
1.191876381635665894e-01
3.580444455146789551e-01
0.000000000000000000e+00
3.930466771125793457e-01
1.894278218969702721e-03
1.044111609458923340e+00
0.000000000000000000e+00
9.176239967346191406e-01
0.000000000000000000e+00
1.725995421409606934e+00
5.857287049293518066e-01
1.026180148124694824e+00
0.000000000000000000e+00
7.073482871055603027e-02
6.375323981046676636e-02
5.381336063146591187e-02
0.000000000000000000e+00
2.647686302661895752e-01
1.975301653146743774e-01
1.901789568364620209e-02
0.000000000000000000e+00
4.090445488691329956e-02
1.244549632072448730e+00
3.330017328262329102e-01
3.358759880065917969e-01
1.271512866020202637e+00
5.506252869963645935e-02
1.872535824775695801e+00
0.000000000000000000e+00
4.542441070079803467e-01
2.017860174179077148e+00
1.284269213676452637e+00
1.340863943099975586e+00
1.135833501815795898e+00
4.428422152996063232e-01
2.028096020221710205e-01
6.141491413116455078e+00
4.851169288158416748e-01
1.906460970640182495e-01
1.084164381027221680e-01
1.698486685752868652e+00
1.855038642883300781e+00
9.202208518981933594e-01
1.204634681344032288e-01
1.732752025127410889e-01
3.159515142440795898e+00
2.520495414733886719e+00
1.764397323131561279e-01
3.895926177501678467e-01
3.173423290252685547e+00
3.280979990959167480e-01
5.684915781021118164e-01
1.350838597863912582e-02
3.141329288482666016e-01
1.919774860143661499e-01
1.396322101354598999e-01
4.176623821258544922e-01
9.429430216550827026e-02
2.283759832382202148e+00
1.669915363891050220e-04
1.090972945094108582e-01
1.401147842407226562e+00
4.858965277671813965e-01
6.947350502014160156e-01
1.033935174345970154e-01
1.074627041816711426e-01
3.936514854431152344e-01
1.843718528747558594e+00
1.640411093831062317e-03
3.320489544421434402e-03
1.146653056144714355e+00
1.260462760925292969e+00
2.108387202024459839e-01
8.923344612121582031e-01
0.000000000000000000e+00
3.286049887537956238e-02
7.608795166015625000e-02
3.461817204952239990e-01
1.004958525300025940e-01
1.113262549042701721e-01
1.404739856719970703e+00
1.986721344292163849e-02
8.029196411371231079e-02
5.731356143951416016e-01
4.245686829090118408e-01
1.041593551635742188e-01
1.814941614866256714e-01
1.165346801280975342e-01
2.697863876819610596e-01
7.766084372997283936e-02
2.207785606384277344e+00
3.066279411315917969e+00
3.030725121498107910e-01
1.337446738034486771e-02
1.239952724426984787e-02
6.332333683967590332e-01
7.835325784981250763e-03
1.664205551147460938e+00
0.000000000000000000e+00
5.281435251235961914e-01
0.000000000000000000e+00
0.000000000000000000e+00
1.858268260955810547e+00
2.149166911840438843e-02
0.000000000000000000e+00
2.130258977413177490e-01
4.927500486373901367e-01
2.151377499103546143e-01
3.101726472377777100e-01
1.728774309158325195e-01
1.204968690872192383e+00
3.418482840061187744e-01
2.105640806257724762e-02
2.666937373578548431e-02
3.188350498676300049e-01
4.694068804383277893e-02
1.503002047538757324e-01
1.469331532716751099e-01
1.817874073982238770e+00
7.900289446115493774e-02
0.000000000000000000e+00
5.499274730682373047e-01
1.838817745447158813e-01
0.000000000000000000e+00
1.147332906723022461e+00
8.867889642715454102e-01
5.669252872467041016e-01
1.000294566154479980e+00
5.536073446273803711e-01
1.939611285924911499e-01
3.112015724182128906e-01
1.345096379518508911e-01
1.075474098324775696e-01
9.470307268202304840e-03
9.657392650842666626e-02
1.909146457910537720e-02
3.499555401504039764e-03
0.000000000000000000e+00
3.362869024276733398e-01
4.966846406459808350e-01
2.700941450893878937e-02
2.143428921699523926e-01
3.859857842326164246e-02
9.005406498908996582e-02
3.130122087895870209e-03
1.824183821678161621e+00
2.435731172561645508e+00
1.045415624976158142e-01
3.004132024943828583e-02
0.000000000000000000e+00
1.419264972209930420e-01
3.015474416315555573e-02
0.000000000000000000e+00
1.223472237586975098e+00
2.527373097836971283e-02
1.976417660713195801e+00
2.821296080946922302e-02
3.704312443733215332e-01
0.000000000000000000e+00
3.797600865364074707e-01
7.717241048812866211e-01
7.116040214896202087e-03
5.654041767120361328e-01
8.708882927894592285e-01
1.506457328796386719e+00
2.440432012081146240e-01
6.894937753677368164e-01
1.225687265396118164e-01
8.961944580078125000e-01
1.000145599246025085e-01
5.426414012908935547e-01
1.697158254683017731e-02
2.833563648164272308e-02
6.347617506980895996e-02
1.693590402603149414e+00
2.774757742881774902e-01
3.040007352828979492e-01
1.984816342592239380e-01
6.537937372922897339e-02
2.676665782928466797e-01
6.389185786247253418e-01
0.000000000000000000e+00
1.013206765055656433e-01
0.000000000000000000e+00
1.985063403844833374e-01
2.097774529829621315e-03
1.821971684694290161e-01
3.725605458021163940e-02
7.198231760412454605e-03
0.000000000000000000e+00
7.527568340301513672e-01
4.614562261849641800e-03
6.610612869262695312e-01
0.000000000000000000e+00
1.302105784416198730e+00
3.272038400173187256e-01
2.101382732391357422e+00
2.784361839294433594e-01
2.352261394262313843e-01
4.552607536315917969e-01
5.343793034553527832e-01
1.536919713020324707e+00
3.019795417785644531e-01
1.707749217748641968e-01
3.471712470054626465e-01
8.158023357391357422e-01
2.130907297134399414e+00
0.000000000000000000e+00
2.794054746627807617e-01
8.578659892082214355e-01
7.648351192474365234e-01
2.718168497085571289e-01
4.919734895229339600e-01
1.768912076950073242e-01
0.000000000000000000e+00
1.478568315505981445e-01
2.344806641340255737e-01
5.381547808647155762e-01
3.023669868707656860e-02
5.242565274238586426e-02
1.778882741928100586e-01
0.000000000000000000e+00
6.093719005584716797e-01
0.000000000000000000e+00
1.711299061775207520e+00
7.490667700767517090e-02
3.760875463485717773e-01
8.118301630020141602e-01
6.059316545724868774e-02
3.467028737068176270e-01
1.464846283197402954e-01
4.067297875881195068e-01
6.389152407646179199e-01
4.448987543582916260e-01
1.822442747652530670e-02
1.146605536341667175e-01
1.808085888624191284e-01
6.657798290252685547e-01
2.111888080835342407e-01
8.961117267608642578e-02
1.260785937309265137e+00
2.218319028615951538e-01
3.150302544236183167e-02
5.411362051963806152e-01
1.375470906496047974e-01
4.797238856554031372e-02
9.238427877426147461e-02
3.871538937091827393e-01
8.006835356354713440e-03
1.076405525207519531e+00
3.573130443692207336e-02
6.331024318933486938e-02
1.142753809690475464e-01
4.103026539087295532e-02
3.785346269607543945e+00
0.000000000000000000e+00
7.372525930404663086e-01
3.445616662502288818e-01
5.001130104064941406e-01
4.447158873081207275e-01
6.963637191802263260e-03
1.923184841871261597e-01
1.033150777220726013e-02
5.749337077140808105e-01
3.570238351821899414e-01
6.604560017585754395e-01
6.750177741050720215e-01
5.335187539458274841e-03
1.561116099357604980e+00
2.204287648200988770e-01
2.650557518005371094e+00
1.724206447601318359e+00
7.204469293355941772e-02
7.555791735649108887e-01
4.617104828357696533e-01
4.091645404696464539e-02
1.030114591121673584e-01
1.283407062292098999e-01
3.790067672729492188e+00
2.647064208984375000e+00
4.148845672607421875e-01
2.658800482749938965e-01
7.054902911186218262e-01
3.042255640029907227e-01
0.000000000000000000e+00
0.000000000000000000e+00
6.962478756904602051e-01
2.614701390266418457e-01
9.494003653526306152e-02
7.599900662899017334e-02
4.873332083225250244e-01
1.247533112764358521e-01
0.000000000000000000e+00
1.429871022701263428e-01
0.000000000000000000e+00
2.254772745072841644e-02
1.082762241363525391e+00
2.526291906833648682e-01
2.800843119621276855e-02
0.000000000000000000e+00
5.935426354408264160e-01
7.604166865348815918e-02
1.031920462846755981e-01
1.161655545234680176e+00
1.435314267873764038e-01
3.971275091171264648e-01
0.000000000000000000e+00
3.139990568161010742e-01
3.086145520210266113e-01
4.754167795181274414e-01
5.025337263941764832e-02
5.713049694895744324e-02
2.900958657264709473e-01
1.719257980585098267e-01
1.116426467895507812e+00
0.000000000000000000e+00
7.969429716467857361e-03
5.088303089141845703e+00
2.332173846662044525e-02
2.629140019416809082e-01
2.685944139957427979e-01
1.258318722248077393e-01
9.831695556640625000e-01
1.170687153935432434e-01
1.301123738288879395e+00
2.234997272491455078e+00
4.683907628059387207e-01
1.038897037506103516e+01
5.723737180233001709e-02
1.283361166715621948e-01
3.276748657226562500e-01
9.013012796640396118e-02
0.000000000000000000e+00
1.212319374084472656e+00
3.677943944931030273e-01
3.082142174243927002e-01
6.257138252258300781e-01
3.101660251617431641e+00
1.531104445457458496e-01
1.710249781608581543e-01
0.000000000000000000e+00
4.253570139408111572e-01
3.591243326663970947e-01
6.089169532060623169e-02
1.778138615190982819e-02
1.173807829618453979e-01
1.052523627877235413e-01
1.330698132514953613e-01
0.000000000000000000e+00
1.341280579566955566e+00
7.903701066970825195e-01
2.148129343986511230e-01
5.196251347661018372e-02
1.231341436505317688e-02
3.745545446872711182e-02
5.526305437088012695e-01
6.635652482509613037e-02
1.266244798898696899e-01
1.050962448120117188e+00
3.451270759105682373e-01
9.710284471511840820e-01
6.594758033752441406e-01
4.897539913654327393e-01
6.137526594102382660e-03
0.000000000000000000e+00
5.475565418601036072e-02
2.966387271881103516e+00
2.064385563135147095e-01
0.000000000000000000e+00
3.898704648017883301e-01
4.348960518836975098e-02
0.000000000000000000e+00
2.066054791212081909e-01
1.105515718460083008e+00
9.465779066085815430e-01
5.771721005439758301e-01
3.372394442558288574e-01
6.043114140629768372e-02
1.741583704948425293e+00
3.456237077713012695e+00
0.000000000000000000e+00
2.155284769833087921e-02
1.791805773973464966e-01
6.182732433080673218e-02
4.960773047059774399e-03
1.509803161025047302e-02
3.002256751060485840e-01
2.873805165290832520e-01
0.000000000000000000e+00
1.993422629311680794e-04
3.695500493049621582e-01
6.882308721542358398e-01
1.938936114311218262e-01
1.453273534774780273e+00
6.367856860160827637e-01
9.792827069759368896e-02
1.821656346321105957e+00
8.241806626319885254e-01
6.682638078927993774e-02
1.521560192108154297e+00
2.060853689908981323e-02
4.763934295624494553e-03
4.940271675586700439e-01
2.579216957092285156e-01
0.000000000000000000e+00
1.765913218259811401e-01
1.058515310287475586e+00
3.485695719718933105e-01
1.447911977767944336e+00
5.999018251895904541e-02
5.492723733186721802e-02
2.385229803621768951e-02
2.195025533437728882e-01
5.785397291183471680e-01
5.897606611251831055e-01
1.143415197730064392e-01
6.159725785255432129e-01
4.271868169307708740e-01
2.538024447858333588e-02
4.379281401634216309e-01
1.657344251871109009e-01
1.344455480575561523e+00
3.632800877094268799e-01
1.627955138683319092e-01
5.972725749015808105e-01
1.458907127380371094e-01
1.360227167606353760e-01
6.234484165906906128e-02
3.412611186504364014e-01
5.046960711479187012e-02
1.918217167258262634e-02
0.000000000000000000e+00
3.203758597373962402e-01
7.248890399932861328e-01
1.086732447147369385e-01
0.000000000000000000e+00
9.878969192504882812e-02
1.028604619204998016e-02
4.187404736876487732e-02
0.000000000000000000e+00
1.139540910720825195e+00
4.468379914760589600e-01
1.365690976381301880e-01
2.142796814441680908e-01
1.718121170997619629e+00
0.000000000000000000e+00
1.473787426948547363e-01
1.197722777724266052e-01
1.172491908073425293e-01
2.894178405404090881e-02
2.303621172904968262e-02
3.651825338602066040e-02
3.274684846401214600e-01
2.911746799945831299e-01
0.000000000000000000e+00
2.560345649719238281e+00
4.330065846443176270e-01
7.871381938457489014e-02
0.000000000000000000e+00
1.987167298793792725e-01
1.259208470582962036e-01
0.000000000000000000e+00
2.159527242183685303e-01
9.873208999633789062e-01
0.000000000000000000e+00
4.460883513092994690e-02
4.095498323440551758e-01
6.089532971382141113e-01
0.000000000000000000e+00
3.688082098960876465e-01
7.215833067893981934e-01
6.560510396957397461e-02
6.465575844049453735e-02
3.770669177174568176e-02
1.043489933013916016e+00
1.399465054273605347e-01
2.010849863290786743e-01
6.574409604072570801e-01
5.199711769819259644e-02
1.836245059967041016e-01
2.513977885246276855e-01
4.266800358891487122e-02
8.509414792060852051e-01
9.434356689453125000e-01
5.162147283554077148e-01
2.951138615608215332e-01
3.622561097145080566e-01
6.509761810302734375e-01
0.000000000000000000e+00
3.052153438329696655e-02
1.209285706281661987e-01
0.000000000000000000e+00
9.673254936933517456e-02
1.783043742179870605e+00
1.066213473677635193e-02
3.691199541091918945e+00
2.925928533077239990e-01
8.190945386886596680e-01
1.618624925613403320e+00
8.532495796680450439e-02
7.601677626371383667e-02
6.210557743906974792e-02
6.016658246517181396e-02
1.406954824924468994e-01
6.015080809593200684e-01
1.828682541847229004e+00
5.940702930092811584e-02
7.227042913436889648e-01
7.791811227798461914e-01
8.102474808692932129e-01
8.941073417663574219e-01
2.641718089580535889e-01
6.940368562936782837e-02
1.163055077195167542e-01
1.766283988952636719e+00
1.446713089942932129e+00
0.000000000000000000e+00
1.546508073806762695e-01
6.481342315673828125e-01
9.207162857055664062e-01
1.770218759775161743e-01
0.000000000000000000e+00
9.720920920372009277e-01
2.719198763370513916e-01
1.322589665651321411e-01
3.872124850749969482e-02
0.000000000000000000e+00
7.941070944070816040e-02
4.340136647224426270e-01
5.200454592704772949e-01
5.041295886039733887e-01
4.828742742538452148e-01
2.775229930877685547e+00
4.431866481900215149e-02
8.871936798095703125e-02
1.279837265610694885e-02
4.086776971817016602e-01
1.123707070946693420e-01
1.974404007196426392e-01
1.699865311384201050e-01
1.995998322963714600e-01
3.022167384624481201e-01
4.847488552331924438e-02
5.203145146369934082e-01
4.646170884370803833e-02
4.743328392505645752e-01
7.835855484008789062e-01
1.537210792303085327e-01
2.267126291990280151e-01
7.197886705398559570e-01
2.111193835735321045e-01
3.022654354572296143e-01
0.000000000000000000e+00
1.071472579496912658e-04
7.612895369529724121e-01
6.532617807388305664e-01
8.804607987403869629e-01
9.657310321927070618e-03
3.484878540039062500e-01
4.629992246627807617e-01
0.000000000000000000e+00
0.000000000000000000e+00
5.515394210815429688e-01
3.841375559568405151e-02
0.000000000000000000e+00
9.744494557380676270e-01
3.722505867481231689e-01
9.069360047578811646e-02
6.225141137838363647e-02
7.847788929939270020e-01
2.297680377960205078e+00
0.000000000000000000e+00
1.241377443075180054e-01
5.402799248695373535e-01
2.615895122289657593e-02
9.593154191970825195e-01
1.274925321340560913e-01
1.190356254577636719e+00
8.481935858726501465e-01
3.902840241789817810e-02
1.330000814050436020e-02
2.847373783588409424e-01
1.150190606713294983e-01
2.183972895145416260e-01
3.907277286052703857e-01
1.998297274112701416e-01
3.235100209712982178e-01
4.342458248138427734e-01
1.456784248352050781e+00
7.911704182624816895e-01
2.847874164581298828e-01
3.921968117356300354e-02
7.503310441970825195e-01
2.511285245418548584e-01
2.801765501499176025e-02
3.076832294464111328e+00
2.207842588424682617e+00
1.525290310382843018e-01
2.390697300434112549e-01
1.221401453018188477e+00
1.150583148002624512e+00
9.841518998146057129e-01
9.840466827154159546e-02
3.045516014099121094e-01
1.877450942993164062e-01
1.718685179948806763e-01
3.755954802036285400e-01
0.000000000000000000e+00
3.382189432159066200e-03
7.938730120658874512e-01
1.803029924631118774e-01
1.304718665778636932e-02
5.577698349952697754e-01
1.414194423705339432e-02
8.333122134208679199e-01
2.466682940721511841e-01
4.607170522212982178e-01
2.777386642992496490e-02
8.005472421646118164e-01
0.000000000000000000e+00
1.263459622859954834e-01
2.687699198722839355e-01
1.286379154771566391e-02
9.362152814865112305e-01
9.654611945152282715e-01
2.284706979990005493e-01
2.618730813264846802e-02
0.000000000000000000e+00
1.666478514671325684e-01
6.247530132532119751e-02
1.253469884395599365e-01
2.037104777991771698e-02
1.526986122131347656e+00
8.365790843963623047e-01
2.299400269985198975e-01
1.648935824632644653e-01
1.051813364028930664e+00
1.371797770261764526e-01
1.210761189460754395e+00
6.111124530434608459e-02
3.275823295116424561e-01
1.617812037467956543e+00
4.279207810759544373e-02
4.576672613620758057e-01
2.108669996261596680e+00
1.651191592216491699e+00
2.166202105581760406e-02
4.726549983024597168e-01
6.628624796867370605e-01
4.802279472351074219e-01
4.642566442489624023e-01
9.859217405319213867e-01
4.462588429450988770e-01
3.548566251993179321e-02
1.205964609980583191e-01
1.759018450975418091e-01
1.066577062010765076e-01
1.226701498031616211e+00
2.573079586029052734e+00
1.705312281847000122e-01
1.824786901473999023e+00
5.246411636471748352e-02
1.146696656942367554e-01
4.180158078670501709e-01
8.334917426109313965e-01
0.000000000000000000e+00
7.169558107852935791e-02
6.235614418983459473e-01
1.028342485427856445e+00
1.498353779315948486e-01
9.428148865699768066e-01
0.000000000000000000e+00
2.569665610790252686e-01
2.601712942123413086e-01
7.702373713254928589e-02
4.781750142574310303e-01
1.061592772603034973e-01
9.313768893480300903e-02
0.000000000000000000e+00
3.179730847477912903e-02
2.576580643653869629e-02
0.000000000000000000e+00
0.000000000000000000e+00
7.661026120185852051e-01
1.032994627952575684e+00
2.027507275342941284e-01
7.267766594886779785e-01
0.000000000000000000e+00
5.134347677230834961e-01
1.543651342391967773e+00
1.653041958808898926e+00
1.086197376251220703e+01
6.524594873189926147e-02
1.329479336738586426e+00
1.182613745331764221e-01
6.851196289062500000e-01
3.479994535446166992e-01
1.000349000096321106e-01
1.932584047317504883e+00
1.230686306953430176e+00
3.131580650806427002e-01
5.993135571479797363e-01
1.475559830665588379e+00
9.658863395452499390e-02
6.861373782157897949e-01
1.144768357276916504e+00
1.022036969661712646e-01
0.000000000000000000e+00
1.787969842553138733e-02
1.428495347499847412e-01
1.401053965091705322e-01
6.188748776912689209e-02
2.672268748283386230e-01
0.000000000000000000e+00
1.204334616661071777e+00
7.591077089309692383e-01
2.533356547355651855e-01
9.549724869430065155e-03
1.648627877235412598e+00
1.955791234970092773e+00
4.368156492710113525e-01
4.735946655273437500e-02
0.000000000000000000e+00
3.476833924651145935e-02
5.199182510375976562e+00
8.521515876054763794e-02
5.840722471475601196e-02
5.641732215881347656e-01
1.413824081420898438e+00
8.568992465734481812e-02
3.857188224792480469e-01
2.086741924285888672e+00
7.581004500389099121e-01
3.573005497455596924e-01
1.054968357086181641e+00
1.574351936578750610e-01
2.893756628036499023e-01
4.383570551872253418e-01
4.328074932098388672e+00
4.743030071258544922e+00
5.871083140373229980e-01
7.758471649140119553e-03
2.147574275732040405e-01
3.959325253963470459e-01
5.589388012886047363e-01
4.489690810441970825e-02
2.113816794008016586e-03
0.000000000000000000e+00
3.889756649732589722e-02
2.443219721317291260e-01
4.836992621421813965e-01
1.252253293991088867e+00
1.343512535095214844e-01
9.372367858886718750e-01
1.282283812761306763e-01
5.513546466827392578e-01
5.719680339097976685e-02
5.299536138772964478e-02
7.094066590070724487e-02
1.743726491928100586e+00
2.812142670154571533e-01
0.000000000000000000e+00
4.381777346134185791e-02
4.179108738899230957e-01
0.000000000000000000e+00
2.958156764507293701e-01
7.092760205268859863e-01
2.185797840356826782e-01
1.394367814064025879e-01
1.703552156686782837e-01
5.247139930725097656e-02
1.006459593772888184e-01
2.665517926216125488e-01
2.088059186935424805e-01
3.577093780040740967e-01
8.797099441289901733e-02
1.135585904121398926e+00
5.868917703628540039e-02
9.814059734344482422e-01
0.000000000000000000e+00
0.000000000000000000e+00
8.832246065139770508e-02
8.304625749588012695e-01
1.617488563060760498e-01
1.501360386610031128e-01
2.285596370697021484e+00
0.000000000000000000e+00
1.228759884834289551e-01
0.000000000000000000e+00
2.190117537975311279e-01
3.570917993783950806e-02
2.074542999267578125e+00
1.682292968034744263e-01
4.951111972332000732e-01
8.138417452573776245e-02
2.772182226181030273e-01
1.604950726032257080e-01
0.000000000000000000e+00
1.351798325777053833e-02
1.283936351537704468e-01
2.077671587467193604e-01
1.381177455186843872e-01
1.474721431732177734e-01
1.254306286573410034e-01
0.000000000000000000e+00
2.489892765879631042e-02
1.440459210425615311e-02
3.693126738071441650e-01
8.974889516830444336e-01
1.098892763257026672e-01
1.874353736639022827e-02
1.361705064773559570e-01
1.900096833705902100e-01
2.225928068161010742e+00
6.770590692758560181e-02
