2.892793416976928711e-01
2.949797868728637695e+00
0.000000000000000000e+00
1.284134387969970703e-02
5.318792536854743958e-02
1.572413295507431030e-01
3.768205270171165466e-02
6.788226962089538574e-02
0.000000000000000000e+00
0.000000000000000000e+00
1.561343789100646973e+00
5.449017882347106934e-01
3.456480801105499268e-02
0.000000000000000000e+00
6.042525768280029297e-01
0.000000000000000000e+00
1.255441427230834961e+00
6.379521451890468597e-03
2.688890509307384491e-02
0.000000000000000000e+00
0.000000000000000000e+00
1.901146173477172852e-01
1.292904317378997803e-01
2.860748171806335449e-01
2.028037309646606445e+00
2.100040316581726074e-01
1.763997793197631836e+00
4.182273522019386292e-02
4.661443457007408142e-02
2.000988870859146118e-01
2.718985080718994141e-01
3.308708906173706055e+00
6.756037473678588867e-01
5.312346816062927246e-01
0.000000000000000000e+00
1.381646608933806419e-03
2.790958583354949951e-01
9.491647779941558838e-02
1.506084576249122620e-02
1.130563974380493164e+00
3.580081939697265625e+00
2.684201598167419434e-01
0.000000000000000000e+00
2.234437227249145508e+00
0.000000000000000000e+00
0.000000000000000000e+00
0.000000000000000000e+00
0.000000000000000000e+00
1.204708740115165710e-01
0.000000000000000000e+00
3.663650751113891602e-01
6.561980843544006348e-01
4.754557609558105469e-01
0.000000000000000000e+00
9.592702239751815796e-02
1.564118266105651855e-01
0.000000000000000000e+00
8.252383023500442505e-02
0.000000000000000000e+00
5.217114463448524475e-03
2.349023371934890747e-01
3.482130050659179688e+00
1.337615966796875000e+00
4.654719233512878418e-01
8.103243708610534668e-01
0.000000000000000000e+00
2.472266368567943573e-02
5.476787567138671875e+00
0.000000000000000000e+00
0.000000000000000000e+00
4.255035877227783203e+00
0.000000000000000000e+00
6.917614489793777466e-02
6.065002679824829102e-01
0.000000000000000000e+00
8.121214061975479126e-02
1.697441004216670990e-02
5.160417780280113220e-02
1.170661568641662598e+00
0.000000000000000000e+00
4.743545502424240112e-02
0.000000000000000000e+00
1.747502535581588745e-01
0.000000000000000000e+00
7.027320861816406250e-01
5.902011692523956299e-02
3.746762871742248535e-02
6.329921633005142212e-02
8.022373542189598083e-03
0.000000000000000000e+00
1.284229755401611328e-02
0.000000000000000000e+00
0.000000000000000000e+00
1.518940627574920654e-01
6.252357363700866699e-01
2.808372080326080322e-01
4.408825188875198364e-02
5.143138766288757324e-01
8.673517704010009766e-01
4.107576608657836914e-02
5.655159708112478256e-03
7.460287772119045258e-03
2.170906588435173035e-02
1.346862316131591797e+00
2.341328114271163940e-01
0.000000000000000000e+00
2.165560871362686157e-01
0.000000000000000000e+00
2.480901032686233521e-02
3.093042671680450439e-01
0.000000000000000000e+00
7.412229478359222412e-02
0.000000000000000000e+00
4.982194304466247559e-02
3.943596780300140381e-01
2.545214593410491943e-01
4.073506593704223633e-02
2.426643133163452148e+00
0.000000000000000000e+00
0.000000000000000000e+00
1.604555249214172363e-01
0.000000000000000000e+00
0.000000000000000000e+00
4.983974099159240723e-01
7.668797492980957031e+00
7.202135026454925537e-02
0.000000000000000000e+00
1.648508071899414062e+00
1.942191869020462036e-01
0.000000000000000000e+00
1.718024760484695435e-01
0.000000000000000000e+00
1.871010512113571167e-01
2.025054953992366791e-02
3.719069063663482666e-02
2.335078781470656395e-03
5.403727293014526367e-01
2.027958780527114868e-01
3.311039805412292480e-01
2.319443039596080780e-02
1.063703969120979309e-01
2.957221567630767822e-01
5.478159785270690918e-01
8.417126536369323730e-02
0.000000000000000000e+00
0.000000000000000000e+00
6.113970279693603516e-01
0.000000000000000000e+00
7.895173132419586182e-02
0.000000000000000000e+00
6.825331687927246094e+00
6.470932364463806152e-01
4.043547436594963074e-03
0.000000000000000000e+00
2.740162611007690430e-01
3.523381426930427551e-02
3.148543238639831543e-01
0.000000000000000000e+00
1.523945480585098267e-02
0.000000000000000000e+00
1.512041222304105759e-02
4.729014933109283447e-01
1.380334049463272095e-01
2.563681006431579590e-01
3.048002719879150391e-01
4.232577800750732422e+00
0.000000000000000000e+00
2.001724392175674438e-01
1.011102944612503052e-01
1.520564127713441849e-02
6.591074913740158081e-02
1.048052087426185608e-01
2.126018889248371124e-02
6.743380427360534668e-02
0.000000000000000000e+00
9.800183586776256561e-03
9.180915541946887970e-03
1.168590858578681946e-01
0.000000000000000000e+00
1.032922744750976562e+00
2.234743356704711914e+00
4.415152668952941895e-01
1.398058086633682251e-01
3.155417442321777344e-01
2.038348652422428131e-02
1.875998266041278839e-02
6.353178620338439941e-02
0.000000000000000000e+00
0.000000000000000000e+00
3.840863704681396484e-01
1.741083711385726929e-02
0.000000000000000000e+00
2.399684667587280273e+00
5.195292234420776367e-01
9.105146862566471100e-03
0.000000000000000000e+00
1.124905824661254883e+00
4.220587015151977539e-01
5.150358192622661591e-04
4.869583249092102051e-01
4.240648075938224792e-02
0.000000000000000000e+00
9.393697232007980347e-02
0.000000000000000000e+00
4.696978032588958740e-01
0.000000000000000000e+00
1.420095711946487427e-01
5.584083199501037598e-01
0.000000000000000000e+00
2.772414684295654297e-02
1.271136254072189331e-01
6.941927224397659302e-02
0.000000000000000000e+00
1.152309589087963104e-02
0.000000000000000000e+00
6.712580919265747070e-01
1.826848268508911133e+00
0.000000000000000000e+00
0.000000000000000000e+00
9.956848621368408203e-02
3.101483881473541260e-01
0.000000000000000000e+00
4.855635166168212891e-01
0.000000000000000000e+00
2.716919034719467163e-02
0.000000000000000000e+00
2.579476237297058105e-01
1.902577094733715057e-02
2.928446233272552490e-01
1.856433153152465820e+00
3.003885746002197266e-01
1.677660271525382996e-02
9.322297759354114532e-03
2.056619405746459961e+00
2.384777069091796875e-01
0.000000000000000000e+00
3.919171914458274841e-02
3.025528416037559509e-02
2.633935213088989258e-01
1.772753596305847168e-01
3.026295686140656471e-03
3.539898619055747986e-02
2.819543361663818359e+00
1.295503526926040649e-01
6.404793262481689453e-02
1.272227801382541656e-02
4.498324915766716003e-02
3.738834336400032043e-02
5.567200183868408203e-01
5.014994740486145020e-01
1.073123589158058167e-01
8.193988204002380371e-01
3.745053410530090332e-01
0.000000000000000000e+00
3.235083520412445068e-01
6.142669171094894409e-02
0.000000000000000000e+00
1.131732203066349030e-02
2.892075777053833008e-01
3.947143442928791046e-03
0.000000000000000000e+00
2.436924427747726440e-01
6.874052047729492188e+00
2.142891138792037964e-01
0.000000000000000000e+00
3.970337100327014923e-03
3.198035657405853271e-01
2.059545665979385376e-01
4.763660728931427002e-01
2.064091851934790611e-03
3.174680948257446289e+00
2.840807661414146423e-02
2.400618195533752441e-01
1.065924949944019318e-02
1.264095306396484375e-02
1.897137165069580078e-01
1.386851654388010502e-03
2.858699262142181396e-01
3.504174351692199707e-01
3.877514600753784180e-02
1.451702788472175598e-03
0.000000000000000000e+00
2.234689593315124512e-01
2.101580500602722168e-01
0.000000000000000000e+00
6.026988029479980469e-01
3.996542096138000488e-02
0.000000000000000000e+00
4.816195964813232422e-01
5.508958697319030762e-01
1.439953781664371490e-02
6.453334093093872070e-01
0.000000000000000000e+00
1.673185080289840698e-02
6.808806210756301880e-03
1.803805232048034668e-01
4.205070137977600098e-01
1.451166868209838867e-01
8.276494219899177551e-03
0.000000000000000000e+00
5.383517742156982422e-01
7.471379637718200684e-02
1.593344449996948242e+00
0.000000000000000000e+00
1.403992533683776855e+00
4.694408476352691650e-01
2.240367829799652100e-01
0.000000000000000000e+00
7.848058827221393585e-03
5.392957925796508789e-01
1.012660339474678040e-01
5.257995724678039551e-01
4.972526431083679199e-01
4.766000062227249146e-02
0.000000000000000000e+00
3.756159543991088867e-01
9.735890626907348633e-01
1.415408998727798462e-01
3.172287046909332275e-01
1.042263656854629517e-01
8.158266544342041016e-02
1.097198605537414551e+00
6.173993349075317383e-01
4.737174510955810547e-01
0.000000000000000000e+00
5.318812280893325806e-02
0.000000000000000000e+00
4.514882862567901611e-01
4.717862308025360107e-01
1.419085357338190079e-02
0.000000000000000000e+00
0.000000000000000000e+00
1.465868592262268066e+00
7.808727771043777466e-02
1.219595521688461304e-01
1.068571805953979492e-01
1.205507993698120117e+00
4.307791590690612793e-02
2.173087835311889648e+00
6.664815545082092285e-02
8.396472036838531494e-02
1.566307805478572845e-02
1.921403855085372925e-01
0.000000000000000000e+00
0.000000000000000000e+00
2.872009277343750000e-01
2.422812767326831818e-02
0.000000000000000000e+00
1.973598264157772064e-02
1.164799705147743225e-01
5.374409724026918411e-03
8.775015920400619507e-02
0.000000000000000000e+00
1.158135831356048584e-01
9.509266354143619537e-03
2.392538785934448242e-01
2.692052349448204041e-02
0.000000000000000000e+00
1.070950150489807129e+00
2.426399476826190948e-02
0.000000000000000000e+00
7.379661798477172852e-01
4.345425963401794434e-02
0.000000000000000000e+00
2.470224380493164062e+00
1.915122866630554199e-01
6.292439103126525879e-01
4.889060184359550476e-02
7.075401395559310913e-02
0.000000000000000000e+00
1.367862373590469360e-01
1.280843168497085571e-01
7.704038918018341064e-02
1.101968064904212952e-01
0.000000000000000000e+00
6.530041247606277466e-02
2.074811160564422607e-01
2.581975888460874557e-03
1.584486216306686401e-01
1.406553387641906738e-01
2.892993986606597900e-01
0.000000000000000000e+00
2.199130505323410034e-01
0.000000000000000000e+00
8.895523846149444580e-02
1.507243365049362183e-01
0.000000000000000000e+00
6.859468668699264526e-02
3.835098817944526672e-02
3.212874829769134521e-01
1.453405991196632385e-02
0.000000000000000000e+00
1.383300274610519409e-01
3.107909299433231354e-02
0.000000000000000000e+00
1.446332931518554688e+00
3.014745004475116730e-02
1.303385049104690552e-01
2.681051008403301239e-02
0.000000000000000000e+00
7.188216447830200195e-01
6.434611044824123383e-03
0.000000000000000000e+00
4.280134737491607666e-01
4.467676579952239990e-01
6.099550426006317139e-02
8.510885387659072876e-02
1.874882914125919342e-02
1.693283766508102417e-01
4.908703267574310303e-01
3.102705441415309906e-02
0.000000000000000000e+00
1.119501709938049316e+00
1.278347074985504150e-01
7.671197652816772461e-01
0.000000000000000000e+00
2.987519837915897369e-03
2.442294657230377197e-01
0.000000000000000000e+00
3.484211489558219910e-02
2.878079656511545181e-03
2.978368103504180908e-01
9.874715805053710938e-01
6.323351860046386719e-01
9.694656729698181152e-02
0.000000000000000000e+00
0.000000000000000000e+00
9.881539344787597656e-01
0.000000000000000000e+00
0.000000000000000000e+00
1.450230479240417480e-01
1.173456832766532898e-01
1.087901353836059570e+00
2.683910429477691650e-01
3.311604857444763184e-01
2.453540079295635223e-02
1.638321131467819214e-01
0.000000000000000000e+00
2.139351665973663330e-01
0.000000000000000000e+00
1.889460831880569458e-01
7.249761838465929031e-04
0.000000000000000000e+00
2.267201542854309082e-01
1.391340792179107666e-01
1.359954833984375000e+00
3.545601367950439453e-01
5.386929512023925781e-01
6.829790025949478149e-02
6.781119108200073242e-02
1.246903985738754272e-01
7.528088521212339401e-03
5.859084725379943848e-01
0.000000000000000000e+00
0.000000000000000000e+00
9.281680583953857422e-01
5.428465604782104492e-01
5.010408759117126465e-01
5.390040874481201172e-01
1.904149204492568970e-01
0.000000000000000000e+00
2.136562824249267578e+00
4.775843620300292969e-01
2.392124682664871216e-01
2.461081556975841522e-02
7.486586691811680794e-04
4.536383450031280518e-01
1.836267113685607910e+00
1.404323242604732513e-02
2.928965911269187927e-02
1.667119562625885010e-02
3.879607319831848145e-01
3.163241446018218994e-01
3.571236133575439453e+00
0.000000000000000000e+00
1.138951927423477173e-01
6.509272754192352295e-02
0.000000000000000000e+00
1.308954954147338867e-01
0.000000000000000000e+00
1.594212604686617851e-03
3.425016766414046288e-03
0.000000000000000000e+00
9.184359908103942871e-01
7.131897658109664917e-02
3.890607133507728577e-02
1.256678998470306396e-02
0.000000000000000000e+00
1.367733478546142578e-01
1.272326588630676270e+00
9.485226273536682129e-01
2.316005676984786987e-01
0.000000000000000000e+00
1.074930876493453979e-01
1.682981997728347778e-01
3.649772331118583679e-02
4.929551854729652405e-02
2.727162279188632965e-02
1.084323287010192871e+00
1.315502729266881943e-02
1.306550800800323486e-01
2.621381543576717377e-02
2.466737985610961914e+00
6.318723559379577637e-01
4.312157034873962402e-01
6.349299848079681396e-02
5.615374445915222168e-02
1.364883035421371460e-01
2.812607400119304657e-02
6.606194376945495605e-01
2.928793616592884064e-02
2.475482225418090820e+00
2.576259613037109375e+00
1.490765344351530075e-02
0.000000000000000000e+00
2.352908849716186523e-01
1.083515733480453491e-01
3.339161723852157593e-02
1.563412323594093323e-02
6.270465850830078125e-01
1.325509548187255859e+00
9.415066838264465332e-01
1.108448579907417297e-02
0.000000000000000000e+00
0.000000000000000000e+00
1.734723448753356934e-01
2.681056596338748932e-02
1.089132949709892273e-01
0.000000000000000000e+00
1.793000936508178711e+00
0.000000000000000000e+00
1.347105056047439575e-01
7.892137765884399414e-02
1.937769353389739990e-01
4.337312281131744385e-02
1.351265072822570801e+00
4.295274615287780762e-02
0.000000000000000000e+00
2.672039568424224854e-01
1.062073037028312683e-01
0.000000000000000000e+00
6.580846011638641357e-02
9.110053062438964844e+00
2.738188719376921654e-03
3.176576644182205200e-02
2.552641630172729492e-01
0.000000000000000000e+00
1.042158156633377075e-01
1.005388647317886353e-01
5.427059650421142578e+00
7.573858648538589478e-02
0.000000000000000000e+00
9.239123016595840454e-02
2.342679351568222046e-01
0.000000000000000000e+00
1.294251322746276855e+00
3.705680370330810547e-03
0.000000000000000000e+00
6.679115444421768188e-02
2.410204410552978516e-01
0.000000000000000000e+00
4.148979485034942627e-02
0.000000000000000000e+00
4.016243852674961090e-03
3.520005568861961365e-02
1.108147725462913513e-01
3.256517648696899414e-02
0.000000000000000000e+00
0.000000000000000000e+00
0.000000000000000000e+00
8.634809404611587524e-02
1.078133821487426758e+00
1.084195077419281006e-02
1.046094577759504318e-02
1.075503975152969360e-02
3.864716589450836182e-01
1.933235824108123779e-01
1.506965309381484985e-01
6.257835030555725098e-01
9.836708903312683105e-01
0.000000000000000000e+00
3.183649480342864990e-01
5.220273733139038086e-01
1.864514589309692383e+00
4.511804282665252686e-01
0.000000000000000000e+00
7.370577752590179443e-02
8.939524739980697632e-02
2.245972871780395508e+00
8.573262020945549011e-03
0.000000000000000000e+00
4.093748331069946289e-01
1.408557146787643433e-01
0.000000000000000000e+00
1.258663237094879150e-01
0.000000000000000000e+00
3.777289018034934998e-02
2.886191606521606445e-01
2.304932922124862671e-01
4.824390709400177002e-01
8.491694927215576172e-02
0.000000000000000000e+00
2.830333635210990906e-02
1.563534699380397797e-02
1.133888840675354004e+00
0.000000000000000000e+00
1.633232980966567993e-01
3.296582028269767761e-03
8.512532711029052734e-01
0.000000000000000000e+00
4.718869626522064209e-01
6.407523900270462036e-02
9.667310863733291626e-02
0.000000000000000000e+00
1.190911889076232910e+00
0.000000000000000000e+00
1.430784225463867188e+00
8.798283338546752930e-02
8.572861552238464355e-02
1.739368587732315063e-01
4.713251069188117981e-02
5.504343286156654358e-02
2.290098905563354492e+00
1.157183945178985596e-01
2.127193510532379150e-01
6.402988433837890625e-01
4.509945809841156006e-01
1.904338598251342773e+00
1.127043738961219788e-01
5.749045405536890030e-03
2.470005750656127930e-01
2.811935497447848320e-03
0.000000000000000000e+00
3.074899017810821533e-01
3.308905661106109619e-01
6.179744377732276917e-02
0.000000000000000000e+00
6.517179012298583984e-01
1.490099076181650162e-02
0.000000000000000000e+00
7.683082222938537598e-01
3.947495222091674805e+00
2.700373157858848572e-02
6.308186054229736328e-01
0.000000000000000000e+00
0.000000000000000000e+00
1.354477554559707642e-01
4.921567067503929138e-02
2.354104258120059967e-02
6.616225000470876694e-03
2.435186207294464111e-01
0.000000000000000000e+00
3.267103806138038635e-02
5.446300506591796875e-01
0.000000000000000000e+00
2.042408138513565063e-01
0.000000000000000000e+00
1.136463135480880737e-01
8.444639854133129120e-03
1.281358897686004639e-01
2.550137042999267578e-01
7.655948400497436523e-02
1.285107731819152832e-01
0.000000000000000000e+00
2.076243422925472260e-02
0.000000000000000000e+00
3.187882713973522186e-03
6.917914748191833496e-01
3.734311833977699280e-02
0.000000000000000000e+00
0.000000000000000000e+00
4.098027646541595459e-01
1.603577882051467896e-01
6.422074139118194580e-02
3.710391744971275330e-02
7.314196825027465820e-01
5.669001489877700806e-02
7.921680808067321777e-02
3.039680957794189453e+00
5.004394799470901489e-02
6.142045557498931885e-02
4.110932350158691406e-03
3.859790787100791931e-02
1.139171957969665527e+00
1.299400776624679565e-01
2.226147800683975220e-01
3.539687395095825195e-02
1.754720658063888550e-01
6.783996522426605225e-02
7.959638535976409912e-02
6.646448373794555664e-02
8.729643374681472778e-02
0.000000000000000000e+00
0.000000000000000000e+00
2.735237777233123779e-02
1.736140251159667969e-02
7.622056007385253906e-01
3.495862960815429688e+00
2.426070421934127808e-01
0.000000000000000000e+00
1.926790326833724976e-01
5.453070998191833496e-01
9.267939627170562744e-02
0.000000000000000000e+00
0.000000000000000000e+00
1.942188143730163574e+00
3.479596376419067383e-01
1.191783845424652100e-01
0.000000000000000000e+00
0.000000000000000000e+00
1.624250292778015137e+00
9.909681081771850586e-01
8.400427550077438354e-02
1.548671871423721313e-01
0.000000000000000000e+00
2.318976819515228271e-02
1.931040585041046143e-01
4.561538994312286377e-02
8.358042836189270020e-01
3.642780473455786705e-03
1.762464642524719238e-01
8.150613307952880859e-02
0.000000000000000000e+00
4.414859712123870850e-01
6.116291880607604980e-01
2.995840311050415039e-01
7.440983653068542480e-01
1.193828042596578598e-02
0.000000000000000000e+00
3.464233502745628357e-02
9.085320234298706055e-01
3.585669100284576416e-01
2.453896701335906982e-01
4.124959945678710938e+00
4.622684326022863388e-03
2.321120351552963257e-01
1.185599043965339661e-01
1.868570804595947266e+00
2.970949411392211914e-01
3.073144145309925079e-02
8.612855672836303711e-01
9.616579413414001465e-01
0.000000000000000000e+00
4.228446166962385178e-03
2.279347740113735199e-02
0.000000000000000000e+00
6.043612211942672729e-02
3.212220966815948486e-02
3.373153274878859520e-03
0.000000000000000000e+00
2.163719385862350464e-01
1.921205371618270874e-01
4.753931611776351929e-02
2.323792874813079834e-02
6.559768691658973694e-03
4.941455647349357605e-02
1.109134793281555176e+00
6.174888461828231812e-02
2.082775235176086426e-01
5.160008072853088379e-01
1.486021578311920166e-01
1.605878353118896484e+00
1.751873195171356201e-01
5.497612431645393372e-02
0.000000000000000000e+00
4.838041961193084717e-02
2.663280814886093140e-03
1.265391856431961060e-01
3.095564991235733032e-02
1.949915289878845215e-02
2.962593734264373779e-02
6.616089493036270142e-02
3.023361787199974060e-03
6.693966686725616455e-02
0.000000000000000000e+00
4.458245635032653809e-02
5.934591889381408691e-01
1.566461659967899323e-02
0.000000000000000000e+00
1.403978824615478516e+00
0.000000000000000000e+00
2.500982522964477539e+00
2.900203764438629150e-01
0.000000000000000000e+00
6.429369002580642700e-02
2.001475356519222260e-02
2.941470220685005188e-02
3.325536251068115234e-01
5.157388448715209961e-01
3.578712046146392822e-01
0.000000000000000000e+00
1.306598484516143799e-01
2.792537212371826172e-02
0.000000000000000000e+00
0.000000000000000000e+00
9.242439270019531250e-02
0.000000000000000000e+00
1.190363150089979172e-02
0.000000000000000000e+00
0.000000000000000000e+00
0.000000000000000000e+00
5.257909893989562988e-01
1.117778792977333069e-01
1.177076220512390137e+00
2.017601728439331055e-01
1.246455218642950058e-02
0.000000000000000000e+00
4.951285362243652344e+00
1.499181706458330154e-02
2.962415218353271484e-01
0.000000000000000000e+00
6.664836406707763672e-02
1.510761231184005737e-01
1.998400390148162842e-01
0.000000000000000000e+00
0.000000000000000000e+00
0.000000000000000000e+00
5.057500600814819336e-01
5.179844051599502563e-02
3.849495351314544678e-01
0.000000000000000000e+00
3.120481729507446289e+00
9.702293574810028076e-02
4.425951279699802399e-03
3.580657243728637695e+00
0.000000000000000000e+00
0.000000000000000000e+00
0.000000000000000000e+00
0.000000000000000000e+00
6.434571929275989532e-03
5.818932503461837769e-02
7.068886887282133102e-03
2.370386756956577301e-02
2.910197079181671143e-01
1.333024352788925171e-02
0.000000000000000000e+00
1.803459599614143372e-02
0.000000000000000000e+00
0.000000000000000000e+00
0.000000000000000000e+00
0.000000000000000000e+00
0.000000000000000000e+00
2.183829993009567261e-02
7.774527668952941895e-01
5.645217299461364746e-01
2.116985060274600983e-02
4.249085783958435059e-01
2.191327046602964401e-03
0.000000000000000000e+00
1.672010682523250580e-02
1.735958158969879150e-01
1.626964360475540161e-01
0.000000000000000000e+00
1.153969485312700272e-02
4.593434929847717285e-01
1.245846822857856750e-01
4.032580852508544922e-01
8.726720809936523438e-01
5.535787343978881836e-02
2.167096920311450958e-02
0.000000000000000000e+00
0.000000000000000000e+00
5.140344798564910889e-02
2.664358913898468018e-01
2.919967100024223328e-02
1.420650362968444824e+00
0.000000000000000000e+00
7.267114520072937012e-01
2.150802686810493469e-02
2.662250101566314697e-01
9.093140363693237305e-01
0.000000000000000000e+00
0.000000000000000000e+00
1.981319487094879150e-02
0.000000000000000000e+00
1.459525339305400848e-02
2.263831160962581635e-02
4.131886959075927734e-01
5.792669653892517090e-01
0.000000000000000000e+00
3.236257657408714294e-02
1.448525786399841309e-01
6.454616189002990723e-01
7.485040426254272461e-01
5.244129896163940430e-01
1.711087375879287720e-01
7.891256362199783325e-03
2.393832504749298096e-01
3.394336206838488579e-03
0.000000000000000000e+00
3.845387697219848633e-01
5.758501589298248291e-02
9.129287004470825195e-01
0.000000000000000000e+00
6.535370349884033203e-01
1.819321364164352417e-01
2.700921520590782166e-02
1.088719666004180908e-01
6.636087417602539062e+00
0.000000000000000000e+00
0.000000000000000000e+00
2.453360795974731445e+00
0.000000000000000000e+00
1.165297925472259521e-01
1.420271754264831543e+00
1.022582650184631348e-01
1.327792927622795105e-02
3.242854401469230652e-02
4.502852559089660645e-01
0.000000000000000000e+00
5.560209229588508606e-02
0.000000000000000000e+00
1.363568156957626343e-01
2.821113169193267822e-01
0.000000000000000000e+00
4.312221109867095947e-01
4.318758845329284668e-02
6.727340817451477051e-01
2.270554155111312866e-01
1.078691259026527405e-01
1.490972936153411865e-02
0.000000000000000000e+00
0.000000000000000000e+00
9.515666961669921875e-02
0.000000000000000000e+00
0.000000000000000000e+00
1.490934193134307861e-01
4.347277581691741943e-01
2.483648955821990967e-01
1.569473068229854107e-03
3.669234812259674072e-01
1.847574412822723389e-01
2.947407066822052002e-01
0.000000000000000000e+00
3.673960566520690918e-01
1.369587481021881104e-01
0.000000000000000000e+00
5.141477100551128387e-03
5.913379192352294922e-01
2.483006939291954041e-02
1.981659978628158569e-01
2.874588966369628906e-01
1.815221756696701050e-01
3.462875261902809143e-02
1.560176253318786621e+00
0.000000000000000000e+00
5.775230526924133301e-01
2.552528493106365204e-02
7.663220912218093872e-02
4.469347596168518066e-01
2.658816874027252197e-01
2.049146741628646851e-01
0.000000000000000000e+00
3.751915395259857178e-01
6.509038209915161133e-01
0.000000000000000000e+00
5.932939425110816956e-02
2.044754102826118469e-02
2.545683272182941437e-02
1.564612835645675659e-01
2.553309202194213867e-01
0.000000000000000000e+00
1.042689383029937744e-02
1.668902486562728882e-01
0.000000000000000000e+00
6.810207851231098175e-04
2.482496388256549835e-02
0.000000000000000000e+00
1.534230113029479980e-01
1.842771656811237335e-02
0.000000000000000000e+00
3.430572152137756348e-01
6.202294826507568359e-01
0.000000000000000000e+00
8.805605769157409668e-02
2.755616903305053711e-01
9.244018793106079102e-01
5.905109923332929611e-03
0.000000000000000000e+00
8.052130788564682007e-02
3.942965567111968994e-01
1.039827704429626465e+00
0.000000000000000000e+00
2.285864651203155518e-01
0.000000000000000000e+00
0.000000000000000000e+00
4.118263721466064453e-01
4.667699038982391357e-01
4.749192893505096436e-01
0.000000000000000000e+00
1.040314793586730957e+00
3.694668784737586975e-02
0.000000000000000000e+00
9.875749051570892334e-02
0.000000000000000000e+00
9.919288158416748047e-01
0.000000000000000000e+00
3.125112056732177734e-01
0.000000000000000000e+00
1.428430527448654175e-01
1.225850105285644531e+00
0.000000000000000000e+00
1.191847771406173706e-01
1.245713140815496445e-02
3.242762386798858643e-02
0.000000000000000000e+00
5.400528386235237122e-02
3.126461207866668701e-01
1.251417696475982666e-01
0.000000000000000000e+00
2.707785069942474365e-01
0.000000000000000000e+00
5.960276722908020020e-02
7.816792726516723633e-01
4.284906089305877686e-01
1.049353718757629395e+00
0.000000000000000000e+00
0.000000000000000000e+00
6.350883096456527710e-02
1.497683972120285034e-01
0.000000000000000000e+00
1.601853072643280029e-01
1.218916848301887512e-01
1.514564305543899536e-01
0.000000000000000000e+00
1.385937631130218506e-01
0.000000000000000000e+00
8.187811076641082764e-02
6.930883526802062988e-01
0.000000000000000000e+00
4.931444674730300903e-02
2.071385681629180908e-01
6.478303670883178711e-02
5.124553292989730835e-02
5.233258754014968872e-02
4.315175414085388184e-01
0.000000000000000000e+00
0.000000000000000000e+00
0.000000000000000000e+00
0.000000000000000000e+00
0.000000000000000000e+00
2.190414816141128540e-02
2.158619761466979980e-01
1.443484425544738770e-01
0.000000000000000000e+00
2.321986556053161621e-01
8.550188690423965454e-02
8.800575137138366699e-01
0.000000000000000000e+00
2.912212610244750977e-01
1.106322929263114929e-01
0.000000000000000000e+00
3.319712281227111816e-01
1.950143836438655853e-02
0.000000000000000000e+00
1.351534388959407806e-02
0.000000000000000000e+00
1.566182017326354980e+00
1.003162622451782227e+00
6.081520766019821167e-02
0.000000000000000000e+00
1.341507397592067719e-02
2.292546629905700684e-01
0.000000000000000000e+00
1.059653386473655701e-01
8.565133064985275269e-02
1.716789752244949341e-01
9.511949419975280762e-01
8.658763952553272247e-03
7.259054183959960938e-01
3.896456360816955566e-01
6.861549019813537598e-01
5.237448960542678833e-02
2.440097779035568237e-01
1.020134091377258301e+00
0.000000000000000000e+00
1.481152474880218506e-01
0.000000000000000000e+00
1.222542971372604370e-01
1.665891885757446289e+00
4.599106013774871826e-01
0.000000000000000000e+00
1.677489727735519409e-01
5.365892872214317322e-02
0.000000000000000000e+00
2.439042180776596069e-02
0.000000000000000000e+00
2.284637391567230225e-01
1.459717750549316406e-02
1.542268097400665283e-01
0.000000000000000000e+00
1.523462589830160141e-02
8.234565258026123047e-01
0.000000000000000000e+00
0.000000000000000000e+00
0.000000000000000000e+00
0.000000000000000000e+00
9.968130290508270264e-02
3.820296376943588257e-02
5.458788871765136719e-01
0.000000000000000000e+00
0.000000000000000000e+00
3.709864020347595215e-01
5.773552656173706055e-01
2.461931109428405762e-02
4.525720179080963135e-01
3.484273254871368408e-01
0.000000000000000000e+00
4.581449925899505615e-01
5.168151855468750000e-02
2.101023197174072266e-01
2.820020318031311035e-01
0.000000000000000000e+00
3.215794265270233154e-02
1.220663547515869141e+00
0.000000000000000000e+00
0.000000000000000000e+00
4.528461694717407227e-01
1.116989254951477051e-01
0.000000000000000000e+00
5.684068202972412109e-01
3.000197187066078186e-02
1.757777499733492732e-04
3.606189489364624023e-01
1.599962830543518066e+00
3.347231864929199219e+00
1.338790059089660645e+00
0.000000000000000000e+00
8.767357468605041504e-02
0.000000000000000000e+00
5.250145792961120605e-01
0.000000000000000000e+00
8.786061778664588928e-03
9.650965221226215363e-04
0.000000000000000000e+00
0.000000000000000000e+00
3.074044883251190186e-01
3.235639333724975586e-01
4.521185159683227539e-02
4.984442293643951416e-01
5.202673077583312988e-01
2.739491406828165054e-03
9.539804458618164062e-01
3.501022234559059143e-02
5.473864264786243439e-03
7.391490787267684937e-02
5.429883301258087158e-02
1.155770570039749146e-01
0.000000000000000000e+00
1.834141016006469727e-01
2.554513514041900635e-01
6.192606315016746521e-02
3.621755838394165039e-01
1.241137623786926270e+00
5.420890077948570251e-02
3.283291310071945190e-02
0.000000000000000000e+00
0.000000000000000000e+00
6.078600883483886719e-01
8.750132285058498383e-03
1.527442336082458496e-01
6.979827284812927246e-01
1.047154307365417480e+00
0.000000000000000000e+00
5.870550498366355896e-02
9.836237877607345581e-02
0.000000000000000000e+00
2.479583919048309326e-01
0.000000000000000000e+00
0.000000000000000000e+00
0.000000000000000000e+00
1.286922693252563477e-01
0.000000000000000000e+00
0.000000000000000000e+00
6.155532002449035645e-01
9.425376057624816895e-01
1.799952005967497826e-03
2.123949676752090454e-01
6.896062493324279785e-01
5.973043292760848999e-02
2.058547735214233398e-01
0.000000000000000000e+00
9.766128063201904297e-01
9.216493368148803711e-02
1.437304168939590454e-01
0.000000000000000000e+00
3.207251057028770447e-02
2.029670000076293945e+00
8.479620218276977539e-01
9.979012422263622284e-03
3.843375742435455322e-01
0.000000000000000000e+00
0.000000000000000000e+00
4.704224765300750732e-01
0.000000000000000000e+00
2.293522357940673828e-01
0.000000000000000000e+00
6.102089285850524902e-01
3.155713528394699097e-02
5.567696411162614822e-03
2.323142811655998230e-02
0.000000000000000000e+00
1.346336305141448975e-02
4.768213629722595215e-02
0.000000000000000000e+00
7.175932079553604126e-02
1.121045708656311035e+00
6.479076109826564789e-03
3.170222043991088867e-01
1.529303640127182007e-01
3.763293102383613586e-02
0.000000000000000000e+00
0.000000000000000000e+00
1.097528338432312012e-01
1.718755722045898438e+00
2.710475772619247437e-02
0.000000000000000000e+00
7.412435952574014664e-03
0.000000000000000000e+00
8.193537592887878418e-02
0.000000000000000000e+00
3.231731802225112915e-02
3.851803302764892578e+00
0.000000000000000000e+00
0.000000000000000000e+00
4.444786906242370605e-01
6.543893367052078247e-02
9.709386825561523438e-01
6.260836124420166016e-01
1.808822602033615112e-01
0.000000000000000000e+00
0.000000000000000000e+00
1.055760264396667480e+00
1.002986170351505280e-02
5.848544239997863770e-01
2.473529055714607239e-02
0.000000000000000000e+00
1.152888312935829163e-01
1.730870222672820091e-03
1.827032715082168579e-01
8.494937419891357422e-01
9.084808640182018280e-03
5.880972743034362793e-01
3.723507225513458252e-01
3.014803491532802582e-02
0.000000000000000000e+00
0.000000000000000000e+00
6.356482626870274544e-04
0.000000000000000000e+00
0.000000000000000000e+00
0.000000000000000000e+00
2.647435665130615234e-01
0.000000000000000000e+00
1.712903827428817749e-01
0.000000000000000000e+00
2.873204648494720459e-01
1.091704145073890686e-01
3.717692494392395020e-01
1.096998527646064758e-01
6.738417781889438629e-03
8.130021095275878906e-01
9.332924336194992065e-02
1.786775738000869751e-01
2.784327268600463867e+00
1.806506142020225525e-02
1.471086293458938599e-01
6.912796199321746826e-02
1.146402657032012939e-01
4.961196780204772949e-01
6.155827045440673828e+00
1.887070834636688232e-01
1.277151424437761307e-02
4.795106127858161926e-02
1.042360663414001465e-01
5.661189556121826172e-01
8.990822732448577881e-02
0.000000000000000000e+00
1.154797449707984924e-01
4.439146518707275391e+00
7.825857400894165039e-02
9.873005002737045288e-02
1.641205139458179474e-02
4.251621365547180176e-01
0.000000000000000000e+00
7.170217484235763550e-02
0.000000000000000000e+00
0.000000000000000000e+00
7.047322392463684082e-01
9.768646359443664551e-01
2.510837614536285400e-01
2.012540586292743683e-02
4.278148990124464035e-03
3.946755453944206238e-02
0.000000000000000000e+00
6.243654713034629822e-02
1.139571547508239746e+00
7.263007164001464844e-01
9.424724429845809937e-02
9.758397340774536133e-01
2.793637216091156006e-01
1.612452715635299683e-01
1.343661639839410782e-02
1.833364516496658325e-01
1.049538135528564453e+00
6.082421913743019104e-02
0.000000000000000000e+00
3.890732303261756897e-02
4.530242457985877991e-02
5.091062188148498535e-01
3.758671227842569351e-03
0.000000000000000000e+00
0.000000000000000000e+00
4.806766286492347717e-02
0.000000000000000000e+00
7.293827086687088013e-02
8.849258720874786377e-02
0.000000000000000000e+00
2.960479259490966797e-01
1.474695354700088501e-01
0.000000000000000000e+00
1.370224803686141968e-01
5.753275752067565918e-02
0.000000000000000000e+00
0.000000000000000000e+00
1.988554373383522034e-02
2.045006258413195610e-03
2.175669372081756592e-01
1.835810206830501556e-02
2.388402968645095825e-01
0.000000000000000000e+00
7.796359807252883911e-02
8.945554494857788086e-02
9.021393656730651855e-01
1.096564233303070068e-01
9.267196059226989746e-03
2.940628767013549805e+00
0.000000000000000000e+00
9.917854666709899902e-01
2.083311527967453003e-01
1.547126621007919312e-01
1.433388050645589828e-02
1.474854052066802979e-01
0.000000000000000000e+00
1.415467411279678345e-01
2.791765704751014709e-02
7.826318740844726562e-01
1.139302030205726624e-01
0.000000000000000000e+00
1.974898129701614380e-01
0.000000000000000000e+00
2.687518894672393799e-01
1.114947199821472168e-01
0.000000000000000000e+00
6.769620813429355621e-03
4.990937113761901855e-01
9.625139832496643066e-01
5.385847017168998718e-02
3.236010968685150146e-01
2.309673652052879333e-02
1.746649295091629028e-01
3.739628791809082031e-01
9.963522106409072876e-02
2.085602432489395142e-01
9.590747207403182983e-02
2.460326440632343292e-02
0.000000000000000000e+00
7.955386042594909668e-01
2.547228336334228516e-01
0.000000000000000000e+00
0.000000000000000000e+00
1.610472500324249268e-01
5.042533390223979950e-03
2.197221815586090088e-01
0.000000000000000000e+00
1.509332507848739624e-01
1.524380892515182495e-01
4.111840426921844482e-01
0.000000000000000000e+00
2.281799077987670898e+00
0.000000000000000000e+00
3.453572988510131836e-01
1.214254647493362427e-02
2.108942866325378418e-01
1.354531645774841309e-01
4.754347726702690125e-02
1.272752583026885986e-01
3.970615565776824951e-01
3.067307546734809875e-02
8.138060569763183594e-01
1.317662466317415237e-02
0.000000000000000000e+00
2.397675961256027222e-01
1.437674313783645630e-01
8.418970108032226562e-01
1.802708208560943604e-01
3.014453351497650146e-01
7.529233116656541824e-03
5.641731619834899902e-01
0.000000000000000000e+00
1.906184703111648560e-01
1.622354686260223389e-01
5.153031945228576660e-01
5.998550448566675186e-03
0.000000000000000000e+00
1.187881920486688614e-02
8.464733958244323730e-01
0.000000000000000000e+00
1.283114790916442871e+00
0.000000000000000000e+00
7.716411352157592773e-02
1.693739593029022217e-01
0.000000000000000000e+00
2.859533997252583504e-03
8.520163595676422119e-03
1.004472002387046814e-01
4.053103923797607422e-01
0.000000000000000000e+00
1.519554946571588516e-02
2.589292228221893311e-01
0.000000000000000000e+00
0.000000000000000000e+00
0.000000000000000000e+00
0.000000000000000000e+00
0.000000000000000000e+00
2.131709307432174683e-01
1.204678773880004883e+00
3.390778601169586182e-01
2.896760702133178711e-01
1.723410785198211670e-01
9.392507672309875488e-01
1.200423985719680786e-01
0.000000000000000000e+00
1.355933070182800293e+00
1.076533365994691849e-02
1.557774782180786133e+00
2.641016542911529541e-01
1.883110553026199341e-01
0.000000000000000000e+00
2.621432304382324219e+00
1.542264129966497421e-03
0.000000000000000000e+00
6.396812945604324341e-02
3.731300830841064453e-01
4.069048538804054260e-02
0.000000000000000000e+00
7.941917516291141510e-03
4.116199314594268799e-01
0.000000000000000000e+00
0.000000000000000000e+00
0.000000000000000000e+00
0.000000000000000000e+00
0.000000000000000000e+00
0.000000000000000000e+00
0.000000000000000000e+00
0.000000000000000000e+00
1.737403035163879395e+00
0.000000000000000000e+00
1.496310472488403320e+00
1.995648264884948730e+00
1.967019438743591309e-01
0.000000000000000000e+00
0.000000000000000000e+00
0.000000000000000000e+00
6.175166368484497070e-02
3.310011923313140869e-01
1.166567555628716946e-03
0.000000000000000000e+00
1.049942851066589355e+00
0.000000000000000000e+00
8.909752964973449707e-02
3.265338182449340820e+00
3.628944158554077148e-01
0.000000000000000000e+00
3.551867306232452393e-01
0.000000000000000000e+00
0.000000000000000000e+00
2.169103771448135376e-01
2.948368489742279053e-01
3.729789555072784424e-01
9.576642513275146484e-01
2.336202710866928101e-01
0.000000000000000000e+00
1.653334200382232666e-01
8.199288696050643921e-02
0.000000000000000000e+00
0.000000000000000000e+00
5.551771027967333794e-04
0.000000000000000000e+00
0.000000000000000000e+00
2.044522166252136230e-01
3.849269747734069824e-01
4.252958893775939941e-01
0.000000000000000000e+00
4.610168561339378357e-02
1.053560376167297363e-01
0.000000000000000000e+00
1.424221396446228027e-01
2.335201762616634369e-02
2.410759218037128448e-02
1.414375782012939453e+00
1.119734883308410645e+00
2.829506635665893555e+00
1.163145422935485840e+00
1.187723398208618164e+00
1.144470334053039551e+00
0.000000000000000000e+00
2.281213849782943726e-01
1.266147661954164505e-02
2.193713486194610596e-01
1.534992456436157227e-01
2.623157761991024017e-02
1.445627808570861816e+00
2.388463735580444336e+00
2.513768076896667480e-01
1.637594699859619141e-01
2.033766210079193115e-01
1.820579022169113159e-01
7.117351144552230835e-02
1.500115543603897095e-02
0.000000000000000000e+00
5.499191284179687500e-01
0.000000000000000000e+00
1.752068474888801575e-02
1.863643825054168701e-01
0.000000000000000000e+00
0.000000000000000000e+00
5.825981870293617249e-02
0.000000000000000000e+00
0.000000000000000000e+00
7.604204416275024414e-01
0.000000000000000000e+00
0.000000000000000000e+00
1.158645972609519958e-01
1.156433001160621643e-01
0.000000000000000000e+00
0.000000000000000000e+00
5.647931694984436035e-01
5.259327962994575500e-02
0.000000000000000000e+00
0.000000000000000000e+00
2.061466313898563385e-02
1.052800789475440979e-01
1.457940693944692612e-02
1.396955698728561401e-01
1.408617850393056870e-02
1.027456298470497131e-01
0.000000000000000000e+00
3.347082436084747314e-01
1.284810435026884079e-02
0.000000000000000000e+00
4.942007541656494141e+00
1.487673493102192879e-03
5.091729164123535156e-01
4.711152240633964539e-02
0.000000000000000000e+00
3.927145600318908691e-01
1.150119662284851074e+00
3.149655461311340332e-01
2.980141341686248779e-01
3.746606409549713135e-02
9.589468955993652344e+00
2.766353487968444824e-01
1.465868949890136719e-02
4.705967754125595093e-02
2.608703970909118652e-01
1.958066076040267944e-01
1.180453538894653320e+00
6.591510772705078125e-02
1.945730745792388916e-01
3.218813613057136536e-02
3.906352519989013672e-01
0.000000000000000000e+00
3.875199705362319946e-02
7.691639661788940430e-01
5.175583064556121826e-02
0.000000000000000000e+00
3.334694802761077881e-01
0.000000000000000000e+00
1.463989075273275375e-02
1.692507266998291016e-01
0.000000000000000000e+00
4.094910621643066406e-02
2.375939488410949707e-01
1.075124025344848633e+00
0.000000000000000000e+00
1.779498606920242310e-01
6.091663613915443420e-02
0.000000000000000000e+00
1.293227076530456543e-01
1.882315278053283691e-01
0.000000000000000000e+00
3.349874913692474365e-01
0.000000000000000000e+00
1.388755291700363159e-01
1.188966184854507446e-01
7.292633652687072754e-01
4.233693704009056091e-03
0.000000000000000000e+00
0.000000000000000000e+00
0.000000000000000000e+00
1.205305196344852448e-02
9.660501033067703247e-02
1.219801604747772217e-02
1.179104745388031006e-01
9.114551544189453125e-02
3.337538540363311768e-01
0.000000000000000000e+00
0.000000000000000000e+00
1.380748301744461060e-01
9.010663256049156189e-03
1.344867050647735596e-01
9.381563067436218262e-01
1.227417364716529846e-01
0.000000000000000000e+00
0.000000000000000000e+00
2.592555046081542969e+00
8.129119277000427246e-01
1.225484311580657959e-01
4.235091209411621094e-01
1.354835629463195801e-01
0.000000000000000000e+00
0.000000000000000000e+00
1.089879944920539856e-01
9.177173674106597900e-02
1.110930919647216797e+00
6.888224482536315918e-01
3.744235262274742126e-02
1.679566502571105957e-01
0.000000000000000000e+00
6.617766618728637695e-01
1.019761204719543457e+00
0.000000000000000000e+00
6.305553913116455078e-01
9.689087420701980591e-02
4.468105435371398926e-01
1.115790475159883499e-02
9.209295362234115601e-02
0.000000000000000000e+00
7.222113758325576782e-02
4.048565402626991272e-02
5.099563002586364746e-01
1.052646860480308533e-01
0.000000000000000000e+00
4.326812550425529480e-02
6.066162884235382080e-02
5.236905813217163086e-02
8.447042107582092285e-02
8.058189749717712402e-01
2.885088920593261719e-01
5.024860426783561707e-02
9.090474247932434082e-02
0.000000000000000000e+00
1.198741607367992401e-02
6.908261775970458984e-02
1.137839108705520630e-01
8.561190962791442871e-02
5.294048227369785309e-03
1.490101963281631470e-01
2.356812171638011932e-02
0.000000000000000000e+00
0.000000000000000000e+00
7.818508744239807129e-01
0.000000000000000000e+00
2.127622365951538086e-01
0.000000000000000000e+00
4.048895239830017090e-01
4.680652916431427002e-01
1.087723448872566223e-01
0.000000000000000000e+00
8.005138486623764038e-02
7.131479680538177490e-02
0.000000000000000000e+00
0.000000000000000000e+00
0.000000000000000000e+00
0.000000000000000000e+00
0.000000000000000000e+00
1.792184829711914062e+00
1.625959575176239014e-01
0.000000000000000000e+00
3.626779466867446899e-02
9.788201423361897469e-04
0.000000000000000000e+00
0.000000000000000000e+00
4.430133104324340820e-02
3.146985173225402832e-02
1.782774478197097778e-01
1.469240933656692505e-01
1.367485225200653076e-01
7.581446170806884766e-01
3.201520815491676331e-02
8.126445859670639038e-02
0.000000000000000000e+00
0.000000000000000000e+00
2.147753536701202393e-01
2.406456023454666138e-01
1.245827153325080872e-01
1.271701455116271973e+00
0.000000000000000000e+00
0.000000000000000000e+00
1.072258949279785156e-01
4.459045454859733582e-02
1.112796366214752197e-02
6.508678663522005081e-03
2.221405982971191406e+00
0.000000000000000000e+00
0.000000000000000000e+00
7.466945331543684006e-03
3.620640039443969727e-01
1.101815924048423767e-01
2.605201601982116699e-01
9.567453712224960327e-02
6.097972020506858826e-02
6.452849507331848145e-02
0.000000000000000000e+00
2.721122652292251587e-02
1.806907057762145996e-01
1.814461797475814819e-01
0.000000000000000000e+00
4.724461119621992111e-03
0.000000000000000000e+00
1.186321854591369629e+00
4.416721407324075699e-03
0.000000000000000000e+00
1.746437977999448776e-03
0.000000000000000000e+00
0.000000000000000000e+00
1.033463049679994583e-02
1.214260514825582504e-02
1.637120485305786133e+00
2.267611622810363770e-01
4.323678314685821533e-01
0.000000000000000000e+00
0.000000000000000000e+00
0.000000000000000000e+00
1.204644590616226196e-01
1.667351461946964264e-02
1.280915923416614532e-03
3.992134705185890198e-02
1.254240989685058594e+00
6.400322541594505310e-03
4.506425261497497559e-01
1.354582071304321289e+00
1.100526824593544006e-01
1.440945863723754883e-01
5.898988805711269379e-03
2.472034841775894165e-02
5.587757751345634460e-02
9.200454354286193848e-01
7.195772230625152588e-02
7.926668524742126465e-01
0.000000000000000000e+00
5.515734106302261353e-02
9.320683479309082031e-01
0.000000000000000000e+00
1.189262978732585907e-02
1.143417879939079285e-01
7.362407445907592773e-02
2.883794368244707584e-04
0.000000000000000000e+00
0.000000000000000000e+00
6.577983498573303223e-02
0.000000000000000000e+00
8.369885087013244629e-01
8.953382819890975952e-02
0.000000000000000000e+00
1.840983927249908447e-01
9.702993929386138916e-02
1.825658380985260010e-01
1.365375518798828125e-01
1.871494054794311523e-01
3.842933773994445801e-01
0.000000000000000000e+00
0.000000000000000000e+00
0.000000000000000000e+00
0.000000000000000000e+00
0.000000000000000000e+00
0.000000000000000000e+00
0.000000000000000000e+00
9.071704931557178497e-03
2.027604430913925171e-01
8.755054324865341187e-02
4.855787009000778198e-02
1.395354513078927994e-03
3.080859780311584473e-01
1.377885937690734863e+00
0.000000000000000000e+00
3.678682148456573486e-01
4.195995032787322998e-01
3.548128157854080200e-02
2.234306931495666504e-01
0.000000000000000000e+00
5.931761581450700760e-03
9.201755747199058533e-03
1.534771621227264404e-01
1.288157999515533447e-01
0.000000000000000000e+00
8.472487330436706543e-02
1.588520593941211700e-02
2.125835657119750977e+00
6.647371686995029449e-03
4.474789798259735107e-01
0.000000000000000000e+00
2.387936227023601532e-02
2.730620622634887695e+00
0.000000000000000000e+00
2.971864305436611176e-02
3.636803627014160156e-01
0.000000000000000000e+00
1.050605252385139465e-01
4.873753711581230164e-02
1.779572367668151855e-01
7.718994021415710449e-01
2.529189884662628174e-01
5.086075663566589355e-01
1.853374391794204712e-02
4.360236600041389465e-02
2.187046855688095093e-01
0.000000000000000000e+00
0.000000000000000000e+00
2.591829001903533936e-01
1.352495998144149780e-01
1.803647398948669434e+00
8.805089592933654785e-01
7.717705518007278442e-02
0.000000000000000000e+00
1.431658770889043808e-02
2.415941283106803894e-02
0.000000000000000000e+00
2.667633056640625000e+00
8.335108757019042969e-01
8.700752630829811096e-03
5.103151127696037292e-02
0.000000000000000000e+00
1.000983566045761108e-01
0.000000000000000000e+00
9.730064868927001953e-02
3.788549453020095825e-02
1.849536895751953125e-01
0.000000000000000000e+00
4.960229098796844482e-01
0.000000000000000000e+00
1.189536973834037781e-01
2.035686671733856201e-01
7.217732071876525879e-01
8.648658171296119690e-03
3.746409416198730469e-01
9.033314138650894165e-02
0.000000000000000000e+00
2.746420204639434814e-01
0.000000000000000000e+00
1.831728070974349976e-01
0.000000000000000000e+00
0.000000000000000000e+00
0.000000000000000000e+00
0.000000000000000000e+00
0.000000000000000000e+00
8.356488347053527832e-01
4.153276681900024414e-01
0.000000000000000000e+00
0.000000000000000000e+00
3.616414666175842285e-01
4.929492771625518799e-01
7.421402726322412491e-03
1.893150061368942261e-02
2.527666091918945312e-01
0.000000000000000000e+00
8.815449476242065430e-01
6.108694076538085938e-01
1.110470071434974670e-01
1.284751892089843750e-01
4.151280038058757782e-03
5.187072157859802246e-01
1.852547377347946167e-01
1.669609844684600830e-01
3.984028697013854980e-01
0.000000000000000000e+00
2.326448857784271240e-01
1.347231388092041016e+00
5.453536510467529297e+00
0.000000000000000000e+00
1.112796831876039505e-03
8.552218228578567505e-02
2.908261418342590332e-01
1.392901688814163208e-01
0.000000000000000000e+00
3.410018107388168573e-04
0.000000000000000000e+00
9.514407813549041748e-02
0.000000000000000000e+00
8.000063151121139526e-02
6.155881285667419434e-01
4.659490585327148438e+00
4.764353334903717041e-01
7.126728445291519165e-02
4.482360482215881348e-01
1.390334777534008026e-02
9.474740922451019287e-02
0.000000000000000000e+00
1.838039606809616089e-02
5.281230434775352478e-02
1.867303401231765747e-01
0.000000000000000000e+00
0.000000000000000000e+00
9.831769391894340515e-03
0.000000000000000000e+00
1.455517951399087906e-02
3.158976137638092041e-01
0.000000000000000000e+00
3.494350612163543701e-01
9.385722875595092773e-02
1.352453380823135376e-01
8.584139943122863770e-01
0.000000000000000000e+00
0.000000000000000000e+00
2.888592183589935303e-01
6.670194864273071289e-01
3.335993289947509766e-01
1.350178480148315430e+00
0.000000000000000000e+00
3.044450469315052032e-02
1.571311056613922119e-02
2.041016578674316406e+00
2.368322134017944336e+00
1.690582185983657837e-02
7.956778526306152344e+00
0.000000000000000000e+00
1.269709110260009766e+00
1.814328283071517944e-01
7.891638576984405518e-02
2.450011670589447021e-01
1.591603010892868042e-01
0.000000000000000000e+00
1.036664694547653198e-01
5.174047350883483887e-01
3.738349769264459610e-03
9.689884632825851440e-02
8.238985538482666016e-01
8.478469215333461761e-03
3.245969116687774658e-02
0.000000000000000000e+00
0.000000000000000000e+00
2.892599403858184814e-01
0.000000000000000000e+00
3.983516618609428406e-02
2.476958930492401123e-02
1.775651425123214722e-01
1.173386722803115845e-02
1.873043179512023926e-02
0.000000000000000000e+00
8.463541418313980103e-02
0.000000000000000000e+00
1.446499705314636230e+00
1.725677609443664551e+00
6.285816431045532227e-02
5.076605826616287231e-02
7.943197153508663177e-03
1.600339114665985107e-01
1.887937903404235840e+00
1.294178888201713562e-02
0.000000000000000000e+00
1.379858553409576416e-01
1.096430659294128418e+00
0.000000000000000000e+00
2.594494819641113281e-01
6.619592905044555664e-01
5.322356522083282471e-02
1.049177050590515137e+00
0.000000000000000000e+00
4.158056399319320917e-04
0.000000000000000000e+00
0.000000000000000000e+00
9.287612438201904297e-01
6.076161384582519531e+00
4.935504868626594543e-02
2.192342579364776611e-01
1.686418533325195312e+00
8.056910336017608643e-02
2.982074953615665436e-02
1.385954767465591431e-01
0.000000000000000000e+00
0.000000000000000000e+00
4.061837494373321533e-02
2.287572771310806274e-01
2.800116777420043945e+00
1.558018684387207031e+00
2.306412160396575928e-02
3.510767593979835510e-02
1.241441011428833008e+00
0.000000000000000000e+00
3.890718100592494011e-03
0.000000000000000000e+00
2.321287617087364197e-02
9.165921807289123535e-01
4.711241722106933594e-01
0.000000000000000000e+00
0.000000000000000000e+00
7.218216657638549805e-01
6.991551723331212997e-03
2.038228213787078857e-01
0.000000000000000000e+00
3.760288655757904053e-01
5.928689613938331604e-02
1.059186533093452454e-01
0.000000000000000000e+00
6.950193783268332481e-04
0.000000000000000000e+00
1.411028951406478882e-01
0.000000000000000000e+00
1.286620944738388062e-01
6.980217248201370239e-02
5.916944146156311035e-02
0.000000000000000000e+00
0.000000000000000000e+00
0.000000000000000000e+00
3.535259887576103210e-02
2.620115503668785095e-02
9.848404526710510254e-01
2.241852344013750553e-04
1.527986675500869751e-01
5.981491878628730774e-02
1.979061588644981384e-02
3.724845498800277710e-02
2.540239691734313965e-02
0.000000000000000000e+00
3.588026762008666992e+00
5.284506361931562424e-03
0.000000000000000000e+00
7.446741685271263123e-03
3.277538716793060303e-02
0.000000000000000000e+00
3.681902587413787842e-02
1.210452169179916382e-01
1.776162534952163696e-01
1.422490954399108887e+00
0.000000000000000000e+00
0.000000000000000000e+00
4.560058936476707458e-03
2.769818305969238281e-01
4.367184266448020935e-02
0.000000000000000000e+00
1.381582319736480713e-01
1.034919619560241699e-01
5.130920931696891785e-02
9.661665558815002441e-02
6.159199029207229614e-02
0.000000000000000000e+00
0.000000000000000000e+00
0.000000000000000000e+00
