8.851401507854461670e-02
0.000000000000000000e+00
0.000000000000000000e+00
0.000000000000000000e+00
6.999613344669342041e-02
7.278862595558166504e-02
9.554047584533691406e-01
4.927583783864974976e-02
0.000000000000000000e+00
3.512633591890335083e-02
3.767163306474685669e-02
0.000000000000000000e+00
0.000000000000000000e+00
2.487618185114115477e-04
1.408317387104034424e-01
0.000000000000000000e+00
1.193243503570556641e+00
0.000000000000000000e+00
6.544903852045536041e-03
0.000000000000000000e+00
0.000000000000000000e+00
6.454946845769882202e-02
0.000000000000000000e+00
2.698665261268615723e-01
7.763900756835937500e-01
0.000000000000000000e+00
1.176820397377014160e-01
0.000000000000000000e+00
0.000000000000000000e+00
0.000000000000000000e+00
0.000000000000000000e+00
2.767466306686401367e-01
8.430448174476623535e-01
2.257712930440902710e-02
1.874839365482330322e-01
0.000000000000000000e+00
0.000000000000000000e+00
5.209592357277870178e-02
9.734433144330978394e-03
4.129570722579956055e-02
3.916623830795288086e+00
0.000000000000000000e+00
0.000000000000000000e+00
6.301481723785400391e-01
0.000000000000000000e+00
8.348926156759262085e-02
2.574666440486907959e-01
0.000000000000000000e+00
5.594536662101745605e-02
0.000000000000000000e+00
0.000000000000000000e+00
7.660166174173355103e-02
0.000000000000000000e+00
0.000000000000000000e+00
1.553580909967422485e-02
1.438167644664645195e-03
2.325834520161151886e-02
0.000000000000000000e+00
9.365122318267822266e-01
0.000000000000000000e+00
0.000000000000000000e+00
2.520053386688232422e+00
4.645080268383026123e-01
0.000000000000000000e+00
7.391655445098876953e-02
2.989845583215355873e-03
1.802564598619937897e-02
8.790050506591796875e+00
0.000000000000000000e+00
0.000000000000000000e+00
4.577780067920684814e-01
1.476819626986980438e-02
0.000000000000000000e+00
4.837554693222045898e-02
2.773455157876014709e-02
0.000000000000000000e+00
0.000000000000000000e+00
3.815340995788574219e-01
1.847491979598999023e+00
1.915881037712097168e-01
1.875833034515380859e+00
0.000000000000000000e+00
0.000000000000000000e+00
0.000000000000000000e+00
3.140092268586158752e-02
1.063178479671478271e-01
8.888054639101028442e-03
7.342537865042686462e-04
2.208281159400939941e-01
0.000000000000000000e+00
3.369303643703460693e-01
0.000000000000000000e+00
0.000000000000000000e+00
0.000000000000000000e+00
8.801030367612838745e-02
1.798765659332275391e-01
2.329461425542831421e-01
0.000000000000000000e+00
3.074900627136230469e+00
1.310674473643302917e-03
0.000000000000000000e+00
1.564431309700012207e+00
2.312953211367130280e-02
1.728821732103824615e-02
0.000000000000000000e+00
2.943850122392177582e-02
2.898944020271301270e-01
3.525239974260330200e-02
1.634291410446166992e-01
9.531235098838806152e-01
0.000000000000000000e+00
8.283004164695739746e-03
0.000000000000000000e+00
1.003711298108100891e-01
4.879339784383773804e-02
0.000000000000000000e+00
3.908904641866683960e-02
7.377807050943374634e-03
0.000000000000000000e+00
0.000000000000000000e+00
6.165608018636703491e-02
1.265687588602304459e-02
0.000000000000000000e+00
0.000000000000000000e+00
3.736727952957153320e+00
3.803969547152519226e-02
0.000000000000000000e+00
9.495660662651062012e-01
0.000000000000000000e+00
0.000000000000000000e+00
3.609130382537841797e-01
1.548321396112442017e-01
0.000000000000000000e+00
2.038606256246566772e-02
0.000000000000000000e+00
1.686967723071575165e-02
5.633472800254821777e-01
0.000000000000000000e+00
1.329252719879150391e+00
0.000000000000000000e+00
0.000000000000000000e+00
0.000000000000000000e+00
0.000000000000000000e+00
4.352869000285863876e-03
0.000000000000000000e+00
0.000000000000000000e+00
0.000000000000000000e+00
0.000000000000000000e+00
2.418345659971237183e-01
0.000000000000000000e+00
1.166799306869506836e+00
0.000000000000000000e+00
1.458454728126525879e-01
0.000000000000000000e+00
4.006550833582878113e-02
1.366073638200759888e-02
1.202316507697105408e-01
0.000000000000000000e+00
0.000000000000000000e+00
4.581842198967933655e-02
1.163287460803985596e-02
6.678365170955657959e-02
3.252420127391815186e-01
0.000000000000000000e+00
6.045041605830192566e-02
2.360647678375244141e+00
0.000000000000000000e+00
1.737472228705883026e-02
0.000000000000000000e+00
1.054917335510253906e+00
0.000000000000000000e+00
2.244211733341217041e-01
7.876617833971977234e-03
0.000000000000000000e+00
0.000000000000000000e+00
5.657590180635452271e-02
1.192724481225013733e-01
0.000000000000000000e+00
8.654175698757171631e-02
0.000000000000000000e+00
2.004498481750488281e+00
6.331732869148254395e-02
0.000000000000000000e+00
4.032540693879127502e-02
1.121347904205322266e+00
0.000000000000000000e+00
0.000000000000000000e+00
0.000000000000000000e+00
3.462188243865966797e-01
0.000000000000000000e+00
0.000000000000000000e+00
0.000000000000000000e+00
1.806590855121612549e-01
8.798867464065551758e-02
0.000000000000000000e+00
0.000000000000000000e+00
1.976740658283233643e-01
0.000000000000000000e+00
0.000000000000000000e+00
7.229553461074829102e-01
0.000000000000000000e+00
0.000000000000000000e+00
3.708454896695911884e-04
2.002976685762405396e-01
0.000000000000000000e+00
1.443602889776229858e-02
0.000000000000000000e+00
2.841493785381317139e-01
5.459928512573242188e-02
1.160464715212583542e-03
1.519836336374282837e-01
0.000000000000000000e+00
1.417569443583488464e-02
1.875117570161819458e-01
0.000000000000000000e+00
0.000000000000000000e+00
8.602182567119598389e-02
3.556912839412689209e-01
0.000000000000000000e+00
9.841274470090866089e-03
6.214031577110290527e-01
2.756635844707489014e-01
0.000000000000000000e+00
0.000000000000000000e+00
9.668389335274696350e-03
2.102842926979064941e-02
1.232741028070449829e-01
6.061191670596599579e-03
1.671953126788139343e-02
4.351153504103422165e-03
6.767917275428771973e-01
1.307938694953918457e-01
1.370001733303070068e-01
1.747167110443115234e-02
1.139445323497056961e-02
0.000000000000000000e+00
1.359596252441406250e-01
3.121677413582801819e-02
2.004188485443592072e-02
0.000000000000000000e+00
1.093490235507488251e-02
0.000000000000000000e+00
6.925271749496459961e-01
1.990152895450592041e-02
0.000000000000000000e+00
3.455468416213989258e-01
0.000000000000000000e+00
0.000000000000000000e+00
9.840239584445953369e-02
0.000000000000000000e+00
0.000000000000000000e+00
1.662498265504837036e-01
0.000000000000000000e+00
2.884299457073211670e-01
1.026143953204154968e-01
5.547675769776105881e-03
7.000429928302764893e-02
1.949308998882770538e-02
6.924628466367721558e-02
5.028149113059043884e-02
0.000000000000000000e+00
0.000000000000000000e+00
3.027524471282958984e+00
1.015648990869522095e-02
0.000000000000000000e+00
0.000000000000000000e+00
5.982881784439086914e-01
9.111159481108188629e-03
5.198697000741958618e-02
7.267376035451889038e-02
2.567994892597198486e-01
0.000000000000000000e+00
5.148164629936218262e-01
1.940353028476238251e-02
0.000000000000000000e+00
3.005287051200866699e-02
0.000000000000000000e+00
7.169402390718460083e-02
2.050716057419776917e-02
0.000000000000000000e+00
2.509807981550693512e-02
0.000000000000000000e+00
1.572425663471221924e-01
0.000000000000000000e+00
0.000000000000000000e+00
1.380139589309692383e-01
0.000000000000000000e+00
4.635079205036163330e-02
1.372253149747848511e-01
0.000000000000000000e+00
6.478988216258585453e-04
0.000000000000000000e+00
1.952916979789733887e-01
1.557475030422210693e-01
0.000000000000000000e+00
0.000000000000000000e+00
2.178030647337436676e-02
3.873153589665889740e-03
0.000000000000000000e+00
0.000000000000000000e+00
2.247779667377471924e-01
1.985524594783782959e-01
5.767023935914039612e-02
0.000000000000000000e+00
9.639659523963928223e-02
2.347588241100311279e-01
9.261573664844036102e-03
0.000000000000000000e+00
0.000000000000000000e+00
7.490158081054687500e-03
0.000000000000000000e+00
1.744981668889522552e-02
1.156224776059389114e-02
2.065841108560562134e-03
1.407076604664325714e-02
0.000000000000000000e+00
2.356098592281341553e-02
0.000000000000000000e+00
8.001869916915893555e-01
6.533496826887130737e-02
2.115412801504135132e-01
2.677340246737003326e-02
3.444124460220336914e-01
1.683779209852218628e-01
0.000000000000000000e+00
4.390636831521987915e-02
0.000000000000000000e+00
4.642896056175231934e-01
0.000000000000000000e+00
7.182036638259887695e-01
4.336448758840560913e-02
4.722371231764554977e-03
2.932344675064086914e-01
0.000000000000000000e+00
1.484555657953023911e-02
0.000000000000000000e+00
5.172316357493400574e-02
6.664193868637084961e-01
8.178895711898803711e-02
9.105671942234039307e-02
0.000000000000000000e+00
3.611427545547485352e-01
7.960924506187438965e-02
0.000000000000000000e+00
0.000000000000000000e+00
9.388420730829238892e-02
0.000000000000000000e+00
3.924672007560729980e-01
1.538516301661729813e-02
0.000000000000000000e+00
3.149238526821136475e-01
2.654629647731781006e-01
2.431855723261833191e-02
0.000000000000000000e+00
5.863285064697265625e-02
2.342579960823059082e-01
0.000000000000000000e+00
0.000000000000000000e+00
1.562148034572601318e-01
1.280507594347000122e-01
0.000000000000000000e+00
4.456413909792900085e-02
5.509382486343383789e-01
0.000000000000000000e+00
5.718068033456802368e-02
7.244631648063659668e-02
4.068014677613973618e-03
0.000000000000000000e+00
3.276923000812530518e-01
2.563100121915340424e-02
1.947392895817756653e-02
0.000000000000000000e+00
0.000000000000000000e+00
2.598492428660392761e-03
0.000000000000000000e+00
0.000000000000000000e+00
7.388883829116821289e-02
0.000000000000000000e+00
3.676452338695526123e-01
2.595337331295013428e-01
0.000000000000000000e+00
0.000000000000000000e+00
1.668068394064903259e-02
0.000000000000000000e+00
0.000000000000000000e+00
1.341062068939208984e+00
0.000000000000000000e+00
1.897266879677772522e-02
7.760607451200485229e-02
1.257381886243820190e-01
0.000000000000000000e+00
1.921803057193756104e-01
9.583644568920135498e-02
0.000000000000000000e+00
0.000000000000000000e+00
2.944490313529968262e-01
0.000000000000000000e+00
0.000000000000000000e+00
3.070376440882682800e-02
0.000000000000000000e+00
2.050101459026336670e-01
0.000000000000000000e+00
0.000000000000000000e+00
0.000000000000000000e+00
0.000000000000000000e+00
0.000000000000000000e+00
3.347951453179121017e-03
7.494316995143890381e-02
0.000000000000000000e+00
8.348894119262695312e-01
0.000000000000000000e+00
0.000000000000000000e+00
4.868002235889434814e-01
6.778234243392944336e-02
0.000000000000000000e+00
0.000000000000000000e+00
0.000000000000000000e+00
3.642098903656005859e-01
1.683825743384659290e-03
3.141480963677167892e-03
1.558792144060134888e-01
8.412498235702514648e-02
0.000000000000000000e+00
5.342696905136108398e-01
0.000000000000000000e+00
0.000000000000000000e+00
1.265239268541336060e-01
7.852596789598464966e-02
0.000000000000000000e+00
0.000000000000000000e+00
9.826118946075439453e-01
2.126309722661972046e-01
2.647881269454956055e+00
0.000000000000000000e+00
0.000000000000000000e+00
0.000000000000000000e+00
6.150767579674720764e-02
5.407098680734634399e-02
2.754392847418785095e-02
0.000000000000000000e+00
2.797761201858520508e+00
1.464582234621047974e-01
0.000000000000000000e+00
4.945391044020652771e-02
1.117846891283988953e-01
2.511014461517333984e+00
0.000000000000000000e+00
0.000000000000000000e+00
0.000000000000000000e+00
1.489762067794799805e-01
0.000000000000000000e+00
0.000000000000000000e+00
0.000000000000000000e+00
0.000000000000000000e+00
0.000000000000000000e+00
1.350633800029754639e-01
0.000000000000000000e+00
3.115752935409545898e-01
5.683981627225875854e-02
4.884033650159835815e-02
1.633196920156478882e-01
5.010544136166572571e-02
1.184212267398834229e-01
2.104252576828002930e+00
0.000000000000000000e+00
0.000000000000000000e+00
8.149141818284988403e-02
1.358413577079772949e+00
4.266664385795593262e-02
9.342132806777954102e-01
0.000000000000000000e+00
1.272483021020889282e-01
4.026537388563156128e-02
2.849064171314239502e-01
7.314307987689971924e-02
2.576616048812866211e+00
1.805537380278110504e-02
4.192295074462890625e-01
0.000000000000000000e+00
9.762411005795001984e-03
0.000000000000000000e+00
1.300605572760105133e-02
1.021406576037406921e-01
4.888971149921417236e-01
0.000000000000000000e+00
0.000000000000000000e+00
0.000000000000000000e+00
7.050516549497842789e-03
0.000000000000000000e+00
1.776571512222290039e+00
0.000000000000000000e+00
4.104549065232276917e-02
0.000000000000000000e+00
7.184451911598443985e-03
2.220079004764556885e-01
3.376887738704681396e-02
0.000000000000000000e+00
1.949190162122249603e-02
1.031762957572937012e-01
0.000000000000000000e+00
0.000000000000000000e+00
2.503213100135326385e-02
2.662264108657836914e+00
0.000000000000000000e+00
9.078200161457061768e-02
1.974084973335266113e-02
2.788558369502425194e-03
0.000000000000000000e+00
2.798664383590221405e-03
3.650307655334472656e-03
1.556188166141510010e-01
1.701179146766662598e-02
4.830353260040283203e-01
0.000000000000000000e+00
2.009762525558471680e-01
0.000000000000000000e+00
3.365604579448699951e-02
1.968311704695224762e-02
8.662251383066177368e-02
9.230177849531173706e-03
3.793480340391397476e-03
2.215111851692199707e-01
0.000000000000000000e+00
8.317520469427108765e-02
0.000000000000000000e+00
2.261140383780002594e-02
0.000000000000000000e+00
6.498856097459793091e-02
0.000000000000000000e+00
4.275292903184890747e-02
0.000000000000000000e+00
7.671206444501876831e-02
1.182349473237991333e-01
5.866454448550939560e-03
1.310721933841705322e-01
5.179864764213562012e-01
0.000000000000000000e+00
1.024364233016967773e-01
0.000000000000000000e+00
0.000000000000000000e+00
0.000000000000000000e+00
3.134283423423767090e-01
6.071862220764160156e+00
0.000000000000000000e+00
3.323376551270484924e-02
2.230945825576782227e+00
0.000000000000000000e+00
3.841342031955718994e-02
6.108681112527847290e-02
5.977087020874023438e+00
8.716353774070739746e-02
0.000000000000000000e+00
3.931804597377777100e-01
1.998424381017684937e-01
3.514916822314262390e-02
3.776433691382408142e-02
0.000000000000000000e+00
8.407239802181720734e-03
0.000000000000000000e+00
7.610797882080078125e-03
1.278305985033512115e-02
5.164608359336853027e-01
0.000000000000000000e+00
5.274936184287071228e-02
5.213000345975160599e-03
1.686738431453704834e-01
1.479943096637725830e-01
0.000000000000000000e+00
6.652604043483734131e-02
1.329753082245588303e-02
0.000000000000000000e+00
0.000000000000000000e+00
0.000000000000000000e+00
0.000000000000000000e+00
0.000000000000000000e+00
1.566847860813140869e-01
1.041226983070373535e-01
0.000000000000000000e+00
0.000000000000000000e+00
1.656700670719146729e-02
0.000000000000000000e+00
8.621551990509033203e-01
2.718440443277359009e-02
0.000000000000000000e+00
3.402211889624595642e-02
6.390090100467205048e-03
7.957781665027141571e-03
0.000000000000000000e+00
4.063726961612701416e-01
0.000000000000000000e+00
1.099897474050521851e-01
8.315420895814895630e-02
2.437812685966491699e-01
1.457379781641066074e-03
8.931031823158264160e-02
0.000000000000000000e+00
0.000000000000000000e+00
2.382578887045383453e-02
0.000000000000000000e+00
0.000000000000000000e+00
0.000000000000000000e+00
1.770109236240386963e-01
1.440526545047760010e-01
1.063638925552368164e+00
1.324289798736572266e+00
0.000000000000000000e+00
6.101214140653610229e-02
0.000000000000000000e+00
1.186677366495132446e-01
0.000000000000000000e+00
0.000000000000000000e+00
4.927316308021545410e-01
8.119489997625350952e-02
0.000000000000000000e+00
7.460047006607055664e-01
2.395354211330413818e-02
0.000000000000000000e+00
0.000000000000000000e+00
0.000000000000000000e+00
0.000000000000000000e+00
8.319940418004989624e-02
9.052713215351104736e-02
5.976579785346984863e-01
4.857565164566040039e-01
0.000000000000000000e+00
8.285067975521087646e-02
6.085321307182312012e-02
2.880557179450988770e-01
0.000000000000000000e+00
2.267613112926483154e-01
0.000000000000000000e+00
0.000000000000000000e+00
4.401472583413124084e-02
2.628059685230255127e-02
0.000000000000000000e+00
0.000000000000000000e+00
2.394702471792697906e-02
4.371900856494903564e-01
0.000000000000000000e+00
7.716090232133865356e-02
2.486598789691925049e-01
2.266490936279296875e+00
0.000000000000000000e+00
0.000000000000000000e+00
5.443696677684783936e-02
0.000000000000000000e+00
2.780123800039291382e-02
0.000000000000000000e+00
5.859986543655395508e-01
0.000000000000000000e+00
1.689342260360717773e-01
0.000000000000000000e+00
5.035067796707153320e-01
1.617813855409622192e-01
1.141956895589828491e-01
0.000000000000000000e+00
0.000000000000000000e+00
0.000000000000000000e+00
0.000000000000000000e+00
1.154665946960449219e+00
5.396186932921409607e-02
0.000000000000000000e+00
0.000000000000000000e+00
2.545692205429077148e+00
0.000000000000000000e+00
0.000000000000000000e+00
5.820923447608947754e-01
0.000000000000000000e+00
3.711096569895744324e-02
0.000000000000000000e+00
4.451517015695571899e-03
6.329556703567504883e-01
9.716019034385681152e-03
1.887992769479751587e-01
0.000000000000000000e+00
0.000000000000000000e+00
0.000000000000000000e+00
0.000000000000000000e+00
3.142675399780273438e+00
0.000000000000000000e+00
0.000000000000000000e+00
2.387622743844985962e-01
0.000000000000000000e+00
1.312702000141143799e-01
0.000000000000000000e+00
0.000000000000000000e+00
2.623519115149974823e-02
0.000000000000000000e+00
1.519663333892822266e-01
0.000000000000000000e+00
3.452266007661819458e-02
1.930669695138931274e-02
1.561554614454507828e-02
0.000000000000000000e+00
5.927560268901288509e-04
0.000000000000000000e+00
0.000000000000000000e+00
1.537764906883239746e+00
5.834108591079711914e-02
0.000000000000000000e+00
1.124842643737792969e+00
6.038428544998168945e-01
0.000000000000000000e+00
0.000000000000000000e+00
0.000000000000000000e+00
4.109423607587814331e-03
1.138352379202842712e-01
3.291307687759399414e-01
9.565746784210205078e-02
0.000000000000000000e+00
2.039091885089874268e-01
0.000000000000000000e+00
4.624065011739730835e-03
0.000000000000000000e+00
0.000000000000000000e+00
0.000000000000000000e+00
6.710800807923078537e-03
1.133891753852367401e-02
1.139522194862365723e-01
1.945487618446350098e+00
0.000000000000000000e+00
0.000000000000000000e+00
0.000000000000000000e+00
0.000000000000000000e+00
1.592756807804107666e-02
4.159234464168548584e-01
0.000000000000000000e+00
0.000000000000000000e+00
2.131878025829792023e-02
1.535179466009140015e-01
6.038453802466392517e-02
4.143275916576385498e-01
4.179286770522594452e-03
3.799927473068237305e+00
4.813394695520401001e-02
1.010869280435144901e-03
0.000000000000000000e+00
0.000000000000000000e+00
0.000000000000000000e+00
0.000000000000000000e+00
6.246764659881591797e-01
0.000000000000000000e+00
0.000000000000000000e+00
1.148846894502639771e-01
9.193410873413085938e-01
0.000000000000000000e+00
5.506961941719055176e-01
0.000000000000000000e+00
2.689234167337417603e-02
1.017237082123756409e-01
6.433241069316864014e-02
0.000000000000000000e+00
1.899737492203712463e-02
6.304987706243991852e-03
0.000000000000000000e+00
2.735822200775146484e-01
1.564020104706287384e-02
2.286756597459316254e-02
1.243406534194946289e-01
4.486123844981193542e-02
0.000000000000000000e+00
0.000000000000000000e+00
3.582488745450973511e-02
0.000000000000000000e+00
0.000000000000000000e+00
0.000000000000000000e+00
1.123242359608411789e-02
0.000000000000000000e+00
0.000000000000000000e+00
0.000000000000000000e+00
6.532849278301000595e-03
5.107310134917497635e-03
0.000000000000000000e+00
8.128295838832855225e-02
0.000000000000000000e+00
0.000000000000000000e+00
1.000780239701271057e-02
1.395431756973266602e-01
9.922657161951065063e-02
7.244716584682464600e-02
0.000000000000000000e+00
7.926007732748985291e-03
0.000000000000000000e+00
0.000000000000000000e+00
2.007390838116407394e-03
0.000000000000000000e+00
0.000000000000000000e+00
0.000000000000000000e+00
4.739991948008537292e-02
0.000000000000000000e+00
3.528711497783660889e-01
0.000000000000000000e+00
1.644355654716491699e+00
0.000000000000000000e+00
1.004260331392288208e-01
2.856425382196903229e-02
2.488746866583824158e-02
0.000000000000000000e+00
0.000000000000000000e+00
9.656009823083877563e-02
1.136901825666427612e-01
1.970359310507774353e-02
4.942058026790618896e-02
2.306760661303997040e-02
2.815872430801391602e-01
7.885358482599258423e-02
0.000000000000000000e+00
2.660487294197082520e-01
1.430539339780807495e-01
0.000000000000000000e+00
0.000000000000000000e+00
5.184480175375938416e-02
2.340328879654407501e-03
0.000000000000000000e+00
0.000000000000000000e+00
0.000000000000000000e+00
0.000000000000000000e+00
2.913203239440917969e-01
9.526090323925018311e-02
9.697358310222625732e-02
1.998693943023681641e-01
5.177140235900878906e-01
6.483231484889984131e-02
0.000000000000000000e+00
6.120223522186279297e+00
7.272939383983612061e-02
0.000000000000000000e+00
0.000000000000000000e+00
0.000000000000000000e+00
0.000000000000000000e+00
4.718206473626196384e-04
0.000000000000000000e+00
8.155871182680130005e-03
0.000000000000000000e+00
1.622766107320785522e-01
7.888588309288024902e-01
0.000000000000000000e+00
1.118708122521638870e-02
7.377288769930601120e-03
1.549122095108032227e+00
0.000000000000000000e+00
0.000000000000000000e+00
0.000000000000000000e+00
1.268954016268253326e-02
5.026516690850257874e-02
5.259326100349426270e-02
0.000000000000000000e+00
7.724843919277191162e-02
2.840614318847656250e-01
0.000000000000000000e+00
0.000000000000000000e+00
5.014190673828125000e-01
0.000000000000000000e+00
0.000000000000000000e+00
3.488090261816978455e-02
0.000000000000000000e+00
1.994405537843704224e-01
1.066776752471923828e+00
1.360796689987182617e-01
0.000000000000000000e+00
1.246525533497333527e-02
9.782537072896957397e-02
0.000000000000000000e+00
5.686181038618087769e-02
0.000000000000000000e+00
0.000000000000000000e+00
4.788683354854583740e-02
2.844676189124584198e-02
7.334659341722726822e-03
1.142737269401550293e-01
1.460809726268053055e-02
0.000000000000000000e+00
1.023135334253311157e-02
1.462284684181213379e+00
0.000000000000000000e+00
0.000000000000000000e+00
3.610709309577941895e-01
3.368623927235603333e-02
8.211510181427001953e-01
0.000000000000000000e+00
0.000000000000000000e+00
1.830214634537696838e-02
2.910993527621030807e-03
5.740789771080017090e-01
4.030040279030799866e-02
0.000000000000000000e+00
0.000000000000000000e+00
9.836114943027496338e-02
2.083724830299615860e-03
4.156523942947387695e-02
0.000000000000000000e+00
0.000000000000000000e+00
3.955445587635040283e-01
4.223719239234924316e-02
2.449447870254516602e+00
0.000000000000000000e+00
0.000000000000000000e+00
1.772111654281616211e-02
1.851293444633483887e+00
0.000000000000000000e+00
0.000000000000000000e+00
2.648492813110351562e+00
0.000000000000000000e+00
0.000000000000000000e+00
0.000000000000000000e+00
0.000000000000000000e+00
0.000000000000000000e+00
1.178863830864429474e-02
0.000000000000000000e+00
4.490439593791961670e-02
3.195606870576739311e-03
3.157299477607011795e-03
3.700680285692214966e-02
2.623934112489223480e-02
1.626995205879211426e-02
5.584326982498168945e-01
0.000000000000000000e+00
1.171111315488815308e-02
8.500944823026657104e-02
4.709067940711975098e-01
0.000000000000000000e+00
3.981207683682441711e-02
0.000000000000000000e+00
0.000000000000000000e+00
0.000000000000000000e+00
0.000000000000000000e+00
3.091002441942691803e-02
1.742781400680541992e-01
0.000000000000000000e+00
2.822067588567733765e-02
0.000000000000000000e+00
3.156960383057594299e-02
5.976220592856407166e-02
0.000000000000000000e+00
3.180418610572814941e-01
5.773482844233512878e-02
9.961968287825584412e-03
0.000000000000000000e+00
0.000000000000000000e+00
0.000000000000000000e+00
3.106091730296611786e-02
9.071087092161178589e-02
0.000000000000000000e+00
0.000000000000000000e+00
1.594664931297302246e+00
4.107038676738739014e-02
2.856201492249965668e-02
3.232198655605316162e-01
0.000000000000000000e+00
2.315388172864913940e-01
0.000000000000000000e+00
0.000000000000000000e+00
5.029052495956420898e-02
0.000000000000000000e+00
3.970552682876586914e-01
2.778960205614566803e-02
2.134300023317337036e-02
5.259343422949314117e-03
0.000000000000000000e+00
4.307013154029846191e-01
0.000000000000000000e+00
1.049321796745061874e-02
2.991063287481665611e-03
5.768675729632377625e-02
0.000000000000000000e+00
2.905000001192092896e-02
1.700027287006378174e-01
0.000000000000000000e+00
2.190707474946975708e-01
0.000000000000000000e+00
1.907909847795963287e-02
8.064057677984237671e-02
3.886449150741100311e-03
3.351855650544166565e-02
0.000000000000000000e+00
1.802215352654457092e-02
1.471093058586120605e+00
8.216039836406707764e-02
0.000000000000000000e+00
2.669058926403522491e-02
1.928757876157760620e-01
3.590125963091850281e-02
0.000000000000000000e+00
2.298730891197919846e-03
0.000000000000000000e+00
0.000000000000000000e+00
1.240275621414184570e+00
1.673405915498733521e-01
0.000000000000000000e+00
0.000000000000000000e+00
2.742849988862872124e-03
7.780223339796066284e-02
3.685872554779052734e-01
3.439759910106658936e-01
1.013093292713165283e-01
0.000000000000000000e+00
0.000000000000000000e+00
0.000000000000000000e+00
0.000000000000000000e+00
1.222938969731330872e-01
1.050949394702911377e-01
0.000000000000000000e+00
0.000000000000000000e+00
0.000000000000000000e+00
7.421326823532581329e-03
1.069217771291732788e-01
8.906619623303413391e-03
1.077281497418880463e-02
1.695455983281135559e-02
1.475122570991516113e-01
0.000000000000000000e+00
0.000000000000000000e+00
0.000000000000000000e+00
0.000000000000000000e+00
0.000000000000000000e+00
9.269749373197555542e-02
0.000000000000000000e+00
5.882315039634704590e-01
7.389477640390396118e-02
1.049544930458068848e+00
0.000000000000000000e+00
7.628558576107025146e-02
0.000000000000000000e+00
0.000000000000000000e+00
0.000000000000000000e+00
2.133654989302158356e-02
0.000000000000000000e+00
0.000000000000000000e+00
0.000000000000000000e+00
0.000000000000000000e+00
0.000000000000000000e+00
2.340971678495407104e-02
9.386380314826965332e-01
0.000000000000000000e+00
0.000000000000000000e+00
1.262750755995512009e-02
2.699505537748336792e-02
3.860858455300331116e-02
0.000000000000000000e+00
0.000000000000000000e+00
0.000000000000000000e+00
0.000000000000000000e+00
0.000000000000000000e+00
1.508678495883941650e-02
0.000000000000000000e+00
0.000000000000000000e+00
5.244287103414535522e-02
0.000000000000000000e+00
0.000000000000000000e+00
1.911997608840465546e-02
0.000000000000000000e+00
3.302301745861768723e-03
1.322638094425201416e-01
0.000000000000000000e+00
0.000000000000000000e+00
6.666241679340600967e-03
0.000000000000000000e+00
1.296496748924255371e+00
4.052142202854156494e-01
1.981041161343455315e-03
0.000000000000000000e+00
1.953781694173812866e-01
0.000000000000000000e+00
8.436422795057296753e-02
0.000000000000000000e+00
2.064058743417263031e-02
0.000000000000000000e+00
0.000000000000000000e+00
0.000000000000000000e+00
0.000000000000000000e+00
0.000000000000000000e+00
2.186470478773117065e-01
4.538836702704429626e-02
1.587840914726257324e-01
3.075498640537261963e-01
8.776465058326721191e-02
0.000000000000000000e+00
5.606281571090221405e-03
2.662721633911132812e+00
0.000000000000000000e+00
2.751127816736698151e-02
3.666950622573494911e-03
2.335245162248611450e-01
0.000000000000000000e+00
0.000000000000000000e+00
1.147565431892871857e-02
1.776826567947864532e-03
0.000000000000000000e+00
0.000000000000000000e+00
6.300318837165832520e-01
0.000000000000000000e+00
8.936841785907745361e-02
0.000000000000000000e+00
2.511361241340637207e-02
1.050654053688049316e+00
2.078232318162918091e-01
0.000000000000000000e+00
3.646049648523330688e-02
3.273503184318542480e-01
8.438108563423156738e-01
0.000000000000000000e+00
9.395037591457366943e-02
2.704034931957721710e-02
1.123160775750875473e-02
8.427366614341735840e-02
0.000000000000000000e+00
1.375205159187316895e+00
7.748373784124851227e-03
6.468590348958969116e-02
4.778815899044275284e-03
4.005761146545410156e-01
0.000000000000000000e+00
2.137028425931930542e-01
1.351294368505477905e-01
1.521962404251098633e+00
9.393559396266937256e-02
0.000000000000000000e+00
4.239877164363861084e-01
9.099320508539676666e-03
8.811200261116027832e-01
6.063966825604438782e-02
0.000000000000000000e+00
0.000000000000000000e+00
6.748031973838806152e-01
0.000000000000000000e+00
2.520814538002014160e-02
1.704771667718887329e-01
0.000000000000000000e+00
0.000000000000000000e+00
1.211270783096551895e-02
2.789379470050334930e-02
0.000000000000000000e+00
0.000000000000000000e+00
2.118755690753459930e-02
1.119731590151786804e-01
0.000000000000000000e+00
0.000000000000000000e+00
0.000000000000000000e+00
6.154729798436164856e-02
0.000000000000000000e+00
0.000000000000000000e+00
0.000000000000000000e+00
2.163528092205524445e-02
3.490564823150634766e-01
0.000000000000000000e+00
0.000000000000000000e+00
0.000000000000000000e+00
1.171053387224674225e-02
5.441804975271224976e-02
1.577770262956619263e-01
1.370761096477508545e-01
3.339526709169149399e-03
1.399788022041320801e+00
4.980301484465599060e-03
0.000000000000000000e+00
0.000000000000000000e+00
0.000000000000000000e+00
0.000000000000000000e+00
4.241001792252063751e-03
3.736305236816406250e-01
2.880794182419776917e-02
0.000000000000000000e+00
1.157798022031784058e-01
0.000000000000000000e+00
1.051131039857864380e-01
0.000000000000000000e+00
0.000000000000000000e+00
3.966625034809112549e-01
1.000862941145896912e-02
6.804492790251970291e-03
0.000000000000000000e+00
0.000000000000000000e+00
0.000000000000000000e+00
0.000000000000000000e+00
6.618962623178958893e-03
1.829590275883674622e-02
7.838587760925292969e-01
0.000000000000000000e+00
0.000000000000000000e+00
5.679482966661453247e-02
2.716076076030731201e-01
3.288940526545047760e-03
0.000000000000000000e+00
2.521181479096412659e-03
0.000000000000000000e+00
3.301708698272705078e-01
3.886292874813079834e-01
4.549049139022827148e-01
8.509321212768554688e-01
0.000000000000000000e+00
0.000000000000000000e+00
0.000000000000000000e+00
0.000000000000000000e+00
0.000000000000000000e+00
0.000000000000000000e+00
8.457789197564125061e-03
0.000000000000000000e+00
5.917998775839805603e-02
0.000000000000000000e+00
0.000000000000000000e+00
4.079046100378036499e-02
0.000000000000000000e+00
9.161233901977539062e-03
9.346343576908111572e-03
0.000000000000000000e+00
1.801859028637409210e-02
5.076191425323486328e-01
0.000000000000000000e+00
0.000000000000000000e+00
2.919061183929443359e-01
0.000000000000000000e+00
1.416928507387638092e-02
1.981548778712749481e-02
1.784370839595794678e-02
2.390131652355194092e-01
0.000000000000000000e+00
0.000000000000000000e+00
1.169653534889221191e-01
0.000000000000000000e+00
1.814878880977630615e-01
0.000000000000000000e+00
0.000000000000000000e+00
5.159651756286621094e+00
0.000000000000000000e+00
1.221964508295059204e-01
0.000000000000000000e+00
0.000000000000000000e+00
9.423118084669113159e-02
3.287147283554077148e-01
0.000000000000000000e+00
0.000000000000000000e+00
0.000000000000000000e+00
4.239882528781890869e-01
5.684196949005126953e-03
0.000000000000000000e+00
3.013096749782562256e-02
1.390283461660146713e-02
6.155319511890411377e-03
0.000000000000000000e+00
0.000000000000000000e+00
1.264162063598632812e+00
0.000000000000000000e+00
1.841625928878784180e+00
7.898163050413131714e-02
0.000000000000000000e+00
0.000000000000000000e+00
1.269821375608444214e-01
1.094541698694229126e-02
1.099635139107704163e-01
6.789410859346389771e-02
5.420565009117126465e-01
0.000000000000000000e+00
5.406446754932403564e-02
4.808751344680786133e-01
0.000000000000000000e+00
2.098813354969024658e-01
0.000000000000000000e+00
1.126661062240600586e+00
0.000000000000000000e+00
0.000000000000000000e+00
0.000000000000000000e+00
0.000000000000000000e+00
4.250054061412811279e-02
2.249231189489364624e-01
0.000000000000000000e+00
1.950755715370178223e-02
2.683749049901962280e-02
4.617578163743019104e-02
0.000000000000000000e+00
1.379701375961303711e+00
2.306511998176574707e-01
0.000000000000000000e+00
4.476360976696014404e-02
7.258945703506469727e-02
2.542684376239776611e-01
1.462848633527755737e-01
0.000000000000000000e+00
1.029533818364143372e-01
1.161336302757263184e+00
2.788264155387878418e-01
3.713716194033622742e-02
0.000000000000000000e+00
4.900058358907699585e-02
0.000000000000000000e+00
1.314855297096073627e-03
0.000000000000000000e+00
8.228773949667811394e-04
4.220026731491088867e-01
0.000000000000000000e+00
6.090476512908935547e-01
0.000000000000000000e+00
6.929197162389755249e-02
3.947700839489698410e-03
3.429124131798744202e-02
1.147070433944463730e-02
1.210105139762163162e-02
0.000000000000000000e+00
1.092969905585050583e-02
0.000000000000000000e+00
9.420967102050781250e-02
3.677292540669441223e-02
3.897352889180183411e-02
0.000000000000000000e+00
8.656646609306335449e-01
0.000000000000000000e+00
2.126416424289345741e-03
6.162838079035282135e-03
1.706187613308429718e-02
3.339076042175292969e-01
3.920783847570419312e-02
6.492155138403177261e-03
0.000000000000000000e+00
9.484484046697616577e-02
0.000000000000000000e+00
0.000000000000000000e+00
9.467877447605133057e-03
0.000000000000000000e+00
3.977916785515844822e-04
1.410746276378631592e-01
1.800715364515781403e-02
0.000000000000000000e+00
8.737452328205108643e-03
7.801921665668487549e-02
4.045621305704116821e-02
0.000000000000000000e+00
1.709905713796615601e-01
2.678559758351184428e-05
1.722023240290582180e-03
1.140405610203742981e-02
0.000000000000000000e+00
1.780117303133010864e-02
0.000000000000000000e+00
0.000000000000000000e+00
0.000000000000000000e+00
0.000000000000000000e+00
2.012598991394042969e+00
0.000000000000000000e+00
7.405100762844085693e-02
2.260731125716120005e-04
0.000000000000000000e+00
5.138280335813760757e-03
0.000000000000000000e+00
1.299268722534179688e+00
2.132968425750732422e+00
0.000000000000000000e+00
5.250526666641235352e-01
6.614903360605239868e-02
1.526491250842809677e-02
1.863701045513153076e-01
0.000000000000000000e+00
9.756467491388320923e-02
0.000000000000000000e+00
7.344445586204528809e-02
0.000000000000000000e+00
0.000000000000000000e+00
0.000000000000000000e+00
0.000000000000000000e+00
9.817355871200561523e-02
0.000000000000000000e+00
1.020094612613320351e-03
0.000000000000000000e+00
0.000000000000000000e+00
5.163114666938781738e-01
5.370239168405532837e-02
4.449304938316345215e-02
4.918253049254417419e-02
0.000000000000000000e+00
2.650714665651321411e-02
7.437518239021301270e-01
7.000526785850524902e-02
3.797640204429626465e-01
3.173382952809333801e-02
0.000000000000000000e+00
4.306322708725929260e-02
2.607955411076545715e-02
4.906531795859336853e-02
1.204643025994300842e-01
4.539282992482185364e-03
2.199580430984497070e+00
0.000000000000000000e+00
1.456254813820123672e-02
1.628293842077255249e-01
0.000000000000000000e+00
0.000000000000000000e+00
0.000000000000000000e+00
0.000000000000000000e+00
1.331531070172786713e-02
1.614914834499359131e-02
2.908555567264556885e-01
0.000000000000000000e+00
1.650526672601699829e-01
0.000000000000000000e+00
0.000000000000000000e+00
6.292600631713867188e-01
5.739384796470403671e-03
2.449474111199378967e-02
0.000000000000000000e+00
5.939416587352752686e-02
1.512492168694734573e-02
0.000000000000000000e+00
1.578022390604019165e-01
4.263888671994209290e-02
4.204130172729492188e-02
7.045803219079971313e-02
0.000000000000000000e+00
0.000000000000000000e+00
1.153781861066818237e-01
0.000000000000000000e+00
1.371657103300094604e-01
2.513940036296844482e-01
0.000000000000000000e+00
0.000000000000000000e+00
7.757683843374252319e-02
0.000000000000000000e+00
0.000000000000000000e+00
4.701451361179351807e-01
5.124250054359436035e-02
4.375526681542396545e-02
2.328533213585615158e-03
0.000000000000000000e+00
0.000000000000000000e+00
7.621801458299160004e-03
0.000000000000000000e+00
0.000000000000000000e+00
0.000000000000000000e+00
1.265267580747604370e-01
1.443700864911079407e-02
2.500367462635040283e-01
0.000000000000000000e+00
2.064399980008602142e-02
0.000000000000000000e+00
5.008926149457693100e-03
4.670850038528442383e-01
1.133301407098770142e-01
3.122857570648193359e+00
2.330274581909179688e+00
6.139405816793441772e-02
0.000000000000000000e+00
5.421168804168701172e-01
4.474458470940589905e-02
1.410484034568071365e-02
4.404779896140098572e-02
0.000000000000000000e+00
6.303592817857861519e-04
0.000000000000000000e+00
0.000000000000000000e+00
1.117883026599884033e-01
0.000000000000000000e+00
0.000000000000000000e+00
1.644844375550746918e-02
0.000000000000000000e+00
1.599354669451713562e-02
0.000000000000000000e+00
0.000000000000000000e+00
1.989771425724029541e-02
2.354558467864990234e+00
1.454609334468841553e-01
1.547476172447204590e+00
0.000000000000000000e+00
1.625043153762817383e-01
4.815797321498394012e-03
2.421128563582897186e-03
8.694426715373992920e-02
0.000000000000000000e+00
3.120212256908416748e-02
1.606559306383132935e-01
0.000000000000000000e+00
5.157192423939704895e-02
0.000000000000000000e+00
0.000000000000000000e+00
1.553921699523925781e+00
3.033185005187988281e-01
0.000000000000000000e+00
0.000000000000000000e+00
0.000000000000000000e+00
6.815822795033454895e-03
1.036029756069183350e-01
1.894390583038330078e-01
5.087449029088020325e-02
2.141167223453521729e-02
2.733971551060676575e-02
0.000000000000000000e+00
1.571249067783355713e-01
1.073430478572845459e-02
0.000000000000000000e+00
3.467460572719573975e-01
0.000000000000000000e+00
2.765412318694870919e-05
3.171465825289487839e-03
6.785952136851847172e-04
0.000000000000000000e+00
1.396051347255706787e-01
3.042298182845115662e-02
1.082420125603675842e-01
0.000000000000000000e+00
3.569143265485763550e-02
0.000000000000000000e+00
0.000000000000000000e+00
2.918900281656533480e-04
2.322801500558853149e-01
0.000000000000000000e+00
4.906804114580154419e-02
6.080235820263624191e-03
2.471972256898880005e-02
5.976727232336997986e-02
2.431442029774188995e-02
0.000000000000000000e+00
0.000000000000000000e+00
2.404362522065639496e-02
0.000000000000000000e+00
1.689167022705078125e-01
8.147121220827102661e-02
0.000000000000000000e+00
0.000000000000000000e+00
1.725825071334838867e-01
0.000000000000000000e+00
2.367883920669555664e-01
0.000000000000000000e+00
0.000000000000000000e+00
0.000000000000000000e+00
2.327846176922321320e-02
7.521010637283325195e-01
0.000000000000000000e+00
0.000000000000000000e+00
0.000000000000000000e+00
4.206555313430726528e-04
2.489618808031082153e-01
0.000000000000000000e+00
0.000000000000000000e+00
1.314094662666320801e-01
0.000000000000000000e+00
1.122848391532897949e-01
7.682088762521743774e-02
4.665055871009826660e-01
4.350649565458297729e-02
2.484661154448986053e-02
9.890855848789215088e-02
7.386022806167602539e-01
0.000000000000000000e+00
0.000000000000000000e+00
0.000000000000000000e+00
0.000000000000000000e+00
2.679802477359771729e-02
0.000000000000000000e+00
6.231452524662017822e-02
4.045441746711730957e-01
0.000000000000000000e+00
1.269133985042572021e-01
0.000000000000000000e+00
0.000000000000000000e+00
4.748336791992187500e+00
0.000000000000000000e+00
0.000000000000000000e+00
0.000000000000000000e+00
0.000000000000000000e+00
9.032475203275680542e-02
0.000000000000000000e+00
0.000000000000000000e+00
7.045100629329681396e-02
0.000000000000000000e+00
2.302326679229736328e+00
1.129255890846252441e-01
0.000000000000000000e+00
1.425481289625167847e-01
0.000000000000000000e+00
0.000000000000000000e+00
1.663198322057723999e-01
0.000000000000000000e+00
4.628925323486328125e+00
2.915657870471477509e-02
9.752536565065383911e-02
1.997879473492503166e-03
0.000000000000000000e+00
2.179965609684586525e-03
0.000000000000000000e+00
7.376668602228164673e-02
6.750933080911636353e-02
0.000000000000000000e+00
0.000000000000000000e+00
5.673003196716308594e-01
3.309550881385803223e-01
0.000000000000000000e+00
1.094497591257095337e-01
6.379153728485107422e-01
0.000000000000000000e+00
1.436300948262214661e-02
4.605026543140411377e-02
0.000000000000000000e+00
1.882567256689071655e-01
1.328574866056442261e-01
3.211083263158798218e-02
0.000000000000000000e+00
9.176750667393207550e-03
0.000000000000000000e+00
0.000000000000000000e+00
0.000000000000000000e+00
0.000000000000000000e+00
0.000000000000000000e+00
0.000000000000000000e+00
0.000000000000000000e+00
2.245812909677624702e-03
0.000000000000000000e+00
5.514454096555709839e-03
0.000000000000000000e+00
0.000000000000000000e+00
1.133893579244613647e-01
0.000000000000000000e+00
5.616497993469238281e-01
3.186375275254249573e-02
0.000000000000000000e+00
0.000000000000000000e+00
0.000000000000000000e+00
0.000000000000000000e+00
5.754424929618835449e-01
7.845163345336914062e-03
6.562453508377075195e-01
6.165418773889541626e-02
3.360428661108016968e-02
1.050860527902841568e-02
4.122548699378967285e-01
0.000000000000000000e+00
9.560981392860412598e-02
4.980308189988136292e-02
4.951149970293045044e-02
1.068731993436813354e-01
1.297019481658935547e+00
1.643589138984680176e-02
0.000000000000000000e+00
1.191221177577972412e-01
1.422438770532608032e-02
0.000000000000000000e+00
0.000000000000000000e+00
7.633160352706909180e-01
1.401131507009267807e-02
2.661055698990821838e-02
0.000000000000000000e+00
0.000000000000000000e+00
0.000000000000000000e+00
1.416272018104791641e-03
4.085075482726097107e-02
9.198449850082397461e-01
0.000000000000000000e+00
0.000000000000000000e+00
1.766723096370697021e-01
3.438045736402273178e-03
7.378677278757095337e-02
2.201862484216690063e-01
1.282396167516708374e-02
0.000000000000000000e+00
8.456056006252765656e-03
1.598817706108093262e-01
0.000000000000000000e+00
0.000000000000000000e+00
0.000000000000000000e+00
1.595660746097564697e-01
5.306932702660560608e-02
2.950529567897319794e-03
0.000000000000000000e+00
1.354666948318481445e-01
7.760185003280639648e-02
7.659628987312316895e-02
4.031647369265556335e-02
0.000000000000000000e+00
0.000000000000000000e+00
0.000000000000000000e+00
1.004926562309265137e-01
8.400647342205047607e-02
0.000000000000000000e+00
0.000000000000000000e+00
2.802826277911663055e-02
0.000000000000000000e+00
0.000000000000000000e+00
0.000000000000000000e+00
0.000000000000000000e+00
0.000000000000000000e+00
2.575882524251937866e-02
1.696156114339828491e-01
1.743737491779029369e-03
0.000000000000000000e+00
0.000000000000000000e+00
8.434790372848510742e-02
0.000000000000000000e+00
0.000000000000000000e+00
8.577974513173103333e-03
1.840402185916900635e-01
0.000000000000000000e+00
0.000000000000000000e+00
0.000000000000000000e+00
1.012328267097473145e+00
4.418705403804779053e-02
6.330323219299316406e-01
1.024242341518402100e-01
1.172871515154838562e-02
1.568330079317092896e-02
0.000000000000000000e+00
0.000000000000000000e+00
2.427245527505874634e-01
0.000000000000000000e+00
0.000000000000000000e+00
0.000000000000000000e+00
3.073767013847827911e-02
0.000000000000000000e+00
3.082741051912307739e-02
1.450462043285369873e-01
3.772898577153682709e-03
0.000000000000000000e+00
1.609686315059661865e-01
3.543589711189270020e-01
2.415269166231155396e-01
2.188224345445632935e-01
9.807683527469635010e-03
0.000000000000000000e+00
2.020452916622161865e-01
3.082296624779701233e-02
5.353370681405067444e-03
0.000000000000000000e+00
3.179434686899185181e-02
0.000000000000000000e+00
6.289502233266830444e-02
0.000000000000000000e+00
1.530995011329650879e+00
2.485337853431701660e-02
3.335927147418260574e-03
0.000000000000000000e+00
2.621197514235973358e-02
0.000000000000000000e+00
1.206903066486120224e-02
1.535382121801376343e-01
0.000000000000000000e+00
0.000000000000000000e+00
6.886786818504333496e-01
0.000000000000000000e+00
0.000000000000000000e+00
2.972001433372497559e-01
1.805720268748700619e-03
2.438141265884041786e-03
0.000000000000000000e+00
0.000000000000000000e+00
4.629302769899368286e-03
6.078154593706130981e-02
0.000000000000000000e+00
1.280420660972595215e+00
0.000000000000000000e+00
0.000000000000000000e+00
0.000000000000000000e+00
4.164483770728111267e-02
0.000000000000000000e+00
0.000000000000000000e+00
6.681035459041595459e-02
6.795324087142944336e-01
5.041095241904258728e-02
0.000000000000000000e+00
2.158852815628051758e+00
6.015200912952423096e-02
0.000000000000000000e+00
0.000000000000000000e+00
0.000000000000000000e+00
3.268078900873661041e-03
0.000000000000000000e+00
2.043394297361373901e-01
7.546288543380796909e-04
0.000000000000000000e+00
2.226320058107376099e-01
6.686866283416748047e-02
1.955690830945968628e-01
0.000000000000000000e+00
0.000000000000000000e+00
7.884788513183593750e-02
6.574919819831848145e-02
2.261426895856857300e-01
0.000000000000000000e+00
2.420958131551742554e-02
1.000732898712158203e+00
7.314915955066680908e-02
7.024200633168220520e-03
0.000000000000000000e+00
0.000000000000000000e+00
0.000000000000000000e+00
1.443094015121459961e-01
2.572062797844409943e-02
7.574175298213958740e-02
0.000000000000000000e+00
7.539111375808715820e-02
2.017605006694793701e-01
3.550846874713897705e-02
0.000000000000000000e+00
0.000000000000000000e+00
3.367480933666229248e-01
0.000000000000000000e+00
7.557785511016845703e-01
9.279153496026992798e-02
1.188029274344444275e-01
3.620702307671308517e-03
0.000000000000000000e+00
0.000000000000000000e+00
0.000000000000000000e+00
0.000000000000000000e+00
0.000000000000000000e+00
0.000000000000000000e+00
2.191720157861709595e-01
1.086934059858322144e-01
5.441057309508323669e-02
9.713798016309738159e-02
2.910776138305664062e+00
0.000000000000000000e+00
0.000000000000000000e+00
4.692615941166877747e-02
5.293099675327539444e-03
1.026668921113014221e-01
1.609086245298385620e-02
1.041118055582046509e-01
1.444228738546371460e-01
4.416082520037889481e-03
1.823510043323040009e-02
0.000000000000000000e+00
0.000000000000000000e+00
0.000000000000000000e+00
0.000000000000000000e+00
2.075539976358413696e-01
3.678878843784332275e-01
9.603428095579147339e-02
9.034962058067321777e-01
2.179734706878662109e-01
1.117752194404602051e-01
0.000000000000000000e+00
1.089595481753349304e-01
7.428305689245462418e-03
0.000000000000000000e+00
0.000000000000000000e+00
6.508711725473403931e-02
0.000000000000000000e+00
0.000000000000000000e+00
1.195890363305807114e-02
1.027703285217285156e-02
1.163322129286825657e-03
1.103815510869026184e-01
0.000000000000000000e+00
1.605198346078395844e-02
0.000000000000000000e+00
3.505372256040573120e-02
0.000000000000000000e+00
0.000000000000000000e+00
3.713667392730712891e-01
4.411349073052406311e-02
1.582720279693603516e-01
0.000000000000000000e+00
0.000000000000000000e+00
0.000000000000000000e+00
9.811503887176513672e-01
0.000000000000000000e+00
1.086223050951957703e-01
6.284843385219573975e-02
0.000000000000000000e+00
2.103389650583267212e-01
2.991138212382793427e-02
7.226532790809869766e-03
4.459418356418609619e-01
2.848913893103599548e-02
3.185830265283584595e-02
0.000000000000000000e+00
0.000000000000000000e+00
7.628789544105529785e-02
0.000000000000000000e+00
0.000000000000000000e+00
1.690445691347122192e-01
0.000000000000000000e+00
3.101703226566314697e-01
4.676882550120353699e-02
1.244543679058551788e-02
0.000000000000000000e+00
9.656774811446666718e-03
0.000000000000000000e+00
0.000000000000000000e+00
0.000000000000000000e+00
5.598035082221031189e-02
0.000000000000000000e+00
0.000000000000000000e+00
2.183357715606689453e+00
4.002872109413146973e-01
0.000000000000000000e+00
1.031326036900281906e-02
0.000000000000000000e+00
1.262405365705490112e-01
0.000000000000000000e+00
0.000000000000000000e+00
0.000000000000000000e+00
0.000000000000000000e+00
0.000000000000000000e+00
4.043918251991271973e-01
2.555734813213348389e-01
3.003930151462554932e-01
3.301528930664062500e+00
1.048254296183586121e-01
0.000000000000000000e+00
5.866953730583190918e-02
0.000000000000000000e+00
2.240442484617233276e-01
0.000000000000000000e+00
0.000000000000000000e+00
0.000000000000000000e+00
0.000000000000000000e+00
4.173590277787297964e-04
3.725629765540361404e-03
0.000000000000000000e+00
0.000000000000000000e+00
0.000000000000000000e+00
0.000000000000000000e+00
1.769828051328659058e-01
0.000000000000000000e+00
9.266423061490058899e-03
0.000000000000000000e+00
1.272019594907760620e-01
4.221739247441291809e-02
2.841388881206512451e-01
0.000000000000000000e+00
0.000000000000000000e+00
1.611050777137279510e-02
8.405663073062896729e-02
0.000000000000000000e+00
0.000000000000000000e+00
0.000000000000000000e+00
1.887736618518829346e-01
6.307514905929565430e-01
0.000000000000000000e+00
1.230704021453857422e+01
7.158096879720687866e-02
8.173884153366088867e-01
0.000000000000000000e+00
0.000000000000000000e+00
3.102096170186996460e-02
7.994208335876464844e-01
4.941005408763885498e-01
5.511723831295967102e-02
2.904670536518096924e-01
6.240624189376831055e-02
0.000000000000000000e+00
7.898665666580200195e-01
1.073578834533691406e+00
0.000000000000000000e+00
2.313991636037826538e-02
0.000000000000000000e+00
6.756684184074401855e-02
0.000000000000000000e+00
0.000000000000000000e+00
6.940814852714538574e-02
6.048842519521713257e-02
5.705656483769416809e-02
1.707413047552108765e-02
3.527610898017883301e-01
0.000000000000000000e+00
2.405232191085815430e-01
7.964569330215454102e-01
9.436746686697006226e-02
1.120602712035179138e-01
1.252732038497924805e+00
0.000000000000000000e+00
1.609805375337600708e-01
1.037538290023803711e+00
1.917388476431369781e-02
4.728513211011886597e-02
0.000000000000000000e+00
0.000000000000000000e+00
1.217573042958974838e-02
1.820110380649566650e-01
0.000000000000000000e+00
6.661545485258102417e-03
0.000000000000000000e+00
0.000000000000000000e+00
0.000000000000000000e+00
1.511735320091247559e-01
8.789851069450378418e-01
7.552610039710998535e-01
1.337361693382263184e+00
0.000000000000000000e+00
2.474975399672985077e-02
2.779963612556457520e-01
1.600797055289149284e-03
0.000000000000000000e+00
6.439174758270382881e-04
0.000000000000000000e+00
0.000000000000000000e+00
0.000000000000000000e+00
0.000000000000000000e+00
6.447382271289825439e-02
6.444182246923446655e-02
1.406524538993835449e+00
4.390954971313476562e-03
0.000000000000000000e+00
6.869888305664062500e-02
0.000000000000000000e+00
0.000000000000000000e+00
0.000000000000000000e+00
2.390404492616653442e-01
1.420120835304260254e+00
2.200132459402084351e-01
5.657687783241271973e-01
1.071795746684074402e-01
2.266321629285812378e-01
0.000000000000000000e+00
0.000000000000000000e+00
3.242352604866027832e-01
1.047659851610660553e-02
2.757972478866577148e-01
0.000000000000000000e+00
0.000000000000000000e+00
2.269363217055797577e-02
2.675961516797542572e-02
2.953688427805900574e-02
1.085917837917804718e-02
1.963262818753719330e-02
4.482390941120684147e-04
0.000000000000000000e+00
0.000000000000000000e+00
0.000000000000000000e+00
0.000000000000000000e+00
0.000000000000000000e+00
1.831367611885070801e-01
0.000000000000000000e+00
5.859241262078285217e-02
1.455397963523864746e+00
0.000000000000000000e+00
0.000000000000000000e+00
0.000000000000000000e+00
6.984139233827590942e-02
2.630445718765258789e+00
1.388689130544662476e-01
1.333294063806533813e-02
1.552108861505985260e-02
1.154140755534172058e-02
3.854718804359436035e-02
1.386238783597946167e-01
1.207156851887702942e-01
0.000000000000000000e+00
5.646506324410438538e-03
4.307502508163452148e-02
1.110394820570945740e-01
5.849056318402290344e-02
0.000000000000000000e+00
5.578301846981048584e-02
0.000000000000000000e+00
2.539843022823333740e-01
1.415563672780990601e-01
9.209074079990386963e-02
3.149793297052383423e-02
0.000000000000000000e+00
0.000000000000000000e+00
0.000000000000000000e+00
0.000000000000000000e+00
