5.663800835609436035e-01
2.423778057098388672e+00
8.287793397903442383e-02
3.473074674606323242e+00
6.336322426795959473e-01
4.845206737518310547e-01
1.305826753377914429e-01
6.188724040985107422e-01
3.103818185627460480e-02
0.000000000000000000e+00
1.838110804557800293e+00
1.170087754726409912e-01
7.838607430458068848e-01
6.313934922218322754e-02
3.312810361385345459e-01
4.293542355298995972e-03
2.597186714410781860e-02
1.156591176986694336e+00
1.472172379493713379e+00
7.488151192665100098e-01
9.241772294044494629e-01
6.782845258712768555e-01
3.417260348796844482e-01
5.933346152305603027e-01
8.909517526626586914e-02
6.706614494323730469e-01
4.165003821253776550e-02
1.131325483322143555e+00
8.510847091674804688e-01
3.003573976457118988e-02
9.774883091449737549e-02
2.077458649873733521e-01
1.449882149696350098e+00
2.944020271301269531e+00
2.938896119594573975e-01
1.308192253112792969e+00
1.725517213344573975e-01
1.215906858444213867e+00
3.802128791809082031e+00
1.133070945739746094e+00
3.104173243045806885e-01
4.796918034553527832e-01
6.948462128639221191e-02
8.658257126808166504e-01
2.146723508834838867e+00
1.598664075136184692e-01
1.693515419960021973e+00
1.571726083755493164e+00
1.340331196784973145e+00
4.109390377998352051e-01
1.744439899921417236e-01
1.228213906288146973e+00
9.861668348312377930e-01
1.120305657386779785e+00
1.871040463447570801e+00
4.100069999694824219e-01
2.290553569793701172e+00
2.021102905273437500e+00
1.721466630697250366e-01
2.240808308124542236e-01
5.531826615333557129e-01
2.635218501091003418e-01
5.457406044006347656e-01
4.374656975269317627e-01
1.203173324465751648e-01
3.905155360698699951e-01
4.975271224975585938e-02
5.500920116901397705e-03
0.000000000000000000e+00
1.677835546433925629e-02
2.013217359781265259e-01
4.317795857787132263e-02
3.459644019603729248e-01
1.276661634445190430e+00
6.421856284141540527e-01
2.192545533180236816e-01
3.199660032987594604e-02
1.411626487970352173e-02
4.608686268329620361e-02
3.715487420558929443e-01
7.635021954774856567e-02
1.390967845916748047e+00
2.125756263732910156e+00
1.103408098220825195e+00
2.524516880512237549e-01
3.796913623809814453e-01
1.471997499465942383e+00
4.470455646514892578e-01
2.811601161956787109e-01
6.244812011718750000e-01
1.258493959903717041e-01
6.038874983787536621e-01
2.425409853458404541e-01
2.060091495513916016e-01
2.563284933567047119e-01
6.317790597677230835e-02
3.252859041094779968e-02
3.005990982055664062e-01
3.359138667583465576e-01
1.218241810798645020e+00
0.000000000000000000e+00
4.578887820243835449e-01
7.540184259414672852e-02
7.410324811935424805e-01
3.959508240222930908e-01
4.401918649673461914e-01
5.374165773391723633e-01
7.203727960586547852e-01
1.065031528472900391e+00
9.972819685935974121e-02
1.725709140300750732e-01
1.839157640933990479e-01
6.349994242191314697e-02
9.897161275148391724e-02
1.175106316804885864e-01
1.364863991737365723e+00
6.417837142944335938e-01
7.852752804756164551e-01
1.391100406646728516e+00
2.780300080776214600e-01
4.120974615216255188e-02
1.277526281774044037e-02
5.355736613273620605e-02
9.133397042751312256e-02
6.088513374328613281e+00
3.751135170459747314e-01
4.505794495344161987e-02
2.706798315048217773e+00
4.379441216588020325e-02
3.207798302173614502e-01
6.779436469078063965e-01
1.572449058294296265e-01
1.476247310638427734e+00
3.379052579402923584e-01
1.114655375480651855e+00
2.200567722320556641e-01
7.300282120704650879e-01
4.963719844818115234e-01
1.784344464540481567e-01
4.594360012561082840e-03
1.501721620559692383e+00
3.085168004035949707e-01
3.471604287624359131e-01
1.863291487097740173e-02
3.708755671977996826e-01
2.845059931278228760e-01
2.520949244499206543e-01
1.581258654594421387e+00
4.447928071022033691e-01
3.105935156345367432e-01
4.196391105651855469e-01
5.004112124443054199e-01
1.324033260345458984e+00
1.005055680871009827e-01
2.182491123676300049e-01
3.171340525150299072e-01
3.560200631618499756e-01
0.000000000000000000e+00
6.625013053417205811e-02
1.401575282216072083e-02
1.787638515233993530e-01
4.594233632087707520e-01
1.665072888135910034e-01
6.226398348808288574e-01
2.262262105941772461e+00
5.096563100814819336e-01
8.879390358924865723e-01
3.476831018924713135e-01
1.333794295787811279e-01
3.649341166019439697e-01
3.029291868209838867e+00
7.857546210289001465e-01
2.430756762623786926e-02
4.139470458030700684e-01
7.045099735260009766e-01
3.202151060104370117e-01
2.504173666238784790e-03
1.047537922859191895e+00
2.223363161087036133e+00
1.411490201950073242e+00
6.524423956871032715e-01
2.195898741483688354e-01
2.573697566986083984e-01
4.037894010543823242e-01
0.000000000000000000e+00
6.281173229217529297e-01
1.147981405258178711e+00
8.650947213172912598e-01
2.400235533714294434e-01
3.280621767044067383e-01
1.518883854150772095e-01
1.365032911300659180e+00
4.577414989471435547e-01
8.325347676873207092e-03
1.451310038566589355e+00
5.491064395755529404e-03
6.936571002006530762e-01
6.608972698450088501e-02
2.745780646800994873e-01
1.744567990303039551e+00
1.492619872093200684e+00
2.184764295816421509e-01
3.249085843563079834e-01
3.124932944774627686e-01
1.861707568168640137e+00
5.924694985151290894e-02
2.482133150100708008e+00
6.902068257331848145e-01
1.907357215881347656e+00
4.294903755187988281e+00
2.031807228922843933e-02
3.048129081726074219e-01
1.050729990005493164e+00
2.486737370491027832e-01
6.085874438285827637e-01
6.267754435539245605e-01
7.161620259284973145e-01
8.110265247523784637e-03
8.716304302215576172e-01
4.128316640853881836e-01
5.276988148689270020e-01
2.506811618804931641e+00
1.140002980828285217e-01
2.216966629028320312e+00
1.747978627681732178e-01
1.645564198493957520e+00
7.404393050819635391e-03
6.134636402130126953e-01
1.903686165809631348e+00
1.266458928585052490e-01
8.953730463981628418e-01
6.457998156547546387e-01
1.953412890434265137e+00
2.880152463912963867e-01
4.032874479889869690e-02
6.477864980697631836e-01
3.098751902580261230e-01
3.803773969411849976e-02
6.341938972473144531e-01
8.723792433738708496e-02
3.655091300606727600e-02
1.619485139846801758e+00
4.540689289569854736e-01
2.833119928836822510e-01
2.157148122787475586e-01
1.823267459869384766e+00
8.996244072914123535e-01
1.648547686636447906e-02
5.984618067741394043e-01
0.000000000000000000e+00
7.369793653488159180e-01
3.117984533309936523e-01
1.072137594223022461e+00
2.067090570926666260e-01
9.669318199157714844e-01
7.592381834983825684e-01
5.605694651603698730e-02
5.181965231895446777e-01
8.596583269536495209e-03
1.316446423530578613e+00
6.651961803436279297e-01
6.285911798477172852e-01
3.508472740650177002e-01
1.983833193778991699e+00
3.946188837289810181e-02
6.059574484825134277e-01
7.080734968185424805e-01
4.905813187360763550e-02
1.442590206861495972e-01
1.788656115531921387e-01
6.083577871322631836e-01
3.684412688016891479e-02
8.789136409759521484e-01
7.172952890396118164e-01
1.263388246297836304e-01
2.031772434711456299e-01
6.126074194908142090e-01
2.947935163974761963e-01
5.056859254837036133e-01
1.770117878913879395e+00
8.803952932357788086e-01
1.543118715286254883e+00
4.782660305500030518e-01
3.534373044967651367e-01
2.676087915897369385e-01
1.628204345703125000e+00
1.156283497810363770e+00
3.882266581058502197e-02
1.012873888015747070e+00
1.487233400344848633e+00
1.899719715118408203e+00
6.288613677024841309e-01
1.123393476009368896e-01
7.774187326431274414e-01
6.801609992980957031e-01
3.707642555236816406e-01
6.349004805088043213e-02
7.984701395034790039e-01
0.000000000000000000e+00
5.822474956512451172e-01
4.951053857803344727e-01
3.201069235801696777e-01
3.228468596935272217e-01
1.567099690437316895e+00
1.932287365198135376e-01
4.509694278240203857e-01
6.926707625389099121e-01
5.073206424713134766e-01
1.123016476631164551e+00
3.185974061489105225e-01
5.963277816772460938e-01
9.323480725288391113e-01
3.552412688732147217e-01
3.128375530242919922e+00
2.066365629434585571e-01
4.246158897876739502e-01
1.409477833658456802e-02
2.080457925796508789e+00
1.508509665727615356e-01
8.505618572235107422e-02
2.346603274345397949e-01
1.652602672576904297e+00
7.677043974399566650e-02
8.700428605079650879e-01
3.690241575241088867e-01
1.045668005943298340e+00
4.974291194230318069e-03
4.629986882209777832e-01
6.131312847137451172e-01
2.621545553207397461e+00
1.339248120784759521e-01
5.541979074478149414e-01
1.875599265098571777e+00
6.243416666984558105e-01
2.769145965576171875e-01
1.466190695762634277e+00
4.268977642059326172e-01
1.282851099967956543e-01
5.803096294403076172e-01
1.376854907721281052e-02
1.489328503608703613e+00
3.436590731143951416e-01
5.658400431275367737e-02
6.727960705757141113e-01
3.320262432098388672e-01
1.318232178688049316e+00
2.481398135423660278e-01
6.641845703125000000e-01
7.404618263244628906e-01
5.927335023880004883e-01
7.805104255676269531e-01
2.909183204174041748e-01
5.841026902198791504e-01
5.722104106098413467e-03
1.758461356163024902e+00
2.342547416687011719e+00
4.958353638648986816e-01
3.496210277080535889e-02
4.538391232490539551e-01
1.406388163566589355e+00
4.116441905498504639e-01
2.571741342544555664e-01
3.663004934787750244e-01
2.284055233001708984e+00
1.101721763610839844e+00
6.710731387138366699e-01
6.231004595756530762e-01
2.898953855037689209e-02
1.009395360946655273e+00
5.022765398025512695e-01
4.898376166820526123e-01
5.439239740371704102e-01
1.733328700065612793e+00
6.760639548301696777e-01
2.859786152839660645e-01
0.000000000000000000e+00
1.466632336378097534e-01
5.731242895126342773e-01
1.296825520694255829e-02
1.131802126765251160e-01
4.389364719390869141e-01
3.608786268159747124e-03
4.236278831958770752e-01
5.974138528108596802e-02
2.881548404693603516e-01
1.899388432502746582e-01
6.880809068679809570e-01
4.259032309055328369e-01
2.152720233425498009e-03
2.052366495132446289e+00
1.970319151878356934e-01
8.864103257656097412e-02
1.171062588691711426e+00
7.395444437861442566e-03
4.917092621326446533e-01
4.912485480308532715e-01
5.561177134513854980e-01
4.516045570373535156e+00
2.615383267402648926e-01
1.932105794548988342e-02
8.998441100120544434e-01
3.987030088901519775e-01
1.198548913002014160e+00
6.688351184129714966e-02
1.505098640918731689e-01
1.171166896820068359e+00
3.080549478530883789e+00
3.778906166553497314e-02
2.042966842651367188e+00
5.120163559913635254e-01
3.471056371927261353e-02
2.912724614143371582e-01
9.391718357801437378e-02
2.559414133429527283e-02
1.157598271965980530e-01
2.607790827751159668e-01
1.950037293136119843e-02
8.879481554031372070e-01
3.082410693168640137e-01
5.276713371276855469e-01
6.367163658142089844e-01
1.116648912429809570e+00
7.643262743949890137e-01
1.228260919451713562e-01
2.019813358783721924e-01
3.714345693588256836e-01
0.000000000000000000e+00
4.639072716236114502e-01
6.295565366744995117e-01
6.315211772918701172e+00
4.153231680393218994e-01
9.497395157814025879e-01
2.241866439580917358e-01
7.238003890961408615e-03
3.524929881095886230e-01
1.032499670982360840e+00
7.692422252148389816e-03
1.831875562667846680e+00
4.378565549850463867e-01
8.036503791809082031e-01
7.455196231603622437e-02
1.520301103591918945e-01
1.460250765085220337e-01
2.250707745552062988e-01
0.000000000000000000e+00
1.451683789491653442e-01
6.771595478057861328e-01
6.551588177680969238e-01
2.416316866874694824e-01
1.526921615004539490e-02
1.311853647232055664e+00
1.703133285045623779e-01
2.278192937374114990e-01
7.513098418712615967e-02
4.082865118980407715e-01
7.844136953353881836e-01
3.735627830028533936e-01
2.312528043985366821e-01
1.366751082241535187e-02
1.551283836364746094e+00
1.671901106834411621e+00
1.136672735214233398e+00
1.349190235137939453e+00
3.387518823146820068e-01
2.129274904727935791e-01
1.518568992614746094e+00
2.239381074905395508e-01
6.572768688201904297e-01
9.142369627952575684e-01
0.000000000000000000e+00
2.950334250926971436e-01
6.528804302215576172e-01
1.146731972694396973e+00
5.649474263191223145e-01
1.236481592059135437e-02
1.254951464943587780e-03
1.942144155502319336e+00
1.893464177846908569e-01
4.157805442810058594e-02
4.483773410320281982e-01
6.312026381492614746e-01
7.558726519346237183e-02
8.432537913322448730e-01
1.857845783233642578e-01
4.615883231163024902e-01
6.325660347938537598e-01
1.771971106529235840e+00
2.268778800964355469e+00
3.443357646465301514e-01
1.006131544709205627e-01
3.163962066173553467e-01
7.690905332565307617e-01
1.838910393416881561e-02
1.945061534643173218e-01
3.593867421150207520e-01
1.195340156555175781e+00
1.228645667433738708e-01
5.705087631940841675e-02
4.921384155750274658e-01
3.526518940925598145e-01
1.952058374881744385e-01
4.611296579241752625e-02
2.798842452466487885e-02
1.342035055160522461e+00
0.000000000000000000e+00
2.214065939188003540e-02
2.654680013656616211e-01
3.438213169574737549e-01
8.380457162857055664e-01
2.306938916444778442e-01
1.581812351942062378e-01
4.375358521938323975e-01
4.435340762138366699e-01
1.260512769222259521e-01
1.682636439800262451e-01
2.483065426349639893e-01
1.568072438240051270e+00
2.593321800231933594e-01
5.676743015646934509e-02
0.000000000000000000e+00
7.064218074083328247e-02
4.801168739795684814e-01
8.056132197380065918e-01
7.543002367019653320e-01
7.242917269468307495e-02
2.623003423213958740e-01
6.056441664695739746e-01
2.998882532119750977e-01
1.008212685585021973e+00
5.002760887145996094e-01
0.000000000000000000e+00
2.533718943595886230e-01
1.249418780207633972e-02
5.924738645553588867e-01
4.898014366626739502e-01
2.028864808380603790e-02
2.274707257747650146e-01
2.589519917964935303e-01
1.566826999187469482e-01
4.593741297721862793e-01
6.542669534683227539e-01
7.357360124588012695e-01
2.326256632804870605e-01
5.038541555404663086e-02
4.057628810405731201e-01
2.474902868270874023e-01
5.713058114051818848e-01
7.858092337846755981e-02
7.006383538246154785e-01
2.088919430971145630e-01
6.779061257839202881e-02
1.544738292694091797e+00
1.169997215270996094e+00
1.924132704734802246e+00
3.008248209953308105e-01
7.058855891227722168e-01
0.000000000000000000e+00
5.980710685253143311e-02
9.064608216285705566e-01
2.987841069698333740e-01
7.078023552894592285e-01
2.699444256722927094e-02
9.430682659149169922e-01
2.580235004425048828e-01
7.984164357185363770e-01
1.588145792484283447e-01
2.719183444976806641e+00
7.548816502094268799e-02
1.286494433879852295e-01
1.336533948779106140e-02
8.453179001808166504e-01
2.433507144451141357e-02
1.075788587331771851e-01
3.177124857902526855e-01
7.655195146799087524e-02
2.841159343719482422e+00
1.098216891288757324e+00
3.739812076091766357e-01
2.776060402393341064e-01
1.762096285820007324e-01
1.395749449729919434e+00
6.530091911554336548e-02
2.159128934144973755e-01
1.592117249965667725e-01
3.334848880767822266e-01
2.257917821407318115e-01
6.465901136398315430e-01
4.972606599330902100e-01
8.336552381515502930e-01
6.094549968838691711e-02
4.060522466897964478e-02
0.000000000000000000e+00
6.100327149033546448e-02
3.045487101189792156e-04
6.297451257705688477e-01
1.138899251818656921e-01
3.269603848457336426e-01
2.421748042106628418e-01
1.358225047588348389e-01
4.684702157974243164e-01
1.143709778785705566e+00
3.772492408752441406e-01
3.276942074298858643e-01
4.102448821067810059e-01
9.340712428092956543e-02
1.555698271840810776e-02
0.000000000000000000e+00
3.526701927185058594e-01
0.000000000000000000e+00
5.252057909965515137e-01
4.647220671176910400e-01
2.665849328041076660e-01
5.722270011901855469e-01
1.647020429372787476e-01
4.224555492401123047e-01
1.907470077276229858e-01
2.944108545780181885e-01
1.035155773162841797e+00
4.254349768161773682e-01
2.663507163524627686e-01
7.544845342636108398e-02
5.256024003028869629e-02
7.526120543479919434e-01
1.155518274754285812e-02
6.479515135288238525e-02
1.077821850776672363e+00
1.393176198005676270e+00
8.501663804054260254e-02
3.527911379933357239e-02
1.123335361480712891e+00
5.484861135482788086e-02
1.801574081182479858e-01
0.000000000000000000e+00
7.679502367973327637e-01
8.462322950363159180e-01
5.175449326634407043e-02
4.030469059944152832e-01
1.087200045585632324e-01
3.628880484029650688e-03
4.260153472423553467e-01
4.836490452289581299e-01
3.448759913444519043e-01
2.652850747108459473e-01
6.382945179939270020e-01
3.990101441740989685e-02
9.930148720741271973e-01
1.593068003654479980e+00
2.541276514530181885e-01
4.670548066496849060e-02
1.662746369838714600e-01
1.710604280233383179e-01
4.655717313289642334e-01
5.367989651858806610e-03
2.521390616893768311e-01
1.463250398635864258e+00
4.524032026529312134e-02
0.000000000000000000e+00
5.653051137924194336e-01
2.120289802551269531e+00
6.443120837211608887e-01
9.483346939086914062e-01
7.288060784339904785e-01
1.595935085788369179e-03
1.036738991737365723e+00
3.117575645446777344e-01
2.988969385623931885e-01
5.541621446609497070e-01
5.724382400512695312e-01
2.685170434415340424e-02
6.695576310157775879e-01
4.671657979488372803e-01
8.721990138292312622e-02
0.000000000000000000e+00
5.391961932182312012e-01
4.245764017105102539e-02
8.962275981903076172e-01
2.322452783584594727e+00
5.407947897911071777e-01
3.702821433544158936e-01
8.011387586593627930e-01
3.242553710937500000e+00
1.022343754768371582e+00
3.393472405150532722e-03
1.242514610290527344e+00
3.402990698814392090e-01
3.348619937896728516e-01
6.856815814971923828e-01
3.637769520282745361e-01
2.487259656190872192e-01
7.051604390144348145e-01
1.103647947311401367e+00
3.617942333221435547e-02
8.369774557650089264e-03
5.864630937576293945e-01
4.609624668955802917e-02
1.210656538605690002e-01
6.633717417716979980e-01
9.542139172554016113e-01
4.966602325439453125e-01
6.368231773376464844e-02
1.966922134160995483e-01
1.545373946428298950e-01
6.072666049003601074e-01
2.187248915433883667e-01
2.314402163028717041e-01
8.765711188316345215e-01
7.758532166481018066e-01
2.519135475158691406e-01
3.880346119403839111e-01
6.456274390220642090e-01
3.804202079772949219e-01
3.729722797870635986e-01
9.666598439216613770e-01
4.009927511215209961e-01
1.168148126453161240e-02
1.038726449012756348e+00
7.578645646572113037e-02
1.942209452390670776e-01
4.849524050951004028e-02
1.330495327711105347e-01
9.884788393974304199e-01
2.894361019134521484e-01
3.409642279148101807e-01
1.731961518526077271e-01
1.474599391222000122e-01
5.291505903005599976e-02
2.353089675307273865e-02
1.214033722877502441e+00
1.558428108692169189e-01
2.732712626457214355e-01
1.380059868097305298e-01
8.539753407239913940e-02
1.064715862274169922e+00
5.171740800142288208e-02
8.508382439613342285e-01
4.159198403358459473e-01
2.628661692142486572e-01
4.478692710399627686e-01
2.345983743667602539e+00
1.988299489021301270e-01
5.603929758071899414e-01
1.638669371604919434e+00
6.586996316909790039e-01
2.075676172971725464e-01
6.455100178718566895e-01
4.630705714225769043e-01
8.450882881879806519e-02
3.921833634376525879e-02
6.375858783721923828e-01
4.943286627531051636e-02
5.431780815124511719e-01
2.159508943557739258e+00
8.401634097099304199e-01
0.000000000000000000e+00
3.210914731025695801e-01
1.514930248260498047e+00
6.128599047660827637e-01
2.138184756040573120e-02
5.741317272186279297e-01
1.196416169404983521e-01
1.400323629379272461e+00
2.817932963371276855e-01
1.522302180528640747e-01
1.554598808288574219e+00
3.070988953113555908e-01
8.905921578407287598e-01
4.535853862762451172e-01
2.803815715014934540e-02
1.385239839553833008e+00
9.107140302658081055e-01
1.552318453788757324e+00
3.657177090644836426e-02
1.784142851829528809e-01
1.511867344379425049e-01
1.077132523059844971e-01
1.080241203308105469e+00
4.557833671569824219e-01
1.216755621135234833e-02
3.057114779949188232e-01
8.464099168777465820e-01
1.733022034168243408e-01
1.347383409738540649e-01
1.992569327354431152e+00
1.301636099815368652e+00
3.657817840576171875e-01
4.863164126873016357e-01
1.553026027977466583e-02
1.911245882511138916e-01
2.422510236501693726e-01
1.237753868103027344e+00
1.081071943044662476e-01
3.625449910759925842e-02
1.286862492561340332e+00
1.149217128753662109e+00
2.239446491003036499e-01
1.060649871826171875e+00
1.319386065006256104e-02
2.359531521797180176e-01
8.709719032049179077e-02
1.841157197952270508e+00
8.447293937206268311e-02
3.410412073135375977e-01
1.731737554073333740e-01
8.148339986801147461e-01
6.791044473648071289e-01
3.023303151130676270e-01
3.505524992942810059e-02
1.678511202335357666e-01
1.598846167325973511e-01
7.693151235580444336e-01
7.926458120346069336e-01
7.881321012973785400e-02
1.072389125823974609e+00
8.756053447723388672e-02
1.184318661689758301e+00
1.144528388977050781e+00
8.662346601486206055e-01
8.368899822235107422e-01
1.758758723735809326e-01
1.151195883750915527e+00
4.445226192474365234e-01
2.577467441558837891e+00
0.000000000000000000e+00
8.946222066879272461e-02
8.958309888839721680e-02
7.378426194190979004e-02
5.186019539833068848e-01
6.759443283081054688e-01
1.065821871161460876e-01
2.852841317653656006e-01
4.511348307132720947e-01
6.494751572608947754e-02
9.294160455465316772e-02
1.061281919479370117e+00
3.971454203128814697e-01
5.319556593894958496e-01
2.821158766746520996e-01
1.465916633605957031e+00
1.488284915685653687e-01
3.554307622835040092e-03
4.974924921989440918e-01
2.564735338091850281e-02
1.018945425748825073e-01
3.937053382396697998e-01
1.303554177284240723e+00
3.251175880432128906e-01
2.446902990341186523e-01
3.654981404542922974e-02
4.150343239307403564e-01
3.047039508819580078e-01
7.223646342754364014e-02
3.527845740318298340e-01
2.276238352060317993e-01
3.694450557231903076e-01
0.000000000000000000e+00
5.037711858749389648e-01
7.959426045417785645e-01
5.327118635177612305e-01
2.094019412994384766e+00
1.303274989128112793e+00
1.974793672561645508e+00
2.408640682697296143e-01
3.625665009021759033e-01
6.187877058982849121e-01
4.138367176055908203e-01
8.437003493309020996e-01
3.364473819732666016e+00
1.436592340469360352e-01
3.130010068416595459e-01
1.560096740722656250e+00
2.619652032852172852e+00
3.360478281974792480e-01
1.465863082557916641e-03
0.000000000000000000e+00
3.246809840202331543e-01
2.885731697082519531e+00
8.512885570526123047e-01
1.760152876377105713e-01
1.161363124847412109e+00
1.726107746362686157e-01
2.724898457527160645e-01
8.282222151756286621e-01
9.902653098106384277e-02
2.266198396682739258e-01
4.279193878173828125e-01
4.082599282264709473e-01
1.907189041376113892e-01
6.593348383903503418e-01
3.706274628639221191e-01
2.287558317184448242e-01
2.417083233594894409e-01
7.433183789253234863e-01
4.693419933319091797e-01
1.982134342193603516e+00
1.023211479187011719e+00
2.438214123249053955e-01
1.377210468053817749e-01
1.301271438598632812e+00
6.777769327163696289e-02
1.097859025001525879e+00
1.037124022841453552e-01
3.636586368083953857e-01
3.543816506862640381e-01
1.068398579955101013e-01
9.468017220497131348e-01
4.505078196525573730e-01
1.097861900925636292e-01
5.843866467475891113e-01
5.419449806213378906e-01
2.733933687210083008e+00
7.828029990196228027e-01
7.266805171966552734e-01
1.451565384864807129e+00
8.841013312339782715e-01
3.925060853362083435e-03
3.686919212341308594e-01
8.681226968765258789e-01
9.423409104347229004e-01
1.895252466201782227e+00
6.784125566482543945e-01
5.210646986961364746e-01
2.752991020679473877e-01
6.766189634799957275e-02
7.194118201732635498e-02
1.499160677194595337e-01
8.800096511840820312e-01
8.481649160385131836e-01
5.069592595100402832e-02
1.822696924209594727e+00
5.994794424623250961e-03
4.822257906198501587e-03
2.379618883132934570e-01
8.354648947715759277e-01
0.000000000000000000e+00
3.518598079681396484e-01
2.766864001750946045e-01
7.097477912902832031e-01
5.140474438667297363e-01
1.418546915054321289e+00
5.863340944051742554e-02
9.302567243576049805e-01
1.869552731513977051e-01
2.422180414199829102e+00
1.388772964477539062e+00
7.984481006860733032e-02
2.578437328338623047e-01
1.410842090845108032e-01
2.479208707809448242e-01
1.144864439964294434e+00
2.161776065826416016e+00
1.696058064699172974e-01
0.000000000000000000e+00
1.892812363803386688e-02
1.008512973785400391e+00
3.221094608306884766e-01
1.368967771530151367e+00
3.284042179584503174e-01
2.269458770751953125e-01
4.445117339491844177e-02
1.518036961555480957e+00
8.372356742620468140e-02
8.493764400482177734e-01
1.353993296623229980e+00
5.560364127159118652e-01
5.063406825065612793e-01
9.677596092224121094e-01
1.676661849021911621e+00
0.000000000000000000e+00
3.489579558372497559e-01
1.153965294361114502e-01
3.001391887664794922e-01
3.861952126026153564e-01
5.548162460327148438e-01
5.182833075523376465e-01
3.526076078414916992e-01
1.549612730741500854e-01
2.514304518699645996e-01
1.935412734746932983e-01
7.194033265113830566e-01
5.266617611050605774e-02
6.047185510396957397e-02
9.519386887550354004e-01
4.019672274589538574e-01
5.868277549743652344e-01
5.559058785438537598e-01
1.666956990957260132e-01
8.160232752561569214e-02
5.599674955010414124e-02
6.431251168251037598e-01
0.000000000000000000e+00
4.870917201042175293e-01
3.746312260627746582e-01
5.625442862510681152e-01
2.764094471931457520e-01
6.690194010734558105e-01
6.240406632423400879e-01
1.372635960578918457e-01
7.627357840538024902e-01
4.933404922485351562e-02
0.000000000000000000e+00
5.166238546371459961e-01
1.538829088211059570e+00
5.798004865646362305e-01
2.040385156869888306e-01
5.295748710632324219e-01
6.385405063629150391e-01
1.394195705652236938e-01
2.454466521739959717e-01
7.723217606544494629e-01
5.774652957916259766e-01
1.470191478729248047e-01
2.063182368874549866e-02
2.830378115177154541e-01
5.291408896446228027e-01
2.287294715642929077e-02
6.197892427444458008e-01
4.302448630332946777e-01
1.927311122417449951e-01
1.213681101799011230e+00
7.762837409973144531e-01
2.453343868255615234e+00
0.000000000000000000e+00
6.900148391723632812e-01
6.147319674491882324e-01
4.717374965548515320e-02
1.143375277519226074e+00
2.502275109291076660e-01
2.079285383224487305e+00
8.534435629844665527e-01
1.992437392473220825e-01
4.862266182899475098e-01
1.561183214187622070e+00
4.599106311798095703e-01
4.120726585388183594e-01
1.009741611778736115e-02
7.117567956447601318e-02
3.408789634704589844e-02
1.459933280944824219e+00
3.475955724716186523e-01
9.384651780128479004e-01
1.700740307569503784e-01
2.711071729660034180e+00
0.000000000000000000e+00
1.180480480194091797e+00
1.145054399967193604e-01
1.985233873128890991e-01
1.408848166465759277e+00
1.113293528556823730e+00
1.024242758750915527e+00
4.796453937888145447e-02
2.229645252227783203e-01
7.545240521430969238e-01
3.107599318027496338e-01
5.754212141036987305e-01
4.858057945966720581e-02
1.501656413078308105e+00
8.578389883041381836e-01
5.391935110092163086e-01
3.372525274753570557e-01
1.596656292676925659e-01
5.918643474578857422e-01
9.064449667930603027e-01
5.249090120196342468e-02
5.463932454586029053e-02
1.471308469772338867e+00
3.429499566555023193e-01
1.033160448074340820e+00
1.179802194237709045e-01
1.545757502317428589e-01
1.788672447204589844e+00
6.096472740173339844e-01
2.728851735591888428e-01
7.892665266990661621e-02
0.000000000000000000e+00
1.818105131387710571e-01
2.325330674648284912e-01
8.519973158836364746e-01
4.089525938034057617e-01
6.931003928184509277e-02
2.515639066696166992e-01
1.055460944771766663e-01
8.552075028419494629e-01
1.175508499145507812e+00
1.370365917682647705e-02
4.926675558090209961e-01
8.732442855834960938e-01
3.018946647644042969e-01
2.064945101737976074e-01
9.648320674896240234e-01
1.656916975975036621e+00
1.874879598617553711e-01
9.287878870964050293e-02
2.604600787162780762e-01
1.747045367956161499e-01
4.339603334665298462e-02
8.775708824396133423e-02
1.385910630226135254e+00
1.261442247778177261e-02
3.038486652076244354e-02
5.784521698951721191e-01
3.565766513347625732e-01
1.032341122627258301e-01
6.998098492622375488e-01
5.195835828781127930e-01
5.476459264755249023e-01
5.456433296203613281e-01
2.317022383213043213e-01
1.026803907006978989e-02
3.938186466693878174e-01
7.700093090534210205e-02
1.246365427970886230e+00
9.011242985725402832e-01
2.337469011545181274e-01
1.199462294578552246e+00
4.700807929039001465e-01
5.911397933959960938e-01
3.358116865158081055e+00
0.000000000000000000e+00
5.427550673484802246e-01
1.164268516004085541e-02
2.776019871234893799e-01
1.529209733009338379e+00
1.739682108163833618e-01
7.376006841659545898e-01
2.899248600006103516e+00
2.888365089893341064e-01
2.003193646669387817e-01
2.234645038843154907e-01
2.487582415342330933e-01
5.873144268989562988e-01
1.538438081741333008e+00
2.314254522323608398e+00
8.307777643203735352e-01
3.388848602771759033e-01
1.195661798119544983e-01
3.698635399341583252e-01
6.882480531930923462e-02
3.817946016788482666e-01
4.397872984409332275e-01
6.888239383697509766e-01
2.018491744995117188e+00
1.975214481353759766e-01
1.160346388816833496e+00
1.336727570742368698e-02
1.850613057613372803e-01
1.570991992950439453e+00
5.609398484230041504e-01
1.869653016328811646e-01
7.969328761100769043e-02
5.353735294193029404e-03
1.542260408401489258e+00
1.964155286550521851e-01
1.830031126737594604e-01
4.849431514739990234e-01
9.773474186658859253e-02
1.657494455575942993e-01
1.623446822166442871e+00
7.183719426393508911e-02
4.080074727535247803e-01
0.000000000000000000e+00
4.386074542999267578e+00
6.997142434120178223e-01
4.680617153644561768e-01
1.335491538047790527e-01
5.523096323013305664e-01
5.323013663291931152e-01
5.726153850555419922e-01
1.301631480455398560e-01
1.720275998115539551e+00
2.450300693511962891e+00
9.476495981216430664e-01
2.584549665451049805e+00
2.647865563631057739e-02
7.962231524288654327e-03
0.000000000000000000e+00
2.458497285842895508e+00
0.000000000000000000e+00
2.874252498149871826e-01
5.416404455900192261e-02
5.855821967124938965e-01
1.118155568838119507e-01
3.751150667667388916e-01
2.610341310501098633e-01
9.360082447528839111e-03
2.424516230821609497e-01
1.356221884489059448e-01
1.707118190824985504e-02
1.802746392786502838e-02
9.672982741903979331e-06
3.673079013824462891e-01
2.362247467041015625e+00
2.380110789090394974e-03
8.979191780090332031e-01
6.986063718795776367e-02
3.334385752677917480e-01
2.616930603981018066e-01
5.318343043327331543e-01
6.536384224891662598e-01
3.864314407110214233e-02
5.297604203224182129e-02
6.264426559209823608e-02
7.088971734046936035e-01
1.405860483646392822e-01
6.279079616069793701e-02
6.427704542875289917e-02
0.000000000000000000e+00
1.678129732608795166e-01
1.066137552261352539e+00
9.601333141326904297e-01
8.572149276733398438e-01
1.101501703262329102e+00
4.930647909641265869e-01
3.266645073890686035e-01
3.652367889881134033e-01
0.000000000000000000e+00
2.800744175910949707e-01
1.068512082099914551e+00
2.024747431278228760e-01
3.707128167152404785e-01
3.240109384059906006e-01
2.110206782817840576e-01
4.373791813850402832e-01
6.168016195297241211e-01
4.685559868812561035e-01
1.999955177307128906e+00
2.171282917261123657e-01
2.610261440277099609e-01
4.919134676456451416e-01
5.479536652565002441e-01
1.844471812248229980e+00
2.994335591793060303e-01
2.080992795526981354e-02
1.992210447788238525e-01
0.000000000000000000e+00
1.791525632143020630e-01
7.908015698194503784e-02
3.940080478787422180e-02
2.462417185306549072e-01
6.512274742126464844e-01
3.246248140931129456e-02
1.867083162069320679e-01
1.135726332664489746e+00
8.039311319589614868e-02
5.990129709243774414e-01
3.780173957347869873e-01
1.092454269528388977e-01
7.288832664489746094e-01
1.176259160041809082e+00
0.000000000000000000e+00
8.251535892486572266e-02
1.510967493057250977e+00
2.370684295892715454e-01
2.299212962388992310e-01
0.000000000000000000e+00
1.990020275115966797e-01
2.430793523788452148e+00
4.214743673801422119e-01
7.447632551193237305e-01
4.617787301540374756e-01
7.899932861328125000e-01
3.650375366210937500e+00
4.139011502265930176e-01
2.107234112918376923e-02
2.031565308570861816e-01
6.058225631713867188e-01
1.834482103586196899e-01
1.142859458923339844e+00
4.100604951381683350e-01
3.365860283374786377e-01
1.204196095466613770e+00
2.605768386274576187e-03
1.182290464639663696e-01
5.887773633003234863e-02
8.995196223258972168e-02
7.339851856231689453e-01
3.976371288299560547e-01
2.614481747150421143e-02
2.290278226137161255e-01
5.910902023315429688e-01
6.416224956512451172e+00
3.312511742115020752e-01
1.690523624420166016e+00
1.471784949302673340e+00
5.504175275564193726e-02
8.857698440551757812e-01
3.183785378932952881e-01
7.503802776336669922e-01
3.148154914379119873e-01
1.260308265686035156e+00
5.831034183502197266e-01
4.756788015365600586e-01
1.250562906265258789e+00
5.925693735480308533e-02
0.000000000000000000e+00
3.102612495422363281e-01
2.016898870468139648e+00
1.526889085769653320e+00
1.513926386833190918e-01
1.126137971878051758e+00
7.348759472370147705e-02
4.613813161849975586e-01
9.656623937189579010e-03
6.318514049053192139e-02
5.974828600883483887e-01
2.134604603052139282e-01
5.295091867446899414e-01
3.034667074680328369e-01
7.181244343519210815e-02
2.182154208421707153e-01
6.720368266105651855e-01
5.880641341209411621e-01
1.217983663082122803e-01
1.062730312347412109e+00
9.381126165390014648e-01
1.334937214851379395e-01
2.419107854366302490e-01
2.468108683824539185e-01
2.144340611994266510e-02
7.387484312057495117e-01
2.067329585552215576e-01
0.000000000000000000e+00
8.281813859939575195e-01
5.085622146725654602e-02
6.714017987251281738e-01
1.391855031251907349e-01
1.963740736246109009e-01
1.613813489675521851e-01
1.150586232542991638e-01
2.394864082336425781e+00
2.006804347038269043e-01
1.040509104728698730e+00
1.465107798576354980e+00
6.173953413963317871e-01
1.832869797945022583e-01
7.980147600173950195e-01
2.622335031628608704e-02
1.710494458675384521e-01
2.621265053749084473e-01
4.542539119720458984e-01
4.246899485588073730e-01
2.885971367359161377e-01
2.238300740718841553e-01
1.836220622062683105e-01
1.394376456737518311e-01
7.378441095352172852e-02
1.905310153961181641e-01
1.845474839210510254e-01
2.359349429607391357e-01
6.327508483082056046e-03
2.957805991172790527e-01
5.651568770408630371e-01
6.659863591194152832e-01
2.711131811141967773e+00
1.367052048444747925e-01
7.760841250419616699e-01
2.465978711843490601e-01
5.527152419090270996e-01
1.111089825630187988e+00
1.403703242540359497e-01
2.749862372875213623e-01
1.527414321899414062e+00
4.701261818408966064e-01
0.000000000000000000e+00
5.531842112541198730e-01
1.508899927139282227e+00
1.550608724355697632e-01
2.577275931835174561e-01
1.453283786773681641e+00
4.679860770702362061e-01
0.000000000000000000e+00
1.958364155143499374e-03
3.582330048084259033e-01
2.194288820028305054e-01
7.460128068923950195e-01
3.146925687789916992e+00
1.160603404045104980e+00
7.812333106994628906e-01
1.611481904983520508e-01
1.208493947982788086e+00
2.043080627918243408e-01
3.785893917083740234e-01
3.471779823303222656e-01
2.103646397590637207e-01
2.868470847606658936e-01
8.169071376323699951e-02
1.524456381797790527e+00
1.463591933250427246e+00
2.010189294815063477e-01
2.073100954294204712e-02
2.563192322850227356e-02
7.282943725585937500e-01
7.117685675621032715e-01
6.340066790580749512e-01
0.000000000000000000e+00
7.320320606231689453e-01
2.720938444137573242e+00
3.927110135555267334e-01
1.928561478853225708e-01
1.041981279850006104e-01
4.856331646442413330e-02
1.542022079229354858e-02
3.231209218502044678e-01
5.044197440147399902e-01
9.680493175983428955e-02
2.260310053825378418e-01
2.439934387803077698e-02
2.429595142602920532e-01
1.120089650154113770e+00
1.255640268325805664e+00
4.699487984180450439e-02
6.912045925855636597e-02
1.078343987464904785e+00
6.192549467086791992e-01
3.413177430629730225e-01
2.365303784608840942e-01
7.370226383209228516e-01
1.028112508356571198e-02
3.917402122169733047e-03
3.450877070426940918e-01
2.609537541866302490e-01
8.033108115196228027e-01
1.544720649719238281e+00
5.091244578361511230e-01
4.750628471374511719e-01
3.196970373392105103e-02
1.628964953124523163e-02
1.790800541639328003e-01
3.506128787994384766e-01
4.350463673472404480e-02
4.347035884857177734e-01
1.119934022426605225e-02
1.360659241676330566e+00
1.593264490365982056e-01
1.509941071271896362e-01
3.092124164104461670e-01
0.000000000000000000e+00
3.453332185745239258e-01
1.442756175994873047e+00
8.625945448875427246e-01
1.471995711326599121e+00
6.004547476768493652e-01
3.063113093376159668e-01
1.857225418090820312e+00
2.125298023223876953e+00
7.557676434516906738e-01
1.016998514533042908e-01
5.260465741157531738e-01
9.067413397133350372e-03
3.940793037414550781e+00
6.509726643562316895e-01
8.801365494728088379e-01
4.229266941547393799e-01
0.000000000000000000e+00
3.981460928916931152e-01
2.047201246023178101e-01
3.895798623561859131e-01
1.698651611804962158e-01
0.000000000000000000e+00
2.307196259498596191e-01
1.527277752757072449e-03
6.240729689598083496e-01
4.363714456558227539e-01
8.152666687965393066e-01
1.780754566192626953e+00
3.808297216892242432e-01
1.000018417835235596e-01
7.718589901924133301e-01
6.946349889039993286e-02
2.202272415161132812e+00
3.101791143417358398e-01
8.765317499637603760e-03
2.363095581531524658e-01
9.438763260841369629e-01
2.346307784318923950e-01
7.282882332801818848e-01
1.701628416776657104e-02
3.396625220775604248e-01
1.556902527809143066e+00
5.609021782875061035e-01
1.078007102012634277e+00
3.592637181282043457e-01
6.580269336700439453e-01
6.035356223583221436e-02
3.479808866977691650e-01
2.517591118812561035e-01
3.950113058090209961e-01
4.678718447685241699e-01
2.961294651031494141e-01
1.508899331092834473e+00
3.177990913391113281e-01
2.061964035034179688e+00
5.783481597900390625e-01
6.809715181589126587e-02
1.856428146362304688e+00
5.654523894190788269e-02
9.602072648704051971e-03
9.419650435447692871e-01
2.684110999107360840e-01
3.472341299057006836e-01
4.256157279014587402e-01
1.014978066086769104e-01
1.628858566284179688e+00
1.267041414976119995e-01
1.602779626846313477e+00
1.506403565406799316e+00
1.010831356048583984e+00
1.368925869464874268e-01
4.638239145278930664e-01
1.823269426822662354e-01
1.035996824502944946e-01
1.312379986047744751e-01
8.809017539024353027e-01
2.100033015012741089e-01
5.215393900871276855e-01
2.677448391914367676e-01
3.348161280155181885e-01
1.304051637649536133e+00
8.776865005493164062e-01
7.677171826362609863e-01
1.495173014700412750e-02
4.781439900398254395e-01
0.000000000000000000e+00
5.348129272460937500e-01
5.878303647041320801e-01
4.710736498236656189e-02
0.000000000000000000e+00
6.711579114198684692e-02
2.161467075347900391e-02
1.016499847173690796e-01
1.014199256896972656e+00
4.470771849155426025e-01
7.626298069953918457e-02
0.000000000000000000e+00
9.244762361049652100e-02
4.120562374591827393e-01
2.690626715775579214e-04
3.692771494388580322e-01
6.460154801607131958e-02
9.653021097183227539e-01
4.267490804195404053e-01
3.020176291465759277e-01
2.688040018081665039e+00
1.330709457397460938e+00
3.788283467292785645e-01
3.040666319429874420e-02
1.537826418876647949e+00
1.824852824211120605e-01
1.499797582626342773e+00
2.260323286056518555e+00
2.026768177747726440e-01
8.051969408988952637e-01
5.752674341201782227e-01
6.183004975318908691e-01
1.664178609848022461e+00
3.062413930892944336e-01
0.000000000000000000e+00
2.587775588035583496e-01
6.125999689102172852e-01
1.103314042091369629e+00
0.000000000000000000e+00
3.686145842075347900e-01
6.931820884346961975e-03
7.859849184751510620e-02
1.541454076766967773e+00
6.882680058479309082e-01
2.535899281501770020e-01
2.345978021621704102e+00
9.113273024559020996e-02
6.565761566162109375e-02
3.076343834400177002e-01
1.423077940940856934e+00
1.742749512195587158e-01
3.120310008525848389e-01
9.653912186622619629e-01
5.514959096908569336e-01
2.008090466260910034e-01
3.883846849203109741e-02
7.960419058799743652e-01
2.111308835446834564e-02
6.429611444473266602e-01
4.823734238743782043e-02
0.000000000000000000e+00
1.194250136613845825e-01
2.004878222942352295e-02
1.720758378505706787e-01
1.437618732452392578e-01
3.847515955567359924e-02
4.593718349933624268e-01
9.567347764968872070e-01
4.865916967391967773e-01
2.551975250244140625e-01
3.746197223663330078e+00
1.554419636726379395e+00
3.118837065994739532e-02
2.974112629890441895e-01
3.392954468727111816e-01
4.442521035671234131e-01
2.405639439821243286e-01
4.851204156875610352e-01
7.803917676210403442e-02
4.888921976089477539e-02
1.084750294685363770e+00
1.095764517784118652e+00
5.615875720977783203e-01
1.406036019325256348e+00
8.191764950752258301e-01
1.984527587890625000e+00
5.325333476066589355e-01
4.132924079895019531e-01
8.843167424201965332e-01
5.512105226516723633e-01
1.480144143104553223e+00
8.322075754404067993e-02
6.412724256515502930e-01
9.507459402084350586e-01
0.000000000000000000e+00
2.249336242675781250e-01
5.881894379854202271e-02
1.447589248418807983e-01
2.146262861788272858e-02
5.066356062889099121e-01
3.684214353561401367e-01
3.099739253520965576e-01
0.000000000000000000e+00
7.612228393554687500e-01
9.517897665500640869e-02
8.448796868324279785e-01
1.142567694187164307e-01
4.174748435616493225e-03
2.923097610473632812e+00
3.055996656417846680e+00
2.976475358009338379e-01
8.496761918067932129e-01
0.000000000000000000e+00
1.900707744061946869e-02
1.782213330268859863e+00
1.017341494560241699e+00
2.155170887708663940e-01
8.334963768720626831e-02
1.743188798427581787e-01
8.784275650978088379e-01
9.866902232170104980e-01
8.378977775573730469e-01
7.706099748611450195e-01
1.374269723892211914e-01
9.293993711471557617e-01
5.035889148712158203e-01
4.050212800502777100e-01
3.984889984130859375e-01
6.929681897163391113e-01
8.958663344383239746e-01
3.314723968505859375e-01
3.826740384101867676e-02
7.772040367126464844e-01
1.901303291320800781e+00
2.460760772228240967e-01
2.133071422576904297e-02
2.129345387220382690e-01
6.369659304618835449e-01
6.785025596618652344e-01
3.181379735469818115e-01
1.092513680458068848e+00
1.637396588921546936e-02
7.106443047523498535e-01
4.746606647968292236e-01
1.052909016609191895e+00
4.765421152114868164e-02
4.566631615161895752e-01
4.386003594845533371e-03
7.868924736976623535e-01
9.407457709312438965e-02
1.182817339897155762e+00
3.089950047433376312e-02
2.400781661272048950e-01
6.433021426200866699e-01
6.406922340393066406e-01
1.793652623891830444e-01
1.229988336563110352e+00
3.628794476389884949e-02
2.419943660497665405e-01
3.020547032356262207e-01
7.664763927459716797e-02
2.419006265699863434e-02
1.022848561406135559e-01
2.766959667205810547e-01
9.990927577018737793e-02
1.595658183097839355e+00
7.672041058540344238e-01
3.999523222446441650e-01
1.034995675086975098e+00
0.000000000000000000e+00
6.202092394232749939e-02
5.875050425529479980e-01
0.000000000000000000e+00
1.892247647047042847e-01
1.182667613029479980e+00
1.147834181785583496e+00
8.911100029945373535e-01
6.606065630912780762e-01
7.262613773345947266e-01
7.385216653347015381e-02
1.112774133682250977e+00
0.000000000000000000e+00
1.258791536092758179e-01
2.694418191909790039e+00
1.394651293754577637e+00
1.069825235754251480e-02
9.741129875183105469e-01
9.987111091613769531e-01
1.638056933879852295e-01
6.973202526569366455e-02
6.043172478675842285e-01
4.128508642315864563e-02
1.251437701284885406e-02
1.416760325431823730e+00
4.122729599475860596e-02
2.381893396377563477e-01
1.434279203414916992e+00
3.641509711742401123e-01
1.049413442611694336e+00
1.081193387508392334e-01
2.105489015579223633e+00
8.710963726043701172e-01
2.152940034866333008e-01
9.184752702713012695e-01
2.246921360492706299e-01
1.805466532707214355e+00
1.934939175844192505e-01
2.886499404907226562e+00
3.542201519012451172e-01
1.277783513069152832e-01
1.063332557678222656e+00
2.614766657352447510e-01
5.708196386694908142e-02
1.028049826622009277e+00
1.833517700433731079e-01
1.756381541490554810e-01
7.456682324409484863e-01
5.702131390571594238e-01
6.878937482833862305e-01
1.120159387588500977e+00
1.358570694923400879e+00
2.480464279651641846e-01
1.033385753631591797e+00
1.859650164842605591e-01
1.060170754790306091e-01
0.000000000000000000e+00
1.489887833595275879e+00
2.783055305480957031e-01
6.312055140733718872e-02
9.476385116577148438e-01
1.142993807792663574e+00
3.040746748447418213e-01
2.019747644662857056e-01
8.690221309661865234e-01
4.382235109806060791e-01
1.542520225048065186e-01
1.759569048881530762e-01
0.000000000000000000e+00
1.499527692794799805e-01
1.015248775482177734e+00
1.385097950696945190e-01
5.949690937995910645e-02
3.670617043972015381e-01
7.900995016098022461e-02
5.343129634857177734e-01
4.778721034526824951e-01
8.372423052787780762e-01
2.476093545556068420e-02
2.180084735155105591e-01
6.047839671373367310e-02
2.336707562208175659e-01
7.014508359134197235e-03
1.883139908313751221e-01
1.318407952785491943e-01
1.574783213436603546e-02
7.710304856300354004e-02
2.423771470785140991e-01
4.069603085517883301e-01
1.931801624596118927e-02
1.166619509458541870e-01
3.288558721542358398e-01
3.888291418552398682e-01
2.515253424644470215e-01
9.894695878028869629e-02
1.182482242584228516e+00
1.647241562604904175e-01
4.742913693189620972e-02
3.535514771938323975e-01
7.893540263175964355e-01
4.529097378253936768e-01
8.000245094299316406e-01
1.706926822662353516e-01
2.037907838821411133e-01
5.926338955760002136e-02
1.351016759872436523e+00
1.461549662053585052e-03
2.413753420114517212e-01
2.730860114097595215e-01
2.222896181046962738e-02
1.050618886947631836e+00
6.215682029724121094e-01
8.508078753948211670e-02
3.223810791969299316e-01
1.019346248358488083e-02
8.059557080268859863e-01
4.404053092002868652e-01
1.353167444467544556e-01
6.286129355430603027e-02
4.473105967044830322e-01
4.135751426219940186e-01
3.286512196063995361e-02
1.609984785318374634e-01
3.186040520668029785e-01
3.129927515983581543e-01
3.864357471466064453e-01
4.813910648226737976e-02
1.702417433261871338e-01
4.229171574115753174e-02
1.391885042190551758e+00
2.028780460357666016e+00
1.777786850929260254e+00
3.687997162342071533e-01
2.634778320789337158e-01
1.676289558410644531e+00
1.905143260955810547e+00
6.553346514701843262e-01
8.637711405754089355e-01
4.454143345355987549e-01
3.703927621245384216e-02
1.398056745529174805e-01
5.840691924095153809e-02
7.458910942077636719e-01
3.145742714405059814e-01
1.000478789210319519e-01
3.773199617862701416e-01
3.987190127372741699e-01
1.233863949775695801e+00
2.590886116027832031e+00
4.371280670166015625e-01
7.538906484842300415e-02
1.722026228904724121e+00
1.857120990753173828e-01
0.000000000000000000e+00
6.026755571365356445e-01
1.468667536973953247e-01
3.748102858662605286e-02
1.252682805061340332e+00
4.870346188545227051e-02
2.767131328582763672e+00
3.855599090456962585e-02
9.735387563705444336e-01
6.729031801223754883e-01
1.844830513000488281e+00
6.936550736427307129e-01
9.948236942291259766e-01
1.423574686050415039e-01
2.008042633533477783e-01
5.861771292984485626e-03
1.212341904640197754e+00
1.336077153682708740e-01
0.000000000000000000e+00
5.677175521850585938e-01
1.735770027153193951e-03
4.411838948726654053e-01
2.186075747013092041e-01
9.323773980140686035e-01
3.563339412212371826e-01
2.121742814779281616e-01
8.349443674087524414e-01
1.011887639760971069e-01
4.101408421993255615e-01
7.820104360580444336e-01
1.700517654418945312e+00
8.918524980545043945e-01
2.812035977840423584e-01
8.775172233581542969e-01
7.896608673036098480e-03
3.442539215087890625e+00
7.231647968292236328e-01
2.149031162261962891e-01
2.122232466936111450e-01
5.043016672134399414e-01
1.523020505905151367e+00
1.102680861949920654e-01
1.320467591285705566e-01
3.688779100775718689e-02
7.032539248466491699e-01
7.915903627872467041e-02
0.000000000000000000e+00
0.000000000000000000e+00
3.567810952663421631e-01
5.278502702713012695e-01
1.576753556728363037e-01
2.682384848594665527e-01
1.091993302106857300e-01
1.518269032239913940e-01
2.698964476585388184e-01
7.841803878545761108e-02
4.136807322502136230e-01
2.392419099807739258e+00
3.506884574890136719e-01
0.000000000000000000e+00
2.832673490047454834e-01
2.580220401287078857e-01
4.126754999160766602e-01
1.669480800628662109e-01
3.767753243446350098e-01
8.789286613464355469e-01
3.835301697254180908e-01
5.360903143882751465e-01
8.207544684410095215e-01
3.457237482070922852e-01
1.335891366004943848e+00
2.635421752929687500e-01
0.000000000000000000e+00
3.915686309337615967e-01
2.724444627761840820e+00
6.526993513107299805e-01
2.508824691176414490e-02
7.767909169197082520e-01
4.108024835586547852e-01
3.806107640266418457e-01
2.005500078201293945e+00
9.276302158832550049e-02
1.265488415956497192e-01
1.273694396018981934e+00
3.028983175754547119e-01
4.598490893840789795e-02
1.118432283401489258e+00
9.429479241371154785e-01
2.799129486083984375e-02
1.137296035885810852e-01
1.041399985551834106e-01
5.388861894607543945e-01
3.524737358093261719e-01
0.000000000000000000e+00
4.425009191036224365e-01
2.013189941644668579e-01
0.000000000000000000e+00
6.826301813125610352e-01
1.436908245086669922e-01
7.016786187887191772e-02
2.606700658798217773e-01
1.462255716323852539e-01
1.531440377235412598e+00
6.413425803184509277e-01
7.255251407623291016e-01
2.387945890426635742e+00
4.202031493186950684e-01
2.190249264240264893e-01
2.123047351837158203e+00
1.348867297172546387e+00
8.330668210983276367e-01
1.067391872406005859e+00
3.638775274157524109e-02
2.048942595720291138e-01
4.821250736713409424e-01
0.000000000000000000e+00
2.829245924949645996e-01
1.178121089935302734e+00
1.906868338584899902e+00
3.922187536954879761e-02
4.971420168876647949e-01
1.755281686782836914e+00
1.985158324241638184e-01
5.864151716232299805e-01
2.703777551651000977e-01
3.496012464165687561e-02
7.428044080734252930e-01
3.305590450763702393e-01
3.908407986164093018e-01
1.138283133506774902e+00
6.214617490768432617e-01
2.051705121994018555e-01
2.340378239750862122e-02
1.610692441463470459e-01
2.137026935815811157e-01
2.300820112228393555e+00
3.119337372481822968e-02
1.559923171997070312e+00
5.418817326426506042e-02
6.628872752189636230e-01
2.842268049716949463e-01
4.285504519939422607e-01
4.482483267784118652e-01
8.950341492891311646e-02
1.522037088871002197e-01
0.000000000000000000e+00
8.241917490959167480e-01
5.432193279266357422e-01
4.223903715610504150e-01
1.407133460044860840e+00
3.017317652702331543e-01
2.563765048980712891e-01
1.245782747864723206e-01
2.317612916231155396e-01
9.200954437255859375e-02
2.905104756355285645e-01
1.761800944805145264e-01
7.681215554475784302e-02
7.478624582290649414e-02
3.115031123161315918e-01
1.249038100242614746e+00
2.942440509796142578e-01
1.057746529579162598e+00
9.221296757459640503e-02
4.979683831334114075e-02
5.571545287966728210e-02
1.991401612758636475e-01
6.685822010040283203e-01
1.590023875236511230e+00
7.189856469631195068e-02
1.655045002698898315e-01
3.473634421825408936e-01
9.237413108348846436e-02
1.365368664264678955e-01
2.022005021572113037e-01
8.679244518280029297e-01
3.989287316799163818e-01
1.846361309289932251e-01
1.143944978713989258e+00
3.146819174289703369e-01
1.018487930297851562e+00
5.903362035751342773e-01
3.369478881359100342e-01
4.428274929523468018e-01
4.515585601329803467e-01
3.997114598751068115e-01
4.778000116348266602e-01
1.446805477142333984e+00
4.506401419639587402e-01
1.180802360177040100e-01
6.056045889854431152e-01
4.644891023635864258e-01
2.087818980216979980e-01
1.804448850452899933e-02
9.700135886669158936e-02
5.428569316864013672e-01
3.804350793361663818e-01
3.770160973072052002e-01
4.620400369167327881e-01
4.148580133914947510e-02
6.464647501707077026e-02
0.000000000000000000e+00
9.036178886890411377e-02
3.740892112255096436e-01
2.435312986373901367e+00
