5.219600796699523926e-01
1.145516753196716309e+00
4.642952919006347656e+00
0.000000000000000000e+00
1.341520994901657104e-01
0.000000000000000000e+00
3.814106062054634094e-02
3.267245367169380188e-02
2.272400110960006714e-01
7.328565418720245361e-02
1.051362276077270508e+00
3.962588310241699219e-01
4.695698618888854980e-01
1.777188628911972046e-01
0.000000000000000000e+00
1.155660152435302734e+00
3.616157919168472290e-03
4.449928551912307739e-02
0.000000000000000000e+00
0.000000000000000000e+00
2.491865873336791992e+00
9.006161093711853027e-01
3.354984521865844727e-01
6.703440546989440918e-01
1.115144729614257812e+00
9.061769843101501465e-01
4.348722934722900391e+00
3.868012875318527222e-02
0.000000000000000000e+00
1.193644478917121887e-01
1.261957883834838867e+00
2.425651252269744873e-02
3.489464819431304932e-01
2.929793894290924072e-01
1.073065474629402161e-01
5.906342342495918274e-02
2.456684708595275879e-01
9.396759867668151855e-01
8.026707172393798828e-01
2.054581791162490845e-02
2.415745407342910767e-01
0.000000000000000000e+00
2.614479780197143555e+00
0.000000000000000000e+00
6.792241930961608887e-01
1.547656416893005371e+00
2.179580032825469971e-01
7.606185972690582275e-02
4.443678855895996094e-01
0.000000000000000000e+00
3.537561893463134766e-01
1.451313495635986328e-01
2.103340327739715576e-01
9.154409170150756836e-01
1.149957299232482910e+00
8.801918625831604004e-01
4.555301368236541748e-01
5.857081338763237000e-02
0.000000000000000000e+00
1.680039525032043457e+00
2.757712304592132568e-01
8.707560598850250244e-02
0.000000000000000000e+00
1.360326766967773438e+00
3.307527899742126465e-01
3.341510593891143799e-01
1.244959533214569092e-01
1.682245284318923950e-01
5.330932140350341797e-01
8.755872398614883423e-02
1.309480071067810059e-01
3.409324958920478821e-02
1.822312474250793457e+00
1.001200601458549500e-01
4.765221595764160156e+00
2.659606374800205231e-02
1.005272753536701202e-02
1.426874101161956787e-01
6.169487237930297852e-01
2.119477272033691406e+00
0.000000000000000000e+00
4.226041138172149658e-01
9.785973429679870605e-01
0.000000000000000000e+00
3.208777308464050293e-02
0.000000000000000000e+00
2.444581508636474609e+00
2.738210260868072510e-01
2.406117618083953857e-01
5.927703976631164551e-01
3.580365180969238281e-01
3.722238302230834961e+00
3.013406414538621902e-03
1.209470510482788086e+00
8.439282327890396118e-02
0.000000000000000000e+00
4.940223395824432373e-01
9.566102921962738037e-02
1.189501285552978516e+00
2.117411792278289795e-01
1.820821166038513184e+00
7.870925068855285645e-01
8.431059122085571289e-02
1.010446429252624512e+00
1.466459333896636963e-01
0.000000000000000000e+00
2.157001197338104248e-02
3.997178316116333008e+00
3.476826846599578857e-02
7.353914529085159302e-02
7.653090953826904297e-01
8.874092996120452881e-02
2.851564623415470123e-02
3.100263327360153198e-02
6.713083386421203613e-01
5.069602727890014648e-01
4.644382596015930176e-01
4.300482273101806641e-01
1.268969178199768066e+00
1.254883259534835815e-01
2.576612867414951324e-02
0.000000000000000000e+00
2.133567929267883301e-01
2.435517787933349609e+00
5.974859714508056641e+00
0.000000000000000000e+00
0.000000000000000000e+00
2.504579126834869385e-01
7.604357600212097168e-01
2.829120866954326630e-02
2.929522991180419922e+00
2.140835285186767578e+00
3.075712919235229492e-01
5.147461779415607452e-03
1.764945872128009796e-02
5.763279438018798828e+00
6.937165260314941406e-01
1.670813679695129395e+00
5.252883434295654297e-01
8.227784186601638794e-03
9.201353192329406738e-01
2.033132761716842651e-01
6.419844031333923340e-01
2.313973754644393921e-02
6.168787926435470581e-02
3.153662383556365967e-01
2.308527529239654541e-01
5.218819379806518555e-01
1.377015560865402222e-01
5.443875193595886230e-01
1.143980264663696289e+00
6.340854763984680176e-01
2.687526345252990723e-01
1.685390114784240723e+00
0.000000000000000000e+00
3.539235889911651611e-02
5.840058252215385437e-02
0.000000000000000000e+00
2.351895123720169067e-01
6.228567361831665039e-01
0.000000000000000000e+00
5.177382379770278931e-02
1.058620121330022812e-02
7.493466138839721680e-02
3.927517831325531006e-01
4.942804574966430664e-01
1.020955562591552734e+00
1.913879215717315674e-01
2.478061942383646965e-03
0.000000000000000000e+00
2.701179981231689453e-01
9.608124494552612305e-01
6.403083354234695435e-02
1.133889798074960709e-02
1.102704644203186035e+00
0.000000000000000000e+00
5.830155014991760254e-01
3.375750184059143066e-01
3.433595895767211914e-01
1.793280616402626038e-02
1.954383105039596558e-01
3.626261651515960693e-01
6.059695407748222351e-02
4.798432812094688416e-02
1.643836200237274170e-01
1.434553146362304688e+00
7.098277211189270020e-01
0.000000000000000000e+00
0.000000000000000000e+00
1.949021033942699432e-02
4.449088573455810547e-01
3.141383826732635498e-01
5.500739440321922302e-02
0.000000000000000000e+00
0.000000000000000000e+00
3.913867771625518799e-01
2.924997918307781219e-02
5.434583425521850586e-01
5.182114243507385254e-02
3.621010780334472656e-01
1.322113275527954102e-01
1.148123502731323242e+00
1.157097741961479187e-01
2.812261283397674561e-01
0.000000000000000000e+00
0.000000000000000000e+00
1.754086911678314209e-01
1.867285847663879395e+00
0.000000000000000000e+00
2.430183172225952148e+00
0.000000000000000000e+00
9.836377948522567749e-02
9.686006903648376465e-01
1.617020070552825928e-01
0.000000000000000000e+00
8.712564706802368164e-01
2.919670045375823975e-01
8.327395468950271606e-02
4.216046929359436035e-01
0.000000000000000000e+00
5.066621899604797363e-01
2.805766165256500244e-01
0.000000000000000000e+00
5.179554224014282227e-01
4.027594566345214844e+00
1.894722227007150650e-03
3.097929954528808594e-01
1.656973920762538910e-02
2.209641188383102417e-01
2.546327710151672363e-01
1.402899861335754395e+00
2.009653091430664062e+00
0.000000000000000000e+00
8.839609622955322266e-01
6.488298773765563965e-01
9.157606400549411774e-03
1.383481770753860474e-01
1.180627942085266113e-01
3.723906576633453369e-01
3.129348754882812500e+00
2.696789205074310303e-01
2.507809735834598541e-02
2.960793906822800636e-03
1.248245477676391602e+00
0.000000000000000000e+00
1.355543285608291626e-01
2.599297789856791496e-03
3.885338008403778076e-01
8.596999645233154297e-01
3.491302251815795898e+00
1.931942343711853027e+00
1.031863570213317871e+00
2.596022933721542358e-02
1.101379003375768661e-02
4.328074157238006592e-01
8.034439682960510254e-01
4.303524270653724670e-02
7.693345844745635986e-02
8.972041308879852295e-03
1.734528392553329468e-01
3.261821344494819641e-02
3.763958811759948730e-01
1.521986424922943115e-01
2.144408971071243286e-01
3.320598974823951721e-02
2.392494678497314453e-02
3.016528785228729248e-01
0.000000000000000000e+00
2.829483449459075928e-01
0.000000000000000000e+00
2.721355855464935303e-01
0.000000000000000000e+00
1.128624007105827332e-01
2.046645879745483398e-01
2.703622579574584961e-01
1.238039135932922363e-01
5.666990205645561218e-02
3.133525848388671875e+00
3.557748496532440186e-01
0.000000000000000000e+00
4.894849658012390137e-02
9.610868692398071289e-01
9.770541638135910034e-02
5.489138960838317871e-01
9.074989706277847290e-03
5.934676155447959900e-04
7.377594709396362305e-01
8.101408928632736206e-02
1.870740354061126709e-01
0.000000000000000000e+00
0.000000000000000000e+00
1.912647783756256104e-01
8.972401618957519531e-01
5.379978567361831665e-03
5.432171821594238281e+00
2.693449258804321289e-01
3.720452263951301575e-02
3.932142863050103188e-04
5.836459994316101074e-01
1.276735663414001465e-01
9.181199073791503906e-01
0.000000000000000000e+00
5.592093467712402344e-01
1.082317113876342773e+00
9.272304177284240723e-01
1.812166273593902588e-01
0.000000000000000000e+00
1.124499887228012085e-01
0.000000000000000000e+00
5.714036524295806885e-02
1.433831930160522461e+00
1.122802495956420898e+00
3.497812747955322266e-01
3.902028501033782959e-02
2.848717570304870605e-01
3.757487833499908447e-01
2.134084850549697876e-01
5.083111524581909180e-01
2.019336223602294922e-01
6.348449736833572388e-02
5.165438055992126465e-01
3.312557041645050049e-01
0.000000000000000000e+00
2.208093553781509399e-01
0.000000000000000000e+00
6.210958361625671387e-01
5.069715380668640137e-01
1.328805554658174515e-02
2.270167112350463867e+00
1.941393613815307617e-01
7.665342092514038086e-02
4.627159982919692993e-02
7.451356854289770126e-03
3.903101980686187744e-01
0.000000000000000000e+00
7.241432368755340576e-02
1.719695925712585449e-01
1.845257915556430817e-02
1.113633871078491211e+00
2.078024387359619141e+00
0.000000000000000000e+00
1.302353199571371078e-02
2.226038575172424316e-01
1.555533334612846375e-02
1.266890913248062134e-01
5.675644427537918091e-02
2.919426858425140381e-01
0.000000000000000000e+00
1.043046355247497559e+00
7.851974368095397949e-01
7.115961074829101562e+00
6.130993738770484924e-02
2.207968197762966156e-02
0.000000000000000000e+00
1.178278028964996338e-01
2.435647249221801758e-01
7.858652621507644653e-02
2.926836311817169189e-01
3.249561190605163574e-01
1.597367413341999054e-02
3.984892606735229492e+00
5.704802870750427246e-01
1.207924008369445801e+00
1.354815721511840820e+00
1.260884255170822144e-01
6.102128028869628906e-01
1.871597915887832642e-01
2.006799280643463135e-01
7.082493305206298828e-01
5.421661138534545898e-01
4.201252460479736328e-01
1.973303556442260742e-01
6.950205564498901367e-01
2.912793159484863281e-01
1.113747358322143555e-01
0.000000000000000000e+00
3.973358869552612305e+00
0.000000000000000000e+00
0.000000000000000000e+00
6.689030528068542480e-01
1.394255459308624268e-01
4.385499358177185059e-01
3.190080821514129639e-01
2.064870111644268036e-02
4.950788915157318115e-01
0.000000000000000000e+00
3.996211051940917969e+00
8.469880372285842896e-02
8.267629146575927734e-01
5.818384513258934021e-02
1.140063285827636719e+00
4.807688295841217041e-01
1.828384846448898315e-01
1.385266184806823730e-01
8.174497485160827637e-01
4.924761652946472168e-01
4.016760289669036865e-01
5.179516673088073730e-01
1.854924082756042480e+00
0.000000000000000000e+00
1.279934644699096680e-01
1.057672034949064255e-02
1.337450742721557617e-01
6.172462701797485352e-01
1.352678090333938599e-01
9.798256754875183105e-01
5.498170256614685059e-01
0.000000000000000000e+00
5.941048264503479004e-01
2.907012701034545898e+00
1.881221123039722443e-02
0.000000000000000000e+00
9.264265099773183465e-05
3.249041438102722168e-01
4.468806385993957520e-01
4.148098468780517578e+00
1.098129600286483765e-01
2.433679103851318359e-01
0.000000000000000000e+00
0.000000000000000000e+00
5.153989791870117188e-01
0.000000000000000000e+00
3.509199917316436768e-01
3.473026454448699951e-01
1.309773206710815430e+00
0.000000000000000000e+00
2.561216652393341064e-01
3.035863637924194336e-01
1.591793298721313477e-01
1.783084422349929810e-01
1.915592104196548462e-01
1.797532849013805389e-02
0.000000000000000000e+00
9.362248778343200684e-01
7.634289860725402832e-01
3.820756673812866211e+00
7.288253307342529297e-02
1.122863411903381348e+00
0.000000000000000000e+00
5.700520873069763184e-01
3.001359403133392334e-01
0.000000000000000000e+00
4.779163748025894165e-02
9.747085571289062500e-01
1.253940761089324951e-01
2.075194865465164185e-01
1.663324534893035889e-01
4.786688368767499924e-03
3.566262423992156982e-01
1.714812755584716797e+00
4.444292746484279633e-03
0.000000000000000000e+00
2.393707036972045898e-01
8.185360431671142578e-01
3.168444335460662842e-01
4.519529044628143311e-01
8.122325874865055084e-03
1.529777526855468750e+00
4.353032633662223816e-02
3.375653922557830811e-01
1.153203891590237617e-03
8.993615955114364624e-02
2.500900506973266602e+00
2.190801799297332764e-01
2.995566427707672119e-01
2.516618371009826660e-01
4.325072169303894043e-01
2.020227462053298950e-01
1.877843379974365234e+00
2.427962064743041992e+00
2.721486091613769531e-01
2.931651175022125244e-01
3.791392967104911804e-02
1.967200636863708496e-01
0.000000000000000000e+00
0.000000000000000000e+00
0.000000000000000000e+00
3.825036808848381042e-03
4.286538362503051758e-01
0.000000000000000000e+00
1.554710865020751953e-01
5.179113149642944336e-01
1.340831220149993896e-01
1.823525503277778625e-02
7.011112570762634277e-01
1.888761967420578003e-01
1.577908277511596680e+00
0.000000000000000000e+00
1.209609508514404297e+00
8.523843884468078613e-01
3.651787638664245605e-01
6.368050724267959595e-02
5.092444419860839844e-01
1.242627669125795364e-02
2.262062788009643555e+00
3.725171685218811035e-01
3.109614253044128418e-01
2.051061391830444336e-01
8.777434825897216797e-01
8.299484848976135254e-02
3.522925615310668945e+00
0.000000000000000000e+00
2.243581861257553101e-01
5.398358345031738281e+00
1.570424437522888184e+00
3.210277482867240906e-02
6.301172077655792236e-03
1.654378473758697510e-01
9.295669943094253540e-02
3.513787686824798584e-01
4.370511472225189209e-01
3.517200350761413574e-01
9.348916262388229370e-02
1.072728484869003296e-01
1.304125338792800903e-01
1.187591433525085449e+00
9.824556112289428711e-02
1.254816167056560516e-02
2.179494872689247131e-02
1.317541599273681641e-01
5.289327502250671387e-01
5.641422271728515625e+00
5.350722670555114746e-01
6.421307101845741272e-03
7.939898967742919922e-01
9.873762726783752441e-02
1.887164078652858734e-02
0.000000000000000000e+00
6.370242238044738770e-01
2.344268560409545898e-01
2.010422386229038239e-02
4.227000847458839417e-02
6.018010899424552917e-02
6.148195266723632812e+00
3.725220561027526855e-01
1.371433436870574951e-01
6.127922981977462769e-02
5.322389677166938782e-02
1.618597656488418579e-02
0.000000000000000000e+00
5.674231052398681641e+00
3.679094091057777405e-02
3.684026896953582764e-01
6.409044861793518066e-01
6.138214468955993652e-01
1.838343404233455658e-02
0.000000000000000000e+00
1.912464387714862823e-02
3.575926065444946289e+00
4.077224731445312500e-01
6.874982118606567383e-01
1.774131059646606445e-01
2.373167276382446289e-01
2.241993546485900879e-01
0.000000000000000000e+00
1.760035276412963867e+00
2.866185605525970459e-01
1.019408345222473145e+00
3.011078834533691406e-01
1.316877603530883789e-01
4.211259260773658752e-02
4.441332072019577026e-03
3.861650228500366211e-01
7.339354753494262695e-01
0.000000000000000000e+00
7.105504870414733887e-01
7.595486640930175781e-01
1.058364987373352051e+00
8.131655454635620117e-01
8.354664593935012817e-02
2.997352182865142822e-02
2.257379293441772461e-01
9.262920022010803223e-01
5.106965824961662292e-02
1.681779175996780396e-01
2.228154540061950684e-01
3.086331188678741455e-01
5.693507790565490723e-01
2.129004299640655518e-01
3.062882423400878906e-01
1.992468535900115967e-01
0.000000000000000000e+00
3.395792007446289062e+00
5.900980234146118164e-01
3.558167517185211182e-01
2.072382718324661255e-01
2.998091876506805420e-01
2.643103897571563721e-02
1.478889286518096924e-01
9.478466212749481201e-02
4.136994779109954834e-01
8.052228093147277832e-01
9.636694192886352539e-02
7.395118474960327148e-01
3.183750212192535400e-01
1.848622202873229980e+00
3.036994338035583496e-01
2.694273367524147034e-03
4.460301399230957031e-01
3.929280936717987061e-01
6.640779972076416016e-01
0.000000000000000000e+00
2.080636739730834961e+00
2.781537771224975586e-01
1.533897034823894501e-02
9.275368601083755493e-02
6.542223040014505386e-03
0.000000000000000000e+00
2.456349581480026245e-01
4.259593486785888672e-01
5.207387730479240417e-02
2.671807408332824707e-01
2.710250616073608398e-01
2.650083780288696289e+00
1.771390438079833984e-01
0.000000000000000000e+00
1.439885050058364868e-01
7.403622567653656006e-02
5.366624519228935242e-02
3.057213500142097473e-02
4.009079933166503906e-01
3.989902734756469727e-01
8.449269533157348633e-01
1.522190570831298828e-01
3.118962608277797699e-02
1.606327652931213379e+00
1.064908951520919800e-01
1.145376241765916348e-03
6.696121692657470703e-01
7.452391982078552246e-01
1.905419230461120605e+00
5.773113965988159180e-01
1.894657611846923828e-01
3.573838174343109131e-01
6.827820539474487305e-01
2.085660398006439209e-01
1.020056158304214478e-01
1.264394540339708328e-02
4.228060841560363770e-01
0.000000000000000000e+00
1.026291370391845703e+00
1.444499939680099487e-01
1.079943418502807617e+00
1.599479913711547852e-01
9.195118211209774017e-03
2.021691054105758667e-01
3.907665014266967773e-01
5.169914569705724716e-03
5.109777674078941345e-02
2.088982164859771729e-01
1.543690085411071777e+00
1.449754685163497925e-01
0.000000000000000000e+00
6.304735690355300903e-02
9.154107421636581421e-02
9.665701538324356079e-02
1.481796056032180786e-01
1.289057582616806030e-01
1.611611247062683105e-01
5.695328861474990845e-02
2.782834321260452271e-02
4.304465353488922119e-01
1.642943471670150757e-01
0.000000000000000000e+00
0.000000000000000000e+00
2.450403273105621338e-01
0.000000000000000000e+00
7.464858889579772949e-01
3.345715999603271484e-01
1.519869804382324219e+00
5.050760507583618164e-02
0.000000000000000000e+00
1.849252283573150635e-01
6.079401355236768723e-03
2.587022304534912109e+00
1.568735809996724129e-03
6.401787400245666504e-01
1.434595435857772827e-01
6.201981380581855774e-02
2.801145892590284348e-03
3.313782215118408203e-01
9.785659313201904297e-01
1.827375441789627075e-01
9.976559281349182129e-01
2.042797327041625977e+00
5.404986858367919922e+00
7.027158141136169434e-02
5.025551319122314453e-01
0.000000000000000000e+00
1.359026432037353516e-01
0.000000000000000000e+00
1.270230174064636230e+00
1.959923952817916870e-01
1.194783113896846771e-02
2.783961772918701172e+00
4.694997891783714294e-02
0.000000000000000000e+00
4.300059750676155090e-02
9.707828052341938019e-03
3.499481081962585449e-01
1.795239806175231934e+00
1.080256849527359009e-01
3.429502248764038086e+00
2.487469911575317383e-01
6.885098218917846680e-01
6.100007891654968262e-01
1.942685008049011230e+00
1.783231139183044434e+00
3.558332622051239014e-01
4.011171683669090271e-02
3.695951998233795166e-01
3.322581574320793152e-02
0.000000000000000000e+00
0.000000000000000000e+00
0.000000000000000000e+00
2.837183475494384766e+00
5.880168080329895020e-01
2.305412292480468750e-01
1.898300051689147949e-01
0.000000000000000000e+00
8.189090341329574585e-02
1.416428565979003906e+00
2.941161096096038818e-01
2.411880493164062500e-01
6.265391111373901367e-01
1.301123619079589844e+00
2.038573265075683594e+00
1.345395445823669434e+00
1.030493259429931641e+00
1.353103995323181152e+00
8.905258774757385254e-02
3.791279792785644531e-01
0.000000000000000000e+00
1.944288960658013821e-03
7.327741384506225586e-02
8.877499960362911224e-03
1.516210317611694336e+00
2.202539518475532532e-02
6.232220679521560669e-03
6.642939448356628418e-01
5.368924736976623535e-01
2.229890376329421997e-01
7.826107740402221680e-01
2.734493613243103027e-01
0.000000000000000000e+00
3.459549665451049805e+00
3.015098348259925842e-02
9.803954511880874634e-03
1.645580306649208069e-02
3.862237632274627686e-01
8.216735124588012695e-01
1.476595997810363770e-01
1.619175821542739868e-02
5.188037753105163574e-01
3.825934648513793945e+00
1.120465323328971863e-01
2.117081403732299805e+00
5.508126020431518555e-01
0.000000000000000000e+00
2.169536799192428589e-01
2.033147960901260376e-01
0.000000000000000000e+00
3.758929371833801270e-01
1.462785840034484863e+00
1.051111817359924316e-01
1.051277760416269302e-02
2.110499516129493713e-02
0.000000000000000000e+00
3.140422329306602478e-02
1.532195448875427246e+00
4.296130686998367310e-02
2.918158173561096191e-01
1.733400374650955200e-01
2.293460816144943237e-01
0.000000000000000000e+00
4.103752225637435913e-02
9.812891483306884766e-01
2.929554283618927002e-01
1.471369564533233643e-01
8.471121545881032944e-04
1.076273560523986816e+00
3.579791188240051270e-01
1.807201504707336426e-01
1.026753634214401245e-01
2.495932877063751221e-01
6.279163062572479248e-02
2.156272679567337036e-01
8.280102610588073730e-01
2.944865524768829346e-01
1.296176463365554810e-01
1.802857220172882080e-01
1.313556432723999023e+00
5.333743616938591003e-02
4.203788340091705322e-01
3.952455148100852966e-02
4.771976172924041748e-01
1.082334145903587341e-01
2.755013704299926758e-01
0.000000000000000000e+00
1.815492985770106316e-03
6.298948079347610474e-03
4.888013362884521484e+00
9.494102001190185547e-02
3.294027969241142273e-02
3.429035246372222900e-01
5.539779365062713623e-02
6.760390996932983398e-01
1.823594093322753906e+00
7.190605998039245605e-01
7.483130693435668945e-01
6.327502429485321045e-02
6.307410001754760742e-01
4.396428585052490234e+00
1.527503039687871933e-02
3.483327627182006836e-01
3.439085781574249268e-01
5.787956714630126953e-01
2.664160430431365967e-01
1.370107531547546387e-01
3.646703809499740601e-02
0.000000000000000000e+00
0.000000000000000000e+00
3.479173779487609863e-02
3.802200257778167725e-01
0.000000000000000000e+00
6.586544513702392578e+00
3.479285836219787598e-01
5.031364411115646362e-02
4.720713496208190918e-01
4.897969663143157959e-01
1.322755098342895508e+00
1.814712584018707275e-01
4.272362709045410156e+00
7.150935530662536621e-01
6.562939286231994629e-02
1.810885034501552582e-02
7.991943359375000000e-01
9.750391542911529541e-02
0.000000000000000000e+00
1.237373426556587219e-02
2.256971895694732666e-01
1.365327369421720505e-02
2.572174787521362305e+00
3.866152286529541016e+00
3.872716128826141357e-01
3.877519845962524414e+00
2.074256986379623413e-01
1.072156429290771484e+00
6.821967959403991699e-01
1.550567056983709335e-02
7.966548204421997070e-01
6.669608950614929199e-01
1.065688133239746094e-01
8.165038377046585083e-02
1.814540922641754150e-01
4.817706942558288574e-01
1.748019456863403320e-01
6.031998991966247559e-01
8.979445695877075195e-02
1.034222356975078583e-02
5.536425709724426270e-01
3.496141135692596436e-01
1.703717708587646484e-01
4.994851350784301758e-01
6.893195956945419312e-02
7.995167970657348633e-01
0.000000000000000000e+00
6.897692568600177765e-03
2.351245403289794922e+00
1.020537853240966797e+00
5.043712258338928223e-01
8.517747372388839722e-02
0.000000000000000000e+00
4.399193078279495239e-02
1.848081499338150024e-01
2.299078553915023804e-02
8.061439394950866699e-01
1.496140062808990479e-01
1.220734477043151855e+00
2.476206779479980469e+00
8.785687685012817383e-01
7.774495482444763184e-01
2.384858764708042145e-02
7.375193834304809570e-01
8.642781525850296021e-02
0.000000000000000000e+00
1.213955953717231750e-01
5.206870436668395996e-01
0.000000000000000000e+00
3.390899598598480225e-01
3.316071927547454834e-01
2.101724147796630859e+00
1.216964721679687500e-01
1.969673670828342438e-02
0.000000000000000000e+00
2.151208817958831787e-01
3.606136888265609741e-02
1.078382432460784912e-01
1.107780709862709045e-01
1.769677758216857910e+00
0.000000000000000000e+00
2.702311277389526367e+00
9.104906916618347168e-01
1.730377823114395142e-01
1.513726830482482910e+00
5.504018440842628479e-02
4.790498316287994385e-01
3.965992927551269531e-01
1.024538874626159668e+00
0.000000000000000000e+00
5.937734246253967285e-01
2.597168684005737305e-01
1.029257774353027344e+00
5.195978283882141113e-01
0.000000000000000000e+00
1.179218173027038574e+00
3.135824501514434814e-01
1.405496299266815186e-01
2.877969443798065186e-01
1.492541074752807617e+00
2.122591948136687279e-03
1.029547452926635742e-01
2.543179035186767578e+00
0.000000000000000000e+00
3.405704498291015625e-01
0.000000000000000000e+00
3.114362657070159912e-01
6.548162698745727539e-01
2.963088035583496094e+00
2.749453186988830566e-01
2.454295456409454346e-01
0.000000000000000000e+00
6.008605659008026123e-02
7.833291888236999512e-01
0.000000000000000000e+00
2.662363350391387939e-01
4.111367836594581604e-02
9.058049321174621582e-01
8.703842014074325562e-02
5.596979856491088867e-01
0.000000000000000000e+00
1.566376328468322754e+00
5.879963040351867676e-01
1.687080971896648407e-02
2.536809258162975311e-02
1.434914469718933105e+00
2.174953520298004150e-01
1.932117342948913574e-01
6.486712954938411713e-04
9.802749007940292358e-02
7.027474045753479004e-02
9.379644393920898438e-01
5.677719593048095703e+00
5.611612927168607712e-03
1.498202443122863770e+00
1.585651040077209473e+00
3.624786064028739929e-02
1.202838301658630371e+00
1.453618049621582031e+00
8.511810004711151123e-02
4.815845191478729248e-01
1.651849597692489624e-02
1.583820879459381104e-01
9.413427114486694336e-02
7.624788284301757812e-01
1.928281933069229126e-01
2.583306431770324707e-01
8.298277109861373901e-02
2.585395984351634979e-02
4.654022306203842163e-02
1.340593589702621102e-04
5.156121253967285156e-01
0.000000000000000000e+00
6.616675853729248047e-02
6.082967668771743774e-02
2.086019754409790039e+00
6.504514068365097046e-02
2.148469910025596619e-02
5.484459176659584045e-02
1.302109956741333008e-01
2.337423801422119141e+00
6.938245892524719238e-01
0.000000000000000000e+00
0.000000000000000000e+00
2.404907196760177612e-01
4.336020350456237793e-01
7.608438730239868164e-01
2.950742542743682861e-01
6.021577715873718262e-01
2.096217632293701172e+00
1.646329835057258606e-02
0.000000000000000000e+00
4.005440711975097656e+00
0.000000000000000000e+00
0.000000000000000000e+00
2.822671890258789062e+00
1.072222471237182617e+00
3.517923653125762939e-01
2.267422825098037720e-01
2.490645088255405426e-02
1.599247217178344727e+00
4.691955074667930603e-02
0.000000000000000000e+00
2.142287641763687134e-01
8.045856952667236328e-01
2.792764641344547272e-02
2.621635496616363525e-01
1.019258275628089905e-01
7.822601795196533203e-01
0.000000000000000000e+00
5.332514643669128418e-01
6.571387648582458496e-01
6.533279418945312500e-01
2.264374017715454102e+00
2.840623818337917328e-02
2.158379793167114258e+00
1.060999482870101929e-01
0.000000000000000000e+00
3.673949837684631348e-02
0.000000000000000000e+00
1.597350120544433594e+00
1.928711980581283569e-01
2.762450464069843292e-02
1.498512476682662964e-01
0.000000000000000000e+00
0.000000000000000000e+00
0.000000000000000000e+00
2.342192456126213074e-03
1.293203085660934448e-01
1.383801221847534180e+00
0.000000000000000000e+00
1.670319400727748871e-02
1.535313427448272705e-01
8.377467282116413116e-03
2.653662264347076416e-01
0.000000000000000000e+00
1.972400248050689697e-01
2.178713306784629822e-02
1.668816059827804565e-01
0.000000000000000000e+00
0.000000000000000000e+00
9.166500568389892578e-01
2.296808719635009766e+00
0.000000000000000000e+00
1.433466076850891113e-01
7.800624370574951172e-01
0.000000000000000000e+00
4.345800578594207764e-01
1.524266004562377930e-01
1.553834527730941772e-01
8.834856748580932617e-02
0.000000000000000000e+00
1.093631386756896973e+00
2.955980002880096436e-01
5.720255970954895020e-01
1.123958945274353027e+00
3.426871076226234436e-02
1.353205919265747070e+00
3.998561762273311615e-03
1.431906074285507202e-01
4.122081398963928223e-01
7.162860780954360962e-02
1.463494539260864258e+00
8.323839306831359863e-01
1.186543032526969910e-01
6.375053524971008301e-01
1.764122582972049713e-02
0.000000000000000000e+00
2.389221042394638062e-01
6.248670816421508789e-01
1.189303472638130188e-01
3.630411624908447266e-01
1.098127737641334534e-01
1.605404734611511230e+00
1.874482333660125732e-01
0.000000000000000000e+00
3.018785454332828522e-02
8.776403032243251801e-03
6.638321280479431152e-02
0.000000000000000000e+00
3.086096286773681641e+00
4.112694784998893738e-02
8.962054736912250519e-03
2.330880641937255859e+00
1.538355827331542969e+00
7.968605495989322662e-04
2.535986304283142090e-01
4.424978256225585938e+00
0.000000000000000000e+00
3.563388884067535400e-01
6.856911182403564453e-01
0.000000000000000000e+00
2.207743935286998749e-03
4.107987284660339355e-01
0.000000000000000000e+00
1.748484969139099121e-01
2.127764523029327393e-01
4.644066095352172852e-02
0.000000000000000000e+00
0.000000000000000000e+00
2.132243476808071136e-02
5.119006633758544922e-01
2.149053514003753662e-01
1.209163784980773926e+00
5.445063710212707520e-01
4.057040810585021973e-01
2.752626873552799225e-02
2.249031513929367065e-01
0.000000000000000000e+00
2.195868790149688721e-01
0.000000000000000000e+00
2.847092747688293457e-01
1.106562688946723938e-01
7.662753760814666748e-02
4.795692265033721924e-01
0.000000000000000000e+00
4.550408720970153809e-01
4.204270243644714355e-02
1.655870229005813599e-01
3.819106519222259521e-02
1.428996026515960693e-02
7.375129461288452148e-01
2.184043169021606445e+00
8.712509274482727051e-01
3.283332586288452148e-01
6.334594637155532837e-02
9.611472487449645996e-01
0.000000000000000000e+00
7.182700932025909424e-02
1.381489038467407227e-01
2.203257977962493896e-01
2.029672622680664062e+00
2.379610901698470116e-03
6.667421817779541016e+00
3.074613511562347412e-01
5.334717631340026855e-01
9.811725467443466187e-02
6.366439163684844971e-02
4.117270559072494507e-02
1.243178453296422958e-02
3.980736136436462402e-01
5.095592699944972992e-03
2.928818464279174805e-01
9.923235327005386353e-02
9.149811416864395142e-02
4.605938792228698730e-01
0.000000000000000000e+00
2.416447177529335022e-02
2.322500199079513550e-01
1.734652370214462280e-01
8.191251009702682495e-02
1.457865629345178604e-02
4.924176931381225586e-01
1.310293674468994141e-01
1.610451936721801758e+00
1.669393032789230347e-01
2.566205263137817383e-01
5.753716230392456055e-01
1.383239388465881348e+00
8.015853762626647949e-01
4.038272053003311157e-02
1.186065912246704102e+00
4.461567103862762451e-01
3.301279852166771889e-03
2.410239577293395996e-01
0.000000000000000000e+00
5.455577746033668518e-02
0.000000000000000000e+00
7.533103227615356445e-02
0.000000000000000000e+00
7.999178022146224976e-02
5.775441974401473999e-02
0.000000000000000000e+00
1.447906941175460815e-01
0.000000000000000000e+00
9.656848013401031494e-02
5.825710892677307129e-01
2.165188547223806381e-03
0.000000000000000000e+00
2.447768449783325195e+00
1.792610883712768555e-01
0.000000000000000000e+00
9.172720909118652344e-01
0.000000000000000000e+00
2.800293862819671631e-01
8.986489474773406982e-02
1.733197122812271118e-01
7.438405156135559082e-01
6.951682567596435547e-01
8.406727761030197144e-02
1.903430372476577759e-02
8.980085253715515137e-01
7.749087214469909668e-01
0.000000000000000000e+00
3.470172584056854248e-01
1.087497949600219727e+00
3.334894895553588867e+00
0.000000000000000000e+00
1.311027109622955322e-01
0.000000000000000000e+00
1.318491697311401367e-01
2.817066013813018799e-01
1.628836840391159058e-01
3.991877436637878418e-01
2.395727932453155518e-01
0.000000000000000000e+00
1.690632551908493042e-01
1.509080678224563599e-01
8.564552664756774902e-01
9.196872264146804810e-02
4.851526115089654922e-03
1.402819752693176270e+00
3.424026966094970703e-01
5.250079184770584106e-02
4.647210985422134399e-02
3.851581811904907227e+00
0.000000000000000000e+00
9.738909006118774414e-01
2.506425678730010986e-01
3.502221703529357910e-01
5.702569708228111267e-02
3.442078530788421631e-01
2.031707018613815308e-01
2.002745680510997772e-02
2.409175410866737366e-02
1.134301066398620605e+00
1.196435928344726562e+00
1.297362446784973145e+00
1.026550307869911194e-01
1.498716354370117188e+00
1.369193196296691895e-01
2.910963296890258789e-01
1.454221736639738083e-02
6.681167125701904297e+00
0.000000000000000000e+00
1.418507218360900879e+00
7.897939682006835938e-01
5.426469445228576660e-01
3.115612864494323730e-01
3.086668252944946289e-01
3.829224109649658203e-01
0.000000000000000000e+00
5.673731118440628052e-02
2.938151918351650238e-02
1.241628646850585938e+00
1.139506772160530090e-01
1.047207862138748169e-01
0.000000000000000000e+00
6.476160138845443726e-02
2.286326885223388672e-02
4.132673516869544983e-02
4.841149747371673584e-01
7.008753418922424316e-01
0.000000000000000000e+00
1.971004009246826172e-01
0.000000000000000000e+00
1.259116649627685547e+00
0.000000000000000000e+00
5.502541661262512207e-01
9.685505628585815430e-01
3.104183971881866455e-01
8.175771683454513550e-03
5.978648662567138672e-01
9.328606724739074707e-02
9.798550009727478027e-01
0.000000000000000000e+00
4.696896672248840332e-02
3.048111200332641602e-01
2.874200642108917236e-01
4.206260681152343750e+00
4.886895179748535156e+00
7.532519698143005371e-01
5.488014221191406250e-01
5.176888108253479004e-01
2.572522759437561035e-01
0.000000000000000000e+00
9.519299492239952087e-03
6.739026904106140137e-01
1.927005201578140259e-01
0.000000000000000000e+00
3.060042299330234528e-02
3.946787863969802856e-02
0.000000000000000000e+00
1.018808335065841675e-01
3.679508268833160400e-01
4.585841000080108643e-01
1.371369324624538422e-02
4.348679631948471069e-02
3.432938456535339355e-01
3.274056673049926758e+00
1.013507600873708725e-03
5.058668926358222961e-02
1.519922167062759399e-01
5.661036074161529541e-02
2.502070665359497070e-01
1.329730898141860962e-01
1.191668152809143066e+00
1.019553422927856445e+00
1.359120607376098633e+00
2.375707263126969337e-03
6.092398986220359802e-02
2.002384364604949951e-01
2.076968193054199219e+00
3.902884423732757568e-01
4.824495792388916016e+00
4.326046407222747803e-01
1.921794861555099487e-01
4.557988941669464111e-01
1.692232370376586914e+00
8.636962175369262695e-01
4.177954420447349548e-02
3.864523470401763916e-01
3.593344688415527344e-01
2.205097675323486328e-01
0.000000000000000000e+00
1.340214729309082031e+00
4.236823618412017822e-01
0.000000000000000000e+00
2.341562358196824789e-04
9.251539409160614014e-02
6.731606125831604004e-01
3.178229928016662598e-02
1.848436146974563599e-01
3.730678856372833252e-01
6.038727611303329468e-02
0.000000000000000000e+00
7.605130076408386230e-01
0.000000000000000000e+00
5.486117601394653320e-01
0.000000000000000000e+00
1.196999475359916687e-01
2.389161109924316406e+00
5.981318652629852295e-03
0.000000000000000000e+00
2.813956141471862793e-01
5.378174409270286560e-02
3.975738286972045898e-01
8.162977546453475952e-02
5.207790732383728027e-01
9.666569232940673828e-01
8.106064796447753906e-02
1.745175272226333618e-01
4.530020058155059814e-03
6.207948923110961914e-02
4.186094552278518677e-02
0.000000000000000000e+00
2.883150577545166016e+00
3.100553154945373535e-01
5.631154775619506836e-01
2.225774526596069336e+00
2.994993627071380615e-01
8.670271933078765869e-02
2.642045263200998306e-03
1.851066052913665771e-01
1.789598107337951660e+00
2.623740211129188538e-02
2.020223140716552734e-01
6.427673250436782837e-02
4.700286388397216797e-01
7.118894457817077637e-01
1.449591964483261108e-01
3.845325410366058350e-01
2.909242808818817139e-01
2.292270898818969727e+00
2.512247301638126373e-02
2.251614816486835480e-02
6.538558006286621094e-01
1.522187516093254089e-02
1.051374077796936035e-01
5.535347461700439453e-01
9.810059517621994019e-02
1.109674096107482910e+00
5.433689802885055542e-02
6.115064024925231934e-02
3.378381729125976562e+00
2.587690651416778564e-01
7.225255481898784637e-03
8.364149928092956543e-02
1.798085570335388184e-01
1.282639622688293457e+00
1.118022203445434570e-01
2.601798772811889648e-01
3.197040259838104248e-01
9.319050610065460205e-02
1.767278760671615601e-01
2.623127102851867676e-01
6.226741708815097809e-03
2.609859108924865723e-01
6.523867137730121613e-03
2.729071537032723427e-03
2.002722501754760742e+00
1.976877152919769287e-01
2.800845801830291748e-01
1.053062438964843750e+00
4.985656589269638062e-02
1.859888315200805664e+00
6.048253774642944336e-01
3.794409334659576416e-02
0.000000000000000000e+00
1.898963809013366699e+00
1.750439256429672241e-01
7.640001773834228516e-01
1.532164335250854492e+00
3.147300481796264648e+00
2.627812027931213379e-01
8.691704273223876953e-02
0.000000000000000000e+00
9.634451866149902344e-01
0.000000000000000000e+00
0.000000000000000000e+00
2.566268146038055420e-01
4.455506205558776855e-01
8.464014530181884766e-01
6.428347527980804443e-02
1.821099817752838135e-01
2.831311941146850586e+00
0.000000000000000000e+00
1.672372102737426758e+00
3.962441980838775635e-01
3.103752374649047852e+00
6.259546279907226562e-01
1.929847002029418945e-01
2.864595055580139160e-01
1.271492004394531250e+00
2.186296701431274414e+00
1.063452363014221191e+00
4.206760823726654053e-01
1.040397360920906067e-01
1.990333795547485352e-01
1.839859127998352051e+00
3.356514871120452881e-01
3.986150026321411133e-02
0.000000000000000000e+00
9.233829914592206478e-04
3.305242359638214111e-01
0.000000000000000000e+00
1.967754215002059937e-01
8.640487492084503174e-02
1.257900893688201904e-01
2.814428210258483887e-01
1.067483186721801758e+00
1.172226294875144958e-01
6.159105300903320312e-01
2.305212020874023438e-01
2.156515046954154968e-02
3.029977381229400635e-01
2.991500869393348694e-02
6.296887993812561035e-02
1.858823001384735107e-01
1.169151719659566879e-02
2.090710029006004333e-02
2.826042771339416504e-01
3.856144845485687256e-01
0.000000000000000000e+00
5.100080370903015137e-01
2.010814696550369263e-01
0.000000000000000000e+00
7.460840977728366852e-03
4.574009776115417480e-01
3.482025116682052612e-02
3.845802247524261475e-01
9.027440100908279419e-03
0.000000000000000000e+00
2.422986477613449097e-01
3.424569368362426758e+00
1.154836826026439667e-02
1.632090806961059570e-01
2.869044430553913116e-02
2.118167430162429810e-01
1.121467471122741699e+00
2.607677280902862549e-01
2.130869403481483459e-02
9.840523600578308105e-01
2.580022513866424561e-01
9.617218375205993652e-01
0.000000000000000000e+00
1.921481341123580933e-01
1.749352097511291504e+00
1.774408340454101562e+00
1.249097466468811035e+00
5.990983843803405762e-01
4.745038747787475586e-01
1.283766478300094604e-01
1.575325131416320801e-01
7.645486593246459961e-01
2.067616581916809082e-01
4.330754280090332031e-01
1.781131327152252197e-02
0.000000000000000000e+00
7.762943744659423828e+00
1.018269777297973633e+00
1.503496617078781128e-01
1.512216776609420776e-01
2.678862959146499634e-02
3.518301725387573242e+00
2.854459583759307861e-01
0.000000000000000000e+00
1.106648087501525879e+00
1.226230189204216003e-01
3.127534091472625732e-01
2.136138826608657837e-01
6.537353247404098511e-02
1.116204142570495605e+00
8.883695006370544434e-01
8.364646434783935547e-01
7.552014589309692383e-01
1.324042439460754395e+00
3.337801992893218994e-01
7.193542718887329102e-01
0.000000000000000000e+00
3.410056233406066895e-01
1.462428450584411621e+00
1.985264182090759277e+00
1.896043121814727783e-01
2.248744666576385498e-02
9.289829060435295105e-03
2.266081571578979492e-01
6.184785962104797363e-01
5.103856697678565979e-02
7.318831682205200195e-01
1.629160344600677490e-01
1.661031693220138550e-01
1.115612387657165527e-01
0.000000000000000000e+00
1.668279804289340973e-02
0.000000000000000000e+00
1.753682084381580353e-02
0.000000000000000000e+00
2.292518019676208496e-01
7.575314491987228394e-02
2.875927984714508057e-01
1.794659614562988281e+00
3.238945081830024719e-02
2.938096784055233002e-02
0.000000000000000000e+00
1.509127855300903320e+00
4.538495242595672607e-01
7.226199377328157425e-04
0.000000000000000000e+00
1.085080672055482864e-02
1.286116838455200195e+00
0.000000000000000000e+00
2.089151144027709961e-01
7.047374248504638672e-01
7.889509201049804688e-03
6.794767919927835464e-03
0.000000000000000000e+00
5.414444208145141602e-01
1.833424419164657593e-01
4.352093115448951721e-02
3.357180627062916756e-03
1.436439514160156250e+00
2.555980980396270752e-01
1.930677890777587891e-01
0.000000000000000000e+00
2.850061357021331787e-01
9.744905680418014526e-02
2.301188558340072632e-01
3.493706881999969482e-02
3.527127802371978760e-01
2.504203021526336670e-01
2.783620916306972504e-02
4.420864582061767578e+00
1.861896395683288574e+00
1.386700123548507690e-01
7.284855842590332031e-01
1.339459866285324097e-01
1.094282716512680054e-01
1.543405532836914062e+00
4.668029025197029114e-02
1.105605721473693848e+00
3.082724474370479584e-02
1.341785639524459839e-01
1.863257028162479401e-02
1.069673657417297363e+00
3.846246749162673950e-02
2.627633810043334961e-01
1.516202092170715332e-01
1.649089694023132324e+00
8.064843714237213135e-03
3.394365608692169189e-01
0.000000000000000000e+00
1.842210054397583008e+00
3.475436866283416748e-01
1.656043231487274170e-01
2.906201481819152832e-01
0.000000000000000000e+00
9.597676992416381836e-01
1.652567684650421143e-01
8.675771951675415039e-02
2.245807088911533356e-02
1.632357597351074219e+00
0.000000000000000000e+00
3.757128957659006119e-03
1.047926321625709534e-01
1.506208181381225586e+00
5.136508345603942871e-01
2.243544161319732666e-01
3.906330347061157227e+00
3.788781911134719849e-02
5.604278668761253357e-02
7.701138257980346680e-01
4.953151345252990723e-01
8.365951776504516602e-01
2.387625277042388916e-01
3.031760454177856445e-01
1.099131032824516296e-01
1.113369613885879517e-01
5.145874023437500000e-01
4.366410374641418457e-01
1.301653981208801270e-01
6.013641953468322754e-01
8.432430773973464966e-02
3.357518464326858521e-02
1.065508276224136353e-01
0.000000000000000000e+00
2.032369077205657959e-01
2.138943970203399658e-01
2.006376683712005615e-01
9.678449481725692749e-02
1.102816909551620483e-01
0.000000000000000000e+00
0.000000000000000000e+00
2.556213550269603729e-02
1.441335398703813553e-02
7.640209674835205078e+00
9.266474246978759766e-01
2.507004261016845703e+00
7.514879107475280762e-01
4.805207625031471252e-02
5.446339026093482971e-02
2.173414677381515503e-01
4.911135882139205933e-03
8.485531806945800781e-01
3.113678395748138428e-01
0.000000000000000000e+00
1.249397844076156616e-01
6.050547957420349121e-02
3.624906390905380249e-02
2.045373916625976562e+00
1.530224084854125977e+00
2.062812745571136475e-01
2.411816596984863281e+00
3.371092723682522774e-03
1.242772340774536133e-01
5.910066962242126465e-01
4.103779792785644531e-02
3.226580619812011719e-01
6.635125875473022461e-01
5.201998949050903320e-01
1.570184230804443359e-01
1.356232166290283203e-02
4.153580188751220703e+00
0.000000000000000000e+00
0.000000000000000000e+00
0.000000000000000000e+00
1.928162127733230591e-01
4.916361272335052490e-01
2.114855051040649414e-01
0.000000000000000000e+00
5.791845321655273438e-01
1.305562555789947510e-01
2.531906962394714355e-01
9.141146540641784668e-01
1.153911352157592773e+00
8.213027715682983398e-01
5.082308650016784668e-01
2.337528020143508911e-01
1.515086174011230469e+00
1.337603628635406494e-01
1.797042727470397949e+00
0.000000000000000000e+00
7.395057380199432373e-02
1.471676468849182129e+00
4.264612495899200439e-02
1.594483375549316406e+00
3.371738642454147339e-02
1.746737718582153320e+00
6.844086050987243652e-01
1.149582624435424805e+00
6.925834715366363525e-02
3.615749254822731018e-02
1.433542277663946152e-02
1.155853196978569031e-01
2.374853938817977905e-02
6.723195314407348633e-02
2.666479110717773438e+00
6.059449911117553711e-01
3.141254782676696777e-01
6.025632098317146301e-02
5.527832508087158203e-01
1.885260194540023804e-01
1.302834749221801758e+00
4.034570232033729553e-02
2.503251284360885620e-02
6.803620606660842896e-02
7.304418087005615234e-01
2.923404872417449951e-01
1.921843551099300385e-02
4.576322063803672791e-02
3.209928274154663086e-01
3.499191999435424805e-02
2.228209078311920166e-01
5.648692250251770020e-01
0.000000000000000000e+00
1.291221261024475098e+00
1.948256373405456543e+00
3.487634062767028809e-01
6.238465383648872375e-02
2.114549726247787476e-01
1.103512167930603027e+00
0.000000000000000000e+00
1.182283520698547363e+00
1.092929095029830933e-01
1.064293757081031799e-01
5.670220404863357544e-02
8.581491559743881226e-02
0.000000000000000000e+00
0.000000000000000000e+00
9.075924754142761230e-02
7.055883407592773438e-01
4.923003143630921841e-04
8.104758709669113159e-02
6.035251021385192871e-01
1.613909453153610229e-01
1.324434429407119751e-01
0.000000000000000000e+00
3.359413519501686096e-02
1.952727794647216797e+00
6.929464340209960938e-01
7.745754718780517578e-02
1.943884491920471191e-01
2.352460145950317383e+00
1.635643094778060913e-01
3.224781274795532227e+00
1.293860316276550293e+00
3.858479484915733337e-02
1.696199059486389160e+00
1.808368861675262451e-01
0.000000000000000000e+00
1.759242892265319824e+00
1.093743890523910522e-01
4.699329435825347900e-01
7.782008051872253418e-01
8.933891355991363525e-02
1.026921048760414124e-01
2.048721075057983398e+00
3.865831792354583740e-01
2.803940698504447937e-02
1.854845583438873291e-01
6.881765089929103851e-03
0.000000000000000000e+00
0.000000000000000000e+00
7.866694778203964233e-02
2.388557672500610352e+00
2.264070272445678711e+00
6.505411583930253983e-03
1.806145071983337402e+00
2.947887638583779335e-03
1.118809804320335388e-01
2.996710315346717834e-02
8.627614974975585938e-01
4.573583230376243591e-02
2.572333514690399170e-01
0.000000000000000000e+00
2.122449427843093872e-01
3.083931803703308105e-01
1.367567420005798340e+00
6.717229485511779785e-01
8.126330375671386719e-01
4.583895802497863770e-01
6.992459893226623535e-01
0.000000000000000000e+00
1.367420792579650879e+00
7.000027298927307129e-01
1.179116368293762207e+00
5.310790240764617920e-02
0.000000000000000000e+00
1.981039386009797454e-04
5.690795779228210449e-01
4.619093239307403564e-02
0.000000000000000000e+00
9.784886986017227173e-02
1.662742793560028076e-01
1.124406337738037109e+00
1.715138554573059082e-02
2.799412906169891357e-01
9.128198623657226562e-01
1.347611904144287109e+00
8.108648061752319336e-01
2.777970433235168457e-01
2.598052740097045898e+00
7.816480472683906555e-03
8.230029046535491943e-02
3.449375033378601074e-01
1.645318269729614258e-01
7.185117602348327637e-01
1.911415576934814453e+00
4.249789286404848099e-03
2.583159320056438446e-02
2.757425606250762939e-01
1.031597614288330078e+00
0.000000000000000000e+00
3.231754601001739502e-01
4.519891262054443359e+00
7.733584046363830566e-01
5.516401529312133789e-01
3.389857336878776550e-02
2.251397669315338135e-01
2.185184955596923828e-01
2.428423613309860229e-01
6.310527324676513672e-01
8.440043330192565918e-01
7.465673685073852539e-01
7.154728472232818604e-02
1.972777247428894043e-01
1.309667348861694336e+00
1.821671962738037109e+00
1.814777135848999023e+00
5.114703774452209473e-01
1.504524797201156616e-01
2.046380043029785156e+00
7.116097211837768555e-01
2.199116498231887817e-01
0.000000000000000000e+00
3.341925442218780518e-01
1.681853085756301880e-01
9.823294728994369507e-02
7.568641901016235352e-01
1.755398511886596680e+00
6.639740895479917526e-03
6.581236124038696289e-01
2.008749961853027344e+00
2.996166646480560303e-01
2.591508068144321442e-02
3.370499908924102783e-01
0.000000000000000000e+00
1.107684135437011719e+00
1.616378664970397949e+00
2.454393543303012848e-02
2.973102033138275146e-02
5.083122104406356812e-02
5.117028206586837769e-02
0.000000000000000000e+00
5.878002196550369263e-02
2.055913358926773071e-01
6.612149882130324841e-04
1.063226938247680664e+00
1.280954003334045410e+00
1.152392029762268066e-01
4.910410568118095398e-02
8.914092928171157837e-02
5.284674838185310364e-02
2.706632614135742188e-01
2.218514919281005859e+00
2.122875690460205078e+00
2.006259679794311523e+00
1.796489953994750977e-01
3.091304302215576172e-01
1.830553114414215088e-01
9.960846900939941406e-01
1.410676002502441406e+00
9.664141535758972168e-01
2.705987170338630676e-02
1.023306101560592651e-01
2.438821047544479370e-01
8.287007212638854980e-01
4.459081649780273438e+00
2.254853546619415283e-01
1.837222695350646973e+00
1.629341207444667816e-02
2.925498485565185547e-01
6.430359482765197754e-01
0.000000000000000000e+00
0.000000000000000000e+00
4.641542136669158936e-01
1.991819776594638824e-02
7.639819383621215820e-02
1.397095173597335815e-01
2.171625792980194092e-01
0.000000000000000000e+00
5.612328052520751953e-01
4.084365367889404297e-01
7.257581353187561035e-01
1.910707503557205200e-01
2.281765043735504150e-01
0.000000000000000000e+00
2.764046490192413330e-01
1.101183369755744934e-01
1.376646906137466431e-01
1.321521103382110596e-01
8.286616206169128418e-02
2.807629108428955078e+00
8.567332029342651367e-01
9.922396540641784668e-01
5.000218749046325684e-01
1.176626794040203094e-02
8.870826363563537598e-01
5.635336637496948242e-01
1.259147286415100098e+00
1.102125421166419983e-01
6.841238141059875488e-01
3.100493550300598145e-01
5.512077212333679199e-01
1.414629101753234863e+00
2.224812749773263931e-03
1.488221585750579834e-01
4.347431287169456482e-02
7.007001638412475586e-01
1.099251024425029755e-02
3.608965277671813965e-01
2.774317264556884766e-01
4.333077371120452881e-01
0.000000000000000000e+00
6.905037164688110352e-01
5.731994509696960449e-01
0.000000000000000000e+00
5.960081219673156738e-01
1.790621876716613770e-01
3.086847305297851562e+00
3.331783413887023926e-01
9.713188409805297852e-01
1.923238039016723633e+00
7.504754513502120972e-02
9.264841675758361816e-02
5.267234444618225098e-01
1.189686730504035950e-01
4.852395355701446533e-01
8.259257674217224121e-02
0.000000000000000000e+00
2.540183067321777344e+00
0.000000000000000000e+00
8.197493106126785278e-02
3.119087696075439453e+00
0.000000000000000000e+00
1.969068050384521484e-01
1.159474030137062073e-01
1.482488065958023071e-01
1.188146233558654785e+00
1.046227477490901947e-02
1.053694114089012146e-01
0.000000000000000000e+00
2.882961630821228027e-01
0.000000000000000000e+00
1.585224121809005737e-01
4.111208617687225342e-01
2.533139884471893311e-01
1.748349189758300781e+00
8.502953499555587769e-02
0.000000000000000000e+00
0.000000000000000000e+00
1.640953123569488525e-02
2.061043262481689453e+00
0.000000000000000000e+00
0.000000000000000000e+00
1.687745377421379089e-02
1.627084612846374512e-01
8.796406909823417664e-03
3.769354820251464844e-01
1.184183657169342041e-01
1.657142162322998047e+00
1.341412901878356934e+00
4.279474169015884399e-02
0.000000000000000000e+00
2.272038906812667847e-01
5.377286076545715332e-01
1.086509823799133301e-01
2.658963501453399658e-01
0.000000000000000000e+00
0.000000000000000000e+00
0.000000000000000000e+00
3.204560041427612305e+00
7.404976338148117065e-02
3.171851858496665955e-02
4.351942539215087891e+00
5.010609701275825500e-02
1.076118126511573792e-01
2.492598146200180054e-01
3.633269667625427246e-02
1.270445734262466431e-01
0.000000000000000000e+00
2.373870313167572021e-01
4.378532757982611656e-04
6.894924640655517578e+00
1.066760301589965820e+00
2.833631932735443115e-01
3.332323431968688965e-01
2.670870348811149597e-02
1.534887999296188354e-01
9.357882291078567505e-02
9.122846275568008423e-02
1.518638610839843750e+00
1.494175493717193604e-01
1.248640660196542740e-02
1.768014073371887207e+00
1.383637916296720505e-02
1.747081875801086426e-01
7.319705486297607422e-01
8.383446335792541504e-01
1.532442122697830200e-01
1.174594042822718620e-03
2.551110684871673584e-01
1.905655674636363983e-02
0.000000000000000000e+00
1.332120746374130249e-01
0.000000000000000000e+00
4.550741985440254211e-02
2.326958067715167999e-02
4.849135130643844604e-02
2.599235057830810547e+00
2.684919536113739014e-02
1.801072716712951660e+00
2.071516821160912514e-03
1.659242659807205200e-01
6.132068037986755371e-01
1.070432886481285095e-01
2.145667560398578644e-03
2.256477624177932739e-02
4.744923591613769531e+00
8.768848776817321777e-01
5.838078856468200684e-01
3.621940910816192627e-01
1.273562192916870117e+00
2.982694864273071289e+00
0.000000000000000000e+00
1.597424298524856567e-01
1.873336732387542725e-02
1.255749464035034180e-01
1.184876561164855957e+00
8.359799981117248535e-01
0.000000000000000000e+00
2.389459013938903809e-01
1.782031171023845673e-02
0.000000000000000000e+00
0.000000000000000000e+00
0.000000000000000000e+00
1.708309352397918701e-01
0.000000000000000000e+00
3.053653836250305176e-01
1.697269320487976074e+00
1.747957617044448853e-02
9.537905454635620117e-02
9.357890486717224121e-01
2.249743416905403137e-02
0.000000000000000000e+00
0.000000000000000000e+00
1.000539422035217285e+00
2.773106694221496582e-01
