5.285143852233886719e-01
3.068422794342041016e+00
2.831242606043815613e-02
9.398605823516845703e-01
9.896352291107177734e-01
1.034016385674476624e-01
0.000000000000000000e+00
1.596180558204650879e+00
1.410632371902465820e+00
0.000000000000000000e+00
7.139282822608947754e-01
2.514919340610504150e-01
8.758412599563598633e-01
5.672788247466087341e-02
5.876442790031433105e-02
3.449745476245880127e-01
3.031803108751773834e-02
5.241689682006835938e-01
3.183399140834808350e-01
5.237317085266113281e-01
4.578442871570587158e-01
9.243439882993698120e-02
7.316195964813232422e-02
1.011638566851615906e-01
7.225206494331359863e-01
2.935902774333953857e-01
1.856777966022491455e-01
1.308332681655883789e+00
2.162996679544448853e-02
1.582346260547637939e-01
4.383133053779602051e-01
0.000000000000000000e+00
3.537113368511199951e-01
6.883990168571472168e-01
1.587107330560684204e-01
1.703672260046005249e-01
0.000000000000000000e+00
1.087969064712524414e+00
4.121018350124359131e-01
1.599595248699188232e-01
4.991660714149475098e-01
3.335241228342056274e-02
3.030325770378112793e-01
4.891270399093627930e-02
2.460968643426895142e-01
1.266559213399887085e-01
6.957336328923702240e-03
7.631620168685913086e-01
8.041971325874328613e-01
1.597275286912918091e-01
8.343451619148254395e-01
7.747805714607238770e-01
1.502470374107360840e+00
8.313134312629699707e-02
3.503174185752868652e-01
0.000000000000000000e+00
5.078420415520668030e-02
6.504467487335205078e+00
8.085036277770996094e-01
2.185269355773925781e+00
5.552115663886070251e-02
1.526126414537429810e-01
1.137899458408355713e-01
5.741499066352844238e-01
2.583785057067871094e-01
0.000000000000000000e+00
3.118282370269298553e-02
7.549936771392822266e-01
0.000000000000000000e+00
5.941891074180603027e-01
5.056056380271911621e-01
9.910200238227844238e-01
5.996904149651527405e-02
2.818023972213268280e-02
0.000000000000000000e+00
1.746303141117095947e-01
3.790948688983917236e-01
2.938418090343475342e-01
9.580286741256713867e-01
1.190113946795463562e-01
5.716047286987304688e-01
2.251785516738891602e+00
5.972561240196228027e-01
1.372015714645385742e+00
5.514585971832275391e-01
1.538738757371902466e-01
4.135283231735229492e-01
2.336908429861068726e-01
1.440847218036651611e-01
2.674960531294345856e-02
4.406907781958580017e-02
3.130971163045614958e-04
1.603374630212783813e-01
2.925567701458930969e-02
2.663997933268547058e-03
2.308537662029266357e-01
1.856517791748046875e-01
3.913449645042419434e-01
8.547732234001159668e-01
9.397217631340026855e-01
3.163173437118530273e+00
1.813436299562454224e-01
4.061334952712059021e-02
5.738733291625976562e+00
1.309671998023986816e+00
3.020613193511962891e-01
1.707434356212615967e-01
5.509897470474243164e-01
4.271555900573730469e+00
7.292763143777847290e-02
4.640182554721832275e-01
2.055904567241668701e-01
2.046608179807662964e-02
4.346832865849137306e-04
1.745675131678581238e-02
4.393807649612426758e-01
2.864303290843963623e-01
0.000000000000000000e+00
6.688860058784484863e-01
1.076167151331901550e-01
0.000000000000000000e+00
1.492135673761367798e-01
1.588113009929656982e-01
4.654811918735504150e-01
7.769533157348632812e+00
8.939855694770812988e-01
5.773372054100036621e-01
1.691399216651916504e+00
8.531397208571434021e-03
1.149238586425781250e+00
8.545418381690979004e-01
1.490041315555572510e-01
1.235413193702697754e+00
1.968027830123901367e+00
1.850729465484619141e+00
6.157659292221069336e-01
1.078866422176361084e-02
2.000999003648757935e-01
7.384317517280578613e-01
4.854431375861167908e-02
4.149367213249206543e-01
3.099718987941741943e-01
8.171567693352699280e-03
1.923709154129028320e+00
2.149481624364852905e-01
1.975813508033752441e-01
2.156830579042434692e-01
1.515500843524932861e-01
1.314124614000320435e-01
2.317337542772293091e-01
4.747937679290771484e+00
9.232272859662771225e-04
0.000000000000000000e+00
8.663770556449890137e-01
0.000000000000000000e+00
1.270320534706115723e+00
3.029276430606842041e-01
2.936667203903198242e-01
1.305287182331085205e-01
2.107803970575332642e-01
1.994614750146865845e-01
2.557703666388988495e-02
2.738950774073600769e-02
2.233740329742431641e+00
1.596931934356689453e+00
1.633191108703613281e+00
3.080468811094760895e-02
8.241829276084899902e-01
1.167947500944137573e-01
8.097343891859054565e-02
7.480037212371826172e-01
5.774146318435668945e-02
0.000000000000000000e+00
1.285685002803802490e-01
2.420538812875747681e-01
3.412901163101196289e-01
5.758992955088615417e-02
4.528781473636627197e-01
2.682489752769470215e-01
1.724004030227661133e+00
1.113303750753402710e-01
9.958150386810302734e-01
0.000000000000000000e+00
2.368858456611633301e-01
2.665850222110748291e-01
0.000000000000000000e+00
4.922515749931335449e-01
2.267961949110031128e-01
3.588696941733360291e-02
1.335529834032058716e-01
4.041195213794708252e-01
4.808675348758697510e-01
3.661302477121353149e-02
1.200014427304267883e-01
0.000000000000000000e+00
0.000000000000000000e+00
2.026985287666320801e-01
1.502331495285034180e-01
2.175597995519638062e-01
6.647312641143798828e-01
3.293436020612716675e-02
2.450760006904602051e-01
1.243270993232727051e+00
6.331535428762435913e-02
2.341139502823352814e-02
0.000000000000000000e+00
5.781408771872520447e-02
1.034230813384056091e-01
4.457473754882812500e-02
2.584903240203857422e+00
8.848345279693603516e-02
7.361657023429870605e-01
1.815608382225036621e+00
1.078418016433715820e+00
4.009189605712890625e-01
9.247750043869018555e-02
4.365341067314147949e-01
4.721800386905670166e-01
8.000668883323669434e-01
4.451338350772857666e-01
7.517915219068527222e-02
1.957934498786926270e+00
1.557103991508483887e-01
1.152322366833686829e-01
1.361066997051239014e-01
7.635040283203125000e-01
7.714102417230606079e-02
1.885081380605697632e-01
2.907390473410487175e-03
1.792746968567371368e-02
9.045985527336597443e-03
0.000000000000000000e+00
1.502927392721176147e-01
4.474617540836334229e-02
3.664978221058845520e-02
8.486806154251098633e-01
1.345611959695816040e-01
8.600228279829025269e-02
0.000000000000000000e+00
2.420280694961547852e+00
2.131726592779159546e-02
8.109944313764572144e-02
4.613973200321197510e-02
0.000000000000000000e+00
0.000000000000000000e+00
4.728194177150726318e-01
1.533259153366088867e-01
0.000000000000000000e+00
9.503046274185180664e-01
4.051911532878875732e-01
2.035990953445434570e-01
2.328761965036392212e-01
8.201497197151184082e-01
0.000000000000000000e+00
2.495632134377956390e-02
8.351497054100036621e-01
9.372062087059020996e-01
1.743523925542831421e-01
1.977260224521160126e-02
9.611793160438537598e-01
1.137055605649948120e-01
0.000000000000000000e+00
3.003084957599639893e-01
6.246209517121315002e-02
1.451586335897445679e-01
7.591962069272994995e-02
7.151882648468017578e-01
7.563170790672302246e-02
1.328902989625930786e-01
2.264604568481445312e-01
2.674065113067626953e+00
2.481100112199783325e-01
3.353057429194450378e-02
3.821247220039367676e-01
0.000000000000000000e+00
6.959158927202224731e-02
3.952124714851379395e-01
0.000000000000000000e+00
4.502470195293426514e-01
4.164974093437194824e-01
1.354809999465942383e-01
8.100388199090957642e-02
0.000000000000000000e+00
5.267078280448913574e-01
1.616902202367782593e-01
1.558175563812255859e+00
4.230402410030364990e-01
5.990194082260131836e-01
8.699955940246582031e-01
4.960589110851287842e-01
2.998347207903862000e-02
1.195674464106559753e-01
2.065804898738861084e-01
1.272269785404205322e-01
6.566958427429199219e-01
5.045107007026672363e-01
8.226463943719863892e-02
7.035367190837860107e-02
4.960491135716438293e-02
5.393552780151367188e-02
4.920762181282043457e-01
0.000000000000000000e+00
0.000000000000000000e+00
1.568352878093719482e-01
6.845029070973396301e-03
1.058572530746459961e+00
8.567225933074951172e-02
6.212503090500831604e-02
4.518792629241943359e-01
9.787215590476989746e-01
2.372148513793945312e+00
8.247534930706024170e-02
1.010592877864837646e-01
9.485973715782165527e-01
9.347574114799499512e-01
2.358592748641967773e-01
0.000000000000000000e+00
1.366404056549072266e+00
6.368526816368103027e-02
6.812646239995956421e-02
1.166568719781935215e-03
2.581596672534942627e-01
0.000000000000000000e+00
2.473403960466384888e-01
1.181482374668121338e-01
5.009335279464721680e-01
0.000000000000000000e+00
5.049243927001953125e+00
4.207530990242958069e-03
5.332317203283309937e-02
0.000000000000000000e+00
1.755930423736572266e+00
7.282012701034545898e-01
6.753123402595520020e-01
0.000000000000000000e+00
8.357646465301513672e-01
3.257148861885070801e-01
1.043879613280296326e-01
7.135571241378784180e-01
6.103002279996871948e-02
5.653400346636772156e-02
8.778212219476699829e-02
5.953780934214591980e-02
1.194898225367069244e-02
5.891196429729461670e-03
1.091091275215148926e+00
1.844581365585327148e-01
1.333607453852891922e-02
4.202051758766174316e-01
2.516758628189563751e-03
8.777344226837158203e-01
2.709530353546142578e+00
1.219269782304763794e-01
5.541461054235696793e-03
4.700792208313941956e-02
2.248916774988174438e-01
5.607722401618957520e-01
2.385438382625579834e-01
1.175275370478630066e-01
1.251751277595758438e-02
1.042098879814147949e+00
7.251943349838256836e-01
4.701260104775428772e-02
9.380515217781066895e-01
1.462895274162292480e+00
1.301449537277221680e-01
5.290207266807556152e-01
1.747502386569976807e-02
5.188879966735839844e-01
9.875788092613220215e-01
2.211219221353530884e-01
0.000000000000000000e+00
8.303611278533935547e-01
2.030373811721801758e+00
0.000000000000000000e+00
1.133797019720077515e-01
2.411236464977264404e-01
6.108766198158264160e-01
0.000000000000000000e+00
1.817986667156219482e-01
0.000000000000000000e+00
2.619463801383972168e-01
2.497624307870864868e-01
3.953160941600799561e-01
1.976024508476257324e-01
7.139947265386581421e-02
1.242711395025253296e-01
3.775302693247795105e-02
2.444668561220169067e-01
1.719307065010070801e+00
7.926827073097229004e-01
1.994214802980422974e-01
8.369002938270568848e-01
3.450219333171844482e-01
3.748921751976013184e-01
2.207204848527908325e-01
2.064221501350402832e-01
1.002828121185302734e+00
3.355193138122558594e-01
1.993927732110023499e-02
0.000000000000000000e+00
6.745433062314987183e-02
1.233764767646789551e+00
0.000000000000000000e+00
2.254848629236221313e-01
1.126747727394104004e-01
7.228790521621704102e-01
2.527954280376434326e-01
5.445841327309608459e-02
2.777885198593139648e-01
2.671455740928649902e-01
1.817377805709838867e-01
3.277516737580299377e-02
3.145465627312660217e-02
2.641768194735050201e-02
4.136059880256652832e-01
4.123026877641677856e-02
9.002308361232280731e-04
1.339304447174072266e-01
3.601259738206863403e-02
8.992564678192138672e-01
2.033252954483032227e+00
2.985936105251312256e-01
6.908134818077087402e-01
4.004618525505065918e-02
2.537052519619464874e-02
3.727756813168525696e-02
2.322644740343093872e-01
1.696969270706176758e-01
0.000000000000000000e+00
1.600760936737060547e+00
0.000000000000000000e+00
7.306825518608093262e-01
2.120967805385589600e-01
3.082581970375031233e-04
1.153280138969421387e+00
3.106016516685485840e-01
5.097923874855041504e-01
1.350946724414825439e-01
6.591809988021850586e-01
0.000000000000000000e+00
1.696032732725143433e-01
6.036449968814849854e-02
1.849393993616104126e-01
0.000000000000000000e+00
1.002834215760231018e-01
3.168076574802398682e-01
3.027216196060180664e-01
2.546029724180698395e-02
0.000000000000000000e+00
1.511930823326110840e+00
8.629402518272399902e-01
1.224750932306051254e-02
0.000000000000000000e+00
1.093595266342163086e+00
4.979938268661499023e-01
1.483591925352811813e-02
1.300677508115768433e-01
8.433373644948005676e-03
8.203151077032089233e-02
2.585696935653686523e+00
1.401627182960510254e+00
2.492444962263107300e-01
1.908019483089447021e-01
3.559176251292228699e-02
6.505590677261352539e-01
3.868709504604339600e-02
0.000000000000000000e+00
4.892795085906982422e-01
1.668341457843780518e-01
4.442865028977394104e-02
7.494473457336425781e-01
4.561507701873779297e-01
1.147202476859092712e-01
5.743011832237243652e-01
3.836677595973014832e-02
2.152831077575683594e+00
4.279396533966064453e-01
8.825679868459701538e-02
5.371890068054199219e-01
1.112463399767875671e-01
1.476711869239807129e+00
1.741495728492736816e-01
1.206154078245162964e-01
2.516071498394012451e-01
2.980327606201171875e-01
4.169234931468963623e-01
4.331472396850585938e+00
5.014020800590515137e-01
2.451663464307785034e-01
1.434656739234924316e+00
5.352370738983154297e+00
5.605461820960044861e-02
1.381231397390365601e-01
5.982854589819908142e-02
6.955957412719726562e-01
0.000000000000000000e+00
2.165647596120834351e-02
1.327998936176300049e-01
4.222271144390106201e-01
0.000000000000000000e+00
3.943675011396408081e-02
3.247295692563056946e-02
1.712211519479751587e-01
3.219797313213348389e-01
0.000000000000000000e+00
5.414935350418090820e-01
1.298018574714660645e+00
1.181060448288917542e-01
8.278351277112960815e-02
1.270617246627807617e-01
2.088905572891235352e+00
1.085563898086547852e+00
2.442142227664589882e-03
3.423769772052764893e-01
8.585725910961627960e-03
9.008318930864334106e-02
7.178555130958557129e-01
0.000000000000000000e+00
0.000000000000000000e+00
4.442025661468505859e+00
4.558607637882232666e-01
5.840294361114501953e-01
9.125731140375137329e-02
1.366580605506896973e+00
1.450327783823013306e-01
7.130309939384460449e-01
1.792376518249511719e+00
1.832872629165649414e+00
8.822206258773803711e-01
2.604669518768787384e-02
9.666010737419128418e-02
7.520110160112380981e-02
2.055318355560302734e-01
1.063578203320503235e-01
5.971018224954605103e-03
5.895437002182006836e-01
8.958711624145507812e-01
2.323308438062667847e-01
1.733122467994689941e-01
1.608791589736938477e+00
7.207934260368347168e-01
2.647051811218261719e+00
2.848404087126255035e-02
1.164838150143623352e-01
1.335832118988037109e+00
3.811719417572021484e-01
2.744780480861663818e-01
1.303152322769165039e+00
1.319484319537878036e-02
3.948747217655181885e-01
4.876334220170974731e-02
1.436133265495300293e+00
2.143028378486633301e-02
4.613521322607994080e-02
2.191599458456039429e-01
3.583746403455734253e-02
8.011303544044494629e-01
2.615570463240146637e-02
0.000000000000000000e+00
0.000000000000000000e+00
4.999834671616554260e-02
2.880599737167358398e+00
3.421369567513465881e-02
1.589231640100479126e-01
1.142233759164810181e-01
1.475212574005126953e-01
2.434051036834716797e-01
2.791660428047180176e-01
4.354741573333740234e-01
6.998153030872344971e-02
8.276962041854858398e-01
2.706618420779705048e-02
3.644639551639556885e-01
3.767112642526626587e-02
2.069900751113891602e+00
2.155276685953140259e-01
3.564812839031219482e-01
1.700506061315536499e-01
4.444073513150215149e-02
2.067865133285522461e+00
2.805686555802822113e-02
2.851539850234985352e-01
3.477068245410919189e-02
4.608728885650634766e-01
5.607731342315673828e-01
2.114327698945999146e-01
2.321734905242919922e+00
1.013819694519042969e+00
6.843999726697802544e-04
0.000000000000000000e+00
0.000000000000000000e+00
2.114480435848236084e-01
2.698970586061477661e-02
3.491871953010559082e-01
1.736496537923812866e-01
5.411171913146972656e-02
2.595850825309753418e-01
6.086855009198188782e-02
2.485441230237483978e-02
3.968106508255004883e-01
1.358299374580383301e+00
3.303198516368865967e-02
2.159999497234821320e-02
2.557319588959217072e-02
2.424772232770919800e-01
1.464135795831680298e-01
1.734922826290130615e-01
2.685719490051269531e+00
0.000000000000000000e+00
1.653403788805007935e-01
1.347352266311645508e-01
0.000000000000000000e+00
5.575436353683471680e-01
2.786799967288970947e-01
1.628050565719604492e+00
2.818432636559009552e-02
5.710734724998474121e-01
7.748448252677917480e-01
2.897602021694183350e-01
3.265823051333427429e-02
9.988003969192504883e-02
1.491080075502395630e-01
3.907072246074676514e-01
3.036168813705444336e-01
7.458926439285278320e-01
3.083790242671966553e-01
2.195063591003417969e+00
2.856526151299476624e-02
3.557757139205932617e-01
6.701533794403076172e-01
0.000000000000000000e+00
3.590787053108215332e-01
3.639664128422737122e-02
0.000000000000000000e+00
1.741016954183578491e-01
4.763405025005340576e-01
4.016369283199310303e-01
2.132642865180969238e-01
0.000000000000000000e+00
1.718095839023590088e-01
6.631413102149963379e-01
9.574913978576660156e-01
3.206418752670288086e+00
5.560412630438804626e-02
8.649553656578063965e-01
5.341186523437500000e-01
2.266666889190673828e-01
8.565307408571243286e-02
2.619225066155195236e-03
4.812009334564208984e-01
1.290680766105651855e+00
7.376239448785781860e-02
1.736595034599304199e-01
4.530128955841064453e+00
1.078091934323310852e-01
1.330206356942653656e-02
3.836065769195556641e+00
3.476662933826446533e-01
2.213031530380249023e+00
4.428008794784545898e-01
1.130840741097927094e-02
6.540521979331970215e-01
1.658590883016586304e-01
6.584161520004272461e-01
1.182930469512939453e+00
1.847924143075942993e-01
3.542750375345349312e-03
1.177783489227294922e+00
0.000000000000000000e+00
5.680272579193115234e-01
8.565266430377960205e-02
8.341030217707157135e-03
7.218208909034729004e-02
5.308355093002319336e-01
1.396538913249969482e-01
2.029590606689453125e+00
3.832641839981079102e+00
6.487121582031250000e-01
4.713402092456817627e-01
2.145055830478668213e-01
1.233252167701721191e+00
0.000000000000000000e+00
1.452115416526794434e+00
0.000000000000000000e+00
3.711161389946937561e-02
4.493922460824251175e-03
8.309661149978637695e-01
1.595417037606239319e-02
2.759993821382522583e-02
1.706119656562805176e+00
9.482371807098388672e-01
0.000000000000000000e+00
3.157157078385353088e-02
1.212903708219528198e-01
2.758906036615371704e-02
2.026490211486816406e+00
4.342197477817535400e-01
1.114184483885765076e-01
5.006752610206604004e-01
1.932151615619659424e-02
1.108178347349166870e-01
8.325710892677307129e-01
3.459918797016143799e-01
9.361801296472549438e-02
1.242774486541748047e+00
4.570398479700088501e-02
5.190754532814025879e-01
2.810180746018886566e-02
4.131905734539031982e-01
5.657203868031501770e-02
3.316920995712280273e-02
1.348177075386047363e+00
1.396975159645080566e+00
9.137477725744247437e-02
7.330040931701660156e-01
2.296288162469863892e-01
2.949642948806285858e-02
0.000000000000000000e+00
5.341100096702575684e-01
1.641570478677749634e-01
2.207517027854919434e-01
9.998492896556854248e-03
1.198939681053161621e+00
4.388677179813385010e-01
1.408694218844175339e-02
5.075192451477050781e-02
1.797633320093154907e-01
8.340796828269958496e-02
3.220846503973007202e-02
2.608028985559940338e-02
6.582111865282058716e-02
7.766494750976562500e-01
4.642587900161743164e-01
1.551727294921875000e+00
4.466584324836730957e-02
4.953640997409820557e-01
2.681878209114074707e-02
4.655292034149169922e-01
8.693523705005645752e-02
4.060440063476562500e-01
2.309496514499187469e-02
0.000000000000000000e+00
1.865932904183864594e-02
1.686471849679946899e-01
1.993551731109619141e+00
6.564584374427795410e-02
2.255835980176925659e-01
5.831784754991531372e-02
8.203569054603576660e-02
1.595727562904357910e+00
1.724913716316223145e+00
2.205859661102294922e+00
1.802943050861358643e-01
1.049044914543628693e-02
5.564669519662857056e-02
1.300264149904251099e-02
2.687996327877044678e-01
1.187779664993286133e+00
2.831048667430877686e-01
3.652974590659141541e-02
7.121591567993164062e-01
2.055691182613372803e-01
1.776293292641639709e-02
6.334707885980606079e-02
1.011399552226066589e-01
0.000000000000000000e+00
1.268576383590698242e+00
2.972943782806396484e-01
1.478563785552978516e+00
4.318134114146232605e-02
1.748128831386566162e-01
0.000000000000000000e+00
9.664679318666458130e-02
0.000000000000000000e+00
5.743541568517684937e-02
1.262885689735412598e+00
6.303982734680175781e-01
4.374455809593200684e-01
1.811933517456054688e-01
9.223968982696533203e-01
3.889701911248266697e-04
6.150447130203247070e-01
4.265012443065643311e-01
1.239651292562484741e-01
0.000000000000000000e+00
4.920738283544778824e-03
3.811230659484863281e-01
4.731412529945373535e-01
3.515868782997131348e-01
0.000000000000000000e+00
1.637457311153411865e-01
5.111274123191833496e-01
1.825118660926818848e+00
1.788277477025985718e-01
2.272330923005938530e-03
0.000000000000000000e+00
9.592755697667598724e-03
1.058551948517560959e-02
3.189199686050415039e+00
2.165710031986236572e-01
4.258244514465332031e+00
8.442861959338188171e-03
1.079670265316963196e-01
1.364584445953369141e+00
6.306829303503036499e-02
3.446167707443237305e-02
1.239328622817993164e+00
1.625254750251770020e-01
4.656433686614036560e-02
1.960727721452713013e-01
2.497715950012207031e+00
4.645205438137054443e-01
5.475953817367553711e-01
1.699645817279815674e-01
4.968085885047912598e-01
1.067363500595092773e+00
7.171183824539184570e-02
2.989030443131923676e-02
2.710153162479400635e-01
3.289317339658737183e-02
8.574628829956054688e-02
5.239585041999816895e-01
8.838224411010742188e-02
2.071199417114257812e+00
1.058108061552047729e-01
1.799055635929107666e-01
9.553416073322296143e-02
4.906345009803771973e-01
5.370910279452800751e-03
2.091934382915496826e-01
0.000000000000000000e+00
1.703240573406219482e-01
3.144453093409538269e-02
1.419477816671133041e-02
4.037146270275115967e-02
8.302331715822219849e-02
2.072203159332275391e-01
2.684809733182191849e-03
0.000000000000000000e+00
7.158442735671997070e-01
1.356700807809829712e-01
5.571228265762329102e-02
9.253925830125808716e-02
6.842091679573059082e-02
4.319554567337036133e-02
0.000000000000000000e+00
6.771197915077209473e-01
9.554605484008789062e-01
2.244230508804321289e-01
2.138003557920455933e-01
7.369292974472045898e-01
3.110403120517730713e-01
9.336221218109130859e-02
9.058265388011932373e-02
6.756522655487060547e-01
2.293923199176788330e-01
8.462471365928649902e-01
3.338913619518280029e-02
0.000000000000000000e+00
1.725753396749496460e-02
0.000000000000000000e+00
5.371239185333251953e-01
8.633358776569366455e-02
1.175739884376525879e+00
1.947483867406845093e-01
6.924771070480346680e-01
1.209434270858764648e-01
2.450988143682479858e-01
2.144752293825149536e-01
1.665785670280456543e+00
1.679096937179565430e+00
5.749541893601417542e-02
8.407620713114738464e-03
1.394200921058654785e-01
6.171699166297912598e-01
2.769796550273895264e-01
6.555359065532684326e-02
5.874235033988952637e-01
5.503198504447937012e-01
4.258772432804107666e-01
5.264431983232498169e-02
3.410008668899536133e+00
7.092745900154113770e-01
1.198523283004760742e+00
5.815762281417846680e-01
8.389904350042343140e-02
0.000000000000000000e+00
9.959533065557479858e-02
1.992316544055938721e-02
5.099964737892150879e-01
7.312096655368804932e-02
4.018293917179107666e-01
9.677428007125854492e-02
3.727092444896697998e-01
5.486595630645751953e-01
4.814065247774124146e-02
6.257452964782714844e-01
2.187521219253540039e+00
3.648266429081559181e-04
6.542290747165679932e-02
1.896534323692321777e+00
7.793596386909484863e-01
0.000000000000000000e+00
4.797150492668151855e-01
5.830057263374328613e-01
3.554579615592956543e-01
4.266873598098754883e-01
0.000000000000000000e+00
1.698867678642272949e-01
4.343504428863525391e+00
1.335664093494415283e-01
1.203128099441528320e+00
6.619832515716552734e-01
3.922576904296875000e-01
2.248819470405578613e-01
1.717802286148071289e-01
1.982828617095947266e+00
2.719442605972290039e+00
3.256821930408477783e-01
1.326300740242004395e+00
1.065263375639915466e-01
4.991874098777770996e-02
1.579376012086868286e-01
6.587248295545578003e-02
0.000000000000000000e+00
4.179161414504051208e-02
3.326048329472541809e-02
1.331578791141510010e-01
0.000000000000000000e+00
9.303451329469680786e-02
1.634032130241394043e-01
3.175200149416923523e-02
1.419951580464839935e-02
1.576474010944366455e-01
2.601048052310943604e-01
1.315561771392822266e+00
2.958166413009166718e-02
2.641684293746948242e+00
7.186739891767501831e-02
8.385485410690307617e-02
3.116449415683746338e-01
2.187670469284057617e-01
1.207386255264282227e-01
0.000000000000000000e+00
1.312995314598083496e+00
2.289586365222930908e-01
8.341485261917114258e-02
3.986284434795379639e-01
9.686726331710815430e-01
8.860073685646057129e-01
2.353819459676742554e-02
8.913341909646987915e-02
4.746502935886383057e-01
1.807781100273132324e+00
1.822599291801452637e+00
1.206802651286125183e-01
1.028565168380737305e-01
2.362411916255950928e-01
1.175163269042968750e+00
5.537186264991760254e-01
6.160895526409149170e-02
2.463453263044357300e-01
1.297676861286163330e-01
2.912074699997901917e-02
1.797830164432525635e-01
9.417656809091567993e-02
3.098189234733581543e-01
0.000000000000000000e+00
4.846925660967826843e-02
2.168908901512622833e-02
2.806407585740089417e-02
2.315013885498046875e+00
9.332430362701416016e-02
5.415096879005432129e-02
1.562860161066055298e-01
5.057507753372192383e-02
1.415115892887115479e-01
1.305287718772888184e+00
0.000000000000000000e+00
8.286826312541961670e-02
6.374590396881103516e-01
0.000000000000000000e+00
5.444944277405738831e-02
0.000000000000000000e+00
1.754069477319717407e-01
8.957847207784652710e-02
4.708342254161834717e-01
1.913406491279602051e+00
9.114010930061340332e-01
1.223599433898925781e+00
9.988594800233840942e-03
3.205807209014892578e-01
5.555132031440734863e-02
5.099219083786010742e-01
4.190317541360855103e-02
8.258044123649597168e-01
7.736376523971557617e-01
2.714567072689533234e-02
1.142423227429389954e-01
1.786271333694458008e+00
2.784473598003387451e-01
0.000000000000000000e+00
1.551640629768371582e-01
4.241569340229034424e-02
2.656068652868270874e-02
4.881049096584320068e-01
6.571551561355590820e-01
2.573987543582916260e-01
1.619717836380004883e+00
4.697465337812900543e-03
2.062363475561141968e-01
3.174934983253479004e-01
1.428877096623182297e-02
1.873390227556228638e-01
9.982433170080184937e-02
4.864120855927467346e-03
1.683858782052993774e-01
5.362087249755859375e+00
3.660607635974884033e-01
1.164423465728759766e+00
1.292214542627334595e-02
9.362882375717163086e-02
9.725448675453662872e-03
3.389364853501319885e-02
1.234719872474670410e+00
8.547925390303134918e-03
4.029693603515625000e-01
2.976765930652618408e-01
1.061415910720825195e+00
3.064932227134704590e-01
7.119063735008239746e-01
4.562347531318664551e-01
9.695572853088378906e-01
0.000000000000000000e+00
2.310210838913917542e-02
2.742077596485614777e-02
1.531008780002593994e-01
6.693374514579772949e-01
5.572949647903442383e-01
1.845543086528778076e-01
2.033673763275146484e+00
0.000000000000000000e+00
4.691004753112792969e-01
0.000000000000000000e+00
2.223111242055892944e-01
1.178795918822288513e-01
1.295333057641983032e-01
8.456612005829811096e-03
1.263089179992675781e-01
2.269684970378875732e-01
3.257241249084472656e-01
1.596603989601135254e-01
2.393425107002258301e-01
3.127400577068328857e-02
5.177348107099533081e-02
2.343197613954544067e-01
1.783594340085983276e-01
5.057585835456848145e-01
4.350687265396118164e-01
1.112178087234497070e+00
1.286754488945007324e+00
4.036640748381614685e-02
1.002760052680969238e+00
1.597055792808532715e-01
1.521124362945556641e+00
0.000000000000000000e+00
7.250086218118667603e-02
2.310132235288619995e-01
2.717673182487487793e-01
0.000000000000000000e+00
0.000000000000000000e+00
9.122209250926971436e-02
4.968343768268823624e-03
2.116890430450439453e+00
1.765868067741394043e-01
2.219779342412948608e-01
4.816431403160095215e-01
3.440256714820861816e-01
3.908234834671020508e-02
3.860979676246643066e-01
4.694452881813049316e-02
4.360803365707397461e-01
0.000000000000000000e+00
0.000000000000000000e+00
4.723732471466064453e-01
4.796337604522705078e+00
9.015355706214904785e-01
4.315559864044189453e+00
2.999355792999267578e+00
2.394062466919422150e-02
4.330581426620483398e-02
1.901117116212844849e-01
0.000000000000000000e+00
9.451764822006225586e-02
7.521511614322662354e-02
1.678772717714309692e-01
0.000000000000000000e+00
6.412030458450317383e-01
3.361150324344635010e-01
7.480693608522415161e-02
0.000000000000000000e+00
2.708527326583862305e+00
1.177375435829162598e+00
9.619560837745666504e-02
6.641867756843566895e-01
0.000000000000000000e+00
3.107743337750434875e-02
5.179666280746459961e-01
1.109207272529602051e-01
1.164188422262668610e-02
3.673629760742187500e-01
3.025321662425994873e-01
2.290117926895618439e-02
6.194128990173339844e-01
4.345320165157318115e-01
2.626596450805664062e+00
2.049219310283660889e-01
6.164418533444404602e-02
3.008921623229980469e+00
6.316173821687698364e-02
9.147949218750000000e-01
5.304380655288696289e-01
5.453390628099441528e-02
4.254207313060760498e-01
1.079287648200988770e+00
6.704785823822021484e-01
1.071069121360778809e+00
5.505413413047790527e-01
2.921366095542907715e-01
1.881298124790191650e-01
8.987260982394218445e-03
4.501429200172424316e-01
1.907914876937866211e-01
0.000000000000000000e+00
5.173746496438980103e-02
1.084665581583976746e-02
2.194392979145050049e-01
4.071625322103500366e-02
1.042988300323486328e+00
1.233546957373619080e-01
7.107931654900312424e-03
3.758765012025833130e-02
2.383932704105973244e-03
1.185374617576599121e+00
1.547246277332305908e-01
1.562348961830139160e+00
3.197475910186767578e+00
5.111050009727478027e-01
1.624767296016216278e-02
6.110026836395263672e-01
2.139653921127319336e+00
8.111687302589416504e-01
1.234234690666198730e+00
5.159332752227783203e-01
0.000000000000000000e+00
6.307819485664367676e-01
2.798477187752723694e-02
6.335470080375671387e-02
1.929433792829513550e-01
6.498927474021911621e-01
2.858086109161376953e+00
1.030200123786926270e+00
2.814406156539916992e-01
7.716203927993774414e-01
1.000674247741699219e+00
4.003840982913970947e-01
4.973782002925872803e-01
1.841551363468170166e-01
1.007070660591125488e+00
0.000000000000000000e+00
8.987048268318176270e-02
3.176496028900146484e-01
4.235359132289886475e-01
5.767934024333953857e-03
7.465401291847229004e-01
3.725506067276000977e-01
1.110313892364501953e+00
0.000000000000000000e+00
1.573909074068069458e-02
2.478450350463390350e-02
4.062216281890869141e-01
1.557934403419494629e+00
0.000000000000000000e+00
2.215625196695327759e-01
2.685177326202392578e-01
6.972839236259460449e-01
5.011032223701477051e-01
2.111427187919616699e-01
4.179500415921211243e-02
2.931422233581542969e+00
2.176473140716552734e+00
5.003789663314819336e-01
3.373873233795166016e-01
4.057094752788543701e-01
1.689604967832565308e-01
1.110033631324768066e+00
5.763547420501708984e-01
4.746541380882263184e-01
3.363599535077810287e-04
2.326283156871795654e-01
2.518654167652130127e-01
3.261707257479429245e-03
6.536875665187835693e-02
4.980617165565490723e-01
2.921930979937314987e-03
0.000000000000000000e+00
1.708231717348098755e-01
4.630403220653533936e-01
9.116090834140777588e-02
2.253755554556846619e-02
3.065219402313232422e+00
1.579208970069885254e+00
1.099961996078491211e-01
6.475687026977539062e-03
1.967485904693603516e+00
0.000000000000000000e+00
1.314897388219833374e-01
4.038584418594837189e-03
3.088134527206420898e-01
4.735809564590454102e-01
3.981162309646606445e+00
4.196986928582191467e-02
1.771935373544692993e-01
1.092306137084960938e+00
8.864736557006835938e-01
6.198755651712417603e-02
2.301193028688430786e-01
4.095146059989929199e-01
7.696322202682495117e-01
0.000000000000000000e+00
4.706455171108245850e-01
2.859263913705945015e-03
2.987920015584677458e-04
1.215579271316528320e+00
3.610252141952514648e-01
1.227473378181457520e+00
7.774038314819335938e-01
2.031245380640029907e-01
2.186368405818939209e-01
5.227223038673400879e-02
1.119650900363922119e-02
1.107643097639083862e-01
3.332021236419677734e-01
1.039524674415588379e+00
0.000000000000000000e+00
4.851347506046295166e-01
4.213995635509490967e-01
0.000000000000000000e+00
0.000000000000000000e+00
5.787106752395629883e-01
5.684616789221763611e-02
1.583173751831054688e+00
6.247947737574577332e-02
1.224227070808410645e+00
1.202929258346557617e+00
6.353576183319091797e-01
1.082939505577087402e+00
1.046602278947830200e-01
9.649170637130737305e-01
1.166236639022827148e+00
0.000000000000000000e+00
7.751922607421875000e-01
4.710680246353149414e-01
2.921760380268096924e-01
1.640132784843444824e+00
1.458339989185333252e-01
1.038074400275945663e-02
1.060819387435913086e+00
6.147841364145278931e-02
3.884367942810058594e-01
7.167079299688339233e-02
1.906755566596984863e-01
2.582486569881439209e-01
2.882534861564636230e-01
2.692386507987976074e-01
3.334759771823883057e-01
1.061669643968343735e-02
3.217890262603759766e-01
9.069973826408386230e-01
8.685786724090576172e-01
6.095003485679626465e-01
7.202792912721633911e-03
3.726086765527725220e-02
4.503345489501953125e-02
0.000000000000000000e+00
1.069237947463989258e+00
7.985589653253555298e-02
2.778701782226562500e-01
1.756787151098251343e-01
1.097544878721237183e-01
2.555045485496520996e-02
0.000000000000000000e+00
1.150870099663734436e-01
4.864773526787757874e-02
7.924078464508056641e+00
7.498450279235839844e-01
4.745719488710165024e-03
2.804581224918365479e-01
2.241679579019546509e-01
4.077872931957244873e-01
0.000000000000000000e+00
4.925282597541809082e-01
4.554747045040130615e-01
1.274909615516662598e+00
0.000000000000000000e+00
2.018285989761352539e+00
1.760047972202301025e-01
3.656267747282981873e-02
4.328408464789390564e-02
6.793397665023803711e-02
1.711699413135647774e-03
2.277121394872665405e-01
1.263687252998352051e+00
3.197631537914276123e-01
8.386947512626647949e-01
3.510666787624359131e-01
9.984354972839355469e-01
9.578153491020202637e-01
1.745560467243194580e-01
1.913913130760192871e+00
6.503126770257949829e-02
5.336729809641838074e-02
1.112010002136230469e+00
1.039962470531463623e-02
1.320117354393005371e+00
0.000000000000000000e+00
2.856582868844270706e-04
2.961484789848327637e-01
8.609236776828765869e-02
1.359872937202453613e+00
1.968817412853240967e-02
5.417129993438720703e-01
8.971913903951644897e-02
0.000000000000000000e+00
6.501920521259307861e-02
1.246976554393768311e-01
3.050820827484130859e-01
1.713144592940807343e-03
6.392883509397506714e-02
3.486998379230499268e-01
4.313275814056396484e-01
3.924695402383804321e-02
5.390431880950927734e-01
2.579920589923858643e-01
8.213813602924346924e-02
7.523376941680908203e-01
0.000000000000000000e+00
2.422449644654989243e-03
8.317619562149047852e-02
5.900107696652412415e-02
5.014840960502624512e-01
1.197043180465698242e+00
7.680971920490264893e-02
2.003804296255111694e-01
7.311891764402389526e-03
3.289924860000610352e-01
4.192382693290710449e-01
2.156718969345092773e+00
3.081243932247161865e-01
3.588426828384399414e+00
3.544089794158935547e-01
4.315813779830932617e-01
6.784622371196746826e-02
3.840785473585128784e-02
5.463396385312080383e-02
5.884892493486404419e-02
8.970277011394500732e-02
1.920106858015060425e-01
1.026461645960807800e-01
3.114109672605991364e-02
6.009852886199951172e-01
1.396750450134277344e+00
3.252618312835693359e+00
9.781967401504516602e-01
1.103780698031187057e-03
4.175861924886703491e-02
0.000000000000000000e+00
1.294838070869445801e+00
5.905701313167810440e-03
5.262074470520019531e-01
6.056513190269470215e-01
1.410819143056869507e-01
9.471709281206130981e-02
1.567367017269134521e-01
5.430389642715454102e-01
3.089671730995178223e-01
4.542530059814453125e+00
1.077351272106170654e-01
6.147931143641471863e-02
0.000000000000000000e+00
3.559706266969442368e-03
1.063203811645507812e-01
0.000000000000000000e+00
3.490636348724365234e-01
1.218301057815551758e-01
8.666960000991821289e-01
4.582529664039611816e-01
3.287165984511375427e-02
1.696116805076599121e+00
2.074879407882690430e-01
0.000000000000000000e+00
1.159109696745872498e-01
5.294639151543378830e-03
4.009411856532096863e-02
4.921371340751647949e-01
2.219934463500976562e-01
8.567166328430175781e-01
1.167464852333068848e+00
2.240004241466522217e-01
0.000000000000000000e+00
2.955538630485534668e-01
2.156683616340160370e-02
9.399596452713012695e-01
3.703854680061340332e-01
1.663378812372684479e-02
6.348611414432525635e-02
3.413294628262519836e-02
3.597094118595123291e-01
8.730587959289550781e-01
9.446967393159866333e-02
0.000000000000000000e+00
4.767433926463127136e-02
2.582094669342041016e-01
1.463064074516296387e+00
4.336880054324865341e-03
3.927852392196655273e+00
2.100645780563354492e+00
1.939515699632465839e-03
8.031479269266128540e-02
3.282901942729949951e-01
1.524046421051025391e+00
2.693365812301635742e-01
2.779114060103893280e-03
1.918395310640335083e-01
6.566935777664184570e-01
9.172269143164157867e-03
3.066380321979522705e-01
2.758265286684036255e-02
3.108601085841655731e-03
2.240796834230422974e-01
3.018258325755596161e-02
3.270612955093383789e+00
1.629568099975585938e+00
1.203962638974189758e-01
7.710505723953247070e-01
2.485634535551071167e-01
1.291966587305068970e-01
2.042705059051513672e+00
9.571228176355361938e-02
1.188881509006023407e-02
1.454505370929837227e-03
1.418571621179580688e-01
1.251633167266845703e-01
4.986312389373779297e-01
3.330852270126342773e+00
1.323139369487762451e-01
5.603975653648376465e-01
3.602229654788970947e-01
0.000000000000000000e+00
1.267739087343215942e-01
5.860703587532043457e-01
2.011625468730926514e-01
2.253276705741882324e-01
2.967249453067779541e-01
1.311136037111282349e-02
0.000000000000000000e+00
7.513552308082580566e-01
9.124401956796646118e-02
2.629462480545043945e+00
1.048321500420570374e-01
2.385706156492233276e-01
1.142021268606185913e-01
3.246736824512481689e-01
6.634452939033508301e-01
1.886159926652908325e-01
1.320945739746093750e+00
8.669581413269042969e-01
1.181545630097389221e-01
8.511153459548950195e-01
1.649700880050659180e+00
1.190922141075134277e+00
2.139588892459869385e-01
2.969101816415786743e-02
0.000000000000000000e+00
0.000000000000000000e+00
1.045609042048454285e-01
9.184269905090332031e-01
2.060314714908599854e-01
3.172836005687713623e-01
5.366142392158508301e-01
2.137702107429504395e-01
9.162660688161849976e-02
3.837610483169555664e-01
4.266889393329620361e-02
5.881963763386011124e-03
2.477056682109832764e-01
2.422205358743667603e-02
4.324249744415283203e+00
5.306251645088195801e-01
3.090333640575408936e-01
1.132060408592224121e+00
1.341727674007415771e-01
8.800967335700988770e-01
1.580674290657043457e+00
7.108055949211120605e-01
7.172498106956481934e-01
1.067578345537185669e-01
2.629337012767791748e-01
0.000000000000000000e+00
1.118886321783065796e-01
2.632008790969848633e+00
4.418117523193359375e+00
3.600368797779083252e-01
0.000000000000000000e+00
2.742920637130737305e+00
1.256318926811218262e+00
6.740965843200683594e-01
9.517969489097595215e-01
7.836712151765823364e-02
1.293323040008544922e-01
0.000000000000000000e+00
3.712033480405807495e-02
1.618145406246185303e-01
2.870590388774871826e-01
9.929529428482055664e-01
1.102415025234222412e-01
3.485879302024841309e-02
6.174635514616966248e-02
2.290065050125122070e+00
1.197136286646127701e-02
2.519228495657444000e-02
1.106466576457023621e-01
3.430511057376861572e-01
6.857071816921234131e-02
6.931842863559722900e-02
6.786796730011701584e-03
1.922925710678100586e-01
3.378142416477203369e-01
2.864970922470092773e+00
6.426270306110382080e-02
1.989561080932617188e+00
2.175469249486923218e-01
1.028834342956542969e+00
8.605935424566268921e-02
1.423576921224594116e-01
9.158220291137695312e-01
7.738585472106933594e-01
4.620017856359481812e-02
7.497569322586059570e-01
7.418586611747741699e-01
5.526825189590454102e-01
7.384811341762542725e-02
6.399741172790527344e-01
0.000000000000000000e+00
1.442028558813035488e-03
8.747676759958267212e-02
6.667482852935791016e-01
1.658807396888732910e+00
3.062736429274082184e-02
1.666190266609191895e+00
6.567812561988830566e-01
0.000000000000000000e+00
1.889437884092330933e-01
1.510913670063018799e-01
8.054171502590179443e-02
1.795476317405700684e+00
7.881314307451248169e-02
0.000000000000000000e+00
1.162305399775505066e-01
4.827734231948852539e-01
4.967356324195861816e-01
2.183187007904052734e-01
6.328823566436767578e-01
1.534259438514709473e+00
5.765267461538314819e-02
1.468035280704498291e-01
1.277191936969757080e-01
5.142806172370910645e-01
1.489842772483825684e+00
2.229961566627025604e-02
5.348314717411994934e-02
1.208921149373054504e-01
1.434411555528640747e-01
1.381291151046752930e-01
1.246431935578584671e-02
1.075972542166709900e-01
7.697991281747817993e-02
3.979373872280120850e-01
3.490697145462036133e-01
1.644950360059738159e-01
1.647749692201614380e-01
5.226527214050292969e+00
0.000000000000000000e+00
7.742886990308761597e-02
6.355294585227966309e-02
6.368859112262725830e-02
1.414519846439361572e-01
2.053867280483245850e-02
0.000000000000000000e+00
3.412863612174987793e-02
1.279567033052444458e-01
0.000000000000000000e+00
2.487595751881599426e-02
9.534979611635208130e-02
6.579264998435974121e-01
9.270179271697998047e-01
1.171522364020347595e-01
6.106408685445785522e-02
2.127941697835922241e-01
6.472433209419250488e-01
4.098193168640136719e+00
2.665511667728424072e-01
5.080350637435913086e-01
9.354647397994995117e-01
6.651023030281066895e-01
3.193860054016113281e-01
8.789183944463729858e-02
8.303133398294448853e-02
1.133479833602905273e+00
1.476426720619201660e+00
5.051409453153610229e-02
5.750787630677223206e-02
0.000000000000000000e+00
2.724953889846801758e-01
0.000000000000000000e+00
1.320832490921020508e+00
0.000000000000000000e+00
1.453060954809188843e-01
2.408355474472045898e-01
6.820082664489746094e+00
6.608396768569946289e-02
1.047886133193969727e+00
5.505338907241821289e-01
3.064601719379425049e-01
5.663955807685852051e-01
3.010632991790771484e+00
2.362403869628906250e-01
1.478830814361572266e+00
5.928190946578979492e-01
9.807401150465011597e-02
6.553755998611450195e-01
2.525436282157897949e-01
1.649299450218677521e-02
0.000000000000000000e+00
2.114677190780639648e+00
3.747732192277908325e-02
4.382742345333099365e-01
6.808344274759292603e-02
8.029770255088806152e-01
7.606654614210128784e-02
9.822415560483932495e-02
7.063189521431922913e-03
0.000000000000000000e+00
2.235663890838623047e+00
5.574577301740646362e-02
0.000000000000000000e+00
1.901151426136493683e-02
2.347204238176345825e-01
2.261865139007568359e-01
0.000000000000000000e+00
1.765270601026713848e-03
7.215081248432397842e-03
2.282719165086746216e-01
1.278171837329864502e-01
1.094199061393737793e+00
3.397357836365699768e-02
3.006369061768054962e-02
2.984957993030548096e-01
0.000000000000000000e+00
1.347010135650634766e-01
2.415008842945098877e-02
1.362542062997817993e-01
0.000000000000000000e+00
0.000000000000000000e+00
2.689746953547000885e-02
7.620661854743957520e-01
2.372456550598144531e+00
0.000000000000000000e+00
1.996717005968093872e-01
4.564121663570404053e-01
1.184674054384231567e-01
9.353968501091003418e-02
2.740570306777954102e-01
2.456455491483211517e-02
0.000000000000000000e+00
3.501920998096466064e-01
2.461171299219131470e-01
3.421515703201293945e+00
3.394684055820107460e-03
3.607972711324691772e-02
8.575841039419174194e-02
2.179735153913497925e-01
9.646545350551605225e-02
2.132172733545303345e-01
4.723206162452697754e-02
9.498330950736999512e-01
8.171051740646362305e-01
7.410907000303268433e-02
1.670408435165882111e-02
5.947777628898620605e-01
1.041128516197204590e+00
4.030198752880096436e-01
1.292781084775924683e-01
5.161650776863098145e-01
3.182160139083862305e+00
2.595812082290649414e-01
4.400710165500640869e-01
6.270916014909744263e-02
0.000000000000000000e+00
3.641620874404907227e+00
8.444293141365051270e-01
6.932136416435241699e-01
0.000000000000000000e+00
1.062498614192008972e-01
1.022983640432357788e-01
1.045456528663635254e-01
5.481284260749816895e-01
2.005916833877563477e-01
5.318500995635986328e-01
1.195789966732263565e-02
2.233840376138687134e-01
6.344614028930664062e-01
0.000000000000000000e+00
1.095670610666275024e-01
2.201618105173110962e-01
7.088061332702636719e+00
2.886033654212951660e-01
9.758201986551284790e-02
0.000000000000000000e+00
2.749909460544586182e-01
4.919203817844390869e-01
9.129937887191772461e-01
1.382548660039901733e-01
1.808331370353698730e+00
1.026199758052825928e-02
5.396968126296997070e-01
1.110305264592170715e-01
6.344229727983474731e-02
4.792873859405517578e-01
1.763131618499755859e-01
3.751076757907867432e-01
9.463780373334884644e-02
2.439193725585937500e-01
6.264455318450927734e-01
8.698967099189758301e-01
1.395346373319625854e-01
2.796766161918640137e-01
2.649993402883410454e-03
4.984920620918273926e-01
5.179738402366638184e-01
1.080225855112075806e-01
1.998548030853271484e+00
3.055158853530883789e-01
0.000000000000000000e+00
4.640407487750053406e-02
1.530125886201858521e-01
1.133295707404613495e-02
6.503146141767501831e-02
8.418838679790496826e-02
5.425121784210205078e-01
9.153363853693008423e-02
1.612352579832077026e-01
0.000000000000000000e+00
5.084124207496643066e-01
2.433739900588989258e-01
7.455969229340553284e-03
0.000000000000000000e+00
4.792928993701934814e-01
6.035760790109634399e-02
1.368190348148345947e-01
0.000000000000000000e+00
2.138648778200149536e-01
1.350739151239395142e-01
2.627743482589721680e-01
3.891778588294982910e-01
0.000000000000000000e+00
4.165279269218444824e-01
4.339234232902526855e-01
0.000000000000000000e+00
8.595484495162963867e-01
7.107477635145187378e-02
4.381476342678070068e-01
1.435115337371826172e-01
1.955621130764484406e-02
1.372377991676330566e+00
0.000000000000000000e+00
1.142039895057678223e+00
3.225594758987426758e-01
1.592202335596084595e-01
1.673710644245147705e-01
3.437276184558868408e-01
5.155766755342483521e-02
0.000000000000000000e+00
2.823702618479728699e-02
1.687496423721313477e+00
0.000000000000000000e+00
3.561105113476514816e-03
1.406066119670867920e-01
1.500505860894918442e-02
1.891255825757980347e-01
5.303977727890014648e-01
7.635592818260192871e-01
1.452011018991470337e-01
5.321593284606933594e-01
5.808189511299133301e-02
7.987280189990997314e-02
6.209698915481567383e-01
7.175724506378173828e-01
1.232674717903137207e+00
8.720992505550384521e-02
2.510940656065940857e-03
3.333756001666188240e-03
2.091030925512313843e-01
2.334101498126983643e-01
4.721267521381378174e-01
6.391136348247528076e-02
4.048591256141662598e-01
5.244551971554756165e-02
3.451485931873321533e-02
4.546399116516113281e-01
5.773130804300308228e-02
4.175399541854858398e-01
2.311716042459011078e-02
4.283570766448974609e+00
1.029077768325805664e+00
3.812754750251770020e-01
1.256967186927795410e-01
3.000838994979858398e+00
0.000000000000000000e+00
1.624261401593685150e-02
1.123621389269828796e-01
3.136522769927978516e-01
7.372183352708816528e-02
8.503040671348571777e-01
8.286072015762329102e-01
7.502869702875614166e-03
4.505377262830734253e-02
4.642431735992431641e-01
1.304368674755096436e-01
4.386380314826965332e-01
3.896129131317138672e-01
0.000000000000000000e+00
1.922798603773117065e-01
1.205510124564170837e-01
1.272559016942977905e-01
1.805981853976845741e-03
0.000000000000000000e+00
1.349938511848449707e-01
4.545791745185852051e-01
2.108374238014221191e-01
4.995375573635101318e-01
1.878329992294311523e+00
6.310510449111461639e-03
1.762190908193588257e-01
3.761611506342887878e-02
1.495070457458496094e-01
1.568178683519363403e-01
0.000000000000000000e+00
0.000000000000000000e+00
1.528834700584411621e-01
1.847300231456756592e-01
8.470954746007919312e-02
2.527334261685609818e-03
1.006325986236333847e-02
2.847543358802795410e-01
4.627966880798339844e-01
0.000000000000000000e+00
8.863661885261535645e-01
3.971251487731933594e+00
0.000000000000000000e+00
5.084724426269531250e-01
3.974676430225372314e-01
2.451087087392807007e-01
6.723070144653320312e-02
3.088419735431671143e-01
2.659622728824615479e-01
1.702953130006790161e-02
1.499584794044494629e+00
1.126864194869995117e+00
1.729443818330764771e-01
1.982854008674621582e-01
3.897511363029479980e-01
6.204835176467895508e-01
2.000993937253952026e-01
9.559908509254455566e-01
8.026766180992126465e-01
1.149765849113464355e+00
8.562057614326477051e-01
1.110538482666015625e+00
1.910602688789367676e+00
1.180890128016471863e-01
4.372032582759857178e-01
2.901174593716859818e-03
1.163429021835327148e+00
5.013342201709747314e-02
4.260617494583129883e-01
5.169457942247390747e-02
0.000000000000000000e+00
8.014953695237636566e-03
3.474496006965637207e-01
9.659317880868911743e-02
4.155890643596649170e-02
7.194686681032180786e-02
8.714762330055236816e-02
3.102523460984230042e-02
3.756602481007575989e-02
1.378093212842941284e-01
2.446227520704269409e-01
4.952802062034606934e-01
6.694374680519104004e-01
1.629355907440185547e+00
2.221394628286361694e-01
6.998831033706665039e-01
6.412205100059509277e-02
4.017003178596496582e-01
1.752637326717376709e-02
4.947454035282135010e-01
0.000000000000000000e+00
5.931401252746582031e-01
2.404701523482799530e-02
4.865229725837707520e-01
1.403445601463317871e-01
3.502981901168823242e+00
7.589918375015258789e-01
1.880525797605514526e-01
2.973449416458606720e-03
1.833453476428985596e-01
1.755347698926925659e-01
7.484402060508728027e-01
1.146297931671142578e+00
4.966245293617248535e-01
6.350313425064086914e-01
2.456597089767456055e+00
2.182025834918022156e-02
6.162007898092269897e-02
0.000000000000000000e+00
1.084585487842559814e-02
3.535671234130859375e-01
0.000000000000000000e+00
5.272364988923072815e-02
8.628638386726379395e-01
1.549770832061767578e-01
0.000000000000000000e+00
6.781777739524841309e-02
4.062531590461730957e-01
2.408646345138549805e-01
1.555326700210571289e+00
5.151963233947753906e-01
4.266041219234466553e-01
8.216971904039382935e-02
5.978187918663024902e-01
1.181657910346984863e+00
8.925994485616683960e-02
2.209039628505706787e-01
1.643231511116027832e-01
1.102525442838668823e-01
8.161989450454711914e-01
0.000000000000000000e+00
2.324655838310718536e-02
6.439859271049499512e-01
1.679122149944305420e-01
4.262343347072601318e-01
4.331179618835449219e+00
7.041900753974914551e-01
3.501580715179443359e+00
3.654060661792755127e-01
2.780730724334716797e-01
1.209579110145568848e-01
9.279994666576385498e-02
3.188569098711013794e-02
1.178909659385681152e+00
6.205583214759826660e-01
6.860181689262390137e-01
5.820441246032714844e-01
2.287416951730847359e-03
2.591579675674438477e+00
2.366851270198822021e-01
1.250231862068176270e+00
6.779441833496093750e-01
6.789273619651794434e-01
5.167603492736816406e-01
1.377767473459243774e-01
7.838245034217834473e-01
4.929218590259552002e-01
1.598403602838516235e-01
8.690836280584335327e-02
9.802622348070144653e-02
3.011317253112792969e-01
2.558553218841552734e-02
3.539076745510101318e-01
1.106339097023010254e+00
4.514353275299072266e-01
1.165248513221740723e+00
6.871182322502136230e-01
1.240046858787536621e+00
2.640907764434814453e+00
0.000000000000000000e+00
1.146198362112045288e-01
7.115440964698791504e-01
0.000000000000000000e+00
9.609333425760269165e-02
8.790226280689239502e-02
1.257882565259933472e-01
3.720790445804595947e-01
4.101178050041198730e-01
0.000000000000000000e+00
4.259742051362991333e-02
1.742779493331909180e+00
4.746705591678619385e-01
5.558114126324653625e-02
1.337958127260208130e-01
5.121550559997558594e-01
1.954668611288070679e-01
1.774633117020130157e-02
1.256663501262664795e-01
9.667459875345230103e-03
0.000000000000000000e+00
1.502191305160522461e+00
1.197865530848503113e-01
1.890413165092468262e-01
1.580008864402770996e-01
9.705511853098869324e-03
1.826666355133056641e+00
3.732888698577880859e-01
1.369745880365371704e-01
5.449402928352355957e-01
8.268225006759166718e-03
5.543751716613769531e-01
7.703462615609169006e-04
1.173258543014526367e+00
5.416166409850120544e-02
1.878158450126647949e-01
2.632538974285125732e-02
4.444788694381713867e-01
0.000000000000000000e+00
1.574449181556701660e+00
1.126006394624710083e-01
8.535560369491577148e-01
2.885598838329315186e-01
2.260899096727371216e-01
6.458314657211303711e-01
3.683760166168212891e-01
5.713985562324523926e-01
4.029896482825279236e-02
1.218515783548355103e-01
1.216588258743286133e+00
1.662787348031997681e-01
