2.461290806531906128e-01
8.397778868675231934e-01
7.391034364700317383e-01
9.210277199745178223e-01
2.491548843681812286e-02
1.229011267423629761e-02
2.601883932948112488e-02
2.920297086238861084e-01
3.737175166606903076e-01
8.555028587579727173e-02
9.211703538894653320e-01
1.373147726058959961e+00
3.887273967266082764e-01
4.654920101165771484e-01
2.889947034418582916e-03
6.619962304830551147e-02
2.324352785944938660e-02
1.253537058830261230e+00
1.972749829292297363e-01
9.317212738096714020e-03
1.273098349571228027e+00
9.243764728307723999e-02
2.969988882541656494e-01
1.627997756004333496e-01
4.885573387145996094e-01
2.464945986866950989e-02
6.019686460494995117e-01
5.832958817481994629e-01
0.000000000000000000e+00
4.041341543197631836e-01
7.702404856681823730e-01
9.337703883647918701e-02
4.383311141282320023e-03
5.421490669250488281e-01
1.896050930023193359e+00
8.071503043174743652e-01
7.416144013404846191e-02
4.465919733047485352e-01
4.332880675792694092e-01
8.573497831821441650e-02
6.057856604456901550e-02
2.306414209306240082e-02
1.699299514293670654e-01
0.000000000000000000e+00
5.301253795623779297e-01
1.357707194983959198e-02
5.080642700195312500e-01
1.974208205938339233e-01
1.140966936945915222e-01
1.025582790374755859e+00
2.386028766632080078e-01
1.879873126745223999e-01
3.657965660095214844e-01
8.575004935264587402e-01
9.305890202522277832e-01
3.036512613296508789e+00
2.193202376365661621e-01
0.000000000000000000e+00
1.529183387756347656e+00
2.101521044969558716e-01
1.603181481361389160e+00
1.538929700851440430e+00
3.964475542306900024e-02
3.621209040284156799e-02
1.965053319931030273e+00
7.528422027826309204e-02
8.319566398859024048e-02
9.201314449310302734e-01
2.241978198289871216e-01
5.415207147598266602e-02
2.036362700164318085e-02
1.125802472233772278e-01
1.847480796277523041e-02
1.281952023506164551e+00
3.134548902511596680e+00
2.286258190870285034e-01
3.540449440479278564e-01
4.086165130138397217e-01
1.056931495666503906e+00
2.349950790405273438e+00
1.407038718461990356e-01
1.538254618644714355e-01
6.993397474288940430e-01
2.713257260620594025e-02
1.705373525619506836e-01
2.269210100173950195e+00
2.467063188552856445e+00
0.000000000000000000e+00
6.781091690063476562e-01
2.330195605754852295e-01
8.010595440864562988e-01
1.411109566688537598e+00
7.858310639858245850e-02
0.000000000000000000e+00
1.094226002693176270e+00
4.360138252377510071e-02
2.455673180520534515e-02
3.371289372444152832e-01
4.344983398914337158e-01
4.032811820507049561e-01
4.542183279991149902e-01
5.261223316192626953e-01
1.393967419862747192e-01
4.596367835998535156e+00
7.535327076911926270e-01
0.000000000000000000e+00
1.089699193835258484e-01
1.687253266572952271e-02
0.000000000000000000e+00
7.787069678306579590e-02
0.000000000000000000e+00
2.096720337867736816e-01
0.000000000000000000e+00
1.800570636987686157e-02
4.595721364021301270e-01
0.000000000000000000e+00
1.726649999618530273e-01
3.203950449824333191e-02
6.596138477325439453e-01
1.373506546020507812e+00
2.810975909233093262e-02
0.000000000000000000e+00
0.000000000000000000e+00
2.888436555862426758e+00
2.616488933563232422e+00
1.622542858123779297e+00
1.152193099260330200e-01
1.980876326560974121e-01
1.129237003624439240e-02
4.209965094923973083e-02
2.041142940521240234e+00
1.067178130149841309e+00
2.895324258133769035e-03
1.125533692538738251e-02
0.000000000000000000e+00
0.000000000000000000e+00
1.173966526985168457e+00
3.715032339096069336e-01
9.121617078781127930e-01
3.116232156753540039e-01
1.399983763694763184e-01
3.602071106433868408e-02
4.992243647575378418e-01
1.001055479049682617e+00
9.072122573852539062e-01
6.199508905410766602e-01
7.095109820365905762e-01
6.903837323188781738e-01
1.048430204391479492e+00
7.336472272872924805e-01
2.147634476423263550e-01
1.032246232032775879e+00
3.700631558895111084e-01
1.050138592720031738e+00
4.691697284579277039e-02
1.764414608478546143e-01
9.511900693178176880e-02
4.625423997640609741e-02
5.855476856231689453e-01
1.217409223318099976e-01
3.447541268542408943e-03
7.897624373435974121e-01
2.200828306376934052e-02
1.466622669249773026e-02
8.156588673591613770e-01
2.065297961235046387e-02
3.819748163223266602e-01
6.988735795021057129e-01
2.136058807373046875e+00
2.529311180114746094e-02
9.252365827560424805e-01
1.030353903770446777e-01
0.000000000000000000e+00
5.198937058448791504e-01
7.069733142852783203e-01
9.531267285346984863e-01
2.559599839150905609e-02
2.079875767230987549e-01
5.078209564089775085e-02
2.005774676799774170e-01
0.000000000000000000e+00
1.710330247879028320e-01
0.000000000000000000e+00
7.500770152546465397e-04
0.000000000000000000e+00
2.061030387878417969e+00
1.275143772363662720e-01
0.000000000000000000e+00
0.000000000000000000e+00
0.000000000000000000e+00
1.723141521215438843e-01
5.965685844421386719e-01
4.764925688505172729e-02
1.313978672027587891e+00
0.000000000000000000e+00
4.929900765419006348e-01
1.108629852533340454e-01
5.095564723014831543e-01
6.951013803482055664e-01
2.580714225769042969e-01
4.108290746808052063e-02
1.185456514358520508e+00
1.437853276729583740e-01
1.556055154651403427e-02
1.394768238067626953e+00
1.543180346488952637e-01
9.403187781572341919e-03
2.707863330841064453e+00
0.000000000000000000e+00
4.675348997116088867e-01
1.265952140092849731e-01
1.070151627063751221e-01
6.751157343387603760e-02
3.339980244636535645e-01
0.000000000000000000e+00
2.895110130310058594e+00
1.122404932975769043e-01
1.860020123422145844e-02
9.951751828193664551e-01
2.653791382908821106e-02
5.581130385398864746e-01
0.000000000000000000e+00
8.483996391296386719e-01
2.102009579539299011e-02
1.978492259979248047e+00
0.000000000000000000e+00
9.480989538133144379e-03
8.651732653379440308e-02
6.703196763992309570e-01
9.389735013246536255e-02
6.358858346939086914e-01
1.039964437484741211e+00
1.811022400856018066e+00
1.754449486732482910e+00
7.056314945220947266e-01
9.193482398986816406e-01
8.325156569480895996e-01
5.199111104011535645e-01
4.719468057155609131e-01
5.545333623886108398e-01
3.739461600780487061e-01
1.870613694190979004e+00
2.042245864868164062e-02
2.830675840377807617e-01
4.392497357912361622e-04
1.584725260734558105e+00
1.969887688755989075e-02
2.978436946868896484e-01
0.000000000000000000e+00
2.166087865829467773e+00
8.373658061027526855e-01
8.692064881324768066e-02
3.022195577621459961e+00
8.586429804563522339e-02
4.440652430057525635e-01
1.557040661573410034e-01
1.810768604278564453e+00
1.202093809843063354e-01
1.038673281669616699e+00
9.980784058570861816e-01
5.015633627772331238e-02
0.000000000000000000e+00
5.904888734221458435e-02
1.731132268905639648e-01
1.697128862142562866e-01
0.000000000000000000e+00
1.261414308100938797e-02
3.434049785137176514e-01
3.669899702072143555e-02
1.487827748060226440e-01
8.166549354791641235e-02
4.594396799802780151e-03
1.036257371306419373e-01
1.352452158927917480e+00
2.261857748031616211e+00
1.541652679443359375e-01
7.104622721672058105e-01
8.599003553390502930e-01
1.375332713127136230e+00
1.716031879186630249e-02
6.813731193542480469e-01
6.305828690528869629e-02
8.283013105392456055e-01
1.129329323768615723e+00
3.448051810264587402e-01
1.438671201467514038e-01
2.203524410724639893e-01
6.602122187614440918e-01
1.041419357061386108e-01
1.586707830429077148e-01
0.000000000000000000e+00
7.999064326286315918e-01
4.148435890674591064e-01
3.142010048031806946e-02
1.142746448516845703e+00
7.571659684181213379e-01
6.009856462478637695e-01
2.162367105484008789e-01
3.712489604949951172e-01
8.095237426459789276e-03
4.825323447585105896e-02
0.000000000000000000e+00
7.707936763763427734e-01
5.639414191246032715e-01
1.363785266876220703e+00
8.343651145696640015e-02
1.957179903984069824e-01
5.990676283836364746e-01
1.406831026077270508e+00
6.764168143272399902e-01
9.074860215187072754e-01
7.433934211730957031e-01
2.327952533960342407e-01
7.691479325294494629e-01
3.407300710678100586e-01
3.429580926895141602e-01
2.211197614669799805e-01
1.395199149847030640e-01
7.930126786231994629e-02
2.342229187488555908e-01
0.000000000000000000e+00
4.196421802043914795e-02
8.447880297899246216e-02
1.236528396606445312e+00
2.088858485221862793e-01
3.254684805870056152e-01
1.694428682327270508e+00
1.153911277651786804e-01
3.635658740997314453e+00
1.460300534963607788e-01
1.145561337471008301e-01
6.433535218238830566e-01
2.830245792865753174e-01
8.264479637145996094e-01
1.097685933113098145e+00
5.938456654548645020e-01
1.067074164748191833e-01
0.000000000000000000e+00
9.068431258201599121e-01
5.950571894645690918e-01
1.699406504631042480e-01
0.000000000000000000e+00
3.359081447124481201e-01
1.536882668733596802e-01
0.000000000000000000e+00
3.934580087661743164e-01
6.952052563428878784e-02
0.000000000000000000e+00
2.967627020552754402e-03
1.238662242889404297e+00
3.129133462905883789e+00
1.523783802986145020e-01
5.216117501258850098e-01
1.050459966063499451e-01
9.987019747495651245e-02
9.826162457466125488e-01
0.000000000000000000e+00
6.709615141153335571e-02
1.612213999032974243e-01
4.805579185485839844e-01
5.983046889305114746e-01
1.082881093025207520e+00
8.969553709030151367e-01
7.577626705169677734e-01
4.093757867813110352e-01
6.002314090728759766e-01
2.185838073492050171e-01
1.437821388244628906e+00
0.000000000000000000e+00
0.000000000000000000e+00
3.360933065414428711e-01
2.022780030965805054e-01
1.129174232482910156e+00
9.797299504280090332e-01
3.191901743412017822e-01
0.000000000000000000e+00
3.421394824981689453e+00
2.599461190402507782e-02
0.000000000000000000e+00
1.452695280313491821e-01
3.529517650604248047e-01
5.185484886169433594e-03
9.101604819297790527e-01
3.322167396545410156e-01
3.911996185779571533e-01
3.695004582405090332e-01
1.422404497861862183e-01
7.156625390052795410e-02
3.343904763460159302e-02
6.480718851089477539e-01
2.293203324079513550e-01
7.013873457908630371e-01
1.588001498021185398e-03
3.971984684467315674e-01
7.115353941917419434e-01
3.965044319629669189e-01
5.272714495658874512e-01
1.233596056699752808e-01
1.257830113172531128e-01
4.075340628623962402e-01
2.525930106639862061e-01
2.510877698659896851e-02
3.419191837310791016e-01
3.623768091201782227e-01
0.000000000000000000e+00
5.043179392814636230e-01
7.910823822021484375e-02
1.518194973468780518e-01
5.379993915557861328e-01
9.862273931503295898e-01
6.621406674385070801e-01
5.546163767576217651e-03
4.448032006621360779e-02
1.679059416055679321e-01
3.613795042037963867e-01
2.142543159425258636e-02
4.453872442245483398e-01
4.299833476543426514e-01
9.136260300874710083e-02
6.563686579465866089e-02
7.418537884950637817e-02
8.646506816148757935e-02
9.935152716934680939e-03
0.000000000000000000e+00
1.655071079730987549e-01
3.532881615683436394e-03
2.308051884174346924e-01
1.063295546919107437e-02
8.581069856882095337e-02
1.357441395521163940e-01
2.693324722349643707e-02
1.250290572643280029e-01
5.964960455894470215e-01
1.899655461311340332e-01
4.618058502674102783e-01
2.061764895915985107e-01
5.638874769210815430e-01
3.974620580673217773e+00
5.563928484916687012e-01
0.000000000000000000e+00
5.110101774334907532e-02
5.781163573265075684e-01
1.808801433071494102e-03
1.281093001365661621e+00
1.193875074386596680e-01
1.572773307561874390e-01
7.483937144279479980e-01
6.776642203330993652e-01
2.868734486401081085e-02
2.988394200801849365e-01
3.314143121242523193e-01
3.819030523300170898e-01
6.045218110084533691e-01
4.599942360073328018e-03
1.138982295989990234e+00
1.482394784688949585e-01
1.799761690199375153e-02
4.837768971920013428e-01
2.459015995264053345e-01
1.156605184078216553e-01
1.602647826075553894e-02
5.360344052314758301e-01
8.919569849967956543e-02
8.733047842979431152e-01
7.830413579940795898e-01
2.179953083395957947e-02
9.991174936294555664e-02
3.080771863460540771e-02
7.808179259300231934e-01
0.000000000000000000e+00
7.418076507747173309e-03
5.248079299926757812e-01
1.513689309358596802e-01
1.400332991033792496e-02
2.502236887812614441e-02
5.303668789565563202e-03
2.626121938228607178e-01
3.501603901386260986e-01
2.327525056898593903e-02
4.290325045585632324e-01
3.446553945541381836e-01
1.099837869405746460e-01
1.681263148784637451e-01
5.379321575164794922e-01
2.455258846282958984e+00
2.275114804506301880e-01
2.011780500411987305e+00
3.210299015045166016e-01
2.290325164794921875e+00
0.000000000000000000e+00
1.016865745186805725e-01
7.790768742561340332e-01
4.978272616863250732e-01
0.000000000000000000e+00
1.333883762359619141e+00
3.879278004169464111e-01
1.871336549520492554e-01
4.756434559822082520e-01
2.050209522247314453e+00
5.812647342681884766e-01
3.131114318966865540e-02
9.885617531836032867e-03
1.685491353273391724e-01
5.002058148384094238e-01
5.612228512763977051e-01
1.583055257797241211e-01
2.103710174560546875e-02
5.442038178443908691e-02
1.116058900952339172e-01
1.502976536750793457e+00
3.656494244933128357e-02
9.815521240234375000e-01
1.024056077003479004e+00
3.234184086322784424e-01
1.208385586738586426e+00
1.130917787551879883e+00
1.377034664154052734e+00
9.199804067611694336e-01
4.647504985332489014e-01
5.039110779762268066e-02
2.169350385665893555e+00
4.320835590362548828e+00
1.269286394119262695e+00
2.378359436988830566e-02
4.129284247756004333e-02
2.958905696868896484e+00
3.596894443035125732e-02
0.000000000000000000e+00
1.219336390495300293e+00
2.809134870767593384e-02
9.945981502532958984e-01
1.331416964530944824e-01
1.892756484448909760e-02
1.565174221992492676e+00
7.548683881759643555e-02
1.117187067866325378e-01
8.309191465377807617e-01
5.551090836524963379e-01
0.000000000000000000e+00
7.583831250667572021e-02
7.527788877487182617e-01
0.000000000000000000e+00
1.082231283187866211e+00
1.062982559204101562e+00
3.016750335693359375e+00
2.543330937623977661e-02
1.818281859159469604e-01
4.105575680732727051e-01
4.114290237426757812e+00
1.454723179340362549e-01
9.583168625831604004e-01
9.492243826389312744e-02
5.579797551035881042e-03
4.500966984778642654e-03
2.908145077526569366e-02
1.758057594299316406e+00
9.070904552936553955e-02
6.659086048603057861e-02
3.659352660179138184e-02
3.038664460182189941e-01
1.890676021575927734e+00
1.963152587413787842e-01
1.937160044908523560e-01
1.231011748313903809e-01
2.144379913806915283e-01
2.080360174179077148e+00
5.412654280662536621e-01
8.570243120193481445e-01
3.963802158832550049e-01
1.453455835580825806e-01
1.240281537175178528e-01
1.021238863468170166e-01
5.041089057922363281e-01
1.717284321784973145e-02
7.077140361070632935e-02
1.989559978246688843e-01
8.756735920906066895e-01
4.358283877372741699e-01
2.494192868471145630e-01
1.187574639916419983e-01
2.486852705478668213e-01
1.464663296937942505e-01
5.507207289338111877e-02
3.895494937896728516e-01
1.263682842254638672e-01
0.000000000000000000e+00
1.031180098652839661e-01
1.814847625792026520e-02
7.626345008611679077e-02
3.872216343879699707e-01
1.024076119065284729e-01
4.032478109002113342e-02
1.271101087331771851e-01
3.495820611715316772e-02
4.806292653083801270e-01
6.303254961967468262e-01
1.110154271125793457e+00
2.006094008684158325e-01
0.000000000000000000e+00
5.586286187171936035e-01
7.273694872856140137e-01
0.000000000000000000e+00
1.285855770111083984e-01
1.332844376564025879e+00
2.669139765202999115e-03
9.938383847475051880e-02
5.537908524274826050e-02
1.196676194667816162e-01
7.261130958795547485e-02
2.890127003192901611e-01
2.618401348590850830e-01
0.000000000000000000e+00
8.158758282661437988e-02
1.745711207389831543e+00
0.000000000000000000e+00
3.706799447536468506e-01
1.464188098907470703e-03
7.637935876846313477e-02
9.925581216812133789e-01
3.963126242160797119e-02
0.000000000000000000e+00
3.128361329436302185e-02
1.270143240690231323e-01
3.071566112339496613e-03
1.518130451440811157e-01
6.888662278652191162e-02
3.256573900580406189e-02
3.858696296811103821e-02
1.195495948195457458e-01
3.452249616384506226e-02
2.113207429647445679e-01
1.461488366127014160e+00
6.282774806022644043e-01
3.283111751079559326e-01
2.466577440500259399e-01
0.000000000000000000e+00
7.937355898320674896e-03
1.089753881096839905e-01
1.209300681948661804e-01
1.584526710212230682e-02
4.153917133808135986e-01
3.105544149875640869e-01
1.081747293472290039e+00
6.496855057775974274e-03
3.732184879481792450e-03
8.188048601150512695e-01
7.806226015090942383e-01
0.000000000000000000e+00
0.000000000000000000e+00
1.122895717620849609e+00
1.459313631057739258e-01
1.472856551408767700e-01
0.000000000000000000e+00
1.114944458007812500e+00
0.000000000000000000e+00
0.000000000000000000e+00
6.323391795158386230e-01
2.916589975357055664e-01
2.903552949428558350e-01
5.808269605040550232e-03
8.412842750549316406e-01
4.758055210113525391e-01
1.841235995292663574e+00
5.546673387289047241e-02
5.198167171329259872e-03
6.396352648735046387e-01
0.000000000000000000e+00
3.458411097526550293e-01
3.110986232757568359e+00
5.065482258796691895e-01
1.356968730688095093e-01
7.688753306865692139e-02
9.230137616395950317e-02
0.000000000000000000e+00
1.969598531723022461e-01
2.922224044799804688e+00
1.815796375274658203e+00
1.730116307735443115e-01
8.030276745557785034e-02
1.671629101037979126e-01
4.353803157806396484e+00
2.000599354505538940e-01
5.661678314208984375e-01
6.131908893585205078e-01
2.465147972106933594e+00
2.808310031890869141e+00
3.980714380741119385e-01
2.142698913812637329e-01
1.406559944152832031e-01
2.884533442556858063e-02
2.163445949554443359e-01
3.439991176128387451e-01
2.176151275634765625e-01
6.310463696718215942e-02
5.118247270584106445e-01
2.973030693829059601e-02
5.690514445304870605e-01
5.997135639190673828e-01
4.961793422698974609e-01
1.041144371032714844e+00
1.367263913154602051e+00
1.223184585571289062e+00
6.996510028839111328e-01
1.003060024231672287e-02
8.619889849796891212e-04
2.523172199726104736e-01
1.663910150527954102e-01
7.514578104019165039e-02
4.343788325786590576e-01
2.601349055767059326e-01
2.391727447509765625e+00
3.374356627464294434e-01
0.000000000000000000e+00
5.595842748880386353e-02
2.040470577776432037e-02
1.354048214852809906e-02
3.628817200660705566e-01
0.000000000000000000e+00
0.000000000000000000e+00
3.199097141623497009e-02
1.997841000556945801e+00
2.841071844100952148e+00
2.198808789253234863e-01
8.700330853462219238e-01
2.176070660352706909e-01
2.382332682609558105e-01
1.820010691881179810e-01
1.758803576231002808e-01
2.100650221109390259e-01
2.249492853879928589e-01
5.298314243555068970e-02
2.161358296871185303e-02
9.997916817665100098e-01
1.202227115631103516e+00
1.646032929420471191e-02
2.361190617084503174e-01
1.398884654045104980e+00
4.940525293350219727e-01
2.168652415275573730e-01
4.478153288364410400e-01
6.273629516363143921e-02
1.061437964439392090e+00
5.608813762664794922e-01
8.941833674907684326e-02
0.000000000000000000e+00
2.351873181760311127e-02
1.737955212593078613e-02
6.424942612648010254e-02
1.073864102363586426e+00
2.733551152050495148e-02
7.427401542663574219e-01
1.247629895806312561e-01
2.417887449264526367e-01
1.294930815696716309e+00
1.096458554267883301e+00
4.499389231204986572e-02
7.237665653228759766e-01
8.147655427455902100e-02
3.004422783851623535e-01
2.211031675338745117e+00
0.000000000000000000e+00
2.255951881408691406e+00
7.322484254837036133e-01
4.553971588611602783e-01
1.351827830076217651e-01
1.873477362096309662e-02
1.590678691864013672e-01
2.014189243316650391e+00
6.195511817932128906e-01
7.587270736694335938e-01
2.621687352657318115e-01
7.147569656372070312e-01
6.013984791934490204e-03
7.366868853569030762e-01
3.507959842681884766e-01
1.048866987228393555e+00
1.865238428115844727e+00
4.909003898501396179e-02
9.336729533970355988e-03
2.344772964715957642e-01
1.615349650382995605e-01
1.086505651473999023e+00
1.044330000877380371e+00
1.282223463058471680e-01
7.211327552795410156e-01
0.000000000000000000e+00
2.161035060882568359e+00
1.341176867485046387e+00
3.949242532253265381e-01
1.743354678153991699e+00
2.121205031871795654e-01
1.375670582056045532e-01
9.328783154487609863e-01
4.272351264953613281e-01
7.783126085996627808e-02
2.995041310787200928e-01
1.180245652794837952e-01
5.992611646652221680e-01
1.566021144390106201e-01
1.690255403518676758e-01
6.957811713218688965e-01
4.411161839962005615e-01
6.784461438655853271e-02
1.461324542760848999e-01
5.858876109123229980e-01
4.415581226348876953e-01
6.461589336395263672e-01
1.790359467267990112e-01
2.705154120922088623e-01
0.000000000000000000e+00
5.057249069213867188e-01
3.479933440685272217e-01
5.809137225151062012e-01
2.068195119500160217e-02
1.227249026298522949e+00
7.671177387237548828e-02
1.314465403556823730e+00
4.613595604896545410e-01
3.450110182166099548e-02
8.886541128158569336e-01
8.800948411226272583e-02
9.937748908996582031e-01
3.127647638320922852e-01
6.306200027465820312e-01
0.000000000000000000e+00
1.240042448043823242e-01
2.585036754608154297e-01
8.271697163581848145e-02
1.194139122962951660e-01
1.773456335067749023e-01
3.103145360946655273e-01
1.051948904991149902e+00
3.246328592300415039e+00
5.960757732391357422e-01
1.232549697160720825e-01
0.000000000000000000e+00
3.266752064228057861e-01
2.626094520092010498e-01
8.535580039024353027e-01
0.000000000000000000e+00
4.438422203063964844e+00
2.420734316110610962e-01
9.178095310926437378e-02
8.189939707517623901e-02
1.026066303253173828e+00
3.279646933078765869e-01
2.697724662721157074e-02
8.803359866142272949e-01
0.000000000000000000e+00
3.076533377170562744e-01
4.402634501457214355e-01
7.173805236816406250e-01
1.705093979835510254e-01
0.000000000000000000e+00
2.736866474151611328e-01
6.874883770942687988e-01
4.300787150859832764e-01
2.325091809034347534e-01
2.028203308582305908e-01
4.302082359790802002e-01
2.077181078493595123e-02
6.280822157859802246e-01
4.275099933147430420e-02
9.471756815910339355e-01
0.000000000000000000e+00
7.256804704666137695e-01
6.598415970802307129e-01
3.164376318454742432e-01
5.959587097167968750e-01
2.269147872924804688e+00
4.166833460330963135e-01
6.919002532958984375e-02
0.000000000000000000e+00
2.097238088026642799e-03
3.083477020263671875e-01
1.859331250190734863e+00
2.191156387329101562e+00
3.361359238624572754e-02
6.596245765686035156e-01
5.500578880310058594e-01
2.310183048248291016e+00
1.558973073959350586e+00
5.899575725197792053e-02
5.378557741641998291e-02
2.161085605621337891e-01
9.826552867889404297e-02
8.639197349548339844e-01
2.319957911968231201e-01
1.523416161537170410e+00
4.695513844490051270e-02
1.042144894599914551e+00
2.808042049407958984e+00
3.927652835845947266e-01
2.759698405861854553e-02
9.215681999921798706e-02
1.842773519456386566e-02
5.021005868911743164e-01
1.217138953506946564e-03
3.717225193977355957e-01
3.984317481517791748e-01
6.238255649805068970e-02
8.241408467292785645e-01
9.656422585248947144e-02
1.803624629974365234e-01
9.563896656036376953e-01
3.984704380854964256e-04
1.717098474502563477e+00
4.968215823173522949e-01
3.179337084293365479e-01
6.125933304429054260e-02
3.518149852752685547e-01
1.856120467185974121e+00
3.405523598194122314e-01
0.000000000000000000e+00
2.359233424067497253e-02
4.740768373012542725e-01
2.239743024110794067e-01
1.643609166145324707e+00
0.000000000000000000e+00
4.924623295664787292e-02
2.361174970865249634e-01
0.000000000000000000e+00
2.885583043098449707e-01
0.000000000000000000e+00
1.231927871704101562e-01
1.813088208436965942e-01
9.044402837753295898e-02
2.367240667343139648e+00
7.767791271209716797e+00
6.005963087081909180e-01
1.080735683441162109e+00
2.563633918762207031e-01
0.000000000000000000e+00
3.819782435894012451e-01
3.136268854141235352e-01
8.382105827331542969e-01
2.101121693849563599e-01
1.491405844688415527e+00
5.145853757858276367e-01
1.855371706187725067e-02
1.143611222505569458e-01
1.612189561128616333e-01
3.861920237541198730e-01
0.000000000000000000e+00
2.044961929321289062e+00
3.936884179711341858e-02
1.887921094894409180e-01
2.367134690284729004e-01
2.284446209669113159e-01
6.150947138667106628e-02
1.009721383452415466e-01
1.243921667337417603e-01
2.759197235107421875e+00
2.219764292240142822e-01
2.202795445919036865e-01
1.397732645273208618e-01
1.063150260597467422e-02
1.803827404975891113e+00
2.571862936019897461e+00
0.000000000000000000e+00
1.419719159603118896e-01
0.000000000000000000e+00
5.204144865274429321e-02
1.229680180549621582e-01
4.988118074834346771e-03
4.618033468723297119e-01
1.651271246373653412e-02
1.641710847616195679e-02
2.920739650726318359e-01
0.000000000000000000e+00
4.284704849123954773e-02
4.262391030788421631e-01
1.091113448143005371e+00
1.383914500474929810e-01
5.934524536132812500e-02
0.000000000000000000e+00
6.360685825347900391e-02
3.369076251983642578e-01
2.173102051019668579e-01
1.307364404201507568e-01
2.696384191513061523e-01
4.398692250251770020e-01
2.849394381046295166e-01
1.405503988265991211e+00
2.895256280899047852e-01
4.386116564273834229e-02
2.964927852153778076e-01
6.632292270660400391e-02
5.490876734256744385e-02
1.638666987419128418e-01
6.554174423217773438e-01
6.683730334043502808e-02
8.251347541809082031e-01
0.000000000000000000e+00
6.677393615245819092e-02
5.650835037231445312e-01
2.736339569091796875e-01
3.204228639602661133e+00
7.002916932106018066e-02
2.648949027061462402e-01
1.652861595153808594e+00
0.000000000000000000e+00
7.630078792572021484e-01
6.566562503576278687e-02
3.664844751358032227e+00
8.110683411359786987e-03
1.959129422903060913e-01
1.665225327014923096e-01
2.667275965213775635e-01
8.863671123981475830e-02
6.102949753403663635e-02
0.000000000000000000e+00
2.576422691345214844e+00
2.016191482543945312e+00
4.157273173332214355e-01
4.458854198455810547e-01
4.975347816944122314e-01
1.327474229037761688e-02
1.129430136643350124e-03
7.714921236038208008e-02
4.236379265785217285e-01
9.935567528009414673e-02
4.652361273765563965e-01
1.319058418273925781e+00
0.000000000000000000e+00
4.327925145626068115e-01
2.248790115118026733e-01
0.000000000000000000e+00
5.481292027980089188e-04
1.608189463615417480e+00
1.539714455604553223e+00
1.218188285827636719e+00
0.000000000000000000e+00
1.710018962621688843e-01
1.814628392457962036e-01
1.021796837449073792e-01
1.812761306762695312e+00
8.282383787445724010e-04
4.038529470562934875e-02
1.321566700935363770e-01
3.929412737488746643e-02
2.675083398818969727e+00
3.599669411778450012e-02
7.313197106122970581e-02
1.091507896780967712e-01
3.949767112731933594e+00
2.695882320404052734e-01
4.794537723064422607e-01
5.995237231254577637e-01
7.420397400856018066e-01
2.838957123458385468e-02
1.951648890972137451e-01
2.305214554071426392e-01
1.122333645820617676e+00
1.305257380008697510e-01
2.214007638394832611e-02
7.497519850730895996e-01
1.894399821758270264e-01
2.167953699827194214e-01
0.000000000000000000e+00
9.788253158330917358e-02
3.981558233499526978e-02
0.000000000000000000e+00
8.826766014099121094e-01
1.396780908107757568e-01
1.788769513368606567e-01
1.567031256854534149e-02
3.065970540046691895e-01
8.360426127910614014e-02
1.425954341888427734e+00
2.128893435001373291e-01
3.976379632949829102e-01
1.770047545433044434e-01
1.625550150871276855e+00
2.849144339561462402e-01
0.000000000000000000e+00
1.135393045842647552e-03
0.000000000000000000e+00
0.000000000000000000e+00
2.312679767608642578e+00
1.473137021064758301e+00
2.487947978079319000e-02
3.058830648660659790e-02
0.000000000000000000e+00
2.192152887582778931e-01
3.224783241748809814e-01
1.264819353818893433e-01
1.435668110847473145e+00
2.767261981964111328e+00
1.159843802452087402e-01
9.734272360801696777e-01
2.140401750802993774e-01
1.039247751235961914e+00
1.768775135278701782e-01
9.668342769145965576e-02
1.756129711866378784e-01
9.007393121719360352e-01
1.523229293525218964e-02
4.565113782882690430e-02
4.842360317707061768e-02
1.015475273132324219e+00
1.815278530120849609e-01
2.322966158390045166e-01
8.022972196340560913e-02
0.000000000000000000e+00
0.000000000000000000e+00
5.873156711459159851e-02
1.110623121261596680e+00
2.770073115825653076e-01
7.553375512361526489e-02
2.399989217519760132e-01
0.000000000000000000e+00
1.402357816696166992e+00
8.890580385923385620e-03
1.859062016010284424e-01
0.000000000000000000e+00
0.000000000000000000e+00
0.000000000000000000e+00
1.114367127418518066e+00
1.909880712628364563e-02
9.790207147598266602e-01
4.455322027206420898e-01
6.856940388679504395e-01
2.908554673194885254e-01
2.903548069298267365e-02
8.929152488708496094e-01
5.868796259164810181e-02
1.352763921022415161e-01
4.810845945030450821e-03
1.089006066322326660e+00
2.441513240337371826e-01
2.625551700592041016e+00
1.551552955061197281e-02
7.551307678222656250e-01
5.627217143774032593e-02
9.775313548743724823e-03
3.934254944324493408e-01
3.784736394882202148e-01
1.547216624021530151e-01
2.070831358432769775e-01
5.536220073699951172e-01
2.062677294015884399e-01
1.647816598415374756e-02
1.614841222763061523e+00
3.965696692466735840e-01
1.788612306118011475e-01
3.205505013465881348e-02
4.123868346214294434e-01
5.376231670379638672e-01
1.808150172233581543e+00
5.085505247116088867e-01
1.291790744289755821e-03
7.407494187355041504e-01
1.726248025894165039e+00
1.468084812164306641e+00
7.091958999633789062e+00
0.000000000000000000e+00
1.157776266336441040e-01
9.341771155595779419e-02
4.158069491386413574e-01
1.186020895838737488e-01
2.788667917251586914e+00
3.028485774993896484e-01
1.917551606893539429e-01
1.635618925094604492e+00
6.863417625427246094e-01
1.001132130622863770e+00
1.141266077756881714e-01
3.770054280757904053e-01
2.043969631195068359e-01
1.593308568000793457e+00
3.010998964309692383e-01
9.913803078234195709e-04
3.033971786499023438e-01
1.805080175399780273e-01
8.684176802635192871e-01
8.425423502922058105e-02
9.434306062757968903e-03
5.874868035316467285e-01
2.667630314826965332e-01
8.928257822990417480e-01
1.640011370182037354e-02
1.762266308069229126e-01
1.559980213642120361e-01
1.601189851760864258e+00
0.000000000000000000e+00
2.807336673140525818e-02
3.191498517990112305e-01
1.783801317214965820e+00
5.208382382988929749e-02
2.726205438375473022e-02
5.972816422581672668e-02
1.882274597883224487e-01
4.862045869231224060e-02
1.792589724063873291e-01
8.142474293708801270e-01
4.120127111673355103e-02
5.230069532990455627e-02
1.163239357993006706e-04
3.340824693441390991e-02
1.540942043066024780e-01
0.000000000000000000e+00
2.101470381021499634e-01
4.743461132049560547e+00
3.411286473274230957e-01
2.486923635005950928e-01
0.000000000000000000e+00
1.020659089088439941e+00
1.002584218978881836e+00
0.000000000000000000e+00
1.736239433288574219e+00
1.250380873680114746e+00
2.170446366071701050e-01
9.508956670761108398e-01
1.232842504978179932e-01
2.948428392410278320e+00
1.340566873550415039e+00
1.243428289890289307e-01
6.488024592399597168e-01
3.070293664932250977e-01
7.535159587860107422e-01
9.711034297943115234e-01
1.169090345501899719e-01
1.789290785789489746e+00
0.000000000000000000e+00
1.066471785306930542e-01
0.000000000000000000e+00
4.358798861503601074e-01
4.887337088584899902e-01
3.947182893753051758e+00
3.438290655612945557e-01
5.794023275375366211e-01
6.129822731018066406e-01
3.893844485282897949e-01
6.929502636194229126e-02
5.073514580726623535e-01
6.825915724039077759e-02
3.464389443397521973e-01
3.386255502700805664e-01
5.622594952583312988e-01
3.901405036449432373e-01
2.428584992885589600e-01
1.394132673740386963e-01
6.271092295646667480e-01
5.716047286987304688e-01
0.000000000000000000e+00
0.000000000000000000e+00
1.088516786694526672e-02
4.191801249980926514e-01
1.554920710623264313e-02
1.281896084547042847e-01
2.209921628236770630e-01
1.389935910701751709e-01
1.625981368124485016e-02
5.804272294044494629e-01
0.000000000000000000e+00
6.973143666982650757e-02
8.639866858720779419e-02
2.272080630064010620e-01
5.945476889610290527e-02
1.396654725074768066e+00
1.615521788597106934e+00
1.819566637277603149e-02
1.206212759017944336e+00
3.166053593158721924e-01
9.597173333168029785e-02
1.281926035881042480e+00
4.817142188549041748e-01
0.000000000000000000e+00
2.489311397075653076e-01
1.763126812875270844e-02
3.808359801769256592e-02
1.352197647094726562e+00
9.635019302368164062e-01
2.123260945081710815e-01
9.566909074783325195e-02
1.510630361735820770e-02
2.867679834365844727e+00
5.351265519857406616e-02
1.248880103230476379e-01
1.447370648384094238e-01
1.038019537925720215e+00
1.110039114952087402e+00
7.160154581069946289e-01
1.158498525619506836e+00
1.987234354019165039e+00
8.653395622968673706e-02
4.648232832551002502e-03
1.837288379669189453e+00
2.033139765262603760e-01
1.555663466453552246e+00
1.538376440294086933e-03
2.707845270633697510e-01
7.545555233955383301e-01
2.246762037277221680e+00
2.835316956043243408e-02
5.250278711318969727e-01
6.607446670532226562e-01
3.194564878940582275e-01
2.279058396816253662e-01
8.587390184402465820e-01
4.770326316356658936e-01
1.307924866676330566e+00
5.132041573524475098e-01
6.642067432403564453e-01
5.785446763038635254e-01
2.753554880619049072e-01
1.211184561252593994e-01
1.854275703430175781e+00
2.557431459426879883e-01
0.000000000000000000e+00
1.576166301965713501e-01
1.428159326314926147e-01
3.781707286834716797e-01
1.911334134638309479e-02
8.319298624992370605e-01
1.911103963851928711e+00
2.012167721986770630e-01
5.181750655174255371e-01
0.000000000000000000e+00
8.160535097122192383e-01
7.710284739732742310e-02
3.183062076568603516e-01
6.011479720473289490e-02
1.835327744483947754e-01
7.671833038330078125e-02
5.526465177536010742e-01
0.000000000000000000e+00
2.215188443660736084e-01
1.977449841797351837e-02
0.000000000000000000e+00
9.017804265022277832e-01
1.388191580772399902e-01
1.122264191508293152e-01
1.047969818115234375e+00
1.558780670166015625e-01
4.190498590469360352e-02
6.709464825689792633e-03
5.957021117210388184e-01
3.568769991397857666e-01
7.687888741493225098e-01
1.917092800140380859e-01
8.743517845869064331e-02
5.056150630116462708e-02
5.688455700874328613e-01
2.433616667985916138e-01
4.414384663105010986e-01
9.700879454612731934e-01
1.260679066181182861e-01
1.196975350379943848e+00
6.679626107215881348e-01
6.351480633020401001e-02
5.637074708938598633e-01
7.753459736704826355e-03
2.039456665515899658e-01
0.000000000000000000e+00
9.689069390296936035e-01
8.326942324638366699e-01
1.079977989196777344e+00
8.711278438568115234e-01
2.518997490406036377e-01
7.630839347839355469e-01
1.187806427478790283e-01
6.941403150558471680e-01
2.163849323987960815e-01
1.459416598081588745e-01
2.785287201404571533e-01
1.795123368501663208e-01
0.000000000000000000e+00
2.261116027832031250e+00
5.792291462421417236e-02
8.240119554102420807e-03
4.341687541455030441e-03
1.438500941731035709e-03
1.697296500205993652e+00
5.783991813659667969e-01
1.171466350555419922e+00
0.000000000000000000e+00
1.630751609802246094e+00
6.719293594360351562e-01
1.420059561729431152e+00
2.140375375747680664e-01
0.000000000000000000e+00
3.048862814903259277e-01
2.133074402809143066e-01
2.505193650722503662e-01
3.162297904491424561e-01
9.222468733787536621e-02
3.405080437660217285e-01
6.009259223937988281e-01
4.234154522418975830e-02
2.340052127838134766e-01
3.083212673664093018e-01
1.951370686292648315e-01
5.511052608489990234e-01
1.927660703659057617e-01
0.000000000000000000e+00
6.454144120216369629e-01
1.943081058561801910e-02
9.090082645416259766e-01
7.369250059127807617e-01
4.149531126022338867e-01
4.524285495281219482e-01
3.595251739025115967e-01
3.530464470386505127e-01
1.939807087182998657e-01
0.000000000000000000e+00
4.662838876247406006e-01
1.327412277460098267e-01
8.732500076293945312e-01
5.466132238507270813e-02
1.845629811286926270e+00
0.000000000000000000e+00
0.000000000000000000e+00
3.060362935066223145e-01
2.180425405502319336e+00
1.118002161383628845e-01
1.658055186271667480e+00
1.316692709922790527e+00
1.234282493591308594e+00
0.000000000000000000e+00
1.349890381097793579e-01
4.514627158641815186e-02
2.578293800354003906e+00
4.917847812175750732e-01
5.086982250213623047e-01
1.098763123154640198e-01
9.843742251396179199e-01
3.168792724609375000e+00
9.537981152534484863e-01
2.170404642820358276e-01
9.643256664276123047e-02
2.051100879907608032e-01
1.751316934823989868e-01
7.288026809692382812e-02
9.878396242856979370e-02
0.000000000000000000e+00
0.000000000000000000e+00
2.728085517883300781e-01
1.564176559448242188e+00
1.605330221354961395e-02
0.000000000000000000e+00
2.354961395263671875e+00
9.338473081588745117e-01
2.223800420761108398e+00
2.251757867634296417e-02
9.164842367172241211e-01
2.081412822008132935e-01
1.155851483345031738e-01
4.411384090781211853e-02
3.801145404577255249e-02
0.000000000000000000e+00
8.277580142021179199e-01
9.385759942233562469e-03
0.000000000000000000e+00
9.200882166624069214e-03
1.510798335075378418e-01
1.381046921014785767e-01
3.582130372524261475e-01
4.062836766242980957e-01
6.193842366337776184e-02
1.962828338146209717e-01
2.272749692201614380e-01
3.858720511198043823e-02
1.360005259513854980e+00
6.741879135370254517e-02
3.978548943996429443e-02
7.301973104476928711e-01
9.028852581977844238e-01
6.627227663993835449e-01
7.099182158708572388e-02
0.000000000000000000e+00
1.595953702926635742e-01
9.149319678544998169e-02
6.812675595283508301e-01
7.024984061717987061e-02
2.070666551589965820e+00
2.780448794364929199e-01
6.809376925230026245e-02
5.956249833106994629e-01
1.320842862129211426e+00
2.011560201644897461e+00
0.000000000000000000e+00
6.572776436805725098e-01
8.239764571189880371e-01
2.122220546007156372e-01
7.268714308738708496e-01
5.014674663543701172e-01
1.407698094844818115e-01
4.299358427524566650e-01
4.079654812812805176e-02
0.000000000000000000e+00
1.263586804270744324e-02
3.150713816285133362e-02
0.000000000000000000e+00
1.093592524528503418e+00
8.089205741882324219e+00
4.303777590394020081e-03
7.206860184669494629e-02
2.188348054885864258e+00
7.356259822845458984e-01
9.805955737829208374e-02
2.256752729415893555e+00
3.702341079711914062e+00
1.001215457916259766e+00
1.374246180057525635e-02
4.985302984714508057e-01
4.004923403263092041e-01
2.686373889446258545e-01
0.000000000000000000e+00
1.200337290763854980e+00
1.821815967559814453e+00
3.225042521953582764e-01
4.395881295204162598e-01
2.995459437370300293e-01
4.179047048091888428e-02
0.000000000000000000e+00
9.306252002716064453e-02
3.113782703876495361e-01
1.131279110908508301e+00
2.076140940189361572e-01
3.724114596843719482e-01
0.000000000000000000e+00
1.273118853569030762e+00
1.827301502227783203e+00
0.000000000000000000e+00
4.624221324920654297e-01
4.088581725955009460e-02
4.954734444618225098e-01
4.519133269786834717e-01
1.870651692152023315e-01
1.613453403115272522e-02
0.000000000000000000e+00
1.877895593643188477e-01
3.336921334266662598e-01
4.912385463714599609e+00
2.325978828594088554e-03
0.000000000000000000e+00
5.617409199476242065e-02
3.415661305189132690e-02
2.599817328155040741e-02
2.890706621110439301e-02
9.506506845355033875e-03
0.000000000000000000e+00
0.000000000000000000e+00
1.743456535041332245e-02
2.521128654479980469e-01
3.409514948725700378e-02
7.906143069267272949e-01
2.334801256656646729e-01
9.178640246391296387e-01
6.668953299522399902e-01
3.233938515186309814e-01
4.304495155811309814e-01
2.349441498517990112e-01
5.447380542755126953e-01
6.311380863189697266e-01
1.163681268692016602e+00
4.183555841445922852e-01
5.807192921638488770e-01
4.921990931034088135e-01
0.000000000000000000e+00
1.739236861467361450e-01
3.917645514011383057e-01
1.600596755743026733e-01
3.695986270904541016e-01
9.300941228866577148e-01
5.525162220001220703e-01
3.191159963607788086e-01
0.000000000000000000e+00
1.735765457153320312e+00
6.304579973220825195e-01
1.167605161666870117e+00
2.802854590117931366e-02
5.449246764183044434e-01
6.050060316920280457e-02
1.150224208831787109e+00
7.479960471391677856e-02
4.396001994609832764e-01
1.084616109728813171e-01
3.869439065456390381e-01
2.053917050361633301e-01
1.275275349617004395e+00
0.000000000000000000e+00
6.809211522340774536e-02
6.511186361312866211e-01
0.000000000000000000e+00
0.000000000000000000e+00
7.268666028976440430e-01
0.000000000000000000e+00
1.234399378299713135e-01
9.465917348861694336e-01
3.571798652410507202e-02
3.629543781280517578e-01
8.603456616401672363e-01
2.992399334907531738e-01
0.000000000000000000e+00
5.295662954449653625e-02
1.954790577292442322e-02
8.006996661424636841e-02
7.837764024734497070e-01
7.202797532081604004e-01
1.206359505653381348e+00
0.000000000000000000e+00
0.000000000000000000e+00
9.979515671730041504e-01
1.810430407524108887e+00
1.715649105608463287e-02
2.781273722648620605e-01
1.109928250312805176e+00
8.601391911506652832e-01
1.128589659929275513e-01
1.861124187707901001e-01
0.000000000000000000e+00
1.754505783319473267e-01
7.743341326713562012e-01
1.834087371826171875e-01
2.411271482706069946e-01
1.027201637625694275e-01
9.530237875878810883e-03
9.442914277315139771e-02
1.230010986328125000e-01
1.858925372362136841e-01
2.351768016815185547e-01
7.933679819107055664e-01
9.653106927871704102e-01
1.757054328918457031e+00
1.354902148246765137e+00
0.000000000000000000e+00
4.740066081285476685e-02
6.928923726081848145e-01
1.883030295372009277e+00
6.872697919607162476e-02
1.422841548919677734e+00
1.310321688652038574e+00
3.744955956935882568e-01
2.503617405891418457e-01
7.372955083847045898e-01
6.776776909828186035e-01
1.726060509681701660e+00
4.430389404296875000e-01
1.617962121963500977e+00
6.773394346237182617e-01
2.735292911529541016e-01
5.101398378610610962e-02
1.246580481529235840e+00
7.698983699083328247e-02
1.555540133267641068e-02
6.284537911415100098e-01
1.002419352531433105e+00
1.700991868972778320e+00
9.743236005306243896e-02
3.401024341583251953e-01
3.099386692047119141e-01
7.676622271537780762e-02
1.014825422316789627e-02
8.796489238739013672e-02
1.493515521287918091e-01
2.251420766115188599e-01
3.163238465785980225e-01
0.000000000000000000e+00
1.321873217821121216e-01
1.619763821363449097e-01
4.316020905971527100e-01
1.139711067080497742e-01
7.809799313545227051e-01
4.975546523928642273e-02
9.740714728832244873e-02
8.196984231472015381e-02
3.025660663843154907e-02
2.069110393524169922e+00
0.000000000000000000e+00
5.585654377937316895e-01
1.015297055244445801e+00
7.266761064529418945e-01
8.933585882186889648e-01
2.698810212314128876e-02
5.938915610313415527e-01
2.804593443870544434e-01
8.404006808996200562e-02
1.416354030370712280e-01
3.730041980743408203e-01
1.313111186027526855e-01
2.141641825437545776e-01
4.471240192651748657e-02
4.346329569816589355e-01
3.092121481895446777e-01
5.698678016662597656e+00
3.030451834201812744e-01
1.897496916353702545e-02
8.370340801775455475e-03
4.680430293083190918e-01
2.691812696866691113e-04
1.779247045516967773e+00
9.134883284568786621e-01
1.037860661745071411e-01
7.290145009756088257e-02
1.384841185063123703e-02
1.645516604185104370e-01
0.000000000000000000e+00
3.249012827873229980e-01
7.861427147872745991e-04
5.579823851585388184e-01
2.143746614456176758e+00
1.150566246360540390e-02
8.713668584823608398e-01
2.004570722579956055e+00
7.625903189182281494e-02
6.582774221897125244e-02
2.870386242866516113e-01
2.950659990310668945e-01
1.696096897125244141e+00
2.729320824146270752e-01
3.742861747741699219e-01
2.075366973876953125e-01
0.000000000000000000e+00
2.729517221450805664e-01
1.285379081964492798e-01
3.132957220077514648e-02
1.645008176565170288e-01
4.605316519737243652e-01
6.226938962936401367e-01
2.400232255458831787e-01
1.014665290713310242e-01
1.046122550964355469e+00
0.000000000000000000e+00
0.000000000000000000e+00
0.000000000000000000e+00
2.216594479978084564e-02
7.693814039230346680e-01
1.570614576339721680e-01
0.000000000000000000e+00
3.109752416610717773e+00
9.527753293514251709e-02
3.946395516395568848e-01
6.813726425170898438e-01
2.980235405266284943e-02
2.498208999633789062e+00
2.515894770622253418e-01
7.511327415704727173e-02
1.787611097097396851e-01
7.751166820526123047e-02
1.521179173141717911e-02
6.320524215698242188e+00
1.558870077133178711e-01
2.565406821668148041e-02
2.236268483102321625e-02
5.899010300636291504e-01
1.638767123222351074e-01
1.121395349502563477e+00
3.493603765964508057e-01
4.675702005624771118e-02
7.024558782577514648e-01
3.882128000259399414e-02
8.158711194992065430e-01
2.162825167179107666e-01
4.432979106903076172e+00
6.242173910140991211e-02
0.000000000000000000e+00
0.000000000000000000e+00
1.973003335297107697e-02
1.045844554901123047e+00
1.004211530089378357e-01
7.839094102382659912e-02
1.645818591117858887e+00
2.814565300941467285e-01
3.299485146999359131e-01
5.006164312362670898e-01
6.594971418380737305e-01
2.823735773563385010e-01
4.773544073104858398e-01
2.772684693336486816e-01
0.000000000000000000e+00
9.520469903945922852e-01
8.000718057155609131e-02
1.533902525901794434e+00
9.553492665290832520e-01
1.723778806626796722e-02
0.000000000000000000e+00
6.147413980215787888e-03
4.502725005149841309e-01
4.071396887302398682e-01
1.564585864543914795e-01
1.555007789283990860e-02
6.395652890205383301e-02
1.548830628395080566e+00
8.796817064285278320e-02
5.741010308265686035e-01
5.338196158409118652e-01
4.377180337905883789e-01
1.843434721231460571e-01
3.492033481597900391e-01
3.398968875408172607e-01
2.382702678442001343e-01
8.476410806179046631e-02
4.321193695068359375e-01
4.749704599380493164e-01
4.774418771266937256e-01
2.941265404224395752e-01
8.077654838562011719e-01
5.644164085388183594e-01
4.064224064350128174e-01
4.198945760726928711e-01
8.272193074226379395e-01
1.943806186318397522e-02
9.955929517745971680e-01
4.864275455474853516e-01
9.576217830181121826e-02
1.207468867301940918e+00
8.005068302154541016e-01
1.216323301196098328e-01
8.440838456153869629e-01
2.734619379043579102e-01
1.907921880483627319e-01
1.925095915794372559e-02
6.863290667533874512e-01
4.722490012645721436e-01
1.284252256155014038e-01
3.620819747447967529e-02
1.301915049552917480e-01
4.903515279293060303e-01
1.332540273666381836e+00
1.867609024047851562e+00
4.088597372174263000e-02
0.000000000000000000e+00
8.718132227659225464e-02
4.891004413366317749e-02
0.000000000000000000e+00
1.293883025646209717e-01
1.166064262390136719e+00
1.126196160912513733e-01
3.986176848411560059e-01
6.540086586028337479e-03
6.674730181694030762e-01
2.223015576601028442e-01
1.937815248966217041e-01
7.235482335090637207e-02
2.949681133031845093e-02
5.109316706657409668e-01
1.471730321645736694e-01
1.127070188522338867e-02
3.273053467273712158e-02
2.617546319961547852e-01
6.172322109341621399e-02
0.000000000000000000e+00
4.156792759895324707e-01
7.348997890949249268e-02
3.633999824523925781e-01
7.730226218700408936e-02
1.000400856137275696e-01
0.000000000000000000e+00
1.269701719284057617e-01
1.263110280036926270e+00
5.361697077751159668e-01
1.359970092773437500e+00
3.210306167602539062e-01
1.758088544011116028e-02
9.662927389144897461e-01
2.425190061330795288e-01
4.909899830818176270e-01
2.814320921897888184e-01
1.030997991561889648e+00
1.469051348976790905e-03
7.771636843681335449e-01
2.252755220979452133e-03
3.726398646831512451e-01
4.609606266021728516e-01
6.585415363311767578e+00
2.277193784713745117e+00
2.422081232070922852e+00
0.000000000000000000e+00
8.274494856595993042e-02
1.665200948715209961e+00
1.043490409851074219e+00
1.252006053924560547e+00
2.784338593482971191e-01
1.157892793416976929e-01
0.000000000000000000e+00
8.668600320816040039e-01
3.550365567207336426e-01
2.283433228731155396e-01
4.260720610618591309e-01
3.683501388877630234e-03
6.392451375722885132e-02
7.783233523368835449e-01
8.810646831989288330e-02
4.287034273147583008e-02
2.691567130386829376e-02
2.606332004070281982e-01
9.007812291383743286e-02
9.264362044632434845e-03
1.017431356012821198e-02
3.860696256160736084e-01
5.264621376991271973e-01
0.000000000000000000e+00
7.788345962762832642e-02
1.247445583343505859e+00
5.820221900939941406e-01
2.410865575075149536e-01
1.115625619888305664e+00
7.357940673828125000e-01
1.594907045364379883e-01
3.418090939521789551e-01
1.473301649093627930e-01
7.652175426483154297e-02
1.582604460418224335e-02
1.433231115341186523e+00
1.890843659639358521e-01
1.780055284500122070e+00
3.331423699855804443e-01
4.164699316024780273e-01
1.565290808677673340e+00
3.048108483199030161e-04
5.881635472178459167e-02
7.127669453620910645e-02
1.644424945116043091e-01
1.041141897439956665e-01
8.144741654396057129e-01
0.000000000000000000e+00
1.167418599128723145e+00
0.000000000000000000e+00
3.788142800331115723e-01
1.503241300582885742e+00
1.484687328338623047e-01
1.670127362012863159e-01
2.738411426544189453e-01
1.461665984243154526e-02
8.822965025901794434e-01
3.347931802272796631e-01
5.317239761352539062e-01
2.101093716919422150e-02
5.496960282325744629e-01
1.694395065307617188e+00
4.845159053802490234e+00
8.008467848412692547e-04
5.424988865852355957e-01
4.371471330523490906e-02
2.293241918087005615e-01
4.364716708660125732e-01
9.274073690176010132e-02
6.772112101316452026e-02
1.777952313423156738e-01
1.462661623954772949e+00
4.647383093833923340e-01
0.000000000000000000e+00
7.657620906829833984e-01
1.719236820936203003e-01
6.489442288875579834e-02
1.969733089208602905e-01
1.208082758239470422e-04
0.000000000000000000e+00
0.000000000000000000e+00
7.704804092645645142e-02
2.141861468553543091e-01
1.436242610216140747e-01
8.979695290327072144e-02
2.121365964412689209e-01
6.472738087177276611e-02
1.929021067917346954e-02
1.347280740737915039e+00
8.866485357284545898e-01
1.267239302396774292e-01
4.705379530787467957e-02
7.685133218765258789e-01
6.483644247055053711e-01
2.342535257339477539e+00
1.886843293905258179e-01
0.000000000000000000e+00
1.554864525794982910e+00
2.339278310537338257e-01
2.845225632190704346e-01
1.451833605766296387e+00
8.918805718421936035e-01
7.148130536079406738e-01
1.092343330383300781e-01
5.120306015014648438e-01
2.406724914908409119e-02
2.183099240064620972e-01
9.637788683176040649e-02
2.595208585262298584e-01
0.000000000000000000e+00
2.244498133659362793e-01
2.636353373527526855e-01
7.646554708480834961e-01
2.774276971817016602e+00
0.000000000000000000e+00
0.000000000000000000e+00
5.329692736268043518e-02
2.485360018908977509e-02
0.000000000000000000e+00
3.523460626602172852e-01
4.575128853321075439e-02
9.529792070388793945e-01
3.742049038410186768e-01
1.016042660921812057e-02
1.594779342412948608e-01
3.239311277866363525e-02
2.181253194808959961e+00
1.851696521043777466e-01
2.258550524711608887e-01
6.139009818434715271e-02
7.833104580640792847e-02
0.000000000000000000e+00
3.219599723815917969e-01
5.452737677842378616e-03
1.909783482551574707e-01
6.242704391479492188e-01
1.638754308223724365e-01
6.268560290336608887e-01
9.030113220214843750e-01
6.539540886878967285e-01
7.462615966796875000e-01
1.954775489866733551e-02
0.000000000000000000e+00
1.095374971628189087e-01
2.913245260715484619e-01
0.000000000000000000e+00
2.305685132741928101e-01
5.167785286903381348e-01
0.000000000000000000e+00
3.778539299964904785e-01
0.000000000000000000e+00
9.751954078674316406e-01
1.303033828735351562e+00
2.556368112564086914e-01
1.001938939094543457e+00
5.278083682060241699e-01
4.011804580688476562e+00
6.311287879943847656e+00
3.048083484172821045e-01
1.030178546905517578e+00
8.969992399215698242e-02
6.299263238906860352e-01
4.031988605856895447e-02
6.972440332174301147e-02
0.000000000000000000e+00
2.025177702307701111e-02
2.034574449062347412e-01
1.087545156478881836e+00
1.576142430305480957e+00
9.907483123242855072e-03
0.000000000000000000e+00
1.592406034469604492e+00
1.807605385780334473e+00
9.192795753479003906e-01
1.805007308721542358e-01
2.267486095428466797e+00
1.873591840267181396e-01
