9.020588546991348267e-02
7.548321485519409180e-01
3.275297582149505615e-01
9.531846046447753906e-01
8.179343938827514648e-01
3.784993886947631836e-01
2.873313985764980316e-02
4.408120810985565186e-01
2.406953573226928711e+00
0.000000000000000000e+00
3.075470209121704102e+00
9.426037669181823730e-01
3.978640794754028320e+00
9.931744337081909180e-01
1.985267549753189087e-01
5.892696976661682129e-01
4.692394733428955078e-01
1.277799606323242188e-01
2.414578199386596680e-01
6.241669505834579468e-02
0.000000000000000000e+00
1.425642073154449463e-01
1.606223940849304199e+00
3.139928877353668213e-01
6.135973334312438965e-02
1.267200410366058350e-01
2.915265411138534546e-02
3.778062820434570312e+00
5.261306837201118469e-02
2.352824449539184570e+00
7.672926038503646851e-02
3.531348705291748047e-01
3.291378542780876160e-02
1.064646020531654358e-01
2.451584339141845703e-01
2.145850509405136108e-01
2.134333372116088867e+00
1.789667248725891113e+00
3.487742738798260689e-03
2.302302420139312744e-02
3.605791926383972168e-01
1.372863888740539551e+00
2.459033012390136719e+00
3.192325830459594727e-01
3.359649479389190674e-01
3.065756261348724365e-01
3.663725554943084717e-01
2.753552198410034180e-01
4.912093281745910645e-01
2.790248692035675049e-01
8.805299997329711914e-01
1.115523815155029297e+00
3.857471942901611328e-01
4.904109537601470947e-01
1.818340659141540527e+00
1.804178580641746521e-02
3.618837893009185791e-01
2.461684495210647583e-01
2.310301542282104492e+00
3.560770750045776367e-01
7.577966898679733276e-02
9.804001450538635254e-02
5.447881221771240234e-01
3.352000117301940918e-01
4.286104440689086914e-01
1.341644406318664551e+00
2.913332462310791016e+00
9.429366588592529297e-01
1.522871386259794235e-02
1.608240604400634766e-01
2.753888666629791260e-01
1.198446989059448242e+00
2.667201161384582520e-01
2.767111063003540039e-01
1.196188807487487793e+00
5.488112568855285645e-02
3.852591151371598244e-03
1.535729765892028809e-01
2.482926100492477417e-01
2.864940166473388672e-01
4.981278777122497559e-01
6.478080153465270996e-01
1.779780089855194092e-01
1.247277259826660156e+00
1.642447710037231445e-01
2.690539509057998657e-02
2.293902873992919922e+00
4.315913319587707520e-01
2.281225919723510742e-01
1.329066157341003418e-01
2.790829420089721680e+00
5.878452062606811523e-01
3.797168284654617310e-02
2.843528389930725098e-01
2.121541798114776611e-01
1.560981944203376770e-02
5.919726192951202393e-02
1.310433000326156616e-01
3.240601778030395508e+00
1.131640553474426270e+00
1.478446006774902344e+00
4.096835851669311523e-01
1.356452051550149918e-02
6.891968250274658203e-01
2.455336786806583405e-02
5.695430040359497070e-01
3.645651787519454956e-02
3.254666924476623535e-01
1.927212476730346680e+00
6.132286190986633301e-01
2.781298756599426270e-01
5.496156215667724609e-01
1.024107456207275391e+00
4.531006887555122375e-02
4.174287617206573486e-01
6.691721826791763306e-02
2.029956877231597900e-01
8.629863262176513672e-01
3.555298745632171631e-01
3.293072700500488281e+00
2.581225872039794922e+00
8.494551479816436768e-02
1.702220886945724487e-01
1.044839859008789062e+00
7.590903282165527344e+00
4.563118219375610352e-01
7.091641426086425781e-01
1.030069664120674133e-01
2.638091742992401123e-01
4.914723709225654602e-02
3.971516489982604980e-01
1.749533414840698242e-01
1.668753743171691895e+00
3.117072582244873047e-01
3.838613331317901611e-01
1.711414307355880737e-01
5.134094133973121643e-02
5.028665661811828613e-01
2.392413616180419922e-01
4.126826226711273193e-01
9.025963023304939270e-03
2.778115272521972656e-01
6.413310170173645020e-01
3.602780401706695557e-02
2.801023125648498535e-01
0.000000000000000000e+00
3.734745457768440247e-02
7.917645573616027832e-01
3.397073447704315186e-01
2.513509511947631836e+00
5.941230431199073792e-02
1.550208926200866699e-01
7.496548891067504883e-01
6.139538884162902832e-01
0.000000000000000000e+00
4.830012321472167969e-01
1.357959628105163574e+00
1.163950204849243164e+00
3.575039207935333252e-01
5.298761278390884399e-02
1.484377980232238770e-01
8.988524228334426880e-02
3.501749932765960693e-01
8.602856993675231934e-01
3.735074400901794434e-01
1.529330164194107056e-01
1.450332403182983398e-01
1.281149983406066895e+00
3.503753244876861572e-01
1.670466512441635132e-01
2.322556450963020325e-02
3.221138417720794678e-01
3.806657493114471436e-01
5.266008973121643066e-01
1.979315578937530518e-01
3.365252017974853516e-01
8.618573099374771118e-02
1.208659529685974121e+00
5.816373825073242188e-01
2.873940467834472656e-01
2.114959806203842163e-01
1.419530868530273438e+00
2.498938739299774170e-01
1.097181662917137146e-01
0.000000000000000000e+00
2.242332696914672852e-01
0.000000000000000000e+00
6.417660042643547058e-03
7.176076620817184448e-02
2.267389297485351562e+00
2.260921239852905273e+00
3.134963810443878174e-01
3.062616586685180664e-01
2.351576387882232666e-01
2.726858481764793396e-02
0.000000000000000000e+00
2.112028747797012329e-02
0.000000000000000000e+00
5.997851490974426270e-01
3.443230092525482178e-01
5.704623833298683167e-02
2.447917461395263672e+00
7.734587788581848145e-02
1.634650528430938721e-01
3.993583917617797852e-01
9.204532951116561890e-02
5.524721741676330566e-01
1.054743379354476929e-01
8.183487653732299805e-01
1.908890962600708008e+00
7.392080128192901611e-02
3.963802337646484375e+00
8.346984386444091797e-01
4.694474935531616211e-01
4.404339790344238281e-01
1.061679124832153320e-01
1.130126595497131348e+00
2.495812773704528809e-01
8.070604801177978516e-01
4.508152902126312256e-01
2.079083621501922607e-01
2.892119996249675751e-02
6.916528195142745972e-02
1.059345677495002747e-01
1.791632056236267090e+00
3.567630350589752197e-01
9.796395897865295410e-02
3.810137987136840820e+00
8.202803879976272583e-02
1.148160696029663086e+00
8.277790546417236328e-01
6.275054812431335449e-02
3.248741328716278076e-01
2.315193653106689453e+00
2.236546277999877930e-01
1.784683704376220703e+00
1.692943692207336426e+00
2.969294309616088867e+00
3.892807960510253906e-01
7.487060427665710449e-01
3.026635944843292236e-01
3.828562498092651367e-01
6.162142753601074219e-01
2.278060168027877808e-01
7.291346788406372070e-02
3.093141019344329834e-01
3.145301342010498047e-01
4.198009073734283447e-01
4.876091182231903076e-01
1.670957803726196289e-01
3.469642698764801025e-01
4.126069843769073486e-01
2.538811974227428436e-02
2.855096459388732910e-01
6.040846109390258789e-01
5.449167490005493164e-01
2.062593698501586914e-01
7.163918018341064453e-01
1.093955039978027344e+00
3.087220154702663422e-02
3.644761741161346436e-01
2.921309709548950195e+00
4.061382710933685303e-01
6.939776539802551270e-01
2.318000420928001404e-03
4.815915822982788086e-01
2.239714376628398895e-02
5.553373098373413086e-01
4.761360287666320801e-01
1.918055862188339233e-01
1.453648447990417480e+00
2.498772740364074707e-01
3.369766473770141602e-01
4.815958440303802490e-02
2.406263537704944611e-02
0.000000000000000000e+00
2.637977898120880127e-01
5.108402967453002930e-01
5.536332353949546814e-02
3.148977756500244141e-01
1.082018110901117325e-02
1.047095879912376404e-01
4.057146310806274414e-01
1.908354461193084717e-01
4.701337218284606934e-02
1.253520846366882324e+00
1.827239036560058594e+00
3.012222647666931152e-01
1.961643844842910767e-01
6.826421618461608887e-01
4.826116561889648438e-02
1.547555178403854370e-01
5.117878913879394531e-01
1.438638925552368164e+00
2.514333426952362061e-01
4.180271327495574951e-01
1.509579569101333618e-01
6.747229695320129395e-01
1.415174007415771484e+00
2.022496014833450317e-01
8.349545598030090332e-01
1.046542730182409286e-02
3.047230839729309082e-01
3.005363941192626953e-01
1.026694923639297485e-01
4.233969449996948242e-01
1.900324970483779907e-01
5.430274605751037598e-01
2.054946869611740112e-01
4.647720456123352051e-01
5.363961458206176758e-01
1.575928479433059692e-01
2.143426656723022461e+00
5.165755271911621094e+00
4.454929828643798828e-01
1.797419309616088867e+00
1.541383266448974609e-01
5.604987740516662598e-01
7.265623211860656738e-01
6.604006886482238770e-01
1.834537386894226074e-01
7.489131093025207520e-01
4.097946360707283020e-02
9.345111250877380371e-02
1.291352629661560059e+00
0.000000000000000000e+00
3.242372572422027588e-01
4.150360226631164551e-01
1.409863233566284180e-01
0.000000000000000000e+00
5.463530495762825012e-02
4.247267842292785645e-01
5.674304813146591187e-02
1.639772534370422363e+00
1.086508706212043762e-01
9.211372733116149902e-01
1.906925439834594727e+00
8.201638236641883850e-03
4.128079414367675781e-01
2.563383579254150391e-01
1.471341550350189209e-01
0.000000000000000000e+00
1.622300446033477783e-01
0.000000000000000000e+00
0.000000000000000000e+00
4.357189655303955078e+00
6.682713031768798828e-01
4.219595789909362793e-01
2.136960066854953766e-02
5.869558453559875488e-02
5.137738585472106934e-01
1.433631300926208496e+00
9.146693162620067596e-03
2.228979393839836121e-02
1.506361924111843109e-02
1.276000887155532837e-01
3.489306196570396423e-02
5.156874656677246094e-01
3.852038830518722534e-02
0.000000000000000000e+00
4.605270326137542725e-01
6.083297133445739746e-01
1.294907212257385254e+00
2.883817851543426514e-01
8.109885454177856445e-01
4.867376089096069336e-01
5.532270669937133789e-01
1.015488356351852417e-01
1.686988323926925659e-01
1.028048276901245117e+00
2.099241912364959717e-01
1.251903641968965530e-02
2.277472913265228271e-01
4.758923649787902832e-01
2.549635469913482666e-01
1.365932345390319824e+00
2.397388935089111328e+00
3.129462003707885742e-01
1.706636428833007812e+00
8.125299960374832153e-02
2.486776858568191528e-01
5.700418725609779358e-02
3.711774051189422607e-01
2.339887022972106934e-01
5.254073739051818848e-01
1.462549805641174316e+00
7.454291582107543945e-01
9.115018695592880249e-02
2.625342607498168945e+00
1.813887715339660645e+00
8.636832833290100098e-01
1.277555942535400391e+00
3.058286905288696289e-01
0.000000000000000000e+00
1.037298560142517090e+00
3.410494327545166016e-01
1.236993744969367981e-01
2.300403833389282227e+00
0.000000000000000000e+00
2.557352483272552490e-01
1.017176628112792969e+00
8.411559462547302246e-02
9.397115111351013184e-01
7.944821119308471680e-01
2.034956067800521851e-01
1.015665754675865173e-01
2.607095539569854736e-01
5.115599632263183594e-01
1.124012947082519531e+00
1.962767094373703003e-01
2.256349325180053711e-01
1.471405386924743652e+00
1.008404940366744995e-01
6.451148539781570435e-02
5.087611675262451172e-01
3.795145750045776367e-01
3.776288628578186035e-01
2.945611715316772461e+00
1.350264847278594971e-01
1.979079693555831909e-01
4.229712486267089844e-01
2.892937660217285156e-01
8.550755381584167480e-01
7.978230118751525879e-01
1.915590763092041016e-01
7.849888801574707031e-01
1.592902243137359619e-01
1.064965128898620605e+00
5.952270627021789551e-01
0.000000000000000000e+00
9.011385440826416016e-01
1.428157985210418701e-01
6.876343488693237305e-02
0.000000000000000000e+00
3.803763538599014282e-02
3.714101314544677734e-01
1.241734147071838379e+00
1.708410214632749557e-03
3.528235014528036118e-03
1.301037430763244629e+00
4.573871195316314697e-01
0.000000000000000000e+00
1.629836857318878174e-01
4.143333137035369873e-01
1.565578877925872803e-01
6.118321418762207031e-01
5.744143947958946228e-02
1.089358568191528320e+00
5.470160841941833496e-01
2.657807767391204834e-01
3.347965180873870850e-01
1.775147169828414917e-01
2.746048010885715485e-02
3.149411976337432861e-01
2.465359419584274292e-01
5.865463986992835999e-02
1.493989676237106323e-01
8.371097967028617859e-03
9.424529075622558594e-01
1.507475674152374268e-01
6.056540608406066895e-01
6.321843862533569336e-01
1.623428761959075928e-01
8.979874849319458008e-02
4.822862446308135986e-01
3.034759759902954102e-01
5.601471662521362305e-01
6.522582173347473145e-01
2.084634542465209961e+00
3.265231847763061523e-02
3.292466104030609131e-01
1.938537478446960449e+00
0.000000000000000000e+00
1.455185890197753906e+00
7.694610357284545898e-01
1.427305396646261215e-02
1.969981908798217773e+00
2.216926068067550659e-01
3.112890422344207764e-01
8.389269113540649414e-01
1.641887784004211426e+00
1.618443846702575684e+00
2.831058204174041748e-01
1.623250842094421387e-01
2.688210606575012207e-01
2.057160377502441406e+00
3.229971826076507568e-01
3.266743719577789307e-01
1.362633824348449707e+00
5.064798593521118164e-01
4.248466491699218750e-01
3.399863243103027344e-01
1.478782147169113159e-01
5.153191685676574707e-01
5.756301403045654297e+00
7.701545357704162598e-01
1.398143731057643890e-02
1.660940945148468018e-01
4.652496576309204102e-01
4.276050925254821777e-01
4.783955812454223633e-01
1.324834972620010376e-01
1.005500555038452148e-01
1.852291822433471680e-01
6.360999494791030884e-02
0.000000000000000000e+00
1.361129760742187500e+00
1.534162461757659912e-01
0.000000000000000000e+00
7.818122953176498413e-02
2.519677206873893738e-02
6.239687204360961914e-01
1.399573683738708496e-01
0.000000000000000000e+00
2.366435527801513672e+00
1.459108352661132812e+00
2.634454071521759033e-01
0.000000000000000000e+00
0.000000000000000000e+00
4.041860401630401611e-01
3.418855071067810059e-01
4.416535854339599609e+00
5.530841350555419922e-01
1.441791374236345291e-02
2.316297739744186401e-01
1.891514956951141357e-01
1.583196520805358887e+00
5.992994457483291626e-02
3.046700358390808105e-01
4.887092113494873047e-01
1.614020317792892456e-01
7.033590227365493774e-02
1.813474670052528381e-02
2.358974933624267578e+00
7.978871464729309082e-01
2.139349281787872314e-02
2.380559891462326050e-01
1.531995534896850586e+00
6.223771572113037109e-01
1.023335848003625870e-02
2.141691923141479492e+00
4.601546227931976318e-01
9.298583269119262695e-01
0.000000000000000000e+00
1.915280073881149292e-01
4.489423930644989014e-01
1.954332441091537476e-01
3.086525201797485352e-01
5.320079803466796875e+00
6.319275498390197754e-01
2.655400633811950684e-01
3.058088384568691254e-02
3.853523135185241699e-01
2.669524848461151123e-01
0.000000000000000000e+00
1.746428199112415314e-02
7.057930827140808105e-01
2.440066337585449219e+00
2.928726673126220703e-01
1.979857534170150757e-01
1.928110979497432709e-02
2.146812342107295990e-02
1.209904313087463379e+00
6.551948785781860352e-01
4.677314758300781250e-01
2.610599040985107422e+00
4.578496217727661133e-01
2.018425166606903076e-01
8.893557637929916382e-02
2.783823966979980469e+00
1.686492413282394409e-01
2.382553100585937500e+00
1.207256913185119629e+00
8.750156760215759277e-01
2.717139944434165955e-02
1.372241973876953125e-01
9.487888962030410767e-02
3.613038361072540283e-01
1.325522065162658691e-01
0.000000000000000000e+00
3.305895328521728516e+00
4.652581512928009033e-01
3.375072777271270752e-02
4.046504944562911987e-02
2.820723056793212891e-01
7.821433544158935547e-01
5.463013052940368652e-02
5.801811218261718750e-01
1.212492212653160095e-01
1.665984690189361572e-01
2.417537271976470947e-01
5.202057957649230957e-01
7.539208978414535522e-03
2.164593189954757690e-01
4.016623273491859436e-02
6.884073019027709961e-01
2.439475357532501221e-01
1.985476613044738770e-01
5.995472893118858337e-03
2.927794158458709717e-01
1.232538342475891113e+00
1.277559280395507812e+00
1.647526025772094727e-01
2.063636332750320435e-01
5.047091841697692871e-01
1.446642577648162842e-01
2.395492553710937500e+00
3.683954954147338867e+00
1.559390425682067871e-01
2.192771732807159424e-01
5.243945717811584473e-01
3.603904545307159424e-01
1.165217161178588867e-01
1.969082057476043701e-01
1.542214676737785339e-02
2.439302355051040649e-01
7.375679910182952881e-02
0.000000000000000000e+00
4.657956659793853760e-01
1.223797798156738281e-01
2.247608423233032227e+00
5.621711015701293945e-01
2.876450717449188232e-01
2.603594586253166199e-02
2.419739365577697754e-01
1.016418412327766418e-01
2.998363256454467773e+00
1.357972621917724609e-02
2.052414603531360626e-02
9.058251976966857910e-03
2.030390024185180664e+00
3.207949101924896240e-01
8.448451757431030273e-02
6.791064143180847168e-01
3.599681556224822998e-01
1.617594718933105469e+00
4.056558012962341309e-01
9.965656995773315430e-01
1.597949624061584473e+00
0.000000000000000000e+00
1.428264379501342773e+00
6.986290216445922852e-01
3.127576708793640137e-01
6.039745360612869263e-02
3.522151112556457520e-01
4.340909123420715332e-01
1.352660059928894043e+00
4.353339970111846924e-01
1.750335246324539185e-01
0.000000000000000000e+00
2.237717807292938232e-01
2.195012092590332031e+00
2.055452316999435425e-01
5.582456588745117188e-01
4.700680971145629883e-01
1.531468480825424194e-01
3.536039590835571289e-01
1.720665097236633301e-01
4.229227900505065918e-01
2.264519184827804565e-01
1.549337506294250488e-01
2.135685533285140991e-01
8.464481830596923828e-01
2.023659199476242065e-01
3.168982639908790588e-02
3.919298648834228516e-01
4.042699038982391357e-01
3.338214457035064697e-01
2.367288351058959961e+00
1.745859980583190918e-01
6.470732092857360840e-01
8.057927489280700684e-01
1.402626633644104004e+00
8.402125835418701172e-01
0.000000000000000000e+00
1.005874648690223694e-01
9.287405759096145630e-02
2.037289381027221680e+00
1.279473602771759033e-01
7.199003100395202637e-01
2.891028642654418945e+00
1.516636490821838379e+00
6.073516607284545898e-01
1.208330631256103516e+00
8.760831952095031738e-01
2.822449803352355957e-01
1.683096140623092651e-01
2.251803874969482422e+00
2.946052253246307373e-01
0.000000000000000000e+00
8.997866511344909668e-01
1.050930976867675781e+00
5.596339106559753418e-01
1.200167983770370483e-01
9.766288846731185913e-02
1.078879460692405701e-01
3.287035524845123291e-01
3.112545013427734375e-01
1.147922039031982422e+00
5.321131944656372070e-01
5.991837382316589355e-01
3.960568904876708984e-01
4.367872774600982666e-01
5.687399208545684814e-02
1.437740087509155273e+00
6.169376969337463379e-01
6.472907662391662598e-01
3.289864957332611084e-01
2.248399704694747925e-01
3.350469097495079041e-02
1.128967761993408203e+00
5.559450387954711914e-01
1.456320583820343018e-01
6.071530580520629883e-01
3.496470153331756592e-01
4.466066360473632812e+00
1.921104550361633301e+00
4.668936431407928467e-01
1.229573249816894531e+00
4.539599418640136719e-01
1.518154591321945190e-01
1.024307906627655029e-01
1.533159494400024414e+00
3.875399231910705566e-01
3.625636100769042969e-01
1.785949468612670898e-01
5.216959714889526367e-01
1.419801950454711914e+00
1.592676639556884766e-01
6.293894767761230469e+00
8.659894764423370361e-02
0.000000000000000000e+00
2.182931266725063324e-02
8.410123735666275024e-02
6.378407478332519531e-01
4.829168915748596191e-01
1.721665561199188232e-01
9.394834041595458984e-01
4.710236787796020508e-01
2.939074337482452393e-01
1.194506883621215820e+00
5.435898900032043457e-01
3.300993144512176514e-02
7.247771602123975754e-03
2.025982365012168884e-02
1.259640753269195557e-01
8.213894069194793701e-02
2.221758244559168816e-03
2.065582871437072754e-01
3.537060618400573730e-01
2.648014202713966370e-02
6.704992149025201797e-03
7.457259297370910645e-02
4.428331553936004639e-01
3.407918214797973633e-01
3.123344182968139648e-01
2.022021710872650146e-01
4.834395349025726318e-01
1.711203157901763916e-01
3.966737389564514160e-01
7.509327530860900879e-01
1.627105176448822021e-01
2.445646524429321289e-01
3.156668543815612793e-01
1.718722432851791382e-01
8.327531814575195312e-02
4.473018944263458252e-01
7.008874416351318359e-02
9.536813497543334961e-01
3.045952916145324707e-01
1.192461233586072922e-02
2.790931984782218933e-02
6.400644183158874512e-01
9.029131531715393066e-01
4.363489747047424316e-01
1.599340915679931641e+00
2.368349313735961914e+00
1.012760877609252930e+00
1.118849664926528931e-01
2.674946188926696777e-01
7.327263802289962769e-02
7.267134636640548706e-02
1.820162236690521240e-01
7.581286877393722534e-02
5.460314750671386719e-01
2.052991092205047607e-01
4.142316430807113647e-02
6.237780302762985229e-02
2.372009493410587311e-02
3.907798528671264648e-01
0.000000000000000000e+00
5.029689073562622070e-01
1.320988982915878296e-01
7.400497794151306152e-01
5.824324861168861389e-02
1.354918330907821655e-01
3.902581930160522461e-01
2.350220233201980591e-01
1.502097249031066895e-01
7.362418174743652344e-01
2.855272889137268066e-01
4.867693781852722168e-01
3.710373163223266602e+00
1.023591775447130203e-02
2.282250642776489258e+00
1.479542613029479980e+00
4.542721211910247803e-01
3.046189248561859131e-01
3.490519523620605469e-01
5.067524313926696777e-01
0.000000000000000000e+00
1.200770616531372070e+00
5.497865751385688782e-02
1.492522656917572021e-01
5.794976949691772461e-01
3.659802973270416260e-01
1.173730641603469849e-01
8.919174969196319580e-02
1.383498907089233398e-01
2.240146100521087646e-01
1.568229317665100098e+00
6.726223826408386230e-01
2.568295300006866455e-01
7.331444621086120605e-01
3.523253202438354492e-01
3.030886352062225342e-01
1.849840760231018066e+00
3.182789981365203857e-01
1.455909907817840576e-01
5.250303745269775391e-01
1.182355452328920364e-02
9.324337840080261230e-01
1.632371172308921814e-02
1.090987920761108398e-01
9.831456094980239868e-02
7.461396977305412292e-03
2.154682297259569168e-03
3.206134960055351257e-02
1.972255557775497437e-01
1.887182146310806274e-01
1.820632964372634888e-01
5.500854924321174622e-02
2.570941209793090820e+00
2.374993115663528442e-01
1.039995178580284119e-01
2.040407896041870117e+00
1.303583830595016479e-01
2.975740134716033936e-01
1.204230822622776031e-02
7.791456580162048340e-02
4.456381201744079590e-01
1.218796074390411377e-01
1.502121090888977051e-01
6.258634924888610840e-01
6.582909822463989258e-02
7.033057808876037598e-01
0.000000000000000000e+00
1.954916417598724365e-01
2.092439532279968262e-01
8.117917776107788086e-01
2.582505345344543457e-01
9.417228102684020996e-01
7.190678119659423828e-01
3.225337713956832886e-02
5.370461940765380859e-01
2.080437839031219482e-01
4.068495273590087891e+00
4.883972555398941040e-02
0.000000000000000000e+00
7.564877867698669434e-01
2.173211336135864258e+00
2.131847590208053589e-01
8.040027022361755371e-01
3.500228049233555794e-04
9.277527332305908203e-01
1.092276453971862793e+00
9.723056852817535400e-02
4.214986562728881836e-01
2.050666809082031250e-01
1.347063034772872925e-01
2.837702035903930664e-01
6.895368099212646484e-01
1.431704044342041016e+00
5.613311529159545898e-01
3.364289924502372742e-02
3.000946640968322754e-01
2.322741895914077759e-01
0.000000000000000000e+00
2.450569719076156616e-02
8.827373385429382324e-03
1.343525648117065430e-01
6.362211108207702637e-01
7.146602272987365723e-01
8.298209309577941895e-02
2.753908336162567139e-01
9.230471402406692505e-02
2.029684036970138550e-01
6.153915449976921082e-02
6.736203432083129883e-01
5.751417204737663269e-02
2.175922393798828125e-01
4.717001318931579590e-01
7.164308428764343262e-01
3.716105937957763672e+00
2.795642614364624023e-01
2.102658003568649292e-01
3.145537376403808594e-01
5.392010211944580078e-01
4.166160151362419128e-02
3.779236972332000732e-02
0.000000000000000000e+00
2.443824529647827148e+00
1.497860908508300781e+00
5.202392935752868652e-01
2.184131741523742676e-01
4.786214232444763184e-01
2.998538017272949219e-01
1.267895400524139404e-01
1.261857032775878906e+00
3.809191584587097168e-01
2.980041503906250000e-01
8.536679744720458984e-01
1.301290690898895264e-01
1.834266781806945801e-01
5.381672382354736328e-01
4.712304472923278809e-01
6.709553766995668411e-03
1.092035531997680664e+00
1.140689477324485779e-01
2.308436632156372070e-01
2.174634784460067749e-01
1.712401211261749268e-01
1.344285458326339722e-01
9.757440537214279175e-03
1.910945773124694824e-02
3.413775563240051270e-01
4.720521271228790283e-01
0.000000000000000000e+00
9.713063240051269531e-01
9.304840117692947388e-03
1.432232111692428589e-01
9.978377260267734528e-03
9.611248970031738281e-01
4.018909037113189697e-01
2.167225331068038940e-01
1.993896067142486572e-01
8.766130544245243073e-03
4.181801974773406982e-01
9.483544230461120605e-01
5.865192413330078125e-02
1.545398831367492676e-01
7.607477903366088867e-02
4.625891685485839844e+00
1.961732387542724609e+00
6.429426670074462891e-01
3.962765932083129883e-01
4.919131398200988770e-01
7.538277190178632736e-03
1.475943922996520996e-01
1.792940348386764526e-01
2.819744683802127838e-02
3.507098257541656494e-01
1.705602928996086121e-02
3.621725738048553467e-01
9.143623709678649902e-02
3.981973603367805481e-02
6.647963523864746094e-01
1.046130895614624023e+00
9.139401316642761230e-01
2.522615790367126465e-01
8.421589434146881104e-02
2.498930844012647867e-04
9.723568335175514221e-03
1.011944651603698730e+00
1.063339114189147949e+00
3.300009369850158691e-01
2.702653706073760986e-01
3.661978542804718018e-01
1.430705785751342773e+00
8.799952268600463867e-02
4.485602080821990967e-01
4.806115627288818359e-01
2.735456638038158417e-02
3.347546560689806938e-03
5.978003144264221191e-02
8.575242757797241211e-01
6.392052173614501953e-01
5.025970935821533203e-01
2.918668091297149658e-01
1.525056660175323486e-01
2.897042222321033478e-02
7.728824764490127563e-02
4.677593410015106201e-01
0.000000000000000000e+00
3.454541563987731934e-01
1.543209433555603027e+00
5.295713543891906738e-01
7.191070914268493652e-01
3.201252818107604980e-01
1.210271477699279785e+00
2.874612510204315186e-01
6.643720865249633789e-01
5.517331957817077637e-01
0.000000000000000000e+00
5.932767987251281738e-01
6.628743410110473633e-01
2.467636168003082275e-01
9.180679321289062500e-01
2.375723794102668762e-02
2.765637397766113281e+00
0.000000000000000000e+00
2.598003484308719635e-02
5.140116810798645020e-01
1.822566241025924683e-02
2.350720763206481934e-01
2.380457073450088501e-01
4.300719872117042542e-02
0.000000000000000000e+00
3.732849836349487305e+00
1.160557940602302551e-02
2.073490023612976074e-01
4.994771908968687057e-03
5.665070414543151855e-01
2.848894894123077393e-01
3.662887811660766602e-01
2.240961045026779175e-01
1.316811889410018921e-02
1.877807527780532837e-01
2.493006759323179722e-04
1.843452453613281250e+00
6.592818349599838257e-02
1.742503345012664795e-01
7.106076180934906006e-02
4.021405577659606934e-01
9.178493022918701172e-01
2.524731159210205078e-01
4.696661949157714844e+00
1.419514864683151245e-01
3.968669474124908447e-01
3.889858126640319824e-01
9.355341196060180664e-01
1.666992008686065674e-01
9.693626761436462402e-01
1.190226152539253235e-02
6.840820312500000000e-01
1.732300966978073120e-01
1.659041643142700195e-01
3.015102259814739227e-02
1.365448683500289917e-01
3.023963570594787598e-01
2.874072313308715820e+00
1.309098005294799805e-01
7.550826668739318848e-01
1.476157009601593018e-01
9.968989342451095581e-02
3.392022252082824707e-01
1.733879297971725464e-01
1.828951984643936157e-01
3.983654081821441650e-01
1.594890505075454712e-01
3.542928993701934814e-01
5.922246351838111877e-02
3.168011605739593506e-01
1.125178694725036621e+00
0.000000000000000000e+00
2.744031846523284912e-01
3.786408603191375732e-01
4.677526056766510010e-01
3.614632785320281982e-01
8.216784000396728516e-01
8.822117745876312256e-02
0.000000000000000000e+00
5.307802930474281311e-02
5.460458993911743164e-01
2.423702478408813477e-01
4.651439785957336426e-01
3.211819827556610107e-01
8.826503902673721313e-02
3.564951121807098389e-01
1.498191058635711670e-01
1.787450909614562988e-01
5.526033639907836914e-01
1.322335481643676758e+00
1.399212926626205444e-01
2.084854617714881897e-02
5.668630823493003845e-02
1.284153699874877930e+00
4.714302420616149902e-01
5.175426229834556580e-02
8.569077402353286743e-02
3.351088464260101318e-01
7.931795716285705566e-01
3.000237345695495605e-01
0.000000000000000000e+00
2.604368627071380615e-01
1.622976541519165039e+00
7.585337758064270020e-01
2.297123894095420837e-02
4.231696724891662598e-01
5.305241942405700684e-01
2.614838778972625732e-01
2.516314983367919922e-01
1.090083718299865723e+00
3.641589879989624023e-01
1.500351820141077042e-02
1.095952868461608887e+00
2.218701094388961792e-01
4.285764694213867188e-02
8.527193963527679443e-02
4.882335662841796875e-01
5.783541798591613770e-01
1.244997262954711914e+00
2.318775355815887451e-01
2.597790062427520752e-01
2.725548809394240379e-03
5.511308908462524414e-01
5.650590658187866211e-01
8.031645789742469788e-03
7.557744383811950684e-01
4.851694218814373016e-03
1.434499144554138184e+00
6.085197925567626953e-01
2.276237010955810547e+00
6.215844675898551941e-02
1.236308097839355469e+00
1.959297358989715576e-01
8.791179209947586060e-02
6.541815996170043945e-01
5.541821718215942383e-01
2.308594226837158203e+00
7.813589274883270264e-02
1.126229688525199890e-01
3.153592348098754883e-01
4.130443632602691650e-01
6.528475880622863770e-01
5.029844045639038086e-01
6.812995765358209610e-03
1.430272459983825684e-01
3.444423675537109375e-01
1.828854322433471680e+00
4.644787907600402832e-01
7.680118083953857422e-02
2.146438695490360260e-03
1.681150346994400024e-01
1.482749134302139282e-01
8.353012800216674805e-01
1.324042439460754395e+00
2.801271080970764160e-01
3.963948786258697510e-02
2.465646266937255859e-01
4.242729246616363525e-01
1.425872325897216797e+00
3.195599615573883057e-01
1.255198866128921509e-01
3.447439372539520264e-01
2.101576328277587891e-01
1.104129478335380554e-01
1.108510732650756836e+00
3.505230844020843506e-01
2.741679251194000244e-01
3.116401135921478271e-01
2.725517749786376953e+00
8.243970274925231934e-01
1.051860153675079346e-01
6.661432385444641113e-01
8.228667080402374268e-03
7.465104013681411743e-02
1.302789151668548584e-01
3.005165457725524902e-01
3.331215381622314453e-01
1.289135217666625977e-01
7.723597288131713867e-01
9.176049232482910156e-01
7.071487605571746826e-02
3.092834651470184326e-01
1.109367758035659790e-01
1.117409467697143555e-01
1.272187709808349609e+00
2.880265414714813232e-01
1.239508628845214844e+00
3.581264913082122803e-01
8.079884201288223267e-02
5.496704019606113434e-03
3.272805452346801758e+00
1.190405413508415222e-01
7.817666232585906982e-02
4.824222996830940247e-02
1.922220885753631592e-01
9.051278829574584961e-01
0.000000000000000000e+00
3.065226674079895020e-01
2.674751043319702148e+00
5.428869128227233887e-01
3.272890448570251465e-01
5.016421079635620117e-01
6.594133377075195312e-01
4.617526054382324219e+00
4.159265756607055664e-01
2.339529097080230713e-01
1.496996432542800903e-01
3.974425792694091797e-01
1.048535227775573730e+00
1.933593600988388062e-01
3.541269525885581970e-02
1.377103626728057861e-01
3.095261752605438232e-01
1.679635196924209595e-01
8.455045819282531738e-01
1.150488281250000000e+01
6.274963021278381348e-01
1.312461733818054199e+00
1.976696968078613281e+00
6.808161735534667969e-01
5.495518445968627930e-01
8.394533991813659668e-01
7.376609444618225098e-01
7.693807780742645264e-02
4.528153836727142334e-01
1.018679141998291016e+00
1.043614372611045837e-01
1.434896141290664673e-01
8.205395340919494629e-01
0.000000000000000000e+00
3.098614454269409180e+00
1.489555001258850098e+00
1.680695824325084686e-02
1.826491475105285645e+00
1.710268855094909668e-01
1.225177407264709473e+00
3.446919322013854980e-01
5.034615099430084229e-02
8.593826740980148315e-02
1.145659327507019043e+00
1.918146133422851562e+00
2.747884988784790039e-01
7.819715142250061035e-01
5.871688127517700195e-01
1.821958899497985840e+00
4.162269830703735352e-02
1.090296506881713867e-01
0.000000000000000000e+00
1.243808388710021973e+00
6.318376213312149048e-02
1.052376270294189453e+00
2.229017972946166992e+00
4.146923124790191650e-01
1.132726296782493591e-01
2.309269011020660400e-01
7.570957532152533531e-04
1.394547671079635620e-01
2.259366214275360107e-02
4.072757959365844727e-01
7.307580858469009399e-02
1.979361295700073242e+00
2.377605997025966644e-02
1.969589293003082275e-01
2.814278125762939453e+00
5.321691632270812988e-01
1.244561895728111267e-01
2.557766437530517578e-01
6.660906076431274414e-01
0.000000000000000000e+00
2.262194156646728516e+00
7.775598019361495972e-02
4.809230566024780273e-01
2.489824034273624420e-02
6.284349560737609863e-01
1.894694939255714417e-02
1.452560424804687500e+00
3.656787574291229248e-01
0.000000000000000000e+00
9.231609851121902466e-02
7.900594472885131836e-01
2.075224928557872772e-02
1.904969692230224609e+00
1.457570344209671021e-01
6.578803658485412598e-01
9.499791860580444336e-01
1.829245835542678833e-01
4.713439941406250000e-01
1.053917407989501953e+00
4.389906227588653564e-01
2.068475633859634399e-02
3.130805194377899170e-01
4.002783596515655518e-01
2.815452814102172852e-01
1.336551457643508911e-01
3.863290883600711823e-03
1.108085289597511292e-01
1.435700245201587677e-02
2.245926707983016968e-01
1.423670202493667603e-01
0.000000000000000000e+00
7.351156473159790039e-01
0.000000000000000000e+00
1.375404953956604004e+00
7.053998708724975586e-01
2.316705703735351562e+00
0.000000000000000000e+00
4.284315705299377441e-01
1.267876863479614258e+00
3.193739801645278931e-02
9.522461295127868652e-01
9.920231252908706665e-02
5.470840260386466980e-03
4.938958212733268738e-02
1.466629028320312500e+00
1.221941113471984863e+00
8.197250962257385254e-02
1.245070695877075195e+00
1.237850859761238098e-01
2.815644443035125732e-01
8.651021122932434082e-02
1.822129368782043457e+00
1.293015837669372559e+00
1.539681911468505859e+00
1.155807822942733765e-02
1.185753792524337769e-01
1.166018173098564148e-01
6.375465542078018188e-02
1.645816862583160400e-01
1.142529100179672241e-01
0.000000000000000000e+00
1.165738403797149658e-01
5.805853754281997681e-02
4.139560461044311523e-01
7.552871704101562500e-01
5.472794175148010254e-01
2.973122119903564453e+00
4.175811409950256348e-01
1.056424379348754883e+00
1.000191271305084229e-01
1.302028298377990723e+00
6.254128217697143555e-01
2.901933491230010986e-01
1.827116310596466064e-02
5.469690561294555664e-01
4.418666958808898926e-01
1.069402918219566345e-01
5.846539884805679321e-02
5.701192617416381836e-01
4.731425046920776367e-01
4.548909142613410950e-02
1.496013402938842773e+00
7.732164859771728516e-02
1.244704946875572205e-01
1.753872871398925781e+00
8.722195625305175781e-01
1.762703537940979004e+00
6.862562298774719238e-01
2.765734493732452393e-01
6.049311161041259766e-01
5.183030605316162109e+00
2.342920936644077301e-02
2.393914759159088135e-01
8.133461326360702515e-02
1.333427071571350098e+00
7.282420992851257324e-02
3.854434967041015625e+00
2.162684202194213867e-01
1.390866279602050781e+00
4.345350712537765503e-02
3.168599307537078857e-01
2.510598897933959961e-01
3.770465850830078125e-01
2.272514820098876953e+00
6.746858954429626465e-01
1.972544789314270020e-01
1.650347560644149780e-01
1.218541786074638367e-01
3.476432338356971741e-02
1.130364418029785156e+00
2.288876175880432129e-01
8.870757371187210083e-02
1.058172225952148438e+00
1.038007259368896484e+00
1.040081456303596497e-01
1.014083385467529297e+00
2.432691864669322968e-03
1.946055740118026733e-01
1.296712011098861694e-01
2.867527008056640625e-01
2.400633320212364197e-02
1.355481427162885666e-02
5.984840989112854004e-01
8.636211752891540527e-01
1.468991279602050781e+00
7.450091242790222168e-01
4.176503792405128479e-02
2.479331344366073608e-01
9.810301661491394043e-02
6.109374165534973145e-01
1.855289377272129059e-02
8.927807211875915527e-02
3.507530093193054199e-01
4.870363697409629822e-02
1.092116713523864746e+00
9.240617603063583374e-02
7.404410839080810547e-02
2.264546871185302734e+00
9.113386273384094238e-03
0.000000000000000000e+00
0.000000000000000000e+00
3.821637928485870361e-01
3.359555304050445557e-01
3.487598598003387451e-01
6.502039614133536816e-04
6.326466202735900879e-01
2.842884324491024017e-02
5.447780713438987732e-02
0.000000000000000000e+00
7.875866889953613281e-01
7.529343366622924805e-01
1.140510514378547668e-01
1.871357709169387817e-01
9.553473442792892456e-02
4.215644206851720810e-03
2.203962951898574829e-01
1.145855784416198730e+00
9.610963985323905945e-03
0.000000000000000000e+00
6.389290094375610352e-02
2.236636355519294739e-02
8.976822495460510254e-01
1.555618643760681152e+00
8.087234944105148315e-02
3.281190693378448486e-01
2.374333292245864868e-01
8.639341592788696289e-02
1.790648102760314941e-01
6.559420228004455566e-01
2.040121316909790039e+00
8.313974142074584961e-01
1.209163069725036621e-01
1.478047296404838562e-02
2.293088883161544800e-01
2.639535665512084961e-01
4.251582175493240356e-02
2.173583358526229858e-01
5.698219537734985352e-01
1.497477740049362183e-01
2.884659171104431152e-02
4.035972654819488525e-01
9.083313494920730591e-02
3.980795741081237793e-01
1.900376677513122559e-01
8.176428824663162231e-02
1.348421256989240646e-02
2.244781017303466797e+00
7.173873782157897949e-01
1.835957616567611694e-01
1.273589879274368286e-01
9.547349996864795685e-03
9.539557620882987976e-03
3.671534359455108643e-01
5.607097148895263672e-01
4.637618660926818848e-01
1.173322677612304688e+00
4.345271587371826172e-01
4.976388439536094666e-02
1.152170896530151367e+00
1.018975138664245605e+00
5.951266884803771973e-01
3.772237598896026611e-01
6.595881938934326172e+00
2.374630421400070190e-01
5.655206441879272461e-01
2.421646565198898315e-01
1.577228009700775146e-01
0.000000000000000000e+00
1.346808224916458130e-01
4.131334722042083740e-01
1.043877601623535156e-01
1.298991292715072632e-01
7.789067029953002930e-01
1.042889833450317383e+00
1.895387768745422363e+00
5.074706554412841797e+00
2.774909734725952148e+00
1.139762878417968750e+00
3.551113605499267578e+00
0.000000000000000000e+00
2.846059501171112061e-01
3.093395847827196121e-03
5.442164540290832520e-01
1.758641935884952545e-02
1.625803709030151367e+00
1.460989415645599365e-01
4.928611516952514648e-01
0.000000000000000000e+00
2.059095203876495361e-01
3.078231215476989746e-01
1.331214234232902527e-02
6.093203276395797729e-02
0.000000000000000000e+00
4.667331874370574951e-01
7.030619680881500244e-02
2.541401088237762451e-01
2.144414901733398438e+00
2.197735458612442017e-01
1.112095918506383896e-02
9.516739249229431152e-01
1.843307852745056152e+00
3.017469644546508789e-01
3.760734319686889648e+00
0.000000000000000000e+00
5.298743247985839844e+00
1.370825022459030151e-01
8.250208944082260132e-02
1.463625431060791016e-01
1.254845380783081055e+00
2.910091876983642578e+00
6.927570700645446777e-01
1.216606982052326202e-02
5.625735521316528320e-01
3.833289025351405144e-03
2.399441897869110107e-01
9.831753373146057129e-02
0.000000000000000000e+00
4.704391360282897949e-01
1.221032440662384033e-01
0.000000000000000000e+00
4.409592747688293457e-01
2.800481952726840973e-02
5.194681882858276367e-01
0.000000000000000000e+00
1.548975706100463867e-01
1.505785733461380005e-01
4.795705154538154602e-02
4.753365516662597656e-01
2.253273129463195801e-01
1.605772078037261963e-01
1.138865500688552856e-01
9.967229515314102173e-02
7.363792508840560913e-02
1.046805381774902344e+00
8.927976489067077637e-01
1.486142277717590332e-01
4.707686305046081543e-01
8.556123822927474976e-02
6.585443019866943359e-02
1.580042093992233276e-01
1.121628209948539734e-01
4.906619787216186523e-01
1.439299620687961578e-02
4.856164157390594482e-01
5.833969265222549438e-02
1.198553442955017090e+00
7.808513194322586060e-02
2.489532679319381714e-01
3.893342316150665283e-01
2.061487734317779541e-02
4.315464198589324951e-01
3.473184406757354736e-01
3.281174972653388977e-02
3.017080761492252350e-02
1.514855861663818359e+00
1.705120652914047241e-01
6.351009607315063477e-01
4.496495723724365234e-01
3.359995186328887939e-01
1.535196416079998016e-02
1.706552952527999878e-01
5.902836918830871582e-01
8.305736817419528961e-03
1.855292201042175293e+00
8.487895131111145020e-01
0.000000000000000000e+00
2.237768173217773438e+00
5.894838832318782806e-04
1.371980011463165283e-01
2.851046621799468994e-01
5.687199905514717102e-02
5.680353045463562012e-01
2.292012929916381836e+00
0.000000000000000000e+00
3.046817779541015625e-01
4.220528006553649902e-01
4.764222204685211182e-01
1.868917226791381836e+00
9.262195974588394165e-02
0.000000000000000000e+00
5.873263478279113770e-01
3.068203330039978027e-01
4.197614192962646484e-01
1.928359866142272949e-01
1.871130242943763733e-02
5.136213898658752441e-01
1.825912594795227051e-01
2.045565843582153320e+00
1.526363193988800049e-01
2.235210239887237549e-01
1.765427470207214355e+00
1.480977535247802734e-01
1.554352641105651855e-01
2.680149376392364502e-01
9.836412966251373291e-02
0.000000000000000000e+00
7.176607847213745117e-02
6.906861066818237305e-02
1.181865632534027100e-01
6.603767275810241699e-01
1.014808535575866699e+00
4.903615415096282959e-01
3.062467277050018311e-01
8.197644948959350586e-01
6.686620712280273438e-01
4.441522993147373199e-03
5.917048454284667969e-01
2.328072208911180496e-03
3.208522200584411621e-01
5.737586021423339844e-01
5.156575515866279602e-02
3.114094138145446777e-01
4.831285178661346436e-01
3.505250513553619385e-01
1.344356220215559006e-02
0.000000000000000000e+00
6.564285755157470703e-01
7.802582532167434692e-02
4.993849396705627441e-01
1.661211834289133549e-03
2.681676298379898071e-02
4.159276783466339111e-01
1.958255320787429810e-01
4.248168468475341797e-01
0.000000000000000000e+00
4.101020470261573792e-02
1.314837694168090820e+00
7.633107900619506836e-01
6.223034858703613281e-01
4.645104333758354187e-02
2.274836063385009766e+00
7.493215054273605347e-02
9.591256082057952881e-02
3.023056983947753906e-01
4.847745001316070557e-01
1.443861722946166992e+00
1.012770235538482666e-01
3.265667855739593506e-01
2.090312354266643524e-02
1.638664126396179199e+00
5.555000901222229004e-01
1.721720546483993530e-01
6.297119855880737305e-01
1.371182054281234741e-01
3.783765435218811035e-02
0.000000000000000000e+00
3.585895299911499023e-01
2.759109735488891602e-01
2.257746309041976929e-01
1.923486232757568359e+00
2.178491093218326569e-02
4.881219565868377686e-01
1.384108066558837891e-01
6.963728070259094238e-01
9.652044624090194702e-02
2.725051529705524445e-02
3.395939767360687256e-01
3.337282538414001465e-01
5.318973585963249207e-02
5.025857686996459961e-01
3.217741847038269043e-01
5.211626887321472168e-01
2.628908753395080566e-01
6.939813494682312012e-02
2.096757106482982635e-02
0.000000000000000000e+00
1.130524948239326477e-01
4.931356012821197510e-02
0.000000000000000000e+00
2.783694863319396973e-01
1.737664341926574707e+00
2.980939745903015137e-01
5.318807065486907959e-02
3.074509799480438232e-01
4.201736673712730408e-02
8.793447494506835938e+00
4.610110819339752197e-01
3.033400475978851318e-01
1.479012966156005859e-01
3.510897755622863770e-01
7.543274760246276855e-02
2.092388719320297241e-01
6.536353230476379395e-01
3.215023279190063477e-01
1.072818711400032043e-01
1.504834890365600586e-01
9.811869263648986816e-01
9.618108160793781281e-03
7.459479849785566330e-03
5.557036995887756348e-01
2.230277210474014282e-01
7.430330663919448853e-02
9.202680736780166626e-02
3.982460200786590576e-01
6.204431056976318359e-01
1.279093027114868164e-01
5.768542177975177765e-03
2.620023488998413086e-01
9.939487278461456299e-02
2.920010685920715332e-01
2.421968877315521240e-01
1.856735944747924805e-01
1.241784334182739258e+00
1.716323852539062500e+00
7.009255290031433105e-01
7.401936054229736328e-01
5.638762712478637695e-01
1.836567968130111694e-01
9.084954857826232910e-02
2.495447993278503418e-01
1.403170228004455566e+00
1.191099405288696289e+00
2.259653806686401367e-01
4.246650636196136475e-01
4.468298554420471191e-01
7.435145974159240723e-01
1.659238576889038086e+00
2.508696317672729492e+00
4.674403667449951172e-01
0.000000000000000000e+00
3.664366304874420166e-01
1.311364054679870605e+00
2.831352651119232178e-01
3.886359930038452148e-01
7.553830742835998535e-01
8.518846631050109863e-01
1.444402039051055908e-01
7.679860107600688934e-03
0.000000000000000000e+00
1.040938019752502441e+00
7.623272538185119629e-01
8.231031708419322968e-03
7.814821600914001465e-01
6.152546964585781097e-03
3.403667509555816650e-01
4.572469890117645264e-01
5.145602300763130188e-02
1.178326368331909180e+00
3.734455108642578125e-01
1.803652048110961914e+00
1.929662227630615234e-01
5.938982963562011719e-01
2.256479114294052124e-01
1.177821457386016846e-01
1.289832234382629395e+00
4.992837309837341309e-01
3.408566862344741821e-02
1.331271678209304810e-01
3.695436716079711914e+00
6.464824080467224121e-02
1.280196189880371094e+00
8.126595020294189453e-01
2.340104058384895325e-02
3.443109989166259766e-01
1.212242152541875839e-02
8.660631775856018066e-01
5.043662339448928833e-02
2.381035089492797852e-01
2.556015253067016602e-01
2.375174909830093384e-01
1.588523685932159424e-01
1.113518103957176208e-01
3.320284187793731689e-01
9.583247452974319458e-02
9.006990492343902588e-02
4.912017285823822021e-02
3.388442695140838623e-01
7.092831074260175228e-04
1.323335647583007812e+00
4.218817651271820068e-01
1.814340800046920776e-01
4.883931279182434082e-01
4.370350241661071777e-01
6.006610393524169922e-01
0.000000000000000000e+00
0.000000000000000000e+00
8.825185149908065796e-02
1.736904843710362911e-03
3.349007666110992432e-01
5.365347489714622498e-02
1.630908131599426270e+00
4.847728088498115540e-02
1.055727362632751465e+00
3.543093204498291016e-01
2.487200945615768433e-01
2.473678439855575562e-01
6.792610883712768555e-02
2.078131139278411865e-01
2.505054771900177002e-01
2.176876068115234375e+00
1.061909437179565430e+00
7.399200201034545898e-01
4.751376211643218994e-01
3.022592067718505859e-01
5.197285413742065430e-01
3.765059411525726318e-01
1.222092732787132263e-01
1.804816842079162598e+00
0.000000000000000000e+00
8.571331501007080078e-01
1.983760595321655273e-01
9.923800230026245117e-01
1.461603760719299316e+00
2.088233709335327148e+00
3.592790365219116211e-01
2.748218178749084473e-01
5.346449092030525208e-02
3.681859076023101807e-01
5.824611186981201172e-01
1.543226122856140137e+00
0.000000000000000000e+00
3.630292117595672607e-01
4.294325113296508789e-01
4.712280035018920898e-01
5.985680967569351196e-03
1.294136047363281250e-03
8.694333583116531372e-02
2.546370029449462891e-01
1.392754793167114258e+00
1.155555844306945801e+00
1.152220964431762695e-01
1.377103328704833984e-01
5.118683576583862305e-01
5.511357784271240234e-01
2.975786209106445312e+00
1.157673727720975876e-02
7.685369253158569336e-02
6.336632966995239258e-01
3.059698045253753662e-01
6.977396458387374878e-02
7.812894582748413086e-01
2.728124856948852539e-01
9.519762396812438965e-01
2.633475959300994873e-01
3.819561898708343506e-01
7.713492214679718018e-02
9.425374269485473633e-01
4.796505346894264221e-02
1.151532828807830811e-01
1.690527796745300293e+00
7.516710758209228516e-01
2.323988676071166992e-01
0.000000000000000000e+00
1.874619275331497192e-01
4.969695955514907837e-02
4.232006520032882690e-02
3.779194355010986328e-01
3.924522176384925842e-02
2.643275260925292969e-01
1.324764609336853027e+00
3.586255386471748352e-02
1.894545853137969971e-01
4.049638509750366211e-01
4.450245797634124756e-01
5.816637277603149414e-01
5.979537367820739746e-01
2.551632523536682129e-01
7.272445559501647949e-01
1.448504924774169922e-01
1.248657703399658203e+00
4.156443476676940918e-01
4.098001718521118164e-01
2.602483034133911133e-01
2.990795969963073730e-01
3.765861690044403076e-01
1.904676318168640137e+00
4.569238126277923584e-01
1.814701110124588013e-01
4.629875123500823975e-01
3.418205305933952332e-02
8.080937266349792480e-01
7.746560033410787582e-03
0.000000000000000000e+00
3.050519526004791260e-01
5.377827882766723633e-01
1.140125542879104614e-01
4.121109843254089355e-01
5.973511934280395508e-01
9.312768466770648956e-03
1.599936001002788544e-02
3.112813472747802734e+00
2.634256146848201752e-02
8.059084415435791016e-01
4.779847264289855957e-01
9.080246686935424805e-01
2.877377569675445557e-01
7.748101949691772461e-01
2.513974905014038086e-01
5.092712640762329102e-01
9.074678272008895874e-02
7.646456360816955566e-01
2.121145486831665039e+00
1.866634130477905273e+00
1.563032716512680054e-01
4.462983906269073486e-01
1.113909110426902771e-02
1.880300641059875488e-01
2.861545085906982422e-01
4.888153076171875000e+00
4.160852730274200439e-01
2.763864517211914062e+00
1.796383023262023926e+00
3.778764009475708008e-01
1.412846446037292480e+00
2.128979861736297607e-01
0.000000000000000000e+00
1.528284233063459396e-02
1.409301906824111938e-01
3.926500320434570312e+00
7.031303644180297852e-01
3.811600208282470703e-01
2.266375303268432617e+00
1.862185597419738770e+00
5.548294186592102051e-01
4.248425662517547607e-01
2.544591128826141357e-01
2.070326805114746094e+00
7.591822147369384766e-01
0.000000000000000000e+00
1.994860172271728516e-02
3.628882169723510742e-01
1.415881395339965820e+00
2.020704448223114014e-01
4.074897468090057373e-01
2.250987291336059570e-01
8.015274256467819214e-02
4.506551101803779602e-02
3.168242573738098145e-01
3.082105815410614014e-01
1.045077592134475708e-01
1.832737028598785400e-02
6.172823905944824219e-01
2.192257493734359741e-01
5.529796704649925232e-02
2.533696293830871582e-01
3.570056855678558350e-01
1.103833094239234924e-01
7.641694694757461548e-02
5.036723986268043518e-02
6.785356439650058746e-03
1.181514337658882141e-01
9.268448501825332642e-02
1.225494265556335449e+00
1.739615052938461304e-01
8.864559233188629150e-02
1.930561184883117676e+00
2.001644819974899292e-01
1.394634097814559937e-01
2.503617703914642334e-01
6.981407999992370605e-01
4.114230275154113770e-01
1.677141040563583374e-01
1.241903193295001984e-02
7.449328899383544922e-02
1.884713917970657349e-01
3.981388360261917114e-02
3.432394191622734070e-02
8.188018202781677246e-01
2.925509452819824219e+00
5.938750505447387695e-01
5.367002636194229126e-02
1.285431385040283203e-01
4.939046502113342285e-01
8.834264427423477173e-02
1.889514088630676270e+00
7.803009152412414551e-01
1.987064123153686523e+00
4.291701018810272217e-01
2.552279829978942871e-01
1.146403431892395020e+00
5.267931222915649414e-01
7.113748695701360703e-03
2.255247682332992554e-01
1.802934765815734863e+00
8.329746313393115997e-03
7.245097160339355469e-01
9.179257154464721680e-01
1.157728768885135651e-02
1.756262481212615967e-01
1.751618027687072754e+00
2.192007750272750854e-02
2.566259622573852539e+00
1.566629707813262939e-01
3.776101171970367432e-01
1.547954045236110687e-02
6.908595561981201172e-02
3.533166646957397461e-01
2.626823186874389648e-01
5.689094066619873047e-01
1.832635402679443359e+00
3.006324544548988342e-02
1.180297017097473145e+00
2.327814579010009766e+00
9.593899846076965332e-01
0.000000000000000000e+00
1.258036255836486816e+00
3.940713107585906982e-01
1.411149978637695312e+00
3.117982447147369385e-01
3.247576653957366943e-01
1.257453083992004395e+00
8.538460135459899902e-01
4.220145046710968018e-01
3.666864633560180664e-01
2.967401146888732910e-01
1.395125746726989746e+00
6.001184228807687759e-03
1.556949377059936523e+00
1.646154224872589111e-01
2.765943109989166260e-01
6.875405311584472656e-01
6.095445752143859863e-01
1.426361680030822754e+00
2.542130881920456886e-03
7.813730835914611816e-01
4.679082334041595459e-02
8.443155288696289062e-01
9.930436313152313232e-02
1.406885385513305664e+00
1.143076419830322266e+00
2.168221920728683472e-01
7.014549374580383301e-01
9.751517325639724731e-02
7.392872571945190430e-01
0.000000000000000000e+00
1.018624007701873779e-01
7.461858987808227539e-01
3.380148857831954956e-02
8.361408859491348267e-02
2.381262555718421936e-02
2.844956517219543457e-01
4.541109502315521240e-01
1.651817262172698975e-01
2.607108056545257568e-01
6.423997402191162109e+00
2.047706395387649536e-01
1.173132181167602539e+00
1.931742429733276367e-01
0.000000000000000000e+00
8.580633997917175293e-02
3.156113028526306152e-01
2.551967382431030273e+00
0.000000000000000000e+00
5.036770552396774292e-02
5.830230116844177246e-01
2.221430987119674683e-01
